string
integrated and resized binned spectra ROIsize spatial in px50:1600
converted file:an 18 2019_14.05.56_42 binning:0.1
nm muJ
28.1 0.00016514805922363736
28.200000000000003 0.0013595271264927222
28.300000000000004 0.0013587278546804674
28.400000000000006 0.0013720342411464794
28.500000000000007 0.0013741980839788574
28.60000000000001 0.0013866041781353563
28.70000000000001 0.0013824924418300024
28.80000000000001 0.0013965290375927198
28.900000000000013 0.0014112502122245
29.000000000000014 0.0014268385369271715
29.100000000000016 0.0014250560011067662
29.200000000000017 0.0014315166101716477
29.30000000000002 0.0014798745237382472
29.40000000000002 0.0014546556718123573
29.50000000000002 0.0014742624509762872
29.600000000000023 0.0014863666931947998
29.700000000000024 0.0015003554013034465
29.800000000000026 0.001514386473853959
29.900000000000027 0.001519850671629931
30.00000000000003 0.001527084197232994
30.10000000000003 0.0015818256332421866
30.20000000000003 0.0015708065360936477
30.300000000000033 0.0015598396277539772
30.400000000000034 0.001566571027531763
30.500000000000036 0.001562201522253244
30.600000000000037 0.0016166996081192406
30.70000000000004 0.0016351824870560134
30.80000000000004 0.001648738088359833
30.90000000000004 0.001692804222410581
31.000000000000043 0.0016686181156333301
31.100000000000044 0.0016541463613748367
31.200000000000045 0.0016529163204721956
31.300000000000047 0.0016943711844859108
31.40000000000005 0.0016497702091146885
31.50000000000005 0.0016248695959711925
31.60000000000005 0.001647677386777686
31.700000000000053 0.0016180682136092612
31.800000000000054 0.0016099985191290673
31.900000000000055 0.0016466149252515746
32.00000000000006 0.001586817180841858
32.10000000000006 0.0016461456906411843
32.20000000000006 0.001630306745381573
32.30000000000006 0.0015877708497853075
32.40000000000006 0.0016156445040210422
32.500000000000064 0.0015671641622665444
32.600000000000065 0.001624025270396305
32.70000000000007 0.001565035281035255
32.80000000000007 0.0015700956683308142
32.90000000000007 0.0015437814363700195
33.00000000000007 0.0015511232828875267
33.10000000000007 0.0015304367840525779
33.200000000000074 0.0015388860075490447
33.300000000000075 0.0015159069001035705
33.40000000000008 0.0015363272042530484
33.50000000000008 0.0015733451816006489
33.60000000000008 0.0016030330056820404
33.70000000000008 0.0015372808399347659
33.80000000000008 0.0014973415054198814
33.900000000000084 0.001484283982891645
34.000000000000085 0.0014581834147139874
34.10000000000009 0.0015060520046578766
34.20000000000009 0.001544715447834187
34.30000000000009 0.0015815767632936736
34.40000000000009 0.0015842218781232998
34.50000000000009 0.0015156760801973506
34.600000000000094 0.0015539863296936585
34.700000000000095 0.0015273563277861365
34.8000000000001 0.001533080955271768
34.9000000000001 0.0015574637874773303
35.0000000000001 0.0017301721487870054
35.1000000000001 0.001780109152848901
35.2000000000001 0.0015151912578969654
35.300000000000104 0.0015290448961717117
35.400000000000105 0.0014865635884456813
35.50000000000011 0.001454329312173117
35.60000000000011 0.001566669252868265
35.70000000000011 0.0016329178296406951
35.80000000000011 0.0016669549701054294
35.90000000000011 0.001606870702039849
36.000000000000114 0.0015006527990602475
36.100000000000115 0.0015103493864449626
36.20000000000012 0.0014882375345119578
36.30000000000012 0.001438915509942612
36.40000000000012 0.0015343978580069678
36.50000000000012 0.001675381257125136
36.60000000000012 0.0016447052596975768
36.700000000000124 0.002253484125027816
36.800000000000125 0.0019932795590733763
36.90000000000013 0.0016484808476591006
37.00000000000013 0.0016893007487267383
37.10000000000013 0.0016016419936937998
37.20000000000013 0.002029077352276657
37.30000000000013 0.0025691041967558295
37.400000000000134 0.002926419850746044
37.500000000000135 0.003088353792300782
37.600000000000136 0.0028744568059749292
37.70000000000014 0.0025914408261627792
37.80000000000014 0.002259544339465883
37.90000000000014 0.002295823950157006
38.00000000000014 0.0023737832895350756
38.10000000000014 0.002480096994878778
38.200000000000145 0.0031462225462988627
38.300000000000146 0.0027914213568964808
38.40000000000015 0.002782647388568383
38.50000000000015 0.004212897790855275
38.60000000000015 0.005380034369413374
38.70000000000015 0.0029085174898124486
38.80000000000015 0.003546648247151018
38.900000000000155 0.0035655071939944996
39.000000000000156 0.004896056421056858
39.10000000000016 0.007437446534484675
39.20000000000016 0.010694093974135274
39.30000000000016 0.01570533404561352
39.40000000000016 0.013880677681588401
39.50000000000016 0.010603469058824193
39.600000000000165 0.009240107968829892
39.700000000000166 0.007229107647332957
39.80000000000017 0.006693148245904588
39.90000000000017 0.008470306273890773
40.00000000000017 0.008546311637853767
40.10000000000017 0.011625030404877997
40.20000000000017 0.006283959810483261
40.300000000000175 0.009385787509446152
40.400000000000176 0.00692788321849615
40.50000000000018 0.013928675757880024
40.60000000000018 0.019965348151067566
40.70000000000018 0.010435797391439303
40.80000000000018 0.009701563483876033
40.90000000000018 0.012076186841096424
41.000000000000185 0.014896866008342769
41.100000000000186 0.023425731597756703
41.20000000000019 0.0337552971564507
41.30000000000019 0.05404296313944212
41.40000000000019 0.04752068018849663
41.50000000000019 0.035687235200930874
41.60000000000019 0.026848405338454135
41.700000000000195 0.020894369800566043
41.800000000000196 0.01619116152778895
41.9000000000002 0.015648288365003888
42.0000000000002 0.015589001908276001
42.1000000000002 0.017293611989269687
42.2000000000002 0.02518776426098966
42.3000000000002 0.012500891356232927
42.400000000000205 0.011441171785542726
42.500000000000206 0.017661834189842015
42.60000000000021 0.011294123337983046
42.70000000000021 0.024107507571782205
42.80000000000021 0.050628313692507435
42.90000000000021 0.0442902341248233
43.00000000000021 0.01680594799143269
43.100000000000215 0.024213575983905847
43.200000000000216 0.0320573038229823
43.30000000000022 0.03543001307360496
43.40000000000022 0.05998679844868644
43.50000000000022 0.08570907582365275
43.60000000000022 0.0921955118776618
43.70000000000022 0.07558240073423612
43.800000000000225 0.06654391980291213
43.900000000000226 0.041610408130500584
44.00000000000023 0.02964942541644196
44.10000000000023 0.030796427992343903
44.20000000000023 0.01957426722989727
44.30000000000023 0.023031025127052927
44.40000000000023 0.01910440594981563
44.500000000000234 0.03737529372843184
44.600000000000236 0.024863058422977768
44.70000000000024 0.02059756951030374
44.80000000000024 0.01852498916530113
44.90000000000024 0.017201661781881337
45.00000000000024 0.021682979391421713
45.10000000000024 0.019017093685243385
45.200000000000244 0.03859278277620239
45.300000000000246 0.08827155709024925
45.40000000000025 0.09251218414224414
45.50000000000025 0.043375220215410744
45.60000000000025 0.03545178879211496
45.70000000000025 0.054733224735537815
45.80000000000025 0.06348199218223363
45.900000000000254 0.09230629295679248
46.000000000000256 0.11006549740940129
46.10000000000026 0.11080430055644638
46.20000000000026 0.12917241415243527
46.30000000000026 0.09700964856641149
46.40000000000026 0.07229216587600563
46.50000000000026 0.055800199226766434
46.600000000000264 0.0430884922013848
46.700000000000266 0.031732227491205
46.80000000000027 0.023891326662919182
46.90000000000027 0.025125406688705113
47.00000000000027 0.013785249931746868
47.10000000000027 0.047361835284594235
47.20000000000027 0.041665427179938014
47.300000000000274 0.020048895775463933
47.400000000000276 0.023024791695405472
47.50000000000028 0.02792843423876506
47.60000000000028 0.02934263217534046
47.70000000000028 0.014587633994422118
47.80000000000028 0.023799864706713532
47.90000000000028 0.02522590424320066
48.000000000000284 0.04308948503024551
48.100000000000286 0.10285145751125907
48.20000000000029 0.15998764577871832
48.30000000000029 0.0987193532462363
48.40000000000029 0.04530749801224254
48.50000000000029 0.0748578005410821
48.60000000000029 0.11891892606469477
48.700000000000294 0.10295865097292735
48.800000000000296 0.1017020186712271
48.9000000000003 0.13324642673324
49.0000000000003 0.14999991811592672
49.1000000000003 0.1435308004940558
49.2000000000003 0.12546268562318197
49.3000000000003 0.10335499973644045
49.400000000000304 0.05784387457776129
49.500000000000306 0.04596869923238069
49.60000000000031 0.03131821775137168
49.70000000000031 0.02461767780055017
49.80000000000031 0.028945307905740358
49.90000000000031 0.017036161384416465
50.00000000000031 0.03564643847416157
50.100000000000314 0.046975836212943343
50.200000000000315 0.029504336052605253
50.30000000000032 0.026911977055101764
50.40000000000032 0.026800227826711674
50.50000000000032 0.02446218833514163
50.60000000000032 0.02586101837411145
50.70000000000032 0.02550224826600914
50.800000000000324 0.03326162826693843
50.900000000000325 0.022505022974487733
51.00000000000033 0.020444927723733103
51.10000000000033 0.021394008059782532
51.20000000000033 0.043219501253947905
51.30000000000033 0.11589851369041575
51.40000000000033 0.14903953114953022
51.500000000000334 0.15774527487958298
51.600000000000335 0.10057957257753991
51.70000000000034 0.07353082211360921
51.80000000000034 0.09105973881686887
51.90000000000034 0.09704022504091107
52.00000000000034 0.07906999127342217
52.10000000000034 0.09236802567584448
52.200000000000344 0.12706318743780187
52.300000000000345 0.15593192140889145
52.40000000000035 0.14476976759528998
52.50000000000035 0.10788111118294544
52.60000000000035 0.05865101796173889
52.70000000000035 0.045888929177573375
52.80000000000035 0.039496146946270766
52.900000000000354 0.02076578650025761
53.000000000000355 0.02436312143751016
53.10000000000036 0.025494381346733434
53.20000000000036 0.013472205344082068
53.30000000000036 0.019539878860608793
53.40000000000036 0.03796511461522404
53.50000000000036 0.03911013126388367
53.600000000000364 0.018589904996122848
53.700000000000365 0.01619112378793302
53.80000000000037 0.0262873509132576
53.90000000000037 0.02550847000392554
54.00000000000037 0.019144808427652982
54.10000000000037 0.018975994172493613
54.20000000000037 0.021655873043613758
54.300000000000374 0.025410309026267973
54.400000000000375 0.031897115395823225
54.50000000000038 0.03472113374351253
54.60000000000038 0.02426072779917292
54.70000000000038 0.024506719096867156
54.80000000000038 0.016538890593499556
54.90000000000038 0.06678992153922746
55.000000000000384 0.15485446236991485
55.100000000000385 0.1718654524610201
55.20000000000039 0.14741391041362778
55.30000000000039 0.0914206417231017
55.40000000000039 0.04650891943259512
55.50000000000039 0.04147690306690741
55.60000000000039 0.05854309158190393
55.700000000000394 0.07161574784536336
55.800000000000395 0.07922793885305006
55.9000000000004 0.09554430821513007
56.0000000000004 0.10471248516341566
56.1000000000004 0.08935766894029817
56.2000000000004 0.07897532015897554
56.3000000000004 0.058955864000627536
56.400000000000404 0.03391060474937008
56.500000000000405 0.03162731417048707
56.600000000000406 0.017892934137033883
56.70000000000041 0.013520688756321468
56.80000000000041 0.01815404069177791
56.90000000000041 0.013915587333327184
57.00000000000041 0.007310757688659481
57.10000000000041 0.010827540763380224
57.200000000000415 0.01812548017685363
57.300000000000416 0.024563133086461672
57.40000000000042 0.018578501304736872
57.50000000000042 0.011065001838228566
57.60000000000042 0.013046692286240738
57.70000000000042 0.013515899688789738
57.80000000000042 0.006065363080941157
