string
20190118an 18 2019_14.58.   full spectra  index number  Nphoton via eV
eV x-axis E [J] Nphoton Nphoton/sr Nphoton/sr @ 0.1bw
43.81066890785845 1.6618980338060976e-09 236762798.57348105 12768669163357.188 3626302042393.5186
43.65640598916881 1.662227204024676e-09 237646477.2774472 12816326147839.68 3652652952134.1196
43.50322561727698 1.657921953744107e-09 237865577.26386714 12828142257706.383 3668848685704.0254
43.35111643679699 1.673138518385934e-09 240891006.29578575 12991304302666.734 3728504334865.3213
43.20006725060606 1.658271583591909e-09 239585323.53543264 12920888547743.674 3721215901750.044
43.05006701709701 1.6684140668595079e-09 241890596.6898498 13045212429777.81 3770066392205.749
42.90110484748767 1.679423995657573e-09 244332282.4938991 13176893075642.01 3821298991936.2153
42.75317000318599 1.701492079714686e-09 248399424.29410064 13396234916506.072 3898304360703.137
42.606251893209404 1.7441531257101993e-09 255505500.96276465 13779467175029.414 4023604415108.499
42.46034007165731 1.7832895363083334e-09 262136422.41405678 14137074209453.28 4142162743369.6636
42.31542423523527 1.8319732385455621e-09 270214967.11974424 14572751880480.215 4284389052861.182
42.17149422082971 1.7512678513454943e-09 259192577.73830545 13978312026545.084 4123602047830.7983
42.02854000313198 1.759500579699291e-09 261296796.59047753 14091793006380.459 4171170729888.683
41.88655169231059 1.7778656653816452e-09 264919123.25445998 14287145870312.943 4243282323482.8315
41.745519531730416 1.768006025108569e-09 264339975.39131156 14255912300234.523 4248261865469.779
41.605433895717894 1.7803691212294298e-09 267084676.9199821 14403934649957.164 4306776460337.0786
41.46628528737101 1.7778347988218081e-09 267599468.33785537 14431697462960.574 4329509238888.2363
41.32806433641311 1.8014904182877636e-09 272066999.17557645 14672632371601.857 4416462343852.06
41.19076179708947 1.8534971958027065e-09 280854304.287716 15146533645325.67 4574253160888.218
41.05436854610573 1.913415043437745e-09 290896691.79065996 15688121785049.943 4753500900870.127
40.91887558060703 1.9868030341236697e-09 303054054.18715864 16343770980258.088 4968506377998.47
40.78427401619714 1.963802338791768e-09 300534276.83182555 16207878840067.906 4943403046220.678
40.65055508499649 1.890025785299194e-09 290195199.40820855 15650290148466.389 4788988785430.765
40.51771013373833 1.923832992914006e-09 296354448.10772425 15982459768916.898 4906615149057.092
40.38573062190204 1.907196766281171e-09 294751845.1056141 15896031040850.5 4895977560581.781
40.254608119882874 1.9040669570085813e-09 295226670.11877096 15921638456964.922 4919786283202.322
40.124334307197174 1.9303251765032783e-09 300269768.88646144 16193613869110.547 5020020299424.154
39.99490097072234 1.912613626295331e-09 298477497.3505005 16096956275808.428 5006153401776.224
39.86630000297082 1.899239213157633e-09 297346419.1068648 16035956980404.453 5003218577886.145
39.73852340039719 1.8972121880424894e-09 297984143.80814266 16070349612088.904 5030019428583.935
39.61156326173778 1.962521965387996e-09 309229927.78729844 16676837185210.986 5236526876156.186
39.485411786381924 2.0929397976369414e-09 330833164.8565023 17841904453617.293 5620199902889.318
39.36006127277436 2.2372405626033293e-09 354769187.8505153 19132779373742.074 6045958282102.402
39.235504116847856 2.216908418147737e-09 352661045.2273383 19019086784083.973 6029050510554.75
39.11173281048556 2.0085711761933426e-09 320530339.50083154 17286270843915.812 5497034128365.188
38.98873994001234 1.9086253968801374e-09 305541688.0093101 16477929612720.662 5256459546457.62
38.86651818471449 1.908621635691435e-09 306501906.9254608 16529714427474.488 5289508616791.643
38.74506031538725 1.8308018821273427e-09 294926626.8856394 15905457060218.29 5105651716330.159
38.62435919290941 1.805247286448418e-09 291718779.9049948 15732457175653.174 5065851210560.3
38.50440776684447 1.7953486321354576e-09 291023005.86797965 15694933930681.299 5069463659609.993
38.38519907406786 1.7442694067013103e-09 283621233.3019039 15295754728171.143 4955824531927.422
38.266726237419505 1.8130903293400054e-09 295724364.30451125 15948479212525.057 5183255744070.645
38.14898246438129 1.7693405772604075e-09 289479259.98502606 15611679379837.613 5089407477826.986
38.03196104577889 1.853544325192642e-09 304188808.2437939 16404968513055.691 5364424703769.019
37.91565535450739 2.172606777161782e-09 357644489.40332556 19287845011139.188 6326413163653.661
37.80005884428024 2.3797153755802696e-09 392935724.7265701 21191108999078.75 6971874860697.067
37.68516504840097 2.2998664737648175e-09 380908948.58936524 20542502349203.95 6779025775236.927
37.57096757855732 2.1520977419021923e-09 357518555.4643178 19281053366449.582 6382028664294.927
37.45746012363721 1.9483924896039214e-09 324658737.7714072 17508916259535.008 5812960198165.188
37.34463644856601 1.8402733442917473e-09 307569363.9223523 16587282615219.947 5523565110868.297
37.23249039316491 1.6859857710347838e-09 282631649.90557325 15242386280621.83 5090957017727.652
37.121015871029684 1.68029738254967e-09 282523952.18980455 15236578119413.291 5104253670003.283
37.01020686842959 1.61479448057029e-09 272323248.1868893 14686451936451.594 4934647850647.767
36.90005744322593 1.6323037148048327e-09 276097771.7075253 14890012809927.895 5017934316945.613
36.79056172380983 1.6071916985492936e-09 272659250.53825545 14704572616256.672 4970145544294.925
36.68171390805892 1.5754299713980319e-09 268063978.44786936 14456748594107.607 4900837773402.443
36.57350826231243 1.626713913189577e-09 277608995.4606612 14971513435245.137 5090314567983.058
36.465939120364446 1.6789800301822242e-09 287373755.10315996 15498129044141.451 5284862004052.358
36.35900088247482 2.1723531806398903e-09 372912952.71810514 20111276554751.266 6878056581725.052
36.25268801439741 2.6246936088055224e-09 451884427.24174565 24370225332221.066 8358987288951.253
36.146995046425396 2.877104035384511e-09 496789423.6793066 26791961545627.91 9216434771695.67
36.041916572453225 2.755733558597024e-09 477219655.38117886 25736559689813.15 8879113092985.201
35.937447249054806 2.3060064335456154e-09 400499764.3607952 21599039299826.426 7473267597739.866
35.83358179457777 2.193486679690378e-09 382061921.40577817 20604682423674.355 7149824801015.299
35.73031498825334 1.8232239737733067e-09 318487324.72823864 17176090613388.617 5977279533459.155
35.62764166932158 1.564720233150563e-09 274118658.3679707 14783278797566.926 5159364300350.894
35.52555673617166 1.56120520331001e-09 274288798.5915206 14792454496785.627 5177359073874.817
35.42405514549688 1.591098046279175e-09 280341660.9155173 15118886676892.148 5306729223589.088
35.323131911464124 1.5910388495356443e-09 281132177.1882235 15161519391217.424 5336854825708.401
35.22278210489746 1.5582063016027576e-09 276115174.6187973 14890951352713.545 5256505827507.86
35.123000852475656 1.5810994511632303e-09 280967798.44879687 15152654410089.162 5364039661171.8
35.02378333594324 1.6655735991985935e-09 296817665.86105597 16007441202987.297 5682641627060.465
34.92512479133495 1.6512742140608327e-09 295100678.0544918 15914843677566.799 5665684349213.743
34.827020508213224 2.350370610122314e-09 421220016.7860713 22716487014558.895 8109785864196.756
34.7294658289185 3.719576077372383e-09 668473687.481495 36050931190575.42 12906233366226.293
34.63245614783214 5.221361162727096e-09 940999551.347187 50748310234602.734 18218643374222.098
34.535986910651545 5.956450530616633e-09 1076476722.18041 58054623489808.54 20899664456331.168
34.44005361367751 3.811764127520203e-09 690798163.9282044 37254895055298.555 13449017114962.594
34.34465180311331 3.5529836214137822e-09 645688516.5172615 34822121970437.168 12605608153297.86
34.24977707437542 2.8836983674593977e-09 525510087.8879531 28340873205912.52 10287736973746.498
34.15542507141571 1.9505287297243803e-09 356436057.84789926 19222674034825.48 6997053348676.445
34.06159148605468 1.5526656393162353e-09 284512912.1978903 15343843164747.314 5600502755132.6875
33.96827205732576 1.5871159687388734e-09 291624616.70602715 15727378933876.064 5756220689798.608
33.87546257083034 1.7228611470523598e-09 317434421.0604746 17119307289844.686 6282785775372.944
33.78315885810328 1.8615204850777674e-09 343919292.9356874 18547642183865.38 6825532323662.474
33.69135679598887 2.0535684251968205e-09 380434287.74563116 20516903786782.16 7570737497321.6045
33.600052306026825 1.9900447877884184e-09 369668012.1165612 19936276203152.527 7376422195166.423
33.509241353848374 1.9511518300656206e-09 363425540.3981556 19599618347213.24 7271458406816.1875
33.41891994858194 2.0235512900286174e-09 377929490.12553424 20381819506967.586 7582036856592.273
33.32908414226855 2.2601226173862916e-09 423250613.6742698 22825997545882.938 8514097084613.863
33.23973002928659 5.493971617383473e-09 1031615594.3410625 55635253119433.734 20807584666668.094
33.150853745785824 1.0846554700053255e-08 2042142615.0748332 110133194882771.78 41299948081039.09
33.062451469130394 1.8256528492476372e-08 3446451110.625655 185867857131305.9 69886314281370.18
32.97451941735079 1.692807224764889e-08 3204188106.471852 172802560686092.22 65146565378656.4
32.8870538486045 9.247007305511689e-09 1754951853.1834142 94644934702294.45 35775785317467.305
32.80005106064523 8.155959040824312e-09 1551992045.9631 83699268206252.23 31722022650169.652
32.71350739030052 5.7628049257293685e-09 1099501392.950743 59296348986520.64 22532612614878.316
32.627419212957626 3.361689917133203e-09 643078371.6247505 34681356289334.797 13213596746236.285
32.54178294205747 2.343063116891366e-09 449398500.0796283 24236158740304.902 9258212638795.525
32.45659502859658 2.5055488028018277e-09 481824505.5868946 25984900261802.766 9952216800270.973
32.3718519606368 3.084315797774762e-09 594675802.769008 32070995235574.152 12315262170459.945
32.28755026282264 3.311645699522988e-09 640173579.7643555 34524700233242.926 13292009589798.465
32.20368649590622 3.5864863188121623e-09 695108442.3738796 37487349308274.0 14470116832994.465
32.12025725627952 3.83066034242319e-09 744360991.1486655 40143549963725.266 15535553835960.895
32.03725917551394 3.1274991956252886e-09 609299507.2566814 32859654795567.703 12749546060680.125
31.954688919906943 2.6531772558669858e-09 518227728.143442 27948133962811.562 10871824111533.791
31.872543190035717 2.858440227010994e-09 559759369.389347 30187944397877.09 11773298315172.12
31.790818720317677 3.5486422952837195e-09 696705897.4123838 37573500405544.75 14691238658567.832
31.709512278577733 8.275004592615002e-09 1628799607.8608599 87841516705702.19 34433874548634.3
31.628620665622176 2.1006133641886814e-08 4145289309.702417 223556353028849.22 87857646740338.1
31.548140714819066 4.1300564439350584e-08 8170924406.556904 440659728364148.5 173619932975460.75
31.468069291685 5.94837246712917e-08 11798234715.14884 636281361333109.2 251331137726583.56
31.388403293478206 3.3966896962704814e-08 6754226566.114365 364256906054041.3 144245734797397.72
31.309139648797704 2.0297785152068747e-08 4046378388.1554866 218222065541604.62 86634160020017.97
31.230275317188642 1.865653964977558e-08 3728586797.3115478 201083496007743.25 80031231411078.88
31.151807288753492 1.0433985810110915e-08 2090527905.176096 112742624089549.55 44984307011731.77
31.07373258376915 6.20793554231198e-09 1246931941.0819347 67247310476255.484 26898924190502.113
30.996048252309727 4.613158865982701e-09 928925869.1189921 50097173929050.58 20088966745548.45
30.918751373875036 5.338000997266449e-09 1077570462.7124765 58113609154316.05 23361670880034.945
30.8418390570246 6.915529960182613e-09 1399504101.1229458 75475560213292.77 30416650765957.89
30.765308439017097 6.4441300050588635e-09 1307350371.8092382 70505689571173.66 28484298586754.203
30.689156685455174 6.856665913544416e-09 1394495154.6899352 75205426643975.97 30458197790808.992
30.61338098993553 7.0039499454125365e-09 1427975354.9163406 77011021115698.89 31266474572971.656
30.537978573704155 4.652396993020238e-09 950879435.6460775 51281134541228.875 20871421758280.477
30.462946685316677 3.878660257187641e-09 794691933.2956512 42857908608018.266 17486026712070.918
30.388282600303643 4.395937151089654e-09 902888856.5177395 48692992182971.18 19915433802835.05
30.313983620840798 4.888907400095154e-09 1006601966.9125742 54286262758050.08 22257367730801.32
30.240047075424116 6.737958249968983e-09 1390704396.4676628 75000990229513.45 30825406984329.504
30.166470318549603 1.3309314764903448e-08 2753722501.437777 148508852743767.4 61185647330432.76
30.093250730397784 3.08536828043813e-08 6399217650.12325 345111198089596.2 142530924811001.72
30.02038571652273 6.218948773300652e-08 12929736857.84209 697303517705348.2 288683656330015.25
29.94787270754562 1.2660603155593178e-07 26386232961.28969 1423015275963694.0 590551339524932.2
29.87570915885274 1.0735971218910187e-07 22429112563.164722 1209606913215572.0 503196475897664.94
29.803892550297803 5.6345469300901863e-08 11799809237.940128 636366275689305.6 265364736962442.97
29.7324203859086 4.804410674478518e-08 10085532504.770315 543914959045940.9 227356452881203.38
29.661290193597814 3.1431950360994984e-08 6614092539.389768 356699447548920.2 149457068522986.72
29.590499524878005 1.5039759598434283e-08 3172324260.856309 171084136569683.22 71855337359263.8
29.520045954580674 1.0793613255366098e-08 2282121689.0048184 123075318474835.23 51814709077907.35
29.449927080579297 8.7931649741958e-09 1863588287.8852792 100503721226834.8 42412570357722.81
29.38014052351631 1.0216353714334872e-08 2170356253.2991405 117047784246389.45 49511212736224.21
29.310683926534004 1.1695566028281934e-08 2490486934.678419 134312501440984.9 56948500610975.15
29.241554955009157 1.0764524723997892e-08 2297647343.5905147 123912620399562.19 52662863669815.82
29.17275129629149 9.401096971578794e-09 2011361429.4435163 108473158854518.0 46209565672023.92
29.104270659445735 7.178140745937577e-09 1539374272.2506213 83018788928749.77 35449022872575.24
29.036110774997383 6.1076460853481495e-09 1312878068.867469 70803799474406.23 30304026175045.926
28.96826939468197 4.998764035231151e-09 1077033125.4798026 58084630440622.4 24918306459026.613
28.90074429119786 5.077866098882023e-09 1096632700.4188907 59141639775059.59 25430905103276.35
28.833533257962518 7.330984451560562e-09 1586914064.4350069 85582620249187.47 36886109327396.12
28.76663410887211 6.439411415005412e-09 1397159855.2213142 75349134522534.6 32550826113734.637
28.700044678064536 1.399732190804848e-08 3044046992.576885 164166115623369.6 71083928064920.64
28.633762819685636 1.2425374589266434e-08 2708445131.2696137 146067034334171.66 63393092901028.72
28.56778640765871 2.431083745148369e-08 5311440298.109926 286447129177857.25 124604501192371.02
28.502113335457196 4.6386723355769e-08 10157939182.174965 547819866888593.2 238849461963428.75
28.43674151588046 1.2344912253723647e-07 27095498894.831974 1461266141846369.5 638573303986838.4
28.371668880832676 1.9497235477657137e-07 42892082148.89667 2313179308517192.0 1013172537130517.6
28.306893381104747 1.5187052737890479e-07 33486539263.54811 1805936337373180.5 792806052106822.2
28.242412986159177 9.38705181396443e-08 20745140978.418514 1118789959810431.0 492267582316604.7
28.17822568391791 8.463569587801714e-08 18746875752.511734 1011023082057775.6 445861179187470.56
28.114329480553014 4.449369639840475e-08 9877788700.695724 532711290560232.9 235458390427617.03
28.050722400280268 2.3634941148958093e-08 5258954941.557869 283616582496656.06 125642146046024.98
27.987402485155485 1.9332693311207554e-08 4311404224.307799 232514966461681.97 103236645108975.58
27.924367794873596 1.5330471857190014e-08 3426582145.011624 184796319499244.38 82234362177162.22
27.86161640657051 1.570706223892871e-08 3518662648.056347 189762241032768.88 84633959500615.23
27.799146414627526 1.662494364382986e-08 3732653665.1630635 201302823074495.16 89982361914302.62
27.736955930478473 1.5585202513469412e-08 3507055414.8636637 189136260425037.06 84733044670414.7
27.675043082419368 1.0861828351787703e-08 2449647556.3121815 132110024893412.7 59317401177142.81
27.61340601542066 7.554196053120876e-09 1707486379.5948741 92085111399876.3 41438300129943.63
27.552042890941948 5.563167435705617e-09 1260251723.8883958 67965649256706.63 30652507814775.043
27.490951886749173 5.3430888669541755e-09 1213086011.0074573 65421992114371.88 29570740435696.016
27.43013119673424 7.54810633014311e-09 1717509308.3476462 92625650124976.42 41959419506612.56
27.369579030737032 8.250373201781503e-09 1881457668.0587168 101467420781678.78 46066209034883.05
27.30929361436977 9.54821144415093e-09 2182230070.473514 117688141786168.7 53548104512707.13
27.249273188843684 1.5272286369664016e-08 3498147444.7283382 188655851660398.6 86027068357135.11
27.18951601079797 1.6931987692680064e-08 3886829068.3031197 209617536060165.6 95795213979495.75
27.130020352131016 1.2682662089554228e-08 2917758055.6342974 157355325818012.94 72068739224647.64
27.070784499833785 1.3331431987711823e-08 3073724470.445777 165766628452217.28 76086882459567.94
27.011806755825432 2.4941759861973777e-08 5763183321.490936 310809728569149.1 142972475141813.94
26.95308543679103 3.66991742519303e-08 8498392387.416928 458320147713755.56 211285588096035.97
26.89461887402142 1.118953764578627e-07 25967833767.533237 1400450916547941.2 647008323445164.1
26.83640541325514 2.249091384397231e-07 52308435722.10219 2821005302405932.0 1306125455013942.2
26.778443414522407 2.3611232756419566e-07 55032888569.34519 2967935636340196.0 1377122135261832.2
26.720731251991108 1.8058932527823546e-07 42182538460.286964 2274913463243389.0 1057834760408152.6
26.66326731381478 1.4121025491571146e-07 33055356482.877872 1782682556337956.0 830730071253468.1
26.60605000198256 9.752587509187153e-08 22878546396.047443 1233844977461623.8 576205604474594.1
26.549077732171035 5.04307169457295e-08 11855904110.573076 639391484356910.0 299235214679032.0
26.49234893359802 3.2624673408490064e-08 7686253098.563406 414521299430094.94 194410489432693.88
26.43586204887819 2.9862729656468696e-08 7050582530.890411 380239447617210.3 178712540380097.06
26.37961553388058 2.5105387242560272e-08 5940013578.787334 320346222761197.1 150883070920523.6
26.323607857587838 2.273149960013588e-08 5389787582.379262 290672415239308.2 137197379992945.78
26.267837501957352 2.124450425331276e-08 5047905952.942303 272234664690607.9 128766996398662.03
26.212302961784083 1.6876987448803877e-08 4018636489.715737 216725938931871.72 102728095053708.7
26.15700274456513 1.1498025615338613e-08 2743621950.074046 147964127814394.9 70282960711834.336
26.101935370366043 8.439879692280272e-09 2018145718.00576 108839037010554.22 51807381617025.74
26.047099371688805 6.779928761622561e-09 1624631010.2253635 87616703329599.58 41793167488217.05
25.992493293341447 5.930298434208892e-09 1424024900.550681 76797972253529.81 36709430737187.984
25.938115692309353 9.295117734940926e-09 2236688201.673623 120625080632721.0 57779413623074.98
25.883965137628124 1.0040263835126062e-08 2421047408.8392215 130567612726865.7 62672454108891.65
25.830040210258062 1.235898782966015e-08 2986391887.542987 161056763283424.28 77468303139324.66
25.776339502960226 1.4242596062639262e-08 3448711688.2811847 185989770575375.0 89647069417329.22
25.722861620174 2.692616438202561e-08 6533474287.270065 352351687697935.3 170185865158104.7
25.66960517789621 1.773931409949526e-08 4313269650.416723 232615569296996.7 112585935539746.23
25.616568803561712 1.7113602560931683e-08 4169744636.885314 224875234136698.44 109064488556293.61
25.5637511359255 1.9322448470696755e-08 4717659059.056068 254424377957783.47 123650247687486.5
25.51115082494623 1.5525029174205135e-08 3798318243.489338 204844128049141.9 99759090359932.6
25.458766531671188 1.9944717667688087e-08 4889669543.416943 263700940748331.75 128686059085186.19
25.40659692812268 3.472708596565455e-08 8531213671.308821 460090206684409.9 224984111068677.4
25.354640697185825 7.615119057711358e-08 18745982704.45256 1010974919781931.4 495377710693145.06
25.30289653249769 1.8169255550027548e-07 44818350487.995575 2417063378523105.5 1186778118854790.5
25.251363138337815 2.979144503446919e-07 73636937207.69138 3971256021102091.5 1953857962382197.8
25.200039229520055 2.93636541615906e-07 72727365930.00067 3922202644493518.5 1933645903735346.5
25.148923531285735 2.4763240952314513e-07 61457806816.898445 3314432873232600.5 1637329839376816.2
25.09801477919811 1.9259697749990964e-07 47895980843.15469 2583040652186459.5 1278605122832289.8
25.047311719038113 1.0931921880111939e-07 27241083266.775005 1469117538653198.2 728682299171980.8
24.996813106701342 7.742838503674452e-08 19333235126.572285 1042645570486373.6 518194848531720.06
24.94651770809631 5.046847451516191e-08 12626972123.814747 680975349824163.2 339125724212440.06
24.896424299043908 4.212831778770139e-08 10561512461.130253 569584661498216.1 284222746087606.2
24.846531665178087 3.375428006939338e-08 8479144771.275213 457282119593723.1 228641059796864.16
24.796838601847732 2.942884016816076e-08 7407400147.206204 399482699183102.2 200140832290728.1
24.74734391401969 2.7619988121921345e-08 6966006390.904472 375678238013755.3 188590475482914.25
24.698046416183 2.0517784162306448e-08 5185096330.741579 279633371569684.1 140655585899548.31
24.648944932254206 1.366243577294773e-08 3459543323.7090983 186573923027155.56 94033257205683.36
24.60003829548386 1.1519719287173355e-08 2922773008.2067456 157625783299734.44 79601020566364.05
24.551325348364088 1.0221498750712153e-08 2598535254.09865 140139570780619.75 70910622814993.27
24.50280494253728 8.85160606465165e-09 2254733667.5162864 121598276525960.61 61650326198658.516
24.454475938705844 1.1176695270575277e-08 2852620669.776141 153842452447703.4 78151965843436.48
24.40633720654304 1.084125664294066e-08 2772464494.1303926 149519612481344.12 76105482753004.81
24.35838762460484 1.1655276292044044e-08 2986503380.18722 161062776105949.34 82142015814031.39
24.31062608024287 1.2148839299380015e-08 3119087934.5022135 168213089923911.34 85956888951118.92
24.263051469518324 2.4109922486382237e-08 6202108641.932586 334481066456298.5 171254306025618.2
24.21566269711692 1.7250605056128638e-08 4446281433.81952 239788923672478.66 123011717843985.92
24.16845867626484 1.6778992037807668e-08 4333171602.160343 233688885878193.1 120116087341392.16
24.12143832864565 2.359344985538033e-08 6104881278.886178 329237573644737.1 169557350427033.34
24.07460058431818 2.179693037519603e-08 5650998879.931739 304759597263994.75 157255952188223.25
24.027944381635393 1.8189952735121317e-08 4725023006.255703 254821517230063.97 131742724407940.3
23.981468667164144 1.7638110201751883e-08 4590555580.733435 247569659758843.28 128241083755076.28
23.93517239560591 1.7444986498505115e-08 4549074534.779984 245332577938891.6 127327607950281.27
23.889054529718422 1.9959007122792092e-08 5214695407.971643 281229656235047.4 146239421242227.34
23.843114040238195 2.8109973818109564e-08 7358451638.894149 396842895495858.25 206755148553335.34
23.797349905803955 4.300014639207556e-08 11277953838.073492 608222500602357.1 317492145314436.4
23.75176111288096 1.0908505529833276e-07 28665426930.186905 1545932701857084.2 808522803071237.1
23.706346655686158 2.2428049834816596e-07 59049449954.12498 3184549664412059.0 1668704024151948.8
23.66110553611424 2.995869294858316e-07 79027238077.77322 4261956118058711.0 2237526961980791.0
23.616036763664496 2.718978446322132e-07 71860084494.91539 3875429968284047.5 2038476163317498.5
23.571139355368558 2.274553090256728e-07 60228837048.57461 3248154266635439.0 1711777298516862.0
23.526412335718902 1.7310037171013633e-07 45923107808.00577 2476643180797783.0 1307667599461237.2
23.481854736598223 1.2642426815762877e-07 33603694365.590485 1812254537478059.5 958682650325861.6
23.437465597209567 8.154757253280197e-08 21716476632.35746 1171174302648270.5 620722380403561.1
23.393243964007283 5.369542848107903e-08 14326359242.023012 772623666297909.9 410263166804161.5
23.349188890628735 3.8788624632413516e-08 10368634292.918678 559182699984133.06 297485196391576.3
23.305299437826804 3.310833330695239e-08 8866895827.132648 478193618274329.5 254877198540219.3
23.261574673403114 3.2517371867148804e-08 8724997312.45052 470541000550326.9 251268894293857.7
23.218013672142057 3.4323428333831685e-08 9226873623.674889 497607299046377.1 266219904989809.66
23.17461551574553 2.3349544473185663e-08 6288612716.373688 339146249983760.7 181782389991301.97
23.131379292768393 1.620396767919968e-08 4372288525.887579 235798470072883.78 126623778429140.86
23.088304098554673 1.1372342422908027e-08 3074304415.326192 165797905005610.03 89199272893016.88
23.04538903517446 1.1456048292217414e-08 3102699863.592634 167329277699479.0 90190480680019.88
23.00263321136152 1.1212348740984043e-08 3042341892.93973 164074159229508.03 88600045983934.97
22.96003574245159 1.189538350977106e-08 3233663789.0751143 174392190652424.84 94346175142957.38
22.917595750321365 1.0810378614424e-08 2944156047.47637 158778975252971.84 86058204587112.48
22.875312363328153 1.0759476435925862e-08 2935709515.490121 158323451947959.62 85969634407737.62
22.833184716250198 1.175814826423192e-08 3214115039.2819943 173337922329151.4 94295829747052.6
22.791211950227677 1.6796673571365757e-08 4599862364.696761 248071576639867.44 135199009268727.44
22.749393212704323 1.7800978680239446e-08 4883858105.308426 263387528628615.03 143809590631231.7
22.707727657369702 1.51464236876824e-08 4163182017.7299113 224521310659930.44 122813156930975.1
22.666214444102113 1.346035194436791e-08 3706520419.1003737 199893451436933.9 109541611387440.55
22.624852738912146 1.528066731528879e-08 4215465450.713948 227340967559240.7 124810191190024.08
22.583641713886806 1.7021709441134043e-08 4704334262.065003 253705768761267.3 139538172818701.16
22.542580547134285 1.5065051250132726e-08 4171151442.9813914 224951103495085.97 123948058025795.11
22.501668422729324 2.1302515383933277e-08 5908879611.545369 318667161144039.9 175904272951502.22
22.46090453065916 1.573625474003427e-08 4372835200.196699 235827952337138.62 130412857642436.9
22.420288066770084 1.708640726458168e-08 4756620906.220588 256525598839756.78 142115181757221.56
22.37981823271454 1.6372336881273183e-08 4566075541.001915 246249445897878.12 136668442473325.4
22.33949423589884 1.0725742939025735e-08 2996698306.9093447 161612590718902.9 89856600439705.9
22.299315289431394 1.3743790496137586e-08 3846838670.526286 207460845220219.44 115555690787660.72
22.259280612071553 1.7517203410095577e-08 4911822039.06528 264895629651236.16 147811761345382.66
22.21938942817895 2.7946343970132918e-08 7850220477.632641 423364095804915.0 236660529554948.94
22.179640967663424 6.464654076102546e-08 18191970949.764534 981096945493555.4 549414289476392.25
22.140034465935454 1.3649398430008006e-07 38479036892.18373 2075182819096570.8 1164177561513185.5
22.100569163857138 1.9750024232355112e-07 55776742821.55482 3008051857762851.0 1690525144062738.0
22.06124430769369 2.2180224868766107e-07 62751616177.02792 3384208293102124.5 1905309269016582.5
22.022059149065463 2.058360820812178e-07 58338137120.31738 3146188408753390.0 1774450262536850.5
21.98301294490045 1.726762353539217e-07 49026888428.02675 2644030743926235.0 1493877370318294.8
21.944104957387353 1.3911888455678744e-07 39569192712.45452 2133975159318153.0 1207829940174097.2
21.905334453929072 9.640156352639464e-08 27467754944.1419 1481341991457606.5 839920909156420.9
21.866700707096744 5.1632299539563436e-08 14737614141.835129 794802732389159.8 451447951997036.7
21.82820299458425 3.0406402108523916e-08 8694328104.21629 468887003487424.9 266796704984329.66
21.789840599163185 2.6619590592484235e-08 7624937590.84089 411214540777936.56 234392288243431.28
21.75161280863834 2.787991432432251e-08 7999980819.176425 431440703559534.4 246352641732506.84
21.713518915803597 3.0015453656586446e-08 8627871637.205378 465302991783979.25 266153311300418.66
21.675558218398344 2.6125593719847848e-08 7522892446.849261 405711223993345.25 232472531348180.94
21.637730019064314 2.0823990992196152e-08 6006773338.204945 323946591090025.7 185945343285673.72
21.600033625302878 1.4221341001192655e-08 4109368596.304642 221619141151597.28 127431006162174.5
21.562468349432788 9.630412521027467e-09 2787631674.440191 150337581810494.03 86594447122841.17
21.525033508548354 7.576791064954163e-09 2197001989.0157504 118484794562324.08 68365726462464.664
21.48772842447808 8.298966139819589e-09 2410585062.2477837 130003376102263.61 75141951387108.94
