string
integrated and resized binned spectra ROIsize spatial in px50:1600
converted file:an 18 2019_12.22.18_26 binning:0.1
nm muJ
28.1 0.0002551204434471858
28.200000000000003 0.0021004177018158396
28.300000000000004 0.002107099231795221
28.400000000000006 0.0021144305141903774
28.500000000000007 0.0021151847528691004
28.60000000000001 0.002142435797585817
28.70000000000001 0.002155232838701139
28.80000000000001 0.0021671949765463038
28.900000000000013 0.0021711840051171303
29.000000000000014 0.0021911554301193526
29.100000000000016 0.0021956913251127506
29.200000000000017 0.002201313000606681
29.30000000000002 0.002274371825973875
29.40000000000002 0.0022362084398245344
29.50000000000002 0.002256696637185893
29.600000000000023 0.0022602937494951383
29.700000000000024 0.002292999219221593
29.800000000000026 0.002324110504060651
29.900000000000027 0.0023324596726950757
30.00000000000003 0.002352964974660989
30.10000000000003 0.0024131726972145937
30.20000000000003 0.00238298322662853
30.300000000000033 0.002379660282652701
30.400000000000034 0.002412211407174023
30.500000000000036 0.0024028152564763983
30.600000000000037 0.002460503338552616
30.70000000000004 0.002460156351498254
30.80000000000004 0.0024957370710822655
30.90000000000004 0.0025435546388441798
31.000000000000043 0.0025973820235053132
31.100000000000044 0.0025555417079029127
31.200000000000045 0.0025037012231103003
31.300000000000047 0.002569217289883659
31.40000000000005 0.0024890928665676185
31.50000000000005 0.0024774545162873523
31.60000000000005 0.002530417904793781
31.700000000000053 0.0024495331779024487
31.800000000000054 0.002430305966413219
31.900000000000055 0.0024756156211872752
32.00000000000006 0.002393322456000306
32.10000000000006 0.0024445241585481195
32.20000000000006 0.0024428872598959697
32.30000000000006 0.0025002742437404565
32.40000000000006 0.0024907762354992686
32.500000000000064 0.002389577532117036
32.600000000000065 0.002454284974739852
32.70000000000007 0.0023686103996899987
32.80000000000007 0.0024201492327787276
32.90000000000007 0.0023744811463709535
33.00000000000007 0.002350191145154824
33.10000000000007 0.002319040713543854
33.200000000000074 0.00228573179905192
33.300000000000075 0.0022644600086056525
33.40000000000008 0.0023026215941424045
33.50000000000008 0.002235502092699322
33.60000000000008 0.002297082347930475
33.70000000000008 0.0024937787410460196
33.80000000000008 0.0023342688450864874
33.900000000000084 0.0022593835846894572
34.000000000000085 0.0022791288199021237
34.10000000000009 0.0022869791492367707
34.20000000000009 0.0023803455571307017
34.30000000000009 0.002314228038536405
34.40000000000009 0.002297132894829134
34.50000000000009 0.0022517847077095725
34.600000000000094 0.002210732676116885
34.700000000000095 0.002243159570496966
34.8000000000001 0.0022104642540479915
34.9000000000001 0.0022207196252424827
35.0000000000001 0.002199997567377518
35.1000000000001 0.002274389329939906
35.2000000000001 0.0025730913196490087
35.300000000000104 0.0026516336806428464
35.400000000000105 0.002385536150594617
35.50000000000011 0.002492250697998151
35.60000000000011 0.0023986478014319185
35.70000000000011 0.0026005797085905213
35.80000000000011 0.002420278264106921
35.90000000000011 0.0023438239465742687
36.000000000000114 0.0022971565236866694
36.100000000000115 0.00218730516067929
36.20000000000012 0.002218301591694407
36.30000000000012 0.002265951013891127
36.40000000000012 0.002241246512568251
36.50000000000012 0.0021688542566537503
36.60000000000012 0.0022755016224092596
36.700000000000124 0.0022986403638030548
36.800000000000125 0.00260448869391285
36.90000000000013 0.0035129952395301926
37.00000000000013 0.003528668335923244
37.10000000000013 0.003292646257907392
37.20000000000013 0.0033953649551685086
37.30000000000013 0.003362839520238509
37.400000000000134 0.0033042665227196047
37.500000000000135 0.003257692170214802
37.600000000000136 0.002956417722135624
37.70000000000014 0.0035552164047528796
37.80000000000014 0.002592493518235682
37.90000000000014 0.002926536745407635
38.00000000000014 0.0032702128994159412
38.10000000000014 0.0031415197380871107
38.200000000000145 0.0032753649452521424
38.300000000000146 0.0032168227684315777
38.40000000000015 0.0030090360679411524
38.50000000000015 0.004044523621273217
38.60000000000015 0.004464880852828502
38.70000000000015 0.006367362604151866
38.80000000000015 0.008296355208535597
38.900000000000155 0.007274241153419896
39.000000000000156 0.007502892685648472
39.10000000000016 0.005947368920356282
39.20000000000016 0.0064552302803020595
39.30000000000016 0.006792325867844002
39.40000000000016 0.006404472615315449
39.50000000000016 0.007842363861198885
39.600000000000165 0.004900373496275169
39.700000000000166 0.005186165498475324
39.80000000000017 0.005758772606570385
39.90000000000017 0.00636046366091893
40.00000000000017 0.007645201290721275
40.10000000000017 0.006123966214142851
40.20000000000017 0.0061317896083498075
40.300000000000175 0.006325037527371147
40.400000000000176 0.007540841196662909
40.50000000000018 0.01070998470016215
40.60000000000018 0.009706721416434125
40.70000000000018 0.015031001411651482
40.80000000000018 0.017786109903305727
40.90000000000018 0.02105832875064397
41.000000000000185 0.015292175331742066
41.100000000000186 0.013372178954159838
41.20000000000019 0.013298286762811973
41.30000000000019 0.0182759110830687
41.40000000000019 0.013096992932425004
41.50000000000019 0.016447120946882637
41.60000000000019 0.009447804705693624
41.700000000000195 0.009544623476555492
41.800000000000196 0.008140037099416127
41.9000000000002 0.013217198421933155
42.0000000000002 0.013290105655438492
42.1000000000002 0.01220405042930518
42.2000000000002 0.010501177213044834
42.3000000000002 0.010344021434767148
42.400000000000205 0.013042853409972353
42.500000000000206 0.012355797051706896
42.60000000000021 0.018921237118897954
42.70000000000021 0.017720460315251055
42.80000000000021 0.018924749507731847
42.90000000000021 0.0201256407905059
43.00000000000021 0.02773168022876676
43.100000000000215 0.046163275645158514
43.200000000000216 0.029009040016197803
43.30000000000022 0.025161924612726753
43.40000000000022 0.022934772330084157
43.50000000000022 0.03791989599241233
43.60000000000022 0.02048402922546574
43.70000000000022 0.024282975816684475
43.800000000000225 0.018045880324467342
43.900000000000226 0.013361249198113918
44.00000000000023 0.010468786559442661
44.10000000000023 0.020119527081153638
44.20000000000023 0.01744313566016478
44.30000000000023 0.021544124531757573
44.40000000000023 0.015638046800932465
44.500000000000234 0.017746050936986068
44.600000000000236 0.014250198184015348
44.70000000000024 0.02065014413731961
44.80000000000024 0.021087953286198027
44.90000000000024 0.02608169083034831
45.00000000000024 0.027889140292894576
45.10000000000024 0.028595988041226587
45.200000000000244 0.023883239584520457
45.300000000000246 0.026039572275461286
45.40000000000025 0.03562497625969069
45.50000000000025 0.044316838686210266
45.60000000000025 0.07994157283962507
45.70000000000025 0.04901922608937359
45.80000000000025 0.044404428517412414
45.900000000000254 0.04274467859890159
46.000000000000256 0.05489154156368927
46.10000000000026 0.02020338015690199
46.20000000000026 0.033651398808226145
46.30000000000026 0.02008910384572487
46.40000000000026 0.0191666419059016
46.50000000000026 0.014788108102897159
46.600000000000264 0.02439035161311827
46.700000000000266 0.022088353750141006
46.80000000000027 0.025715218554807823
46.90000000000027 0.0235012701337832
47.00000000000027 0.020824653787267406
47.10000000000027 0.01959493815092305
47.20000000000027 0.020322659585259903
47.300000000000274 0.02723725964303337
47.400000000000276 0.03234897874073274
47.50000000000028 0.04037763169199845
47.60000000000028 0.034567715915028725
47.70000000000028 0.0353705875664429
47.80000000000028 0.03403082186398437
47.90000000000028 0.026641862161418964
48.000000000000284 0.04387435380759449
48.100000000000286 0.042609417638545935
48.20000000000029 0.05397641012454161
48.30000000000029 0.08339512699582395
48.40000000000029 0.07828448673271482
48.50000000000029 0.09289995869169082
48.60000000000029 0.07713260259983183
48.700000000000294 0.07061788526677591
48.800000000000296 0.05320216299552762
48.9000000000003 0.029179812149904866
49.0000000000003 0.04672038198084665
49.1000000000003 0.0227666857330695
49.2000000000003 0.024338146779446828
49.3000000000003 0.01923778637534159
49.400000000000304 0.027344544050793472
49.500000000000306 0.029706887489348816
49.60000000000031 0.029790009178872704
49.70000000000031 0.03068205481758795
49.80000000000031 0.0231218463879938
49.90000000000031 0.02570923243734875
50.00000000000031 0.023312753188023706
50.100000000000314 0.028885544018198678
50.200000000000315 0.035986234188428314
50.30000000000032 0.04033964171983732
50.40000000000032 0.04819400589780824
50.50000000000032 0.04599686071075381
50.60000000000032 0.0378230317340168
50.70000000000032 0.03398493843284699
50.800000000000324 0.03150640031001302
50.900000000000325 0.04164868685423665
51.00000000000033 0.04289560725515248
51.10000000000033 0.043169443339328435
51.20000000000033 0.07160628701032692
51.30000000000033 0.05581516185156904
51.40000000000033 0.05899298431958228
51.500000000000334 0.05901809407209873
51.600000000000335 0.09339222628272291
51.70000000000034 0.09554623510594296
51.80000000000034 0.09519680793998724
51.90000000000034 0.07318743094347933
52.00000000000034 0.02999122160341871
52.10000000000034 0.03570941023887452
52.200000000000344 0.032719757266530876
52.300000000000345 0.02692669017469519
52.40000000000035 0.023873399092649523
52.50000000000035 0.02016810522678724
52.60000000000035 0.027615299460629922
52.70000000000035 0.028243859646725843
52.80000000000035 0.026606476584992263
52.900000000000354 0.02950836340303961
53.000000000000355 0.023525993309952538
53.10000000000036 0.022797099257662677
53.20000000000036 0.0254243367910565
53.30000000000036 0.025656509983119767
53.40000000000036 0.03657181071152213
53.50000000000036 0.04211967569296886
53.600000000000364 0.04235814086751122
53.700000000000365 0.050662943174804374
53.80000000000037 0.03969585742856082
53.90000000000037 0.0379238595456556
54.00000000000037 0.03981220891662487
54.10000000000037 0.03434946454637652
54.20000000000037 0.035407179386693646
54.300000000000374 0.04521357450053619
54.400000000000375 0.04206320939339022
54.50000000000038 0.053093993798228864
54.60000000000038 0.056429888881708155
54.70000000000038 0.05906653978605886
54.80000000000038 0.04085424832464832
54.90000000000038 0.04689935039781712
55.000000000000384 0.056897151567107604
55.100000000000385 0.054117518705480205
55.20000000000039 0.07087614332250636
55.30000000000039 0.04671222148466656
55.40000000000039 0.07477700203579372
55.50000000000039 0.07924650551907632
55.60000000000039 0.04375333350341476
55.700000000000394 0.0285755532976176
55.800000000000395 0.02065900724305478
55.9000000000004 0.019247544526968443
56.0000000000004 0.022952710705962224
56.1000000000004 0.020914595852840497
56.2000000000004 0.01906792625855718
56.3000000000004 0.020169739280209285
56.400000000000404 0.01724800934613176
56.500000000000405 0.020426484345818084
56.600000000000406 0.02302642611569635
56.70000000000041 0.014444076165707125
56.80000000000041 0.016240548355691282
56.90000000000041 0.017649756241489175
57.00000000000041 0.015545516306644662
57.10000000000041 0.02313240407474262
57.200000000000415 0.03104454556665426
57.300000000000416 0.02933386793950145
57.40000000000042 0.034334451385992226
57.50000000000042 0.033579745800015506
57.60000000000042 0.021442495009069622
57.70000000000042 0.022046427958788167
57.80000000000042 0.024454098673223127
