string
integrated and resized binned spectra ROIsize spatial in px50:1600
converted file:an 18 2019_16.51.05_94 binning:0.1
nm muJ
28.1 0.000166866511774875
28.200000000000003 0.0013714131399235625
28.300000000000004 0.001362404071231015
28.400000000000006 0.00137578848127207
28.500000000000007 0.0013974080533048136
28.60000000000001 0.001434872940713388
28.70000000000001 0.0014068077582032028
28.80000000000001 0.0014193929487204312
28.900000000000013 0.0014381855365420192
29.000000000000014 0.0015367546489902712
29.100000000000016 0.0015335278534994892
29.200000000000017 0.0014647726782280924
29.30000000000002 0.001489893818107874
29.40000000000002 0.0014602073511519981
29.50000000000002 0.0014839617247332853
29.600000000000023 0.0015378302189040785
29.700000000000024 0.001555984667586835
29.800000000000026 0.0015265525262070554
29.900000000000027 0.001531771911134478
30.00000000000003 0.0015803032199194717
30.10000000000003 0.0017543110397337074
30.20000000000003 0.0018320017237497977
30.300000000000033 0.0016207996676527356
30.400000000000034 0.0015857931676346675
30.500000000000036 0.0015819701795021747
30.600000000000037 0.001633044188893201
30.70000000000004 0.0016449857796055015
30.80000000000004 0.001671690340615746
30.90000000000004 0.001723734440173005
31.000000000000043 0.0017352910037215286
31.100000000000044 0.0017145135739111462
31.200000000000045 0.0017697651617281161
31.300000000000047 0.0020151366068841318
31.40000000000005 0.0020924529329116254
31.50000000000005 0.00174274596302294
31.60000000000005 0.0017054230150694556
31.700000000000053 0.0016385471989473308
31.800000000000054 0.0016195706625585717
31.900000000000055 0.0016664180265892272
32.00000000000006 0.0016275286188130878
32.10000000000006 0.0016749664122157493
32.20000000000006 0.0016568149688393939
32.30000000000006 0.001685995073551517
32.40000000000006 0.001708244241116388
32.500000000000064 0.00175736094249202
32.600000000000065 0.0021456910184560088
32.70000000000007 0.002301339168786881
32.80000000000007 0.0018228503520387547
32.90000000000007 0.0016095934080332889
33.00000000000007 0.0015735314506315089
33.10000000000007 0.0015407132109149016
33.200000000000074 0.001567579780030333
33.300000000000075 0.001518036165155158
33.40000000000008 0.0015569894208725859
33.50000000000008 0.0016200262139284593
33.60000000000008 0.0015991434376919464
33.70000000000008 0.0016285327471095255
33.80000000000008 0.0015618172968582796
33.900000000000084 0.0018087335747657876
34.000000000000085 0.002328339359991576
34.10000000000009 0.002743306763269232
34.20000000000009 0.0019941576840596703
34.30000000000009 0.00165475796563157
34.40000000000009 0.001615382059290413
34.50000000000009 0.0015269977219311414
34.600000000000094 0.0015859218534066217
34.700000000000095 0.0015740544813452088
34.8000000000001 0.0015260642335140305
34.9000000000001 0.0015687548599148536
35.0000000000001 0.0016088272886852176
35.1000000000001 0.0016722649345892095
35.2000000000001 0.0017307791479705466
35.300000000000104 0.001684763132307325
35.400000000000105 0.0019488457121900691
35.50000000000011 0.0024549501356051686
35.60000000000011 0.0033669639567458407
35.70000000000011 0.0028291270517314714
35.80000000000011 0.0017804488224712205
35.90000000000011 0.0016370081585660855
36.000000000000114 0.0014870700620195402
36.100000000000115 0.00146261429350286
36.20000000000012 0.0014565383635011808
36.30000000000012 0.0014616265796653797
36.40000000000012 0.0014239846650691182
36.50000000000012 0.0014319549440521362
36.60000000000012 0.0014876187303792842
36.700000000000124 0.0015448244563494543
36.800000000000125 0.0016298712719890033
36.90000000000013 0.0018900228914310645
37.00000000000013 0.001749678708454786
37.10000000000013 0.002277396023784904
37.20000000000013 0.0031329829877162637
37.30000000000013 0.004986849429375548
37.400000000000134 0.0037922354962355628
37.500000000000135 0.0020370444998279802
37.600000000000136 0.0016455720901573207
37.70000000000014 0.0015496540949071294
37.80000000000014 0.0014545352680993158
37.90000000000014 0.001425030666455551
38.00000000000014 0.0013820274508910123
38.10000000000014 0.001365019193795736
38.200000000000145 0.0013622169721060685
38.300000000000146 0.0013436348127110454
38.40000000000015 0.0015586952295786817
38.50000000000015 0.0021953595541856206
38.60000000000015 0.002202018570273235
38.70000000000015 0.0022111204726894054
38.80000000000015 0.002915346993887336
38.900000000000155 0.002540451415797765
39.000000000000156 0.0033054920999408023
39.10000000000016 0.005052349682011926
39.20000000000016 0.006534027632857626
39.30000000000016 0.0050523483847248665
39.40000000000016 0.0025678589586868913
39.50000000000016 0.0017419589280420682
39.600000000000165 0.001641004808691261
39.700000000000166 0.0021291823047510134
39.80000000000017 0.0017598578274764405
39.90000000000017 0.001739375307228783
40.00000000000017 0.001981087766790414
40.10000000000017 0.001944007243592792
40.20000000000017 0.0017932934787301374
40.300000000000175 0.0021173414116905185
40.400000000000176 0.0034835162354249207
40.50000000000018 0.00887990780698144
40.60000000000018 0.010966410967863459
40.70000000000018 0.005946163584957894
40.80000000000018 0.005533049602299111
40.90000000000018 0.003955827358536617
41.000000000000185 0.0045989525105216535
41.100000000000186 0.006826746949339161
41.20000000000019 0.011155853591284959
41.30000000000019 0.011962195329546491
41.40000000000019 0.005826219407795905
41.50000000000019 0.003404964099295697
41.60000000000019 0.0035840102367292377
41.700000000000195 0.003465088581619536
41.800000000000196 0.003526416912947142
41.9000000000002 0.0024528950597813544
42.0000000000002 0.002853764090238079
42.1000000000002 0.0032866092889353242
42.2000000000002 0.0027279383534071426
42.3000000000002 0.002412091008712041
42.400000000000205 0.0030391392430609006
42.500000000000206 0.004466403348374291
42.60000000000021 0.005193834447857295
42.70000000000021 0.015585969454591632
42.80000000000021 0.033774443619525536
42.90000000000021 0.02888609725332531
43.00000000000021 0.012310842968180365
43.100000000000215 0.007275039913430431
43.200000000000216 0.005418559071351715
43.30000000000022 0.008211211733114678
43.40000000000022 0.011551345113526797
43.50000000000022 0.01974039831356958
43.60000000000022 0.019870642757972387
43.70000000000022 0.01020262847193813
43.800000000000225 0.006392529708245903
43.900000000000226 0.004411216295839782
44.00000000000023 0.006308084268612235
44.10000000000023 0.004601243530761689
44.20000000000023 0.0029543305263195585
44.30000000000023 0.004305381852783283
44.40000000000023 0.00396973796632114
44.500000000000234 0.0037063044747263907
44.600000000000236 0.0030512281621365026
44.70000000000024 0.003883076683993858
44.80000000000024 0.004307666048463018
44.90000000000024 0.004502163227943197
45.00000000000024 0.0076126259259366265
45.10000000000024 0.008714961674677663
45.200000000000244 0.026270035385074116
45.300000000000246 0.06935314356243476
45.40000000000025 0.06198766345306687
45.50000000000025 0.03026776978032148
45.60000000000025 0.012609988882704821
45.70000000000025 0.01089275071381635
45.80000000000025 0.007762427239302536
45.900000000000254 0.012382312690385255
46.000000000000256 0.018256669135235416
46.10000000000026 0.022805579943821777
46.20000000000026 0.020259128011540842
46.30000000000026 0.014345534772186117
46.40000000000026 0.007363684299773964
46.50000000000026 0.00645585922781439
46.600000000000264 0.008311978076607386
46.700000000000266 0.004792318356614395
46.80000000000027 0.006645601972252542
46.90000000000027 0.006999601353018883
47.00000000000027 0.00607006117704977
47.10000000000027 0.0068644112479782846
47.20000000000027 0.004113363444075958
47.300000000000274 0.0043944239338181874
47.400000000000276 0.007002483717270782
47.50000000000028 0.00632717087745912
47.60000000000028 0.00616102102567604
47.70000000000028 0.006498033089497905
47.80000000000028 0.007427449789755487
47.90000000000028 0.011287433258219548
48.000000000000284 0.023412110545713457
48.100000000000286 0.06406596644969265
48.20000000000029 0.09368714601790627
48.30000000000029 0.05887249664785238
48.40000000000029 0.02749917172449089
48.50000000000029 0.022330464233732347
48.60000000000029 0.02001895914240852
48.700000000000294 0.012613339044719103
48.800000000000296 0.01815873951929747
48.9000000000003 0.02093307555086232
49.0000000000003 0.02103698651107363
49.1000000000003 0.015165223953659197
49.2000000000003 0.01035547163044521
49.3000000000003 0.00865587243084252
49.400000000000304 0.009660762664639756
49.500000000000306 0.008334289770950099
49.60000000000031 0.006851014471293152
49.70000000000031 0.013511947395801886
49.80000000000031 0.01306748023882907
49.90000000000031 0.004947442143039586
50.00000000000031 0.00785033309533775
50.100000000000314 0.007566347015721684
50.200000000000315 0.007141364301066977
50.30000000000032 0.007359555292915662
50.40000000000032 0.008385424288140732
50.50000000000032 0.010717128281848716
50.60000000000032 0.00948277568658716
50.70000000000032 0.006950545711372918
50.800000000000324 0.005523600802080356
50.900000000000325 0.009662120945815963
51.00000000000033 0.011837346801147591
51.10000000000033 0.009514548549377333
51.20000000000033 0.023794602886022684
51.30000000000033 0.05800847101182575
51.40000000000033 0.09511336794778213
51.500000000000334 0.07905612919637968
51.600000000000335 0.041685239523325146
51.70000000000034 0.024009374924935455
51.80000000000034 0.023904869769485523
51.90000000000034 0.018059110899722564
52.00000000000034 0.014802703376057031
52.10000000000034 0.01744144873787693
52.200000000000344 0.01789906089237726
52.300000000000345 0.016748893336080456
52.40000000000035 0.014781499060257853
52.50000000000035 0.008036611212309435
52.60000000000035 0.007449371364458187
52.70000000000035 0.006231664223093145
52.80000000000035 0.005744795141979867
52.900000000000354 0.0056395776935099316
53.000000000000355 0.014330186395279415
53.10000000000036 0.016951404067472725
53.20000000000036 0.0069096711093815716
53.30000000000036 0.006069402852624313
53.40000000000036 0.00695011424618469
53.50000000000036 0.005659612396029915
53.600000000000364 0.006100679362006872
53.700000000000365 0.008623210885565625
53.80000000000037 0.007888003260982062
53.90000000000037 0.008311682193968693
54.00000000000037 0.011154273141917434
54.10000000000037 0.007863675850301824
54.20000000000037 0.005593021688352613
54.300000000000374 0.005876037705038996
54.400000000000375 0.005243016774559579
54.50000000000038 0.004672856633804408
54.60000000000038 0.009117597411824696
54.70000000000038 0.010428552925203984
54.80000000000038 0.007697438680048313
54.90000000000038 0.022776372927038574
55.000000000000384 0.05262398728898193
55.100000000000385 0.0795341822332855
55.20000000000039 0.06909471296656618
55.30000000000039 0.03818698981160886
55.40000000000039 0.020166562444878276
55.50000000000039 0.01511894854479582
55.60000000000039 0.012918643487252031
55.700000000000394 0.008775896011425638
55.800000000000395 0.012302501625513601
55.9000000000004 0.017731801485194893
56.0000000000004 0.016191782420622698
56.1000000000004 0.017425573927400535
56.2000000000004 0.013692756098804089
56.3000000000004 0.010312024601464733
56.400000000000404 0.006199741637641333
56.500000000000405 0.00415455144867283
56.600000000000406 0.0036048547454503375
56.70000000000041 0.003751502361824646
56.80000000000041 0.009927252746682795
56.90000000000041 0.010941401560662416
57.00000000000041 0.004280424567127002
57.10000000000041 0.0047078140045035514
57.200000000000415 0.005769307202934063
57.300000000000416 0.004911133029207818
57.40000000000042 0.005058598380542891
57.50000000000042 0.004931386580065563
57.60000000000042 0.005625941458568643
57.70000000000042 0.0059720952768072206
57.80000000000042 0.004138969783919415
