string
integrated and resized binned spectra ROIsize spatial in px50:1600
converted file:an 18 2019_16.56.49_97 binning:0.1
nm muJ
28.1 0.0002291473158139982
28.200000000000003 0.0018660742899544152
28.300000000000004 0.0018661911762463167
28.400000000000006 0.0018754141891574026
28.500000000000007 0.0018717909243063657
28.60000000000001 0.0018928153478534636
28.70000000000001 0.001897430069285362
28.80000000000001 0.001967866932561804
28.900000000000013 0.001971810251749696
29.000000000000014 0.0019344764582168049
29.100000000000016 0.0019520328845975398
29.200000000000017 0.001966129605529328
29.30000000000002 0.0020232452561252602
29.40000000000002 0.00197334462105519
29.50000000000002 0.0019890601593819178
29.600000000000023 0.0020057930063761354
29.700000000000024 0.002008133033792776
29.800000000000026 0.0020373745705692834
29.900000000000027 0.002097103573477372
30.00000000000003 0.0021395853558022347
30.10000000000003 0.0021385530372143246
30.20000000000003 0.0021311853156093293
30.300000000000033 0.0021328514050899796
30.400000000000034 0.002152072825823491
30.500000000000036 0.0021342040687473843
30.600000000000037 0.0021971214843225133
30.70000000000004 0.002185326329614523
30.80000000000004 0.002192343132166328
30.90000000000004 0.0022646070217939586
31.000000000000043 0.0022448513096667544
31.100000000000044 0.0023195811887488337
31.200000000000045 0.00236486457099248
31.300000000000047 0.0023042759851591476
31.40000000000005 0.002229056582843122
31.50000000000005 0.0022374363734680145
31.60000000000005 0.002261570693784528
31.700000000000053 0.002189657969321289
31.800000000000054 0.0021851168734690262
31.900000000000055 0.0021832547236437577
32.00000000000006 0.002123354787860749
32.10000000000006 0.0021670978956716863
32.20000000000006 0.002151892887105594
32.30000000000006 0.002127775461885938
32.40000000000006 0.002343224665165959
32.500000000000064 0.0023433942749128992
32.600000000000065 0.0021825063723704794
32.70000000000007 0.0021398148858852873
32.80000000000007 0.0022012089167416002
32.90000000000007 0.002165746679499505
33.00000000000007 0.002118094723921484
33.10000000000007 0.0020930082026236457
33.200000000000074 0.0020746163372976157
33.300000000000075 0.0019715224495426113
33.40000000000008 0.002037959559255786
33.50000000000008 0.002020295830525256
33.60000000000008 0.0020940994050419196
33.70000000000008 0.002036933385980281
33.80000000000008 0.0022408571781946654
33.900000000000084 0.0024206589687952107
34.000000000000085 0.002057140158374979
34.10000000000009 0.002123227282038728
34.20000000000009 0.0022608469576054914
34.30000000000009 0.00231466139728574
34.40000000000009 0.0022122704488323607
34.50000000000009 0.0020784466978864035
34.600000000000094 0.0021388472514870973
34.700000000000095 0.002091992175554213
34.8000000000001 0.0019350516933638647
34.9000000000001 0.002009627220643838
35.0000000000001 0.002127231255375113
35.1000000000001 0.002174441122653615
35.2000000000001 0.0020798226630300916
35.300000000000104 0.002322245965082721
35.400000000000105 0.002989469266887289
35.50000000000011 0.0023875283225141615
35.60000000000011 0.002374449244138588
35.70000000000011 0.0026112985336020525
35.80000000000011 0.0030798749650983092
35.90000000000011 0.0028580867160836673
36.000000000000114 0.0028638004242689877
36.100000000000115 0.002474282483769465
36.20000000000012 0.002342779191228449
36.30000000000012 0.002403344613359465
36.40000000000012 0.0021503673158660306
36.50000000000012 0.0021209639288338805
36.60000000000012 0.002300802555446017
36.700000000000124 0.0026630193877963254
36.800000000000125 0.002784580923422904
36.90000000000013 0.0026744145725744787
37.00000000000013 0.0034409855108234943
37.10000000000013 0.004642439191217773
37.20000000000013 0.003859252309151391
37.30000000000013 0.004386021446448238
37.400000000000134 0.006484274287712117
37.500000000000135 0.006918304627985803
37.600000000000136 0.007889206751837657
37.70000000000014 0.007691939699669035
37.80000000000014 0.005547036713050694
37.90000000000014 0.005458373157243389
38.00000000000014 0.004682882984853717
38.10000000000014 0.003832413366152564
38.200000000000145 0.004054450982458443
38.300000000000146 0.0037904812031355215
38.40000000000015 0.004732868398108447
38.50000000000015 0.005814881893621863
38.60000000000015 0.006815097239917334
38.70000000000015 0.0053797861276081126
38.80000000000015 0.006731942233611054
38.900000000000155 0.010307942657072527
39.000000000000156 0.010129452903291038
39.10000000000016 0.010971295741542967
39.20000000000016 0.016729379316277364
39.30000000000016 0.01895458414564954
39.40000000000016 0.023481997679573954
39.50000000000016 0.025989117340797594
39.600000000000165 0.016790672900746432
39.700000000000166 0.01351729727051686
39.80000000000017 0.01112669304339092
39.90000000000017 0.008029377376302403
40.00000000000017 0.007334352236659816
40.10000000000017 0.008443972662995321
40.20000000000017 0.010767302772370969
40.300000000000175 0.011123736405360815
40.400000000000176 0.011976583002308581
40.50000000000018 0.01579731002578785
40.60000000000018 0.014203918950653916
40.70000000000018 0.013387686652421201
40.80000000000018 0.015834262378729744
40.90000000000018 0.020523802533878952
41.000000000000185 0.021855878542848935
41.100000000000186 0.030907185979753084
41.20000000000019 0.031071289820771186
41.30000000000019 0.03995628042632332
41.40000000000019 0.04795987894698119
41.50000000000019 0.06519534246453586
41.60000000000019 0.04165357980227855
41.700000000000195 0.02703152025699163
41.800000000000196 0.026229033646746534
41.9000000000002 0.016965733598743114
42.0000000000002 0.009670459798442686
42.1000000000002 0.00822342214296154
42.2000000000002 0.012379379113973426
42.3000000000002 0.019586131562860053
42.400000000000205 0.022733714566509598
42.500000000000206 0.01995993267862824
42.60000000000021 0.02198832685215402
42.70000000000021 0.024142488563291296
42.80000000000021 0.022474142813788976
42.90000000000021 0.02589967994210615
43.00000000000021 0.0307205555615912
43.100000000000215 0.027255107488676596
43.200000000000216 0.03574000466027338
43.30000000000022 0.04577230512349012
43.40000000000022 0.039556340736069825
43.50000000000022 0.06530524241614057
43.60000000000022 0.060799668577169404
43.70000000000022 0.09199609702236902
43.800000000000225 0.08283545528171744
43.900000000000226 0.059283543300128166
44.00000000000023 0.05358851930047953
44.10000000000023 0.029512813526305214
44.20000000000023 0.017364244311907945
44.30000000000023 0.012920046504477693
44.40000000000023 0.008344256704697559
44.500000000000234 0.013994310062544693
44.600000000000236 0.022135290999184883
44.70000000000024 0.027728209312200162
44.80000000000024 0.03317063472050577
44.90000000000024 0.03874805114568406
45.00000000000024 0.032655042174339684
45.10000000000024 0.025910876246510485
45.200000000000244 0.02276405948682503
45.300000000000246 0.032981729802540646
45.40000000000025 0.04817567652283147
45.50000000000025 0.041322502181584155
45.60000000000025 0.04631982659816442
45.70000000000025 0.048540533129505806
45.80000000000025 0.046565926181024335
45.900000000000254 0.05582018870237471
46.000000000000256 0.08286615211581
46.10000000000026 0.08762710824934704
46.20000000000026 0.11265575115544016
46.30000000000026 0.10184740514404715
46.40000000000026 0.09804390116214226
46.50000000000026 0.07997234674054977
46.600000000000264 0.04871007606542217
46.700000000000266 0.034558875328589804
46.80000000000027 0.018172184170727985
46.90000000000027 0.013402439642000382
47.00000000000027 0.011106870760926969
47.10000000000027 0.016669043939067932
47.20000000000027 0.026954397307105065
47.300000000000274 0.030375708887709914
47.400000000000276 0.03389032622020471
47.50000000000028 0.040880225371588
47.60000000000028 0.04896296860271538
47.70000000000028 0.042315179470396626
47.80000000000028 0.03475056020046649
47.90000000000028 0.02349200999285233
48.000000000000284 0.03329088353847001
48.100000000000286 0.04868958786373632
48.20000000000029 0.07031932292859099
48.30000000000029 0.056068095227258814
48.40000000000029 0.05385192080261618
48.50000000000029 0.06776683803994427
48.60000000000029 0.05141970894876821
48.700000000000294 0.06402348436735217
48.800000000000296 0.10134557015762809
48.9000000000003 0.1054742538564124
49.0000000000003 0.11121671287636063
49.1000000000003 0.11739918767466603
49.2000000000003 0.13211360761452437
49.3000000000003 0.1084775867215269
49.400000000000304 0.09462009828904035
49.500000000000306 0.0633742326344011
49.60000000000031 0.0392708654034784
49.70000000000031 0.02690446000695355
49.80000000000031 0.018375804174204615
49.90000000000031 0.014821391826262287
50.00000000000031 0.014087617722061586
50.100000000000314 0.025582886822834418
50.200000000000315 0.030881938413806966
50.30000000000032 0.03352285705913736
50.40000000000032 0.03745259513671699
50.50000000000032 0.044581801651176485
50.60000000000032 0.04034033627240868
50.70000000000032 0.03820259009724902
50.800000000000324 0.04670380869182457
50.900000000000325 0.03346401449099299
51.00000000000033 0.03224866902365598
51.10000000000033 0.033695565810415495
51.20000000000033 0.05616043041293902
51.30000000000033 0.04248809985214179
51.40000000000033 0.04844457808817048
51.500000000000334 0.07845424473275807
51.600000000000335 0.06693276240222591
51.70000000000034 0.05174675322112705
51.80000000000034 0.05906381300244952
51.90000000000034 0.075105542848609
52.00000000000034 0.080685739616246
52.10000000000034 0.07323224713115845
52.200000000000344 0.08758933518680581
52.300000000000345 0.0994411003088945
52.40000000000035 0.11344173307364118
52.50000000000035 0.10218285011433663
52.60000000000035 0.10614204490221812
52.70000000000035 0.08614854619909082
52.80000000000035 0.05842690908099885
52.900000000000354 0.03867484272428439
53.000000000000355 0.026983401325355556
53.10000000000036 0.019509972499412425
53.20000000000036 0.013879481789827343
53.30000000000036 0.009889759219365668
53.40000000000036 0.01690048489398256
53.50000000000036 0.02311489505243502
53.600000000000364 0.025802493361966144
53.700000000000365 0.028798324325292782
53.80000000000037 0.03878841069560943
53.90000000000037 0.03979718208124234
54.00000000000037 0.036616625222669064
54.10000000000037 0.0336207893870314
54.20000000000037 0.032754958598017615
54.300000000000374 0.02473426613681128
54.400000000000375 0.024028881302153533
54.50000000000038 0.0408655994326876
54.60000000000038 0.051717417011956944
54.70000000000038 0.031212196767373454
54.80000000000038 0.02921019402815149
54.90000000000038 0.03021746508782405
55.000000000000384 0.051909573672795105
55.100000000000385 0.06392391655162519
55.20000000000039 0.053913872043589994
55.30000000000039 0.06270602957008321
55.40000000000039 0.0667014678269316
55.50000000000039 0.05694930066808622
55.60000000000039 0.050390769736228636
55.700000000000394 0.04001738598324077
55.800000000000395 0.042857240989159544
55.9000000000004 0.06940577512197535
56.0000000000004 0.07025481492602309
56.1000000000004 0.07128865196635409
56.2000000000004 0.0838868880240289
56.3000000000004 0.08089140176713058
56.400000000000404 0.07202416269597074
56.500000000000405 0.053976752370996965
56.600000000000406 0.03637876360817522
56.70000000000041 0.026279760092608177
56.80000000000041 0.01614447114619423
56.90000000000041 0.010678141317820973
57.00000000000041 0.00893537743724989
57.10000000000041 0.007543596900710203
57.200000000000415 0.006409223676071123
57.300000000000416 0.010109263832264953
57.40000000000042 0.012549604743098875
57.50000000000042 0.01491719301048953
57.60000000000042 0.018440558774130755
57.70000000000042 0.02251660495973694
57.80000000000042 0.023686091174607637
