string
20190118an 18 2019_16.56.   full spectra  index number  Nphoton via eV
eV x-axis E [J] Nphoton Nphoton/sr Nphoton/sr @ 0.1bw
43.81066890785845 1.8661911762463164e-09 265867481.98341426 14338291062594.664 4072074661776.971
43.65640598916881 1.8754141891574025e-09 268125545.2986681 14460068907746.47 4121119638707.5312
43.50322561727698 1.8717909243063657e-09 268549811.84242237 14482949694622.277 4142123612661.971
43.35111643679699 1.8928153478534637e-09 272519094.42404836 14697013966568.822 4218043008405.2163
43.20006725060606 1.897430069285362e-09 274138688.4595288 14784359024756.154 4257895399129.6187
43.05006701709701 1.9678669325618035e-09 285305977.6819074 15386613358592.398 4446731260633.158
42.90110484748767 1.9718102517496956e-09 286870320.24109834 15470978692660.154 4486583820871.483
42.75317000318599 1.9344764582168046e-09 282412621.40469164 15230574025985.738 4432097041561.702
42.606251893209404 1.9520328845975397e-09 285958344.32357967 15421795633303.256 4503164324924.45
42.46034007165731 1.966129605529328e-09 289013180.5869052 15586543616642.049 4566857279675.958
42.31542423523527 2.02324525612526e-09 298427476.37138516 16094258633537.77 4731712038260.104
42.17149422082971 1.97334462105519e-09 292060565.5521789 15750889749858.127 4646512476208.1455
42.02854000313198 1.989060159381918e-09 295387824.1751222 15930329530234.371 4715377540949.45
41.88655169231059 2.0057930063761353e-09 298882494.34471536 16118797851691.297 4787282961952.1875
41.745519531730416 2.008133033792776e-09 300242097.1402885 16192121525827.8 4825252214696.561
41.605433895717894 2.0373745705692833e-09 305639725.1878429 16483216779057.334 4928481816938.014
41.46628528737101 2.097103573477372e-09 315655763.7885502 17023383916759.73 5107015175027.994
41.32806433641311 2.1395853558022346e-09 323127206.9636608 17426320470350.947 5245322461575.517
41.19076179708947 2.1385530372143247e-09 324047873.82971776 17475972234450.611 5277743614803.929
41.05436854610573 2.1311853156093292e-09 324004329.3428608 17473623870814.455 5294508032856.773
40.91887558060703 2.1328514050899796e-09 325331325.8485101 17545189080651.709 5333737480518.132
40.78427401619714 2.1520728258234906e-09 329346613.7718387 17761734430670.855 5417329001354.574
40.65055508499649 2.1342040687473843e-09 327686415.77549446 17672199592053.0 5407693075168.274
40.51771013373833 2.1971214843225133e-09 338452832.08589154 18252834762657.164 5603620272135.297
40.38573062190204 2.185326329614523e-09 337735979.42269087 18214174742795.81 5609965820780.911
40.254608119882874 2.192343132166328e-09 339924055.8662269 18332178180751.355 5664643057852.3545
40.124334307197174 2.2646070217939584e-09 352268641.2268191 18997924351086.91 5889356548836.807
39.99490097072234 2.244851309666754e-09 350325644.25004476 18893138102016.895 5875765949727.022
39.86630000297082 2.3195811887488336e-09 363155496.96101665 19585054845981.883 6110537111946.293
39.73852340039719 2.3648645709924798e-09 371435598.4274451 20031602516903.426 6269891587790.906
39.61156326173778 2.3042759851591475e-09 363079297.4854148 19580945391708.48 6148416852996.387
39.485411786381924 2.2290565828431217e-09 352349286.29042846 19002273556887.36 5985716170419.381
39.36006127277436 2.2374363734680145e-09 354800238.450347 19134453939336.688 6046487444830.3
39.235504116847856 2.261570693784528e-09 359765824.4231619 19402249069615.156 6150512955068.138
39.11173281048556 2.1896579693212887e-09 349428399.9571318 18844749522375.402 5992630348115.334
38.98873994001234 2.1851168734690262e-09 349803737.86741596 18864991577418.508 6017932313196.193
38.86651818471449 2.1832547236437577e-09 350604710.5341606 18908188207345.91 6050620226350.47
38.74506031538725 2.123354787860749e-09 342054414.1770142 18447068867268.598 5921509106393.322
38.62435919290941 2.1670978956716863e-09 350191997.963759 18885930528763.09 6081269630261.6875
38.50440776684447 2.151892887105594e-09 348818232.3488382 18811843050702.32 6076225305376.77
38.38519907406786 2.1277754618859378e-09 345979983.5800013 18658775677994.54 6045443319670.196
38.266726237419505 2.3432246651659586e-09 382192002.96606237 20611697750480.465 6698801768906.152
38.14898246438129 2.343394274912899e-09 383399357.5195629 20676810643846.34 6740640269893.807
38.03196104577889 2.182506372370479e-09 358175417.4272915 19316478074814.824 6316488330464.221
37.91565535450739 2.139814885885287e-09 352246439.77214825 18996727021813.29 6230926463154.766
37.80005884428024 2.2012089167416e-09 363460954.1334512 19601528217651.297 6448902783607.423
37.68516504840097 2.165746679499505e-09 358695732.9955949 19344538806451.043 6383697806128.489
37.57096757855732 2.118094723921484e-09 351869783.2765151 18976413855175.85 6281192986063.32
37.45746012363721 2.0930082026236455e-09 348755912.80231696 18808482144019.62 6244416071814.048
37.34463644856601 2.0746163372976157e-09 346735678.8190205 18699530486408.27 6226943651974.015
37.23249039316491 1.971522449542611e-09 330497832.37382346 17823819899976.047 5953155846591.954
37.121015871029684 2.037959559255786e-09 342661004.57185996 18479782419043.297 6190727110379.299
37.01020686842959 2.020295830525256e-09 340708077.3974187 18374460632255.785 6173818772437.983
36.90005744322593 2.0940994050419196e-09 354208701.617308 19102552229420.586 6437560101314.626
36.79056172380983 2.036933385980281e-09 345564708.25418484 18636379789455.445 6299096368836.155
36.68171390805892 2.2408571781946654e-09 381288347.4517594 20562963412276.582 6970844596761.71
36.57350826231243 2.4206589687952106e-09 413100729.778884 22278612102360.88 7574728114802.27
36.465939120364446 2.057140158374979e-09 352099537.4921558 18988804549939.04 6475182351529.363
36.35900088247482 2.123227282038728e-09 364479847.0585119 19656477334452.465 6722515248382.859
36.25268801439741 2.2608469576054914e-09 389242206.8203769 20991916775987.67 7200227454163.278
36.146995046425396 2.3146613972857396e-09 399672478.7939908 21554423609482.37 7414721721661.669
36.041916572453225 2.2122704488323605e-09 383106319.5163301 20661007040670.02 7128047429030.888
35.937447249054806 2.078446697886403e-09 360977922.971398 19467617807647.742 6735795761446.049
35.83358179457777 2.1388472514870973e-09 372544815.5499973 20091422837298.08 6971723724542.724
35.73031498825334 2.091992175554213e-09 365436721.39510334 19708081775304.06 6858412457805.717
35.62764166932158 1.9350516933638645e-09 338995919.4108102 18282123580074.766 6380461129446.139
35.52555673617166 2.009627220643838e-09 353072251.3597459 19041263220138.5 6664442127048.279
35.42405514549688 2.1272312553751126e-09 374805025.1697838 20213316433119.61 7094874068024.908
35.323131911464124 2.174441122653615e-09 384217750.0301953 20720946729739.035 7293773248867.96
35.22278210489746 2.0798226630300914e-09 368545934.63522506 19875762320814.77 7016144099247.586
35.123000852475656 2.322245965082721e-09 412672546.1740314 22255520067529.062 7878454103905.636
35.02378333594324 2.989469266887289e-09 532745770.2186161 28731095125944.062 10199538769710.096
34.92512479133495 2.3875283225141616e-09 426677302.20020056 23010799602528.26 8191844658500.008
34.827020508213224 2.374449244138588e-09 425535252.2561033 22949208600934.812 8192867470532.95
34.7294658289185 2.6112985336020524e-09 469296587.45012593 25309266915019.297 9060717555577.113
34.63245614783214 3.079874965098309e-09 555058512.529565 29934426166176.406 10746458993657.162
34.535986910651545 2.8580867160836673e-09 516526378.2554425 27856379793736.57 10028296725745.21
34.44005361367751 2.8638004242689875e-09 519000653.9646108 27989818020263.934 10104324305315.143
34.34465180311331 2.4742824837694647e-09 449654700.5623507 24249975687997.215 8778491199054.717
34.24977707437542 2.3427791912284488e-09 426935810.130934 23024740991393.094 8357980979875.899
34.15542507141571 2.403344613359465e-09 439182805.45238566 23685224109716.547 8621421575936.787
34.06159148605468 2.1503673158660304e-09 394036714.5637571 21250485620186.293 7756427251367.883
33.96827205732576 2.1209639288338805e-09 389716507.7892649 21017495930280.83 7692403510482.741
33.87546257083034 2.300802555446017e-09 423919204.6393456 22862054801879.65 8390374112289.758
33.78315885810328 2.6630193877963252e-09 491997671.9389569 26533541333271.46 9764343210643.918
33.69135679598887 2.784580923422904e-09 515858175.1036287 27820343452593.324 10265706734005.564
33.600052306026825 2.6744145725744784e-09 496795612.1821128 26792295292928.69 9913149258383.6
33.509241353848374 3.440985510823494e-09 640925016.445898 34565225376726.773 12823698614765.766
33.41891994858194 4.6424391912177735e-09 867047297.057105 46760049094745.25 17394738263245.992
33.32908414226855 3.859252309151391e-09 722717827.6111157 38976329452207.11 14538170885672.445
33.23973002928659 4.3860214464482376e-09 823573261.0910805 44415484890441.945 16611391349025.188
33.150853745785824 6.484274287712117e-09 1220831242.4502785 65839694128720.74 24689885298270.086
33.062451469130394 6.918304627985803e-09 1306031356.3224452 70434554779417.19 26483392597060.543
32.97451941735079 7.889206751837657e-09 1493288903.421743 80533394975845.4 30361089905893.543
32.8870538486045 7.691939699669034e-09 1459821906.106115 78728512539969.02 29759377740108.285
32.80005106064523 5.547036713050694e-09 1055541943.5321097 56925606329262.95 21574804798790.695
32.71350739030052 5.458373157243389e-09 1041418018.9995716 56163900010826.13 21342282004114.38
32.627419212957626 4.682882984853717e-09 895817531.8493105 48311634107370.32 18406732594907.71
32.54178294205747 3.832413366152564e-09 735055238.5968581 39641688706948.4 15143125086052.738
32.45659502859658 4.0544509824584424e-09 779683013.1046741 42048474281458.13 16104565649799.297
32.3718519606368 3.7904812031355215e-09 730829007.1923634 39413767129162.875 15134886577597.895
32.28755026282264 4.732868398108447e-09 914909860.4983916 49341287539189.09 18996395702587.715
32.20368649590622 5.814881893621863e-09 1127000952.0076082 60779406180686.805 23460850785746.242
32.12025725627952 6.815097239917334e-09 1324286698.065849 71419069325578.9 27639179828997.645
32.03725917551394 5.379786127608112e-09 1048090129.418113 56523728375201.984 21931206609578.12
31.954688919906943 6.731942233611054e-09 1314906164.6758087 70913175121950.12 27585225122438.836
31.872543190035717 1.0307942657072526e-08 2018572026.4152563 108862027915693.08 42456190887120.49
31.790818720317677 1.0129452903291037e-08 1988718216.1648724 107252005443203.64 41935534128292.15
31.709512278577733 1.0971295741542967e-08 2159520517.6682034 116463410669769.06 45653656982548.2
31.628620665622176 1.6729379316277363e-08 3301327051.4207916 178041285090448.47 69970225040546.52
31.548140714819066 1.8954584145649542e-08 3749984444.8677874 202237475789051.44 79681565460879.95
31.468069291685 2.3481997679573952e-08 4657511306.414596 251180596590838.47 99216335653383.33
31.388403293478206 2.598911734079759e-08 5167866436.719702 278704159641920.97 110366847218198.69
31.309139648797704 1.6790672900746432e-08 3347232983.2619095 180517001967620.56 71665249781146.14
31.230275317188642 1.351729727051686e-08 2701487900.9886947 145691829393676.0 57985348098680.92
31.151807288753492 1.112669304339092e-08 2229317034.0520325 120227551961515.8 47970793232646.41
31.07373258376915 8.029377376302404e-09 1612788510.6525111 86978034754874.06 34791213901949.52
30.996048252309727 7.334352236659815e-09 1476877281.6612535 79648312648907.1 31938973372210.42
30.918751373875036 8.443972662995322e-09 1704566097.7311337 91927619964538.81 36954903225744.44
30.8418390570246 1.0767302772370968e-08 2178991989.728539 117513511388125.02 47357945089415.79
30.765308439017097 1.1123736405360815e-08 2256723702.662728 121705599553739.73 49169062219710.93
30.689156685455174 1.197658300230858e-08 2435773767.753511 131361808462388.16 53201532427264.98
30.61338098993553 1.5797310025787847e-08 3220778213.2385273 173697268748189.7 70521091111760.3
30.537978573704155 1.4203918950653915e-08 2903065765.0288935 156562967393789.97 63721127729273.51
30.462946685316677 1.3387686652421201e-08 2742979761.7498045 147929494458554.28 60355233739088.305
30.388282600303643 1.5834262378729744e-08 3252225534.978215 175393229641484.78 71735830923366.7
30.313983620840798 2.0523802533878953e-08 4225749908.604473 227895610607556.56 93437200349101.5
30.240047075424116 2.1855878542848935e-08 4511020289.913964 243280304246051.3 99988205045125.39
30.166470318549603 3.090718597975308e-08 6394755477.043951 344870552126030.56 142086667475925.97
30.093250730397784 3.1071289820771184e-08 6444350500.840023 347545222533781.9 143536176906450.38
30.02038571652273 3.9956280426323316e-08 8307259161.684868 448012291326678.3 185477088609245.5
29.94787270754562 4.795987894698119e-08 9995420622.051777 539055205634286.7 223707910338228.66
29.87570915885274 6.519534246453585e-08 13620320368.924978 734546836486066.0 305571483978195.56
29.803892550297803 4.165357980227855e-08 8723049108.339502 470435933479375.9 196171784260901.62
29.7324203859086 2.703152025699163e-08 5674520657.725369 306028131850468.9 127919759113496.03
29.661290193597814 2.622903364674653e-08 5519264753.409271 297655147201637.56 124717506677477.1
29.590499524878005 1.6965733598743115e-08 3578568390.422997 192992970733016.4 81057047707863.33
29.520045954580674 9.670459798442686e-09 2044650436.0069993 110268442210463.05 46423014170606.484
29.449927080579297 8.223422142961538e-09 1742839266.2860482 93991700259481.94 39664497509500.0
29.38014052351631 1.2379379113973424e-08 2629868113.7355466 141829358707844.62 59993818733420.06
29.310683926534004 1.9586131562860053e-08 4170726294.0707073 224928175121969.94 95369546251711.16
29.241554955009157 2.2733714566509596e-08 4852425928.962546 261692384529698.34 111219263425125.78
29.17275129629149 1.995993267862824e-08 4270420658.9350743 230304713877525.53 98109808111824.3
29.104270659445735 2.198832685215402e-08 4715464051.774075 254306000738204.2 108588662315210.4
29.036110774997383 2.4142488563291295e-08 5189584222.744315 279875404560378.06 119786673151842.03
28.96826939468197 2.2474142813788974e-08 4842276232.007676 261145009167918.9 112031208933035.44
28.90074429119786 2.5899679942106146e-08 5593380251.036968 301652212090156.94 129710451198771.19
28.833533257962518 3.0720555561591197e-08 6649977504.394849 358634731507587.9 154571569279754.94
28.76663410887211 2.7255107488676597e-08 5913543890.70181 318918706732252.94 137772881308331.97
28.700044678064536 3.574000466027338e-08 7772504941.694039 419172880068186.75 181501857069528.97
28.633762819685636 4.577230512349012e-08 9977307007.371521 538078334459430.5 233525997155386.28
28.56778640765871 3.955634073606982e-08 8642283206.023659 466080210821236.4 202744891707242.88
28.502113335457196 6.530524241614057e-08 14300787655.393803 771244585075615.8 336262639092971.44
28.43674151588046 6.07996685771694e-08 13344747365.392836 719685124537841.4 314502399423024.3
28.371668880832676 9.199609702236902e-08 20238275089.733257 1091454572317938.4 478057102675251.1
28.306893381104747 8.283545528171744e-08 18264720440.35591 985020341325843.4 432423929842043.06
28.242412986159177 5.9283543300128165e-08 13101509268.669275 706567241138503.6 310889586100951.1
28.17822568391791 5.358851930047953e-08 11869900786.72114 640146328142327.6 282304530710761.1
28.114329480553014 2.9512813526305213e-08 6551969370.347247 353349131546311.06 156180316143465.56
28.050722400280268 1.7364244311907943e-08 3863676996.4858575 208368939797314.97 92307440330215.19
27.987402485155485 1.2920046504477693e-08 2881313130.0937705 155389843066018.22 68993090321304.59
27.924367794873596 8.344256704697558e-09 1865062034.8844876 100583200722670.98 44759524321587.75
27.86161640657051 1.3994310062544692e-08 3134975551.3385906 169069912551453.16 75405180997948.39
27.799146414627526 2.2135290999184882e-08 4969843919.33401 268024762259277.22 119807068729901.3
27.736955930478473 2.772820931220016e-08 6239531794.90493 336499305226209.25 150751688741338.34
27.675043082419368 3.317063472050577e-08 7480910363.58877 403447121122575.4 181147757384037.9
27.61340601542066 3.874805114568406e-08 8758280709.403563 472335981378762.2 212551191620439.4
27.552042890941948 3.265504217433968e-08 7397507565.515156 398949190103358.5 179926084736616.75
27.490951886749173 2.5910876246510483e-08 5882762254.24361 317258646390807.44 143400908168644.6
27.43013119673424 2.276405948682503e-08 5179773886.897571 279346331016885.44 126543887950643.8
27.369579030737032 3.298172980254064e-08 7521323814.713199 405626627321464.94 184154488803948.6
27.30929361436977 4.8175676522831474e-08 11010481972.299515 593797684773387.9 270177946571893.38
27.249273188843684 4.132250218158415e-08 9465000977.418804 510449558966523.0 232764998888716.5
27.18951601079797 4.631982659816442e-08 10632965941.63827 573438163225152.8 262061240593895.0
27.130020352131016 4.85405331295058e-08 11167176935.1995 602248278164281.0 275829711399231.97
27.070784499833785 4.656592618102433e-08 10736343021.778622 579013311615605.4 265767110031563.56
27.011806755825432 5.58201887023747e-08 12898126768.611454 695598778725905.4 319975438213928.44
26.95308543679103 8.286615211580999e-08 19189234926.137115 1034879608393122.1 477079499469217.25
26.89461887402142 8.762710824934703e-08 20335837391.865616 1096716128467170.0 506682851351844.5
26.83640541325514 1.1265575115544015e-07 26201007922.22276 1413026049367010.0 654231060856923.5
26.778443414522407 1.0184740514404715e-07 23738518679.611897 1280223469541676.5 594023689867329.9
26.720731251991108 9.804390116214226e-08 22901357127.264694 1235075165151760.2 574309951795555.9
26.66326731381478 7.997234674054977e-08 18720413980.26726 1009595992931859.1 470471732706235.4
26.60605000198256 4.871007606542217e-08 11426872449.675095 616253713678330.2 287790484287788.1
26.549077732171035 3.4558875328589804e-08 8124546642.990094 438158565499505.25 205058208653767.2
26.49234893359802 1.8172184170727985e-08 4281299773.9794803 230891426915338.38 108288079223282.19
26.43586204887819 1.3402439642000381e-08 3164312435.5422764 170652057089942.9 80206466832276.84
26.37961553388058 1.1106870760926967e-08 2627920553.477749 141724326360037.66 66752157715577.625
26.323607857587838 1.6669043939067933e-08 3952339599.8205767 213150533256946.44 100607051697273.08
26.267837501957352 2.6954397307105065e-08 6404633452.592362 345403273493328.7 163375748362350.16
26.212302961784083 3.037570888770991e-08 7232862648.469 390069853958249.1 184893110776212.8
26.15700274456513 3.38903262202047e-08 8086800814.644498 436122924776614.4 207158389268882.28
26.101935370366043 4.0880225371588e-08 9775287657.268778 527183387020051.5 250939292221553.9
26.047099371688805 4.8962968602715376e-08 11732683327.726477 632746160768500.9 301819918686560.8
25.992493293341447 4.2315179470396623e-08 10161018017.157215 547985909128057.3 261937264563216.62
25.938115692309353 3.475056020046649e-08 8362042334.305769 450966759727668.56 216013077909559.28
25.883965137628124 2.349200999285233e-08 5664718662.336439 305499508109678.1 146639763892636.4
25.830040210258062 3.329088353847001e-08 8044317698.074719 433831801070626.06 208673096314964.62
25.776339502960226 4.8689587863736316e-08 11789729205.599962 635822657355331.8 306466520845264.7
25.722861620174 7.031932292859098e-08 17062567164.556076 920187953996335.5 444450781780235.06
25.66960517789621 5.606809522725881e-08 13632816474.41437 735220754169865.1 355846845018214.25
25.616568803561712 5.385192080261618e-08 13121068877.998814 707622095118935.4 343196716132667.5
25.5637511359255 6.776683803994427e-08 16545565530.557228 892305943557108.6 433660688568767.9
25.51115082494623 5.141970894876821e-08 12580228763.72584 678454470259658.1 330407327016455.1
25.458766531671188 6.402348436735217e-08 15696069846.185022 846492456747516.1 413088318892788.8
25.40659692812268 1.0134557015762808e-07 24897013083.978394 1342701324449973.5 656580947656039.9
25.354640697185825 1.054742538564124e-07 25964381168.21219 1400264717116486.0 686129711387076.4
25.30289653249769 1.1121671287636063e-07 27433978261.194874 1479520407608350.2 726444520135666.8
25.251363138337815 1.1739918767466603e-07 29018117788.616993 1564953396473669.5 769957071065033.0
25.200039229520055 1.3211360761452435e-07 32721658661.55115 1764686160338558.5 869990277046928.1
25.148923531285735 1.0847758672152689e-07 26922140690.440727 1451916896221793.5 717246946733527.2
25.09801477919811 9.462009828904034e-08 23530599876.78891 1269010363335449.2 628160129851043.6
25.047311719038113 6.33742326344011e-08 15792124816.611048 851672722170360.1 422429670196495.4
24.996813106701342 3.9270865403478395e-08 9805614234.48414 528818905917670.0 262822996241078.12
24.94651770809631 2.690446000695355e-08 6731367844.5349245 363024130233246.2 180786016856160.2
24.896424299043908 1.8375804174204613e-08 4606789327.481963 248445149247743.53 123974129474622.42
24.846531665178087 1.4821391826262286e-08 3723164195.7200713 200791053925864.53 100395526962933.4
24.796838601847732 1.4087617722061586e-08 3545930488.3202114 191232801582088.03 95807633592623.19
24.74734391401969 2.5582886822834415e-08 6452231344.886378 347970238165300.94 174681059558989.47
24.698046416183 3.0881938413806966e-08 7804245540.79225 420884657473140.94 211704982708985.7
24.648944932254206 3.352285705913736e-08 8488513926.647447 457787400178379.75 230724849689895.94
24.60003829548386 3.7452595136716985e-08 9502439375.82542 512468619926016.06 258796653062632.12
24.551325348364088 4.4581801651176485e-08 11333698326.162216 611228812955371.1 309281779355416.3
24.50280494253728 4.0340336272408685e-08 10275730041.30385 554172353511264.9 280965383230195.28
24.454475938705844 3.820259009724902e-08 9750422241.295362 525842389734638.6 267127933985207.2
24.40633720654304 4.6703808691824566e-08 11943693946.499886 644126009280625.8 327860138723841.3
24.35838762460484 3.346401449099299e-08 8574690971.522017 462434946930272.25 235841822934430.9
24.31062608024287 3.224866902365598e-08 8279509834.373545 446515764076287.5 228169555442983.53
24.263051469518324 3.369556581041549e-08 8667948228.602732 467464331064605.5 239341737505068.72
24.21566269711692 5.616043041293902e-08 14475149030.882889 780647931935435.2 400472389082892.5
24.16845867626484 4.2488099852141785e-08 10972543958.195316 591751679430783.6 304160363227425.06
24.12143832864565 4.844457808817048e-08 12535190896.068472 676025568272501.1 348153167660325.2
24.07460058431818 7.845424473275806e-08 20339783697.94738 1096928953611487.4 566015340063534.6
24.027944381635393 6.693276240222591e-08 17386457613.610443 937655436278451.2 484767860555949.06
23.981468667164144 5.174675322112705e-08 13467789012.934427 726320787320334.6 376234167831920.0
23.93517239560591 5.9063813002449515e-08 15401885675.261145 830627040498612.9 431095434018768.3
23.889054529718422 7.5105542848609e-08 19622846316.769592 1058264364891221.1 550297469743445.1
23.843114040238195 8.0685739616246e-08 21121403981.24642 1139081905295396.2 593461672658882.0
23.797349905803955 7.323224713115845e-08 19207141647.215435 1035845321751078.6 540711257954073.2
23.75176111288096 8.758933518680581e-08 23016770544.731117 1241299435829080.2 649199604938594.5
23.706346655686158 9.94411003088945e-08 26181243216.95491 1411960134518068.5 739867110487481.1
23.66110553611424 1.1344173307364118e-07 29924492577.002846 1613834385719600.5 847263052502778.0
23.616036763664496 1.0218285011433663e-07 27005981798.34764 1456438465385542.2 766086632792828.9
23.571139355368558 1.0614204490221812e-07 28105793414.110332 1515751544755706.5 798801064086250.6
23.526412335718902 8.614854619909081e-08 22854999879.657375 1232575108717269.2 650799657402722.0
23.481854736598223 5.842690908099885e-08 15529929689.101027 837532481982327.9 443054682968636.7
23.437465597209567 3.867484272428439e-08 10299280434.671251 555442431341849.1 294384488611169.5
23.393243964007283 2.6983401325355555e-08 7199381993.849678 388264234981017.5 206168308774905.9
23.349188890628735 1.9509972499412424e-08 5215234410.303476 281258724747900.44 149629641565891.84
23.305299437826804 1.3879481789827342e-08 3717128193.1954184 200465530998399.38 106848128022147.58
23.261574673403114 9.889759219365667e-09 2653600757.2285433 143109265327295.75 76420347684770.81
23.218013672142057 1.690048489398256e-08 4543212781.046671 245016452286598.6 131083801973329.2
23.17461551574553 2.311489505243502e-08 6225415794.7842 335738026273022.8 179955582082346.4
23.131379292768393 2.5802493361966143e-08 6962242081.64966 375475227997853.94 201630197434851.16
23.088304098554673 2.879832432529278e-08 7785099351.994714 419852099351814.94 225880429451273.1
23.04538903517446 3.8788410695609424e-08 10505262679.103802 566551098533366.2 305371042109486.75
23.00263321136152 3.979718208124234e-08 10798507704.64777 582365866467903.4 314477567892670.06
22.96003574245159 3.661662522266906e-08 9953933386.293848 536817789996834.75 290418424388273.9
22.917595750321365 3.36207893870314e-08 9156464720.179642 493810131584671.6 267645091318897.44
22.875312363328153 3.275495859801761e-08 8937148959.647375 481982384973214.56 261716435040441.97
22.833184716250198 2.4734266136811276e-08 6761164682.517429 364631080178951.8 198359307617337.66
22.791211950227677 2.402888130215353e-08 6580442627.400209 354884700484940.8 193412161764292.28
22.749393212704323 4.0865599432687595e-08 11211843607.181608 604657161488029.9 330142810172482.44
22.707727657369702 5.171741701195694e-08 14215172171.812077 766627323446244.4 419345145925072.25
22.666214444102113 3.1212196767373454e-08 8594771156.162443 463517875650314.25 254007795856374.0
22.624852738912146 2.9210194028151488e-08 8058192825.854108 434580089726114.9 238584469259638.88
22.583641713886806 3.0217465087824047e-08 8351279688.859091 450386327920564.0 247712480356317.53
22.542580547134285 5.19095736727951e-08 14372516198.902443 775112921009932.9 427087219476482.44
22.501668422729324 6.392391655162519e-08 17731179646.836803 956246370420586.5 527847996472140.4
22.46090453065916 5.391387204358999e-08 14981740023.013739 807968494197027.9 446806577290953.8
22.420288066770084 6.270602957008321e-08 17456496651.430283 941432656803929.4 521553691869363.3
22.37981823271454 6.670146782693161e-08 18602349988.40278 1003228776201419.0 556791970791799.94
22.33949423589884 5.694930066808622e-08 15911240262.040714 858096644019996.9 477101734075096.44
22.299315289431394 5.039076973622863e-08 14104199399.240421 760642537712821.1 423677893506035.8
22.259280612071553 4.001738598324077e-08 11220870924.235706 605144006657925.6 337670355715106.25
22.21938942817895 4.285724098915954e-08 12038740780.815525 649251905704020.9 362931815288549.9
22.179640967663424 6.940577512197535e-08 19531251477.667423 1053324635319628.2 589861795778993.1
22.140034465935454 7.025481492602309e-08 19805544026.385323 1068117292061544.1 599213800846531.0
22.100569163857138 7.128865196635408e-08 20132880648.86849 1085770627225349.9 610203092500652.4
22.06124430769369 8.388688802402889e-08 23733022684.463078 1279927069329305.5 720598940032431.6
22.022059149065463 8.089140176713057e-08 22926270459.634605 1236418746578845.8 697340173070444.9
21.98301294490045 7.202416269597074e-08 20449372094.428207 1102839079641579.1 623104079997480.5
21.944104957387353 5.3976752370996965e-08 15352455731.404236 827961272887843.9 468626080454528.44
21.905334453929072 3.637876360817522e-08 10365422794.067366 559009503153389.44 316958388287955.94
21.866700707096744 2.6279760092608177e-08 7501137222.991318 404537960044403.4 229777561305218.03
21.82820299458425 1.614447114619423e-08 4616308391.669807 248958514447393.4 141657394720558.84
21.789840599163185 1.0678141317820973e-08 3058655648.8044767 164953963627427.72 94023759267636.78
21.75161280863834 8.93537743724989e-09 2563955085.3188634 138274654765846.8 78954827871302.6
21.713518915803597 7.543596900710203e-09 2168389206.666745 116941700994167.06 66890652968659.164
21.675558218398344 6.409223676071123e-09 1845542761.6273792 99530522075388.34 57030989149196.08
21.637730019064314 1.0109263832264953e-08 2916062366.6849055 157263876944586.88 90269465366192.36
21.600033625302878 1.2549604743098874e-08 3626307225.3876314 195567536473834.6 112451333472460.23
21.562468349432788 1.491719301048953e-08 4317949998.401718 232867981480624.56 134131957332834.5
21.525033508548354 1.8440558774130755e-08 5347111192.32535 288370868252332.2 166389990981604.6
21.48772842447808 2.2516604959736936e-08 6540355829.148638 352722810746449.25 203873784611449.2
