string
integrated and resized binned spectra ROIsize spatial in px50:1600
converted file:an 18 2019_15.03.14_61 binning:0.1
nm muJ
28.1 0.0001371695190892366
28.200000000000003 0.0011367234460665015
28.300000000000004 0.0011400094711945606
28.400000000000006 0.0011579558487061481
28.500000000000007 0.0011760588740894597
28.60000000000001 0.0011935289410340225
28.70000000000001 0.0012156828152511464
28.80000000000001 0.0011719124793552207
28.900000000000013 0.0011660839624508506
29.000000000000014 0.001170326020919977
29.100000000000016 0.0011759529366863275
29.200000000000017 0.001178988399876819
29.30000000000002 0.0012196747982757207
29.40000000000002 0.0012217860872269144
29.50000000000002 0.001236968167194527
29.600000000000023 0.0012909959336854626
29.700000000000024 0.0012978338925612632
29.800000000000026 0.0013289337629884459
29.900000000000027 0.001256956394912324
30.00000000000003 0.0012440067792784991
30.10000000000003 0.0012622859379365367
30.20000000000003 0.0012723126704029897
30.300000000000033 0.00127498037453362
30.400000000000034 0.001287134221603454
30.500000000000036 0.0013104927860723846
30.600000000000037 0.0013756274580802703
30.70000000000004 0.0014443953649409887
30.80000000000004 0.001440300300673475
30.90000000000004 0.0014915564120106793
31.000000000000043 0.0015238345978304398
31.100000000000044 0.0013661246017175656
31.200000000000045 0.0013187444169300445
31.300000000000047 0.001325244601149131
31.40000000000005 0.0013225325617595297
31.50000000000005 0.001308330796613297
31.60000000000005 0.001352726305467872
31.700000000000053 0.001399223149067327
31.800000000000054 0.001413967836141546
31.900000000000055 0.0015294242895941862
32.00000000000006 0.0014418461868044095
32.10000000000006 0.0015018555496473394
32.20000000000006 0.0014856094040841628
32.30000000000006 0.0015605824508083046
32.40000000000006 0.00132570421181331
32.500000000000064 0.0012652606053816541
32.600000000000065 0.0012492135340842422
32.70000000000007 0.0012604316474657637
32.80000000000007 0.0012744961654556266
32.90000000000007 0.0013091299601512188
33.00000000000007 0.001445785945694464
33.10000000000007 0.0014769128546729363
33.200000000000074 0.0015856499170484788
33.300000000000075 0.0015044708936711902
33.40000000000008 0.001669303770971144
33.50000000000008 0.0014538114749540062
33.60000000000008 0.0016121172742899017
33.70000000000008 0.0017771209535412404
33.80000000000008 0.00126621682824857
33.900000000000084 0.00123626122115628
34.000000000000085 0.0011494321044275447
34.10000000000009 0.0012483247946089605
34.20000000000009 0.0012765852885822501
34.30000000000009 0.001411107556451514
34.40000000000009 0.0016647794982930558
34.50000000000009 0.0017543670042731152
34.600000000000094 0.001976346531268318
34.700000000000095 0.0017662201388982204
34.8000000000001 0.0020937678401109125
34.9000000000001 0.0018039890531688179
35.0000000000001 0.001820267093654919
35.1000000000001 0.0016859257564409127
35.2000000000001 0.0022565394077074604
35.300000000000104 0.001917321780039368
35.400000000000105 0.0013623622707635624
35.50000000000011 0.0013668581325898207
35.60000000000011 0.0014973403798319942
35.70000000000011 0.001442109176077869
35.80000000000011 0.001858410743501929
35.90000000000011 0.0021330117254811033
36.000000000000114 0.003012125583037057
36.100000000000115 0.0028033896157119054
36.20000000000012 0.0031822589899177856
36.30000000000012 0.002597242876594418
36.40000000000012 0.0032640427467794256
36.50000000000012 0.0025534858116058076
36.60000000000012 0.002495214708920341
36.700000000000124 0.001812587566206785
36.800000000000125 0.0026390771810479922
36.90000000000013 0.004237816565016329
37.00000000000013 0.0026036990074843245
37.10000000000013 0.0021042709130826127
37.20000000000013 0.002288031944796808
37.30000000000013 0.002906809747482772
37.400000000000134 0.0030858344246108794
37.500000000000135 0.004494963874266605
37.600000000000136 0.005751642367550749
37.70000000000014 0.008753775198851526
37.80000000000014 0.0062763562708235176
37.90000000000014 0.007512020272094894
38.00000000000014 0.005752702786644488
38.10000000000014 0.0072450191354848596
38.200000000000145 0.005474002341530855
38.300000000000146 0.004981347845916072
38.40000000000015 0.0035807377154291977
38.50000000000015 0.002898553898023146
38.60000000000015 0.004414096094020811
38.70000000000015 0.00909197745925422
38.80000000000015 0.007726330467820125
38.900000000000155 0.005320938625870723
39.000000000000156 0.004071945172283563
39.10000000000016 0.0067635956898046395
39.20000000000016 0.007069637333654504
39.30000000000016 0.010518692264978275
39.40000000000016 0.014728574387999918
39.50000000000016 0.02201515516190982
39.600000000000165 0.015071375464310434
39.700000000000166 0.016057574611370813
39.80000000000017 0.014117814544587996
39.90000000000017 0.015357094010382046
40.00000000000017 0.012976317335461202
40.10000000000017 0.011144568348625171
40.20000000000017 0.010012778544949582
40.300000000000175 0.007509082107114505
40.400000000000176 0.005993590101289097
40.50000000000018 0.006419067002184122
40.60000000000018 0.007954537663779552
40.70000000000018 0.01779007610149234
40.80000000000018 0.020956588579263764
40.90000000000018 0.016605049051316344
41.000000000000185 0.007160589541189361
41.100000000000186 0.015053731984477337
41.20000000000019 0.015056220802249592
41.30000000000019 0.02223785998955807
41.40000000000019 0.03306974704145339
41.50000000000019 0.041081164505205305
41.60000000000019 0.03384191429558906
41.700000000000195 0.02352419295744818
41.800000000000196 0.03466461476436474
41.9000000000002 0.022862316851331613
42.0000000000002 0.024253665413193723
42.1000000000002 0.02054458916098584
42.2000000000002 0.020098583277863395
42.3000000000002 0.017177010279434413
42.400000000000205 0.013113137462704039
42.500000000000206 0.010592136216874406
42.60000000000021 0.010671842481691559
42.70000000000021 0.010895018968815603
42.80000000000021 0.009569181145212389
42.90000000000021 0.022472741865481476
43.00000000000021 0.036137265041893504
43.100000000000215 0.04215961630529099
43.200000000000216 0.02018792497927657
43.30000000000022 0.018634177702966076
43.40000000000022 0.02750379861946266
43.50000000000022 0.031036991506489232
43.60000000000022 0.05266718087343187
43.70000000000022 0.05161086228291853
43.800000000000225 0.056500843267817985
43.900000000000226 0.041534217999659014
44.00000000000023 0.048864433996014964
44.10000000000023 0.04342076596507883
44.20000000000023 0.030998161392652317
44.30000000000023 0.032751490219726266
44.40000000000023 0.02776605431697094
44.500000000000234 0.03308776062313407
44.600000000000236 0.030690431853759907
44.70000000000024 0.022358342846113967
44.80000000000024 0.01829356217294931
44.90000000000024 0.01774490800280757
45.00000000000024 0.015519501433194338
45.10000000000024 0.014334177945634656
45.200000000000244 0.015216085004957495
45.300000000000246 0.015283716721356503
45.40000000000025 0.029955891905538372
45.50000000000025 0.05403768507292266
45.60000000000025 0.07502549733457303
45.70000000000025 0.048594370708989094
45.80000000000025 0.03014611409538932
45.900000000000254 0.03863576383254271
46.000000000000256 0.052533828420923905
46.10000000000026 0.07319326268184773
46.20000000000026 0.06202117943926225
46.30000000000026 0.06213680175476801
46.40000000000026 0.0756569054715139
46.50000000000026 0.056893735521727565
46.600000000000264 0.06234779138849692
46.700000000000266 0.04080656175318338
46.80000000000027 0.03868557593996257
46.90000000000027 0.03701674881258666
47.00000000000027 0.04108800438145869
47.10000000000027 0.04536089883336274
47.20000000000027 0.04309693453608005
47.300000000000274 0.03386697216610208
47.400000000000276 0.02515410926387627
47.50000000000028 0.02534066096931161
47.60000000000028 0.021494485174869474
47.70000000000028 0.0185433979841189
47.80000000000028 0.020774284409760212
47.90000000000028 0.020959303661807482
48.000000000000284 0.01722442735737002
48.100000000000286 0.01783262816562458
48.20000000000029 0.0281006481371486
48.30000000000029 0.05922323208139996
48.40000000000029 0.10781831094914986
48.50000000000029 0.09867647899089212
48.60000000000029 0.06608442367815003
48.700000000000294 0.07471477380218158
48.800000000000296 0.06968021185195751
48.9000000000003 0.06852050584023298
49.0000000000003 0.08591695635333282
49.1000000000003 0.08052940252212588
49.2000000000003 0.09717371603283119
49.3000000000003 0.07507744090772189
49.400000000000304 0.07092176760206455
49.500000000000306 0.05673329603900878
49.60000000000031 0.049412430990123754
49.70000000000031 0.04528636647048789
49.80000000000031 0.049658543144591845
49.90000000000031 0.04676838903536576
50.00000000000031 0.05841151492125692
50.100000000000314 0.05118221103308222
50.200000000000315 0.04688959751531165
50.30000000000032 0.036279262727314375
50.40000000000032 0.03447381714436351
50.50000000000032 0.02581378985767631
50.60000000000032 0.022039710311875297
50.70000000000032 0.02341220993842696
50.800000000000324 0.02181056381343147
50.900000000000325 0.022138260419926427
51.00000000000033 0.018021106876566627
51.10000000000033 0.019909840521590814
51.20000000000033 0.017991039277489018
51.30000000000033 0.016140158350978307
51.40000000000033 0.02782604194605555
51.500000000000334 0.054051848222526566
51.600000000000335 0.10827422651695247
51.70000000000034 0.1334815447442721
51.80000000000034 0.12904722304374672
51.90000000000034 0.08937904257125039
52.00000000000034 0.03798705088692677
52.10000000000034 0.057415638929977274
52.200000000000344 0.10438350743489641
52.300000000000345 0.07378645435108856
52.40000000000035 0.07420485953180897
52.50000000000035 0.06914809537285681
52.60000000000035 0.05993914234474857
52.70000000000035 0.055828494312799126
52.80000000000035 0.05286981522879009
52.900000000000354 0.04134770079534799
53.000000000000355 0.04695092878675401
53.10000000000036 0.04116591045732431
53.20000000000036 0.046358285419525844
53.30000000000036 0.05335005933258209
53.40000000000036 0.04950681305423726
53.50000000000036 0.04759993787768915
53.600000000000364 0.04088187154405066
53.700000000000365 0.03581874279180264
53.80000000000037 0.026118719227660334
53.90000000000037 0.02465909922084376
54.00000000000037 0.023049420686655928
54.10000000000037 0.023427563160277682
54.20000000000037 0.020253109808281804
54.300000000000374 0.018842314409889767
54.400000000000375 0.017056592452503978
54.50000000000038 0.016977588289023217
54.60000000000038 0.015038710534345018
54.70000000000038 0.017078024742200278
54.80000000000038 0.016368742832801153
54.90000000000038 0.015801252727838517
55.000000000000384 0.015240593692708165
55.100000000000385 0.03461078159776803
55.20000000000039 0.07932730616336693
55.30000000000039 0.11264027370113655
55.40000000000039 0.10340132840714251
55.50000000000039 0.11855128994459535
55.60000000000039 0.07000683666459569
55.700000000000394 0.04712937622228558
55.800000000000395 0.05572708979212069
55.9000000000004 0.04889485529535628
56.0000000000004 0.04929518830701135
56.1000000000004 0.056292862097281036
56.2000000000004 0.047566917885786125
56.3000000000004 0.04412442979214357
56.400000000000404 0.045866217038602296
56.500000000000405 0.042192500247222556
56.600000000000406 0.03147073164770961
56.70000000000041 0.03393429260422314
56.80000000000041 0.02832428694637798
56.90000000000041 0.02637211536155138
57.00000000000041 0.03074385842951974
57.10000000000041 0.025854113762036505
57.200000000000415 0.02940433425901941
57.300000000000416 0.02575239148923033
57.40000000000042 0.026343500345623532
57.50000000000042 0.026036567905060117
57.60000000000042 0.017821552887678383
57.70000000000042 0.017048880142070656
57.80000000000042 0.013070721619094557
