string
20190118an 18 2019_11.33   full spectra  index number  Nphoton via eV
eV x-axis E [J] Nphoton Nphoton/sr Nphoton/sr @ 0.1bw
43.81066890785845 1.166117005273339e-09 166131206.61821285 8959492064624.092 2544495746353.2964
43.65640598916881 1.1682807475462862e-09 167027590.12318268 9007834221784.809 2567232753208.5376
43.50322561727698 1.1713687570597114e-09 168058758.71155265 9063445367775.11 2592145375183.681
43.35111643679699 1.17636226511102e-09 169367381.53894973 9134019681152.574 2621463648490.7666
43.20006725060606 1.179135758472756e-09 170360286.56655523 9187567264998.16 2646019372319.3745
43.05006701709701 1.1827591700812064e-09 171479207.1550102 9247910895417.008 2672646248775.488
42.90110484748767 1.1901417841408515e-09 173148686.31291512 9337946269094.145 2708004418037.325
42.75317000318599 1.20588103540239e-09 176045577.01576602 9494176214043.154 2762805278286.466
42.606251893209404 1.2070473019511452e-09 176823480.13176933 9536128698087.256 2784549579841.4165
42.46034007165731 1.2044608121948111e-09 177050917.3178293 9548394434941.79 2797679569437.8447
42.31542423523527 1.234936328323042e-09 182152376.64591527 9823517244788.268 2888114069967.75
42.17149422082971 1.2159153420624597e-09 179958897.53734055 9705222439933.467 2863040619780.3716
42.02854000313198 1.2183787514166968e-09 180936834.2654925 9757962780137.686 2888356982920.8013
41.88655169231059 1.2267421444332696e-09 182796405.65126416 9858249868960.87 2927900211081.3003
41.745519531730416 1.2304537491074028e-09 183968894.41551796 9921482442738.137 2956601767935.8887
41.605433895717894 1.235232872751009e-09 185305265.52371612 9993553226927.469 2988072414851.2344
41.46628528737101 1.2414100360068343e-09 186856881.10327235 10077232192218.611 3023169657665.628
41.32806433641311 1.2535012444871095e-09 189307874.51792186 10209414799544.541 3073033854662.8374
41.19076179708947 1.2924839627002099e-09 195845823.21959808 10562007793383.459 3189726353601.7104
41.05436854610573 1.2799338399726097e-09 194588477.3070471 10494198855163.46 3179742253114.525
40.91887558060703 1.2762966119043243e-09 194678010.8243303 10499027417201.54 3191704334829.275
40.78427401619714 1.2785797534892733e-09 195669917.4842246 10552521158859.564 3218518953452.1455
40.65055508499649 1.2763130376495307e-09 195965536.21059203 10568463940995.193 3233949965944.5625
40.51771013373833 1.3117488064851094e-09 202066704.87183866 10897501292364.07 3345532896755.4995
40.38573062190204 1.3278023968958344e-09 205208090.39742553 11066916896219.29 3408610404035.421
40.254608119882874 1.3148358490455168e-09 203866050.0029598 10994540366189.904 3397312973152.7915
40.124334307197174 1.3405867544626005e-09 208533608.6554704 11246262818338.469 3486341473684.845
39.99490097072234 1.3347215475775331e-09 208293165.80389857 11233295683117.426 3493554957449.3813
39.86630000297082 1.3169880858009266e-09 206188714.20006207 11119802150934.223 3469378271091.4463
39.73852340039719 1.3159867425905972e-09 206694425.23365414 11147075256840.648 3489034555391.1973
39.61156326173778 1.3325554956250426e-09 209967606.4533795 11323598631113.133 3555609970169.48
39.485411786381924 1.299990915721177e-09 205490912.55196476 11082169556456.19 3490883410283.619
39.36006127277436 1.2788487851810176e-09 202792740.52422482 10936656552827.186 3455983470693.3374
39.235504116847856 1.298756925174206e-09 206603471.29308274 11142170091066.055 3532067918868.016
39.11173281048556 1.2654749114124842e-09 201946093.7170112 10890996706581.67 3463336952692.946
38.98873994001234 1.2584009727886977e-09 201450718.43166038 10864281009823.316 3465705642133.4595
38.86651818471449 1.2795947364631295e-09 205487677.32880193 11081995080168.172 3546238425653.685
38.74506031538725 1.2394234391585117e-09 199660584.6664697 10767738706963.264 3456444124935.2676
38.62435919290941 1.2477269247333102e-09 201626325.03046432 10873751511847.03 3501347986814.728
38.50440776684447 1.2350993755846174e-09 200207539.8585763 10797236119298.598 3487507266533.4014
38.38519907406786 1.2175013063702114e-09 197967825.80302945 10676447853709.133 3459169104601.7393
38.266726237419505 1.2427506999177616e-09 202699035.32933557 10931603011309.525 3552770978675.5967
38.14898246438129 1.2063598034086898e-09 197370787.5434274 10644249450663.312 3470025320916.188
38.03196104577889 1.2187272790258483e-09 200007733.04546928 10786460494460.068 3527172581688.316
37.91565535450739 1.164521068398079e-09 191698077.75833553 10338318979567.377 3390968625298.1035
37.80005884428024 1.1828638786063189e-09 195313053.0493469 10533275382358.457 3465447600796.011
37.68516504840097 1.1646685127913111e-09 192894963.130735 10402867267722.06 3432946198348.0894
37.57096757855732 1.1675762913237061e-09 193964326.49916705 10460538266498.857 3462438166211.184
37.45746012363721 1.1269480682809715e-09 187782256.0568391 10127137864500.5 3362209771013.915
37.34463644856601 1.1442579888678223e-09 191242623.21725595 10313756217220.281 3434480820334.387
37.23249039316491 1.116376377263507e-09 187144697.68504474 10092754203001.227 3370979903802.3843
37.121015871029684 1.1337195110057685e-09 190622755.38275087 10280326610240.258 3443909414430.372
37.01020686842959 1.1070583900956653e-09 186697279.65439188 10068624851407.361 3383057950072.895
36.90005744322593 1.1197742412179999e-09 189405421.31446442 10214675519473.947 3442345650062.6606
36.79056172380983 1.105946696937291e-09 187623292.1028445 10118564903926.94 3420074937527.422
36.68171390805892 1.0774302835155324e-09 183327887.3342058 9886912791585.346 3351663436347.4077
36.57350826231243 1.0724793241162652e-09 183025365.0664804 9870597699964.498 3356003217987.7393
36.465939120364446 1.049224355281196e-09 179584948.8990793 9685055308632.373 3302603860243.7163
36.35900088247482 1.065317020421762e-09 182875657.23972785 9862523924343.98 3372983182125.6997
36.25268801439741 1.0771175315354785e-09 185443602.70357832 10001013781090.938 3430347726913.9565
36.146995046425396 1.1055792387301392e-09 190900317.15420717 10295295576874.688 3541581678444.765
36.041916572453225 1.107921936806292e-09 191862570.7563417 10347190122685.656 3569780592326.417
35.937447249054806 1.074579190927514e-09 186629450.1580237 10064966791932.389 3482478510008.5703
35.83358179457777 1.1018556242879698e-09 191921419.36628857 10350363841004.844 3591576252828.83
35.73031498825334 1.100848851390078e-09 192300238.8366869 10370793657341.271 3609036192754.712
35.62764166932158 1.0579827597971437e-09 185344835.80371135 9995687260724.184 3488494853992.7646
35.52555673617166 1.0821093989909519e-09 190116255.29080606 10253010950245.445 3588553832585.8003
35.42405514549688 1.074408537951151e-09 189304156.7962489 10209214302007.05 3583434220004.437
35.323131911464124 1.0751818154657928e-09 189981661.82007697 10245752295128.838 3606504807885.262
35.22278210489746 1.0450896068844384e-09 185190561.0960316 9987367192223.113 3525540618854.7446
35.123000852475656 1.0315287500653564e-09 183306851.27319118 9885778312244.78 3499565522534.806
35.02378333594324 1.0134693562600278e-09 180607815.16442665 9740218708538.4 3457777641531.1167
34.92512479133495 9.785728679616463e-10 174881624.3857194 9431403995838.139 3357579822518.3555
34.827020508213224 9.951933783236998e-10 178352881.7615196 9618609660239.424 3433843648705.1484
34.7294658289185 9.624727735680039e-10 172973400.91026005 9328493089248.521 3339600525951.0464
34.63245614783214 9.677561651010382e-10 174410098.9746356 9405974527980.348 3376744855544.892
34.535986910651545 9.49676671112691e-10 171629869.9696848 9256036173743.633 3332173022547.7227
34.44005361367751 9.507797337381375e-10 172307853.37017715 9292599965822.852 3354628587662.0034
34.34465180311331 9.72750249211918e-10 176779217.77345893 9533741619487.66 3451214466254.425
34.24977707437542 9.720293234438332e-10 177137533.161165 9553065646190.018 3467762829567.062
34.15542507141571 9.694326692284487e-10 177152355.51417968 9553865018908.229 3477606866882.5806
34.06159148605468 9.299238809717175e-10 170400725.5639029 9189748148910.418 3354258074352.2534
33.96827205732576 8.835185977083221e-10 162342120.85590068 8755145846290.574 3204383379742.3325
33.87546257083034 9.10002710291609e-10 167666549.33225486 9042293430742.803 3318521689082.5796
33.78315885810328 9.298496189044004e-10 171791407.0963125 9264747906076.312 3409427229436.0903
33.69135679598887 8.986031076291127e-10 166470923.98887432 8977813096226.85 3312813032507.2646
33.600052306026825 9.24874018865338e-10 171803339.35708123 9265391415491.832 3428194823731.972
33.509241353848374 8.69390688621958e-10 161934492.2116766 8733162344950.985 3240003229976.849
33.41891994858194 8.362903703561502e-10 156190156.79168886 8423369087804.576 3133493300663.439
33.32908414226855 9.038424399468338e-10 169261554.40838298 9128312401010.357 3404860525576.6743
33.23973002928659 1.0501604861271095e-09 197191032.18910927 10634555205353.41 3977323646802.1514
33.150853745785824 8.820793807036891e-10 166074107.6800154 8956412706482.463 3358654764930.8975
33.062451469130394 8.870660316539917e-10 167459531.60000247 9031128919468.203 3395704473720.0034
32.97451941735079 8.904440019230162e-10 168545481.06251118 9089694409901.854 3426814792532.979
32.8870538486045 1.0616068710828788e-09 201478044.1071632 10865754689439.637 4107255272608.1826
32.80005106064523 1.0697500727006562e-09 203562033.0717193 10978144667040.977 4160716828808.537
32.71350739030052 1.229759326546871e-09 234629162.35383788 12653601698503.225 4808368645431.326
32.627419212957626 1.0180485504387413e-09 194748778.20063445 10502843917179.705 4001583532445.385
32.54178294205747 8.865427231120321e-10 170038513.75188044 9170213987198.186 3503021743109.348
32.45659502859658 8.879340937568528e-10 170752373.78722143 9208712613988.926 3526936931157.941
32.3718519606368 8.691836910625235e-10 167584172.025851 9037850804712.123 3470534709009.306
32.28755026282264 1.0349021007369063e-09 200056721.8376732 10789102470666.352 4153804451206.5264
32.20368649590622 9.320176216619343e-10 180637331.26772466 9741810518401.582 3760338860103.1924
32.12025725627952 9.788825102800958e-10 190213146.1515231 10258236295413.28 3969937446324.7393
32.03725917551394 8.973243341536377e-10 174816759.47799256 9427905817272.646 3658027457101.7456
31.954688919906943 8.601061667708686e-10 167998901.6120896 9060217261397.22 3524424514683.5493
31.872543190035717 9.247310774682061e-10 181087181.70385012 9766071050151.021 3808767709558.916
31.790818720317677 8.011982596372856e-10 157299470.06146646 8483194593439.981 3316929086034.995
31.709512278577733 7.867045899404938e-10 154849959.689567 8351091966931.75 3273628051037.155
31.628620665622176 8.529185932686075e-10 168312474.20385394 9077128299394.15 3567311421661.9155
31.548140714819066 1.0486140435314697e-09 207458328.9032729 11188272747699.879 4408179462593.402
31.468069291685 1.2859931569644379e-09 255068914.9306798 13755921995471.553 5433589188211.38
31.388403293478206 1.9078618269214676e-09 379373218.87298846 20459680111965.25 8102033324338.092
31.309139648797704 2.721438934737926e-09 542520851.7928418 29258267398860.83 11615532157347.875
31.230275317188642 2.812096042602143e-09 562009052.8065599 30309270313307.035 12063089584695.758
31.151807288753492 1.9500143806046575e-09 390700117.13053906 21070542195743.094 8407146336101.775
31.07373258376915 1.4575656614296471e-09 292768049.3898894 15789044506925.438 6315617802770.156
30.996048252309727 1.4298836428879265e-09 287927631.433467 15527999714963.537 6226727885700.121
30.918751373875036 1.4025210359720373e-09 283123821.53362346 15268929203445.973 6138109539785.253
30.8418390570246 1.8401646959489252e-09 372396338.8995534 20083415459283.355 8093616430091.433
30.765308439017097 1.5601544563542577e-09 316515729.3526619 17069762046458.236 6896183866769.139
30.689156685455174 1.5046013238039276e-09 306002841.9410095 16502799744442.066 6683633896498.757
30.61338098993553 1.6466274054905616e-09 335716755.84438556 18105277576545.137 7350742696076.834
30.537978573704155 1.2618892693297692e-09 257911042.00013235 13909198525774.09 5661043799990.143
30.462946685316677 1.2815852952026327e-09 262581775.251007 14161092184702.102 5777725611358.281
30.388282600303643 1.5559326513187499e-09 319575599.9422271 17234781532104.836 7049025646630.821
30.313983620840798 1.510311826974037e-09 310965770.3178832 16770451549994.068 6875885135497.812
30.240047075424116 1.1630924802582876e-09 240060529.58270037 12946516513110.477 5321018286888.315
30.166470318549603 1.127006312439147e-09 233179746.41413534 12575434381992.078 5181078965380.786
30.093250730397784 1.6469641224045626e-09 341589104.5497629 18421974617983.26 7608275517227.006
30.02038571652273 1.883488356316394e-09 391593655.28999776 21118730902802.246 8743154593760.162
29.94787270754562 3.948786497262181e-09 822975012.727767 44383221226240.07 18419036808889.605
29.87570915885274 4.425685935992572e-09 924594580.2532504 49863586579556.46 20743252017094.953
29.803892550297803 6.749325322401069e-09 1413436648.5409083 76226945522364.19 31786636282826.168
29.7324203859086 4.7502284628257534e-09 997179192.4743062 53778090485513.6 22479241822944.69
29.661290193597814 4.886331291104404e-09 1028210052.7107526 55451591519463.37 23234216846653.465
29.590499524878005 2.4684376348718798e-09 520665542.8408607 28079605839054.188 11793434452402.24
29.520045954580674 2.2313957581267193e-09 471789801.6072297 25443726496158.168 10711808854882.943
29.449927080579297 2.7618392605310207e-09 585333189.3637166 31567146064960.938 13321335639413.053
29.38014052351631 4.043245317295163e-09 858944688.4264747 46323073651018.305 19594660154381.324
29.310683926534004 2.9177151580667772e-09 621306524.4304328 33507195840250.855 14207051036265.752
29.241554955009157 2.436368357902039e-09 520033668.84019434 28045528736924.766 11919349713193.453
29.17275129629149 2.6329044528292096e-09 563308992.5399853 30379376345540.22 12941614323199.924
29.104270659445735 2.1700112871007226e-09 465365568.0611753 25097266185366.344 10716532661151.154
29.036110774997383 2.369010211426767e-09 509234082.66345197 27463104708222.504 11754208815119.254
28.96826939468197 2.0602320039028845e-09 443897351.1728151 23939480584645.83 10270037170812.896
28.90074429119786 2.5857296780575505e-09 558422704.3769082 30115857763368.215 12949818838248.703
28.833533257962518 2.8497139766223705e-09 616868200.8534871 33267836085528.414 14338437352861.314
28.76663410887211 3.596091694913667e-09 780244439.7511643 42078752142472.27 18178020925547.85
28.700044678064536 2.6472833709856907e-09 575714057.0807453 31048384171201.223 13443950346130.434
28.633762819685636 2.6532019534212365e-09 578336842.997586 31189831585491.93 13536386908103.117
28.56778640765871 3.27999701949333e-09 716614899.9097556 38647197235422.76 16811530797409.32
28.502113335457196 5.27607317801346e-09 1155374352.5258062 62309589834703.12 27166981167930.8
28.43674151588046 5.374323076272751e-09 1179594977.920514 63615813424126.734 27800110466342.29
28.371668880832676 1.308982566170565e-08 2879638388.9398475 155299523911752.66 68021191473346.83
28.306893381104747 1.4049033305764716e-08 3097727475.6848736 167061115739371.2 73339829809583.58
28.242412986159177 1.1816205245682618e-08 2611350704.242987 140830710791037.2 61965512748058.26
28.17822568391791 9.353337092415387e-09 2071771804.1285 111731103485323.7 49273416637026.82
28.114329480553014 5.101798611754504e-09 1132620860.024131 61082489040932.73 26998460156091.586
28.050722400280268 4.650766443023343e-09 1034831058.5341705 55808663801921.82 24723238064252.613
27.987402485155485 3.899021398827663e-09 869524854.0371165 46893664280922.04 20820786940727.12
27.924367794873596 6.169463128815576e-09 1378964222.265098 74367840084237.55 33093688837485.09
27.86161640657051 6.1259907755805465e-09 1372331413.5058246 74010131266884.23 33008518545030.49
27.799146414627526 3.6544874106664674e-09 820510199.6107593 44250293319363.66 19779881113756.277
27.736955930478473 4.369734273675168e-09 983298114.5264804 53029480936148.305 23757207459393.906
27.675043082419368 3.433998017068714e-09 774463062.6121745 41766961217372.836 18753365586600.562
27.61340601542066 3.259005426766146e-09 736637934.4801382 39727043839771.51 17877169727896.88
27.552042890941948 3.3748353486832915e-09 764518076.2887026 41230625944417.72 18595012300932.6
27.490951886749173 3.467133555520949e-09 787172236.73927 42452369739092.164 19188471122069.61
27.43013119673424 4.605981139618824e-09 1048052999.701058 56521725961494.84 25604341860556.09
27.369579030737032 4.54536847940906e-09 1036549277.2969289 55901327713077.3 25379202781737.574
27.30929361436977 3.850349593887649e-09 879991893.221452 47458153978078.57 21593460060025.9
27.249273188843684 5.883351785601353e-09 1347593380.3939044 72676003766865.47 33140257717688.094
27.18951601079797 5.456910651305335e-09 1252663262.435272 67556401881960.16 30873275660055.812
27.130020352131016 6.066470975653492e-09 1395645049.3988342 75267440715439.44 34472487847670.17
27.070784499833785 5.309579860141808e-09 1224188486.1991558 66020751013452.82 30303524715174.926
27.011806755825432 8.576298684152819e-09 1981687812.333976 106872854237260.9 49161512949141.86
26.95308543679103 8.729091541051195e-09 2021387309.4878447 109013856743412.92 50255387958712.086
26.89461887402142 2.0972427308980514e-08 4867122514.810679 262484974597294.8 121268058263953.06
26.83640541325514 1.5392883822614172e-08 3580013153.7509413 193070887133164.66 89391820742654.95
26.778443414522407 1.5677709414693616e-08 3654149040.5952115 197069051616563.34 91440039950084.16
26.720731251991108 1.6041335798501872e-08 3746978196.148311 202075348142508.0 93965036886264.16
26.66326731381478 8.659265609697472e-09 2027013631.4060814 109317285506771.69 50941855046154.42
26.60605000198256 7.466622178924608e-09 1751591172.9206443 94463692485621.58 44114544390786.49
26.549077732171035 7.573170854835096e-09 1780398790.7714012 96017293574715.72 44936093392966.68
26.49234893359802 7.502406770858077e-09 1767539449.8871655 95323786527160.36 44706855881233.46
26.43586204887819 1.1474747152824532e-08 2709184751.4536986 146106922211380.5 68670253439351.99
26.37961553388058 9.992202472116406e-09 2364186530.6798935 127501093214810.31 60053014904175.555
26.323607857587838 6.412815028751377e-09 1520520485.5843594 82002000117887.23 38704944055640.61
26.267837501957352 5.984507078881234e-09 1421978529.0682533 76687610994911.98 36273240000594.63
26.212302961784083 5.240425339757417e-09 1247815379.128737 67294954482044.85 31897808424489.73
26.15700274456513 4.611282684958686e-09 1100329466.6148164 59341007179121.63 28186978410081.477
26.101935370366043 5.313017574847092e-09 1270449823.8493295 68515635003118.54 32613442261485.645
26.047099371688805 4.728163802836614e-09 1132979682.4701617 61101840413400.69 29145577877190.77
25.992493293341447 4.725517334183795e-09 1134724403.2516026 61195933584181.23 29251656253239.21
25.938115692309353 6.454793636000524e-09 1553219785.0070713 83765480439617.69 40123665130577.99
25.883965137628124 6.931573387938252e-09 1671436932.8957086 90140956907713.27 43267659315699.68
25.830040210258062 7.258140391469004e-09 1753837116.9613132 94584816735662.12 45495296849852.06
25.776339502960226 6.973845971885322e-09 1688651704.347836 91069353272004.42 43895428277105.38
25.722861620174 7.2308541546057145e-09 1754523927.873398 94621856597359.3 45702356736525.06
25.66960517789621 1.009811354664529e-08 2455330935.7347927 132416530780378.02 64089600897702.87
25.616568803561712 1.0985270777847206e-08 2676571092.9404473 144348060522502.6 70008809353410.46
25.5637511359255 1.2120507023483032e-08 2959274019.874022 159594290788729.34 77562825323324.81
25.51115082494623 1.3781070495905753e-08 3371645289.168449 181833562928689.47 88552945146272.2
25.458766531671188 2.0458433745384622e-08 5015612758.103096 270493085677291.38 132000625810518.48
25.40659692812268 2.2245823994113964e-08 5465010164.5675955 294729185438694.8 144122571679522.38
25.354640697185825 2.7119926290565762e-08 6676056741.019161 360041190404404.0 176420183298157.5
25.30289653249769 3.659630484297347e-08 9027260431.78708 486842116242263.06 239039479074940.22
25.251363138337815 2.96082421288191e-08 7318410583.801416 394683472695860.44 194184268566360.22
25.200039229520055 1.7848587626475458e-08 4420705803.511095 238409624373685.9 117535944816229.69
25.148923531285735 1.3481048719484392e-08 3345748197.8498063 180436927167778.88 89135842020877.95
25.09801477919811 1.640038991614325e-08 4078531093.4811163 219956067924932.88 108878253622841.12
25.047311719038113 9.282639494147837e-09 2313126256.926254 124747401558524.48 61874711173027.664
24.996813106701342 1.2545261352607588e-08 3132449260.554284 168933669140623.4 83960033562888.6
24.94651770809631 1.3825289435193292e-08 3459021616.5422406 186545787246307.0 92899802048662.73
24.896424299043908 1.0943599986226303e-08 2743545759.567351 147960018843816.56 73832049403063.5
24.846531665178087 1.0082755903099566e-08 2532809078.43541 136594943848208.55 68297471924105.05
24.796838601847732 7.88662594812199e-09 1985106918.086544 107057247353291.42 53635680923997.37
24.74734391401969 8.573439481201018e-09 2162297606.8798 116613179694268.06 58539816206525.38
24.698046416183 7.211625188231994e-09 1822466354.3776085 98286006419100.52 49437861228806.58
24.648944932254206 8.019414039699594e-09 2030641589.9890418 109512942101318.17 55194522819062.57
24.60003829548386 7.265959436452997e-09 1843512814.0002508 99421046558854.86 50207628512220.55
24.551325348364088 6.376806007950666e-09 1621127744.994675 87427771474630.52 44238452366162.836
24.50280494253728 6.719846036991758e-09 1711719092.497536 92313382526266.06 46802884940814.23
24.454475938705844 6.758746317564635e-09 1725030429.8817914 93031265843262.89 47259883048379.45
24.40633720654304 8.311093777473643e-09 2125418958.7364645 114624306188078.45 58343771849732.44
24.35838762460484 7.373387569966853e-09 1889328605.2916524 101891902136597.88 51964870089663.164
24.31062608024287 7.515667257569669e-09 1929569276.9609022 104062090301933.58 53175728144288.2
24.263051469518324 8.289728370515319e-09 2132474544.2498345 115004815447627.67 58882465509183.08
24.21566269711692 9.541598434069956e-09 2459312692.4144855 132631267783143.28 68039840372754.914
24.16845867626484 9.920101301123883e-09 2561864333.192707 138161900049471.06 71015216625428.66
24.12143832864565 1.1921225189311601e-08 3084655483.86169 166356140380480.34 85673412295944.2
24.07460058431818 1.3981428379378318e-08 3624778111.0326247 195485071004471.75 100870296638308.69
24.027944381635393 1.7028864046021768e-08 4423418551.962322 238555923487000.28 123333412442776.55
23.981468667164144 1.856338008487052e-08 4831369521.515649 260556807901620.75 134968426493034.77
23.93517239560591 3.029462696868134e-08 7899835066.980222 426039821387109.75 221114667299903.9
23.889054529718422 2.641454629404589e-08 6901335944.006934 372190546763033.56 193539084316781.03
23.843114040238195 3.2158855366149957e-08 8418342311.708364 454003029740058.7 236535578494562.8
23.797349905803955 2.8062085264867964e-08 7360042436.404065 396928687551165.9 207196774901712.47
23.75176111288096 2.38180219579631e-08 6258912058.946479 337544487076297.25 176535766740899.53
23.706346655686158 1.7901962720346297e-08 4713299014.052882 254189239783549.75 133195161646582.45
23.66110553611424 1.6403683261063016e-08 4327083910.667465 233360575353442.22 122514302060555.4
23.616036763664496 1.459654903668306e-08 3857732850.104213 208048370691597.84 109433442983785.27
23.571139355368558 1.0712091103817443e-08 2836499144.842935 152973015105683.5 80616778960694.53
23.526412335718902 1.160424060119434e-08 3078576821.6087537 166028316804601.12 87662951272829.9
23.481854736598223 1.4745089818490606e-08 3919259323.1858807 211366506751407.06 111812882071490.61
23.437465597209567 1.4666700817084763e-08 3905806827.5408344 210641010738739.4 111639735691527.89
23.393243964007283 1.0648380755404456e-08 2841071062.53048 153219579619813.62 81359596778115.36
23.349188890628735 9.927006871026464e-09 2653600246.061621 143109237759952.6 76134114488299.27
23.305299437826804 8.523159696306654e-09 2282626807.1095243 123102559603958.02 65613664268910.055
23.261574673403114 7.84829799842567e-09 2105839894.5443103 113568403002679.33 60645527203426.695
23.218013672142057 8.483614535087292e-09 2280577523.488994 122992041293099.66 65800742091807.79
23.17461551574553 7.297301860190703e-09 1965344776.8932726 105991470785448.9 56811428341002.56
23.131379292768393 7.961000817890525e-09 2148103058.445717 115847664613478.02 62210195897438.805
23.088304098554673 6.6163870874677104e-09 1788619026.7658012 96460612687725.1 51895809625995.33
23.04538903517446 6.9655959292490125e-09 1886527796.3435602 101740853901556.58 54838320252939.42
23.00263321136152 6.688940575802866e-09 1814967104.864012 97881570263633.88 52856047942362.664
22.96003574245159 7.78279299258318e-09 2115689322.442715 114099584789010.67 61727875370851.86
22.917595750321365 7.226432147800894e-09 1968084992.068455 106139251185153.28 57527474142354.24
22.875312363328153 6.998794101653675e-09 1909612104.5979865 102985795660741.97 55921287043780.0
22.833184716250198 7.787102113458253e-09 2128621059.4424515 114796996174802.9 62449565919088.96
22.791211950227677 7.749058575980425e-09 2122122737.8168743 114446540277786.92 62373364451393.73
22.749393212704323 7.186689635905984e-09 1971732737.7970536 106335974904762.75 58059442298003.65
22.707727657369702 7.4456234363208985e-09 2046521755.8972545 110369362898685.38 60372041505577.52
22.666214444102113 7.245608284128115e-09 1995192634.2580354 107601172217523.53 58965442375203.31
22.624852738912146 9.13346885226551e-09 2519642735.3257627 135884880103941.06 74600799177064.2
22.583641713886806 1.2675865492939837e-08 3503262028.1756806 188931682256847.75 103912425241269.34
22.542580547134285 1.2355217640515136e-08 3420863496.1749506 184487911525116.5 101652839250341.44
22.501668422729324 1.364265643759699e-08 3784192289.903689 204082312303430.0 112653436391488.38
22.46090453065916 1.920532624796669e-08 5336830652.2589655 287816436493123.4 159162489380696.3
22.420288066770084 2.1985765060053075e-08 6120534768.048146 330081769715934.25 182865300422622.8
22.37981823271454 2.5039236428276454e-08 6983184248.504567 376604643605986.94 209015577201327.4
22.33949423589884 2.7888849176947655e-08 7791951344.099669 420221628774618.1 233643225598677.0
22.299315289431394 3.269305587598401e-08 9150671471.36415 493497700417479.3 274878219132532.38
22.259280612071553 3.1833965123747475e-08 8926240554.787575 481394092329294.3 268617903519733.3
22.21938942817895 1.711071642221608e-08 4806456851.32197 259213262185843.16 144900213561887.22
22.179640967663424 1.593842296846204e-08 4485179318.397947 241886695038288.22 135456549221441.72
22.140034465935454 1.1833242451479205e-08 3335910920.7595744 179906400677172.03 100927490779894.31
22.100569163857138 1.3954644350713066e-08 3940980527.2080464 212537936003214.72 119446320033807.78
22.06124430769369 1.349851535029627e-08 3818958821.352261 205957278897417.53 115953948019251.33
22.022059149065463 1.1454303226830164e-08 3246382779.4820147 175078128568246.62 98744064512487.67
21.98301294490045 1.1559756866664003e-08 3282089796.522662 177003815754533.56 100007155901309.6
21.944104957387353 9.329274990582064e-09 2653499423.503059 143103800377465.8 80996751013647.17
21.905334453929072 7.82697234452762e-09 2230143894.4524646 120272144722545.02 68194306057679.61
21.866700707096744 8.489653320252709e-09 2423235764.193736 130685631206550.92 74229438525319.92
21.82820299458425 7.375356298835716e-09 2108890335.6178403 113732913952477.6 64714028038956.086
21.789840599163185 5.812229714471778e-09 1664859896.4174516 89786255901591.6 51178165863908.83
21.75161280863834 6.7805420714506835e-09 1945637489.5636413 104928652498389.39 59914260576583.43
21.713518915803597 5.312646819278304e-09 1527107847.0100825 82357257950668.83 47108351547779.48
21.675558218398344 5.433556275931128e-09 1564598297.977771 84379126116088.88 48349239264517.7
21.637730019064314 5.6628212447596934e-09 1633466115.3469756 88093182468218.72 50565486736757.266
21.600033625302878 4.801749707573321e-09 1387503432.620172 74828361553814.67 43026307893445.484
21.562468349432788 4.669894026279861e-09 1351753569.7990942 72900363685280.97 41990609482720.195
21.525033508548354 4.7135229748117045e-09 1366755300.7805421 73709410296209.36 42530329740915.086
21.48772842447808 4.4502738696929525e-09 1292662668.1509368 69713578522004.44 40294448385718.87
