string
integrated and resized binned spectra ROIsize spatial in px50:1600
converted file:an 18 2019_14.45.42_50 binning:0.1
nm muJ
28.1 0.0002445698616718568
28.200000000000003 0.002012380697002313
28.300000000000004 0.002013926577949415
28.400000000000006 0.002024720509120804
28.500000000000007 0.00202985561223806
28.60000000000001 0.002059440214109374
28.70000000000001 0.0020635491216154777
28.80000000000001 0.002085608461971285
28.900000000000013 0.0021149579783719934
29.000000000000014 0.0021159413839030544
29.100000000000016 0.0021122661019113563
29.200000000000017 0.0021262137758710554
29.30000000000002 0.0021873377697715275
29.40000000000002 0.0021604101183991652
29.50000000000002 0.002176879610279634
29.600000000000023 0.0022017620555115493
29.700000000000024 0.0022274312643340835
29.800000000000026 0.002253329019348674
29.900000000000027 0.0022757310426856072
30.00000000000003 0.002326641144850539
30.10000000000003 0.002360615338511678
30.20000000000003 0.0023380728784554708
30.300000000000033 0.002327416380312408
30.400000000000034 0.0023339496886143176
30.500000000000036 0.002333387487554246
30.600000000000037 0.0024028162482419052
30.70000000000004 0.0024318673879059004
30.80000000000004 0.002459429025030099
30.90000000000004 0.0025259768280151648
31.000000000000043 0.002523330347210566
31.100000000000044 0.002525989527014614
31.200000000000045 0.002602101595202137
31.300000000000047 0.0025613121378789674
31.40000000000005 0.002464161072560242
31.50000000000005 0.002431732054373056
31.60000000000005 0.0024600711687012456
31.700000000000053 0.002431812651813792
31.800000000000054 0.002419110446273624
31.900000000000055 0.002447159503186116
32.00000000000006 0.0024100658954058917
32.10000000000006 0.002488417047665578
32.20000000000006 0.0024848692332214233
32.30000000000006 0.0024412207669995667
32.40000000000006 0.002602286467620159
32.500000000000064 0.002675816212971979
32.600000000000065 0.0025095951539830037
32.70000000000007 0.0023726519036411024
32.80000000000007 0.0023738976078649995
32.90000000000007 0.002328635706310308
33.00000000000007 0.002357772829292716
33.10000000000007 0.002325838286183925
33.200000000000074 0.002340747211865671
33.300000000000075 0.0022786872566023532
33.40000000000008 0.002393890412220701
33.50000000000008 0.0023822593586101505
33.60000000000008 0.0024513853145610573
33.70000000000008 0.0024205719365901187
33.80000000000008 0.002696937030702567
33.900000000000084 0.00294721915380786
34.000000000000085 0.0024402011305634454
34.10000000000009 0.0023316066047160263
34.20000000000009 0.0023131167000244803
34.30000000000009 0.0023043758139214363
34.40000000000009 0.0023769656748040776
34.50000000000009 0.0022702188417264265
34.600000000000094 0.0024030586478053784
34.700000000000095 0.002365535869233997
34.8000000000001 0.0023381553631926133
34.9000000000001 0.002465303822192194
35.0000000000001 0.002595195737318489
35.1000000000001 0.0026632004279207
35.2000000000001 0.0025636580396183736
35.300000000000104 0.0032029381190261594
35.400000000000105 0.003947242771767185
35.50000000000011 0.003113133453009656
35.60000000000011 0.0026663252061888782
35.70000000000011 0.002418716380608791
35.80000000000011 0.0023265314974836907
35.90000000000011 0.002343034713820356
36.000000000000114 0.0023045644961466718
36.100000000000115 0.0023950430588495146
36.20000000000012 0.0025514695136766344
36.30000000000012 0.0026207338650700725
36.40000000000012 0.0023991383417569625
36.50000000000012 0.002471958474069939
36.60000000000012 0.0028356607907442637
36.700000000000124 0.003148859826371966
36.800000000000125 0.003382254875758441
36.90000000000013 0.0037260184739152757
37.00000000000013 0.0057387116934660524
37.10000000000013 0.007579629011427285
37.20000000000013 0.0066765152832072025
37.30000000000013 0.004269211988721574
37.400000000000134 0.0038452355514092774
37.500000000000135 0.004334870556551295
37.600000000000136 0.004047145155540776
37.70000000000014 0.005447232339269136
37.80000000000014 0.004053559670355693
37.90000000000014 0.005001493423913099
38.00000000000014 0.005651541656313252
38.10000000000014 0.004552574491187334
38.200000000000145 0.0037817117138634667
38.300000000000146 0.0036050800623401965
38.40000000000015 0.004528807993806262
38.50000000000015 0.005594886853656747
38.60000000000015 0.006007956191126811
38.70000000000015 0.008251217962294662
38.80000000000015 0.01592144413239148
38.900000000000155 0.022200038194047242
39.000000000000156 0.019279442434274326
39.10000000000016 0.01272608222206878
39.20000000000016 0.011259346993362122
39.30000000000016 0.011960458864300397
39.40000000000016 0.013827564185563088
39.50000000000016 0.018478729356694347
39.600000000000165 0.010323363817130855
39.700000000000166 0.010836830213400346
39.80000000000017 0.01509896563864247
39.90000000000017 0.011602428603632977
40.00000000000017 0.009589279568401481
40.10000000000017 0.007444021883785065
40.20000000000017 0.00625149487393752
40.300000000000175 0.006616548987849471
40.400000000000176 0.011031385928225959
40.50000000000018 0.012268414705735626
40.60000000000018 0.015250533693039442
40.70000000000018 0.028071592098610498
40.80000000000018 0.04025197349398315
40.90000000000018 0.048082327515579275
41.000000000000185 0.04645341550626523
41.100000000000186 0.03133456159606665
41.20000000000019 0.034681941086995294
41.30000000000019 0.024931941089811612
41.40000000000019 0.043259600409141404
41.50000000000019 0.026119295690194378
41.60000000000019 0.022078532768105955
41.700000000000195 0.018699351406430465
41.800000000000196 0.032463353056102755
41.9000000000002 0.022933251898980073
42.0000000000002 0.013092770300201917
42.1000000000002 0.009214144813231876
42.2000000000002 0.009507829316041896
42.3000000000002 0.010863648796715456
42.400000000000205 0.01090427558849682
42.500000000000206 0.011704890554138517
42.60000000000021 0.016725817002430306
42.70000000000021 0.021522640002318846
42.80000000000021 0.035942158821658014
42.90000000000021 0.057198573474809035
43.00000000000021 0.06018783225713991
43.100000000000215 0.07541202116642441
43.200000000000216 0.06364984121820902
43.30000000000022 0.07876028805136341
43.40000000000022 0.06307782763275473
43.50000000000022 0.0502866030769068
43.60000000000022 0.06355033140685189
43.70000000000022 0.03748044849702883
43.800000000000225 0.03269450097543426
43.900000000000226 0.034126021457237594
44.00000000000023 0.05318399116602631
44.10000000000023 0.029482296648630564
44.20000000000023 0.017702798161543198
44.30000000000023 0.01724936458856163
44.40000000000023 0.008056311496212594
44.500000000000234 0.010436869907495568
44.600000000000236 0.00926515761998493
44.70000000000024 0.013703796420962868
44.80000000000024 0.020792738955674777
44.90000000000024 0.020415713465462147
45.00000000000024 0.01598305464741063
45.10000000000024 0.029246452434897274
45.200000000000244 0.05681773636870851
45.300000000000246 0.08313471785637169
45.40000000000025 0.08913591004147213
45.50000000000025 0.08280932259603078
45.60000000000025 0.07895610315192142
45.70000000000025 0.10760164623984683
45.80000000000025 0.09662875093671676
45.900000000000254 0.1138678599700054
46.000000000000256 0.10801753640197778
46.10000000000026 0.03991058599413515
46.20000000000026 0.05775432325828158
46.30000000000026 0.048790426854113327
46.40000000000026 0.04872091230832558
46.50000000000026 0.06676252180899854
46.600000000000264 0.024547644647700158
46.700000000000266 0.024586766792401314
46.80000000000027 0.017758079646584293
46.90000000000027 0.012536770872604505
47.00000000000027 0.014152482610835484
47.10000000000027 0.01125123346802196
47.20000000000027 0.010900295506121817
47.300000000000274 0.011130371014954444
47.400000000000276 0.014313093537071548
47.50000000000028 0.01973840143150859
47.60000000000028 0.028549924213884068
47.70000000000028 0.032285057030855414
47.80000000000028 0.04304500981955624
47.90000000000028 0.07043797331990521
48.000000000000284 0.10228583751148608
48.100000000000286 0.10842470344977745
48.20000000000029 0.0836328374445172
48.30000000000029 0.09159191133225922
48.40000000000029 0.11507246648202417
48.50000000000029 0.11181789372069738
48.60000000000029 0.15507606991154066
48.700000000000294 0.17877683771853997
48.800000000000296 0.1249797540279439
48.9000000000003 0.07618016500686287
49.0000000000003 0.0913077391258771
49.1000000000003 0.055869839719010876
49.2000000000003 0.07409584817920807
49.3000000000003 0.06895862125718422
49.400000000000304 0.02966424114707567
49.500000000000306 0.03170692303363368
49.60000000000031 0.020282579861058588
49.70000000000031 0.01994639459653744
49.80000000000031 0.01580123613804772
49.90000000000031 0.01729106005186228
50.00000000000031 0.012779870510882207
50.100000000000314 0.013899275811203763
50.200000000000315 0.013758335817288735
50.30000000000032 0.014747647438653052
50.40000000000032 0.013831565764042772
50.50000000000032 0.014779652759413814
50.60000000000032 0.017072269219193713
50.70000000000032 0.03000345850922727
50.800000000000324 0.05677603360895942
50.900000000000325 0.08019338191889817
51.00000000000033 0.09006970288818529
51.10000000000033 0.09094887975201657
51.20000000000033 0.07126739823747942
51.30000000000033 0.08008420107928188
51.40000000000033 0.08204720670298407
51.500000000000334 0.0776525590184937
51.600000000000335 0.11438981509337828
51.70000000000034 0.16935294051345978
51.80000000000034 0.14380520063925545
51.90000000000034 0.12363074278766034
52.00000000000034 0.15463288952715426
52.10000000000034 0.11081307609707308
52.200000000000344 0.07182265100944667
52.300000000000345 0.07878151748620453
52.40000000000035 0.05561071214300824
52.50000000000035 0.05819968241926337
52.60000000000035 0.025073280866206714
52.70000000000035 0.03220196411603899
52.80000000000035 0.018920977861398985
52.900000000000354 0.01896240268280434
53.000000000000355 0.01601973132566443
53.10000000000036 0.014938846825066519
53.20000000000036 0.014726558589999524
53.30000000000036 0.013492702643534365
53.40000000000036 0.013517771731063102
53.50000000000036 0.01331634797306558
53.600000000000364 0.014131090926811026
53.700000000000365 0.013637891515688337
53.80000000000037 0.015234271915053789
53.90000000000037 0.015258332716332763
54.00000000000037 0.010886169005248693
54.10000000000037 0.014380680865448156
54.20000000000037 0.032876746877609664
54.300000000000374 0.052513142928404935
54.400000000000375 0.09577280715264488
54.50000000000038 0.08985832924265412
54.60000000000038 0.06937560005613402
54.70000000000038 0.0657089789532238
54.80000000000038 0.05103326872807533
54.90000000000038 0.048147355968502364
55.000000000000384 0.07487914712756327
55.100000000000385 0.10266450315675762
55.20000000000039 0.09703513674734096
55.30000000000039 0.08648945423403091
55.40000000000039 0.08753237468669717
55.50000000000039 0.10780312867364987
55.60000000000039 0.1485875143048624
55.700000000000394 0.11076765402332692
55.800000000000395 0.11197003282294714
55.9000000000004 0.07378525357157714
56.0000000000004 0.04320899616924425
56.1000000000004 0.02882492692089492
56.2000000000004 0.029279465569435118
56.3000000000004 0.022774458401688718
56.400000000000404 0.024252349381752896
56.500000000000405 0.013305585166722663
56.600000000000406 0.014475331884259758
56.70000000000041 0.011284237671467346
56.80000000000041 0.011451585584734952
56.90000000000041 0.01148750637831505
57.00000000000041 0.007832871011272982
57.10000000000041 0.008459632451531458
57.200000000000415 0.008777179819384678
57.300000000000416 0.008040989715231713
57.40000000000042 0.006820813452648164
57.50000000000042 0.008144629703135066
57.60000000000042 0.008712275679124573
57.70000000000042 0.008365750068220532
57.80000000000042 0.005719136805941723
