string
20190118an 18 2019_14.15.   full spectra  index number  Nphoton via eV
eV x-axis E [J] Nphoton Nphoton/sr Nphoton/sr @ 0.1bw
43.81066890785845 2.134196109230121e-09 304048884.61701727 16397422401465.473 4656867962016.293
43.65640598916881 2.1524547221826673e-09 307733672.62152183 16596143819061.928 4729900988432.405
43.50322561727698 2.1640808789341757e-09 310485271.24626386 16744538130674.084 4788937905372.788
43.35111643679699 2.182734848864339e-09 314260408.4729623 16948132101451.66 4864113913116.585
43.20006725060606 2.174872361301398e-09 314223257.2073655 16946128525626.979 4880485015380.394
43.05006701709701 2.2058063173601838e-09 319802989.48979366 17247044699805.066 4984395918243.613
42.90110484748767 2.223577822661032e-09 323498917.5564686 17446366903374.527 5059446401978.656
42.75317000318599 2.252194839423291e-09 328796065.63005567 17732043249778.906 5160024585685.49
42.606251893209404 2.2756614446111384e-09 333367528.83452266 17978583253537.918 5249746310032.955
42.46034007165731 2.2855014816105934e-09 335959567.761317 18118372475975.7 5308683135460.691
42.31542423523527 2.3228597979197366e-09 342620443.7445699 18477594964815.777 5432412919655.838
42.17149422082971 2.295219638734756e-09 339698975.3350297 18320039538805.55 5404411663947.636
42.02854000313198 2.3246631775562767e-09 345226962.9550838 18618165112100.37 5510976873181.799
41.88655169231059 2.3420741435361005e-09 348991625.62393767 18821194187697.81 5589894673746.101
41.745519531730416 2.365072739897283e-09 353609241.7019442 19070223225953.434 5682926521333.978
41.605433895717894 2.3865299853413293e-09 358018785.25874436 19308030867937.023 5773101229513.019
41.46628528737101 2.4141142328246796e-09 363372168.00956756 19596739962701.63 5879021988810.575
41.32806433641311 2.4149530232798667e-09 364714136.43055415 19669112611185.645 5920402895966.745
41.19076179708947 2.516171607325394e-09 381267167.7325263 20561821185417.086 6209669997995.776
41.05436854610573 2.544004104871782e-09 386765213.6148467 20858331994291.14 6320074594270.208
40.91887558060703 2.534541519407928e-09 386602531.69033694 20849558522759.973 6338265790919.046
40.78427401619714 2.4892619758389385e-09 380949005.3942961 20544662621396.14 6266122099525.78
40.65055508499649 2.4861739765892484e-09 381727994.6715673 20586673682353.387 6299522146800.201
40.51771013373833 2.5812997769921207e-09 397633096.85857207 21444439298653.207 6583442864686.003
40.38573062190204 2.5669329526373174e-09 396712199.51130486 21394775104651.805 6589590732232.523
40.254608119882874 2.582594663594996e-09 400432778.89634734 21595426759176.28 6672986868585.689
40.124334307197174 2.67719425759037e-09 416448228.9181068 22459143458177.293 6962334472034.801
39.99490097072234 2.6596178029525927e-09 415053022.11600393 22383899652233.734 6961392791844.417
39.86630000297082 2.618512567949908e-09 409956434.17225695 22109039557202.953 6898020341847.26
39.73852340039719 2.646121736677223e-09 415611034.48815644 22413993380691.094 7015579928156.462
39.61156326173778 2.7507227397527053e-09 433424852.9077949 23374696478082.0 7339654694117.657
39.485411786381924 2.7793272468206926e-09 439331140.951003 23693223875382.598 7463365520745.347
39.36006127277436 2.679844625955373e-09 424954882.9963364 22917909160671.414 7242059294772.055
39.235504116847856 2.6447037971495085e-09 420713818.299598 22689187620212.684 7192472475607.577
39.11173281048556 2.5920594031015895e-09 413644131.87342286 22307917895372.48 7093917890728.397
38.98873994001234 2.5672056122141437e-09 410970291.76340973 22163717117352.55 7070225760435.1
38.86651818471449 2.589521648578771e-09 415846340.8734365 22426683505169.137 7176538721653.86
38.74506031538725 2.5624654985552087e-09 412791418.5458271 22261930880364.816 7146079812597.2295
38.62435919290941 2.613889908815411e-09 422391314.87950724 22779655375200.285 7335049030814.459
38.50440776684447 2.6068403487999634e-09 422564453.8037881 22788992795000.87 7360844672785.185
38.38519907406786 2.5404797670020414e-09 413086419.9804412 22277840371822.082 7218020280470.313
38.266726237419505 2.603116872958912e-09 424581759.6668462 22897786538451.64 7441780624996.785
38.14898246438129 2.6697522770683247e-09 436794319.55701566 23556412546485.004 7679390490153.997
38.03196104577889 2.8210458391865725e-09 462967386.4066294 24967931727736.062 8164513674969.399
37.91565535450739 2.7633937326923234e-09 454897108.3668408 24532699879796.97 8046725560573.415
37.80005884428024 2.6634587791853195e-09 439787092.3632345 23717813434098.86 7803160619818.702
37.68516504840097 2.519895493154274e-09 417350639.1791631 22507810639603.055 7427577511068.596
37.57096757855732 2.5553482789687416e-09 424508797.91251385 22893851695189.688 7577864911107.923
37.45746012363721 2.465653883920822e-09 410849498.7566034 22157202724253.42 7356191304451.587
37.34463644856601 2.459563192816167e-09 411072783.881702 22169244539558.28 7382358431672.98
37.23249039316491 2.5006207994435087e-09 419193681.5108099 22607206312946.375 7550806908524.032
37.121015871029684 2.457596216745795e-09 413218400.05973405 22284958086170.777 7465460958866.962
37.01020686842959 2.4420414041197007e-09 411832375.8091401 22210209497224.99 7462630391067.644
36.90005744322593 2.553545757420649e-09 431922250.2421023 23293660789883.49 7849963686190.6
36.79056172380983 2.497718717028893e-09 423736704.2495233 22852212516208.652 7724047830478.788
36.68171390805892 2.453273714434996e-09 417431637.11011827 22512178875616.12 7631628638833.81
36.57350826231243 2.833687938574638e-09 483586730.0933449 26079937412275.72 8867178720173.242
36.465939120364446 2.9632937782975873e-09 507196539.1099887 27353219541731.582 9327447863730.688
36.35900088247482 2.826056493894622e-09 485129711.4477442 26163150731928.375 8947797550319.658
36.25268801439741 2.5810903038627154e-09 444377396.93016016 23965369556628.52 8220121757923.02
36.146995046425396 2.541737295575435e-09 438881663.88267744 23668983479439.72 8142130316926.97
36.041916572453225 2.600298658652678e-09 450302470.60682315 24284910067222.48 8378293973191.44
35.937447249054806 2.670730211121157e-09 463843814.4253867 25015197681190.047 8655258397691.667
35.83358179457777 2.5621060348604697e-09 446268109.8488846 24067336115089.285 8351365631936.33
35.73031498825334 2.6995926403762993e-09 471574557.07983816 25432118312034.457 8850377172587.867
35.62764166932158 2.5462023328248276e-09 446061572.2990901 24056197500158.957 8395612927555.536
35.52555673617166 2.551170555961853e-09 448216227.6382619 24172398530695.47 8460339485743.165
35.42405514549688 2.5971292416532148e-09 457598151.7417878 24678367735804.645 8662107075267.339
35.323131911464124 2.671313607693966e-09 472013747.9375283 25455803970403.105 8960442997581.672
35.22278210489746 2.6392911833363836e-09 467684121.933786 25222306299417.87 8903474123694.473
35.123000852475656 2.752285697013212e-09 489092354.3253321 26376856923193.684 9337407350810.977
35.02378333594324 3.424148292296665e-09 610208821.8561114 32908694329461.91 11682586486958.926
34.92512479133495 3.542681567689669e-09 633115762.2726963 34144070602619.668 12155289134532.521
34.827020508213224 3.1777042950828695e-09 569490041.592343 30712721663755.586 10964441633959.703
34.7294658289185 2.8174355220977487e-09 506343054.56349456 27307190934721.18 9775974354630.402
34.63245614783214 2.851473927759527e-09 513895822.0040984 27714513323618.0 9949510283178.707
34.535986910651545 2.776113459905083e-09 501711800.0659646 27057426373537.734 9740673494473.629
34.44005361367751 3.5133632997141133e-09 636719596.3497832 34338426157323.395 12396171842793.576
34.34465180311331 2.919419315459152e-09 530550018.73061734 28612677771173.254 10357789353164.393
34.24977707437542 3.770260443810229e-09 687072517.5507051 37053970136770.086 13450591159647.873
34.15542507141571 3.32184016642777e-09 607027005.3851668 32737098275940.0 11916303772442.11
34.06159148605468 3.506285902783169e-09 642497385.1025423 34650023559973.84 12647258599390.266
33.96827205732576 2.665988713487573e-09 489862084.4519547 26418368636144.918 9669122920828.986
33.87546257083034 2.7671166878393387e-09 509836840.48704326 27495611568596.83 10090889445674.947
33.78315885810328 3.0596446781198145e-09 565274915.1935579 30485398981340.523 11218626825133.336
33.69135679598887 3.5012873974661808e-09 648631796.6834425 34980853709221.598 12907935018701.043
33.600052306026825 4.012816083818195e-09 745415255.8762171 40200406689519.23 14874150475122.09
33.509241353848374 5.036659056065345e-09 938138442.6604317 50594010021555.34 18770377717997.227
33.41891994858194 5.598126183624109e-09 1045536619.042427 56386017005895.73 20975598326194.125
33.32908414226855 5.681353723688529e-09 1063940704.6121236 57378553338923.74 21402200395417.367
33.23973002928659 5.620625445779863e-09 1055397672.872975 56917825781273.27 21287266842196.08
33.150853745785824 5.2860678507186176e-09 995238093.8139296 53673406613059.32 20127527479897.09
33.062451469130394 5.560957806376566e-09 1049792638.0597041 56615545036109.91 21287444933577.07
32.97451941735079 9.033914468046909e-09 1709962060.0579727 92218625385088.3 34766421770178.09
32.8870538486045 8.599169065298628e-09 1632001272.2373683 88014183161083.1 33269361234889.41
32.80005106064523 9.98095622188348e-09 1899269551.2486885 102428019511713.33 38820219394939.42
32.71350739030052 1.0155950692143018e-08 1937681749.8879728 104499597729310.55 39709847137138.84
32.627419212957626 1.0538286381885638e-08 2015933715.8489535 108719743253684.17 41422222179652.81
32.54178294205747 7.304204551254153e-09 1400943297.6621778 75553176395316.39 28861313383007.906
32.45659502859658 5.548568871748751e-09 1067006338.2344049 57543883626176.73 22039307428826.824
32.3718519606368 4.523108939456313e-09 872084318.18929 47031696738687.71 18060171547655.305
32.28755026282264 5.133818884424796e-09 992417520.2611401 53521292468592.88 20605697600408.164
32.20368649590622 5.4092848872452005e-09 1048390892.3915528 56539948587699.805 21824420154853.18
32.12025725627952 7.844257536348237e-09 1524269653.9594445 82204193582855.62 31813022916563.523
32.03725917551394 1.2388135391559485e-08 2413456988.402884 130158259703728.94 50501404765046.26
31.954688919906943 1.391324940901823e-08 2717583838.9178777 146559886823010.22 57011795974151.47
31.872543190035717 1.4104016138775374e-08 2761945170.3398204 148952303064014.53 58091398194965.94
31.790818720317677 1.628833898825807e-08 3197893979.692916 172463117061516.56 67433078771052.21
31.709512278577733 1.6065126723347905e-08 3162158016.2718725 170535868790646.34 66850060565931.51
31.628620665622176 1.9763160192634878e-08 3900004544.820516 210328092371097.22 82658940301841.53
31.548140714819066 1.4334400678425412e-08 2835925027.8215747 152942052849995.66 60259168822893.51
31.468069291685 3.278398245630021e-08 6502503366.32715 350681419203107.4 138519160585230.39
31.388403293478206 2.5251763989025002e-08 5021245695.866508 270796871234617.7 107235561008906.66
31.309139648797704 3.365752770236561e-08 6709652884.453564 361853037718522.6 143655655974255.03
31.230275317188642 3.0911950269210195e-08 6177881419.415026 333174487082606.25 132603445858872.42
31.151807288753492 2.645298155400643e-08 5300054755.697537 285833104402068.6 114047408656429.19
31.07373258376915 2.0469336366450065e-08 4111490712.8321967 221733587356954.28 88693434942781.44
30.996048252309727 1.2574269551243532e-08 2532009976.4084682 136551848102292.11 54757291089016.875
30.918751373875036 1.2751061787708377e-08 2574028659.360036 138817924802352.95 55804805770545.63
30.8418390570246 9.913595815078893e-09 2006226287.7842875 108196219549235.56 43603076478343.23
30.765308439017097 1.0437629699371435e-08 2117530071.1761088 114198856768101.92 46136338134313.25
30.689156685455174 1.0586467195643883e-08 2153054763.8973446 116114711164233.34 47026458021512.54
30.61338098993553 1.4164745356380405e-08 2887928588.1854663 155746616158099.66 63233126160184.23
30.537978573704155 2.6886239676562676e-08 5495139913.607945 296354089350074.3 120616114365482.12
30.462946685316677 3.3701246359799946e-08 6904989570.693093 372387587643961.94 151934135758731.84
30.388282600303643 3.638068038404576e-08 7472288566.078844 402982145709795.2 164819697595304.9
30.313983620840798 3.395299647228415e-08 6990754832.237509 377012926831400.06 154575300000879.5
30.240047075424116 3.540301465801319e-08 7307128703.763443 394075038454444.5 161964840804773.94
30.166470318549603 4.647329668108142e-08 9615413343.754955 518561330559845.9 213647268190658.56
30.093250730397784 4.3658374121170955e-08 9054978623.563496 488336964346492.1 201683166275099.1
30.02038571652273 4.51664318019971e-08 9390495070.721504 506431439232064.25 209662615842075.38
29.94787270754562 8.273242304884924e-08 17242440673.567028 929888571414490.4 385903757137013.0
29.87570915885274 4.0087852593811204e-08 8374975490.418817 451664247646550.0 187892327020959.94
29.803892550297803 8.56929644538165e-08 17945730972.417942 967817170020064.4 403579759898370.7
29.7324203859086 4.741984217297445e-08 9954485409.566343 536847560731846.5 224402280385911.9
29.661290193597814 4.832062634891248e-08 10167905286.258722 548357341046948.3 229761725898654.7
29.590499524878005 3.7432964699237315e-08 7895704801.260969 425817075259577.75 178843171609014.78
29.520045954580674 2.121208269912279e-08 4484925747.415069 241873019900093.75 101828541377942.84
29.449927080579297 2.3150599341830073e-08 4906445621.976397 264605678309615.78 111663596246653.98
29.38014052351631 1.4619033993158734e-08 3105659096.3295975 167488869763871.38 70847791910119.7
29.310683926534004 1.872860600896911e-08 3988122375.3758903 215080306116387.7 91194049793344.45
29.241554955009157 1.7177847147084096e-08 3666546910.1587253 197737671415538.34 84038510351606.81
29.17275129629149 1.4016203692517417e-08 2998761908.2732315 161723881188770.97 68894373386415.32
29.104270659445735 1.8546455492547636e-08 3977344194.989031 214499036506584.2 91591088588309.11
29.036110774997383 3.415712670408766e-08 7342295529.025869 395971592980776.3 169475841795772.6
28.96826939468197 5.180759404556741e-08 11162458268.728035 601993799456353.2 258255339966771.44
28.90074429119786 6.140761693384722e-08 13261791365.329632 715211289432392.0 307540854455937.4
28.833533257962518 6.349249956790852e-08 13744012310.51571 741217569767904.5 319464772569934.94
28.76663410887211 5.600206600075803e-08 12150774874.142408 655293928696343.6 283086977196817.75
28.700044678064536 5.3088236716270265e-08 11545286189.671059 622639792401483.2 269603030109848.34
28.633762819685636 7.999722869081378e-08 17437551118.166172 940410920079113.1 408138339314323.6
28.56778640765871 6.849892830474416e-08 14965669895.216068 807101828713693.4 351089295490465.4
28.502113335457196 1.283268804339481e-07 28101503028.973175 1515520163353181.2 660766791221992.9
28.43674151588046 1.0453339141983037e-07 22943738549.739048 1237360804473089.2 540726671554718.75
28.371668880832676 7.936483247170739e-08 17459515827.31229 941595481615156.5 412418820947433.5
28.306893381104747 1.3235396194439222e-07 29183253787.48023 1573859216767860.5 690924196161087.2
28.242412986159177 5.426747167903121e-08 11992970453.716751 646783502020063.4 284584740888836.56
28.17822568391791 7.472491664929658e-08 16551630059.971073 892633004945905.4 393651155181136.8
28.114329480553014 6.240351974188814e-08 13853845197.994509 747140881250632.0 330236269512771.06
28.050722400280268 2.3994197952426798e-08 5338892324.519084 287927622926006.1 127551936956227.16
27.987402485155485 3.658669904044213e-08 8159238149.450973 440029485979607.4 195373091774924.44
27.924367794873596 2.2559096079750678e-08 5042284187.633879 271931481666206.28 121009509341459.53
27.86161640657051 2.35953829232562e-08 5285787456.350639 285063665848745.44 127138394968540.92
27.799146414627526 2.4327482646780903e-08 5462037599.110846 294568874337827.8 131672286829013.84
27.736955930478473 2.443888443987026e-08 5499352474.50274 296581273674301.8 132868410606084.22
27.675043082419368 2.3418591523913474e-08 5281550549.395854 284835168536213.5 127890990672760.95
27.61340601542066 2.0498548305483338e-08 4633317931.776523 249875842640640.38 112444129188286.28
27.552042890941948 2.6645212930572296e-08 6036071341.949095 325526638796886.0 146812514097397.25
27.490951886749173 4.8835339432515854e-08 11087494253.517143 597950973830233.2 270273840171264.75
27.43013119673424 7.395902708353843e-08 16828766301.95862 907579022683640.6 411133297275671.94
27.369579030737032 9.04681728853382e-08 20630828864.035793 1112625082647670.9 505131787522052.2
27.30929361436977 9.257980454151411e-08 21158981927.74238 1141108492113664.0 519204363911720.75
27.249273188843684 8.607092815892156e-08 19714716586.417156 1063218948491964.0 484827840512298.1
27.18951601079797 8.232470196870403e-08 18898079213.091007 1019177517535493.9 465764125513721.0
27.130020352131016 8.157652559498048e-08 18767397808.497295 1012129840995456.5 463555467175904.44
27.070784499833785 8.06690724898679e-08 18599239927.775345 1003061049956126.5 460405021929863.3
27.011806755825432 2.074632895687705e-07 47937634588.77935 2585287047737198.5 1189232041959155.8
26.95308543679103 1.788188929684441e-07 41408918584.84843 2233191975293471.2 1029501500610264.2
26.89461887402142 9.268835129675566e-08 21510412448.2504 1160061216432306.0 535948281991738.0
26.83640541325514 1.736085152683293e-07 40377149300.03526 2177548433613488.2 1008204924763041.9
26.778443414522407 9.953203207125996e-08 23198853217.729073 1251119193940991.2 580519305988612.1
26.720731251991108 6.625944311236947e-08 15477058254.348394 834681114019894.9 388126718019242.56
26.66326731381478 1.172282450356772e-07 27441501552.62783 1479926140349751.0 689645581402967.9
26.60605000198256 4.892151385565158e-08 11476473535.42884 618928711008775.9 289039708041106.3
26.549077732171035 3.1294798266416285e-08 7357185260.832958 396774599451899.9 185690512543488.0
26.49234893359802 4.2607186083234505e-08 10038096380.39487 541356718552961.0 253896301001311.75
26.43586204887819 2.865194629261072e-08 6764716900.651195 364822652074618.7 171466646475078.66
26.37961553388058 2.742371121110751e-08 6488536320.944182 349928173411288.6 164816169676716.66
26.323607857587838 2.8196228039602962e-08 6685510522.010505 360551034867083.94 170180088457254.1
26.267837501957352 2.483958048777291e-08 5902131898.100941 318303255492053.4 150557439847746.5
26.212302961784083 2.405013670057293e-08 5726659288.024997 308839979509550.8 146390150287529.25
26.15700274456513 2.3672048916983774e-08 5648548297.302654 304627436810423.56 144698032484944.53
26.101935370366043 2.6446801019060423e-08 6323964342.807688 341052770877423.1 162341118937659.47
26.047099371688805 3.40845375088636e-08 8167459947.298496 440472889323695.06 210105568207392.75
25.992493293341447 4.736033477325986e-08 11372496133.836678 613321187152008.2 293167527458665.8
25.938115692309353 7.414955310706068e-08 17842639041.622467 962257399795729.0 460921294502167.06
25.883965137628124 1.0318650398412843e-07 24881758308.377712 1341878631087756.5 644101742922083.1
25.830040210258062 1.2215262318892006e-07 29516624497.19537 1591837971566981.2 765674064323694.0
25.776339502960226 1.2197790435001202e-07 29535810928.978775 1592872700001278.0 767764641400603.0
25.722861620174 1.074507467387027e-07 26072287200.10026 1406084112858600.0 679138626510711.5
25.66960517789621 1.2241620116748506e-07 29765191723.508923 1605243256082851.0 776937735944098.8
25.616568803561712 9.442738021100151e-08 23007316011.23022 1240789550783396.8 601782932129919.1
25.5637511359255 1.0431283771699127e-07 25468428836.941498 1373517900146311.8 667529699471127.8
25.51115082494623 2.2069741557179928e-07 53995326543.41902 2911979690873526.0 1418134109455414.0
25.458766531671188 2.0625037241243533e-07 50564574595.97561 2726958493023253.0 1330755744595350.5
25.40659692812268 1.6741227758567002e-07 41127260510.609764 2218002094160073.5 1084603024044280.6
25.354640697185825 2.2246901883849863e-07 54764742977.982994 2953474486343888.5 1447202498308501.5
25.30289653249769 1.9509214360265433e-07 48123645161.812195 2595318638351320.0 1274301451430439.8
25.251363138337815 7.294911047227977e-08 18031179961.190216 972425452548191.2 478433322653702.44
25.200039229520055 1.1834255864869407e-07 29310870236.287785 1580741599576494.5 779305608591228.6
25.148923531285735 1.1211723849609134e-07 27825435279.677673 1500631769658456.2 741312094211237.4
25.09801477919811 4.3909413066354545e-08 10919612728.923903 588897086736962.5 291504057934794.7
25.047311719038113 4.224658538436312e-08 10527359807.483107 567742801467423.4 281600429527839.8
24.996813106701342 4.6248296052601533e-08 11547821659.510931 622776530840773.9 309519935827860.06
24.94651770809631 3.4124539092577185e-08 8537797268.481919 460445261510229.6 229301740232098.9
24.896424299043908 3.254222731328559e-08 8158292505.629898 439978487202897.44 219549265114242.97
24.846531665178087 3.012416931232111e-08 7567253462.033835 408103623179599.56 204051811589802.1
24.796838601847732 2.3449443119002136e-08 5902353182.084504 318315189385360.5 159475909882060.75
24.74734391401969 2.651015078737307e-08 6686095554.91133 360582585818522.8 181012458080907.16
24.698046416183 2.7949148626959294e-08 7063093502.037651 380914167009166.8 191599826005607.12
24.648944932254206 2.526179288076666e-08 6396682726.122902 344974489087549.75 173867142500119.44
24.60003829548386 2.3836920251656977e-08 6047882363.5827465 326163609759511.9 164712622928549.7
24.551325348364088 2.1376607294727325e-08 5434415150.175623 293079189665824.25 148298069970906.38
24.50280494253728 2.764496844268179e-08 7041890548.434947 379770687115069.7 192543738367329.34
24.454475938705844 5.360734637356798e-08 13682168173.599857 737882302028505.8 374844209430496.06
24.40633720654304 8.906438061211781e-08 22776679961.69063 1228351298526462.5 625230810949974.8
24.35838762460484 1.1763603069870239e-07 30142606190.579582 1625597300284581.5 829054623145108.6
24.31062608024287 1.3412861438741762e-07 34436124513.44584 1857147676195841.2 949002462536077.4
24.263051469518324 1.2477714974787664e-07 32098047565.442226 1731054678447022.5 886299995364841.0
24.21566269711692 1.0891109928760232e-07 28071444284.05431 1513899088709499.0 776630232508000.5
24.16845867626484 1.1753181545993803e-07 30352569686.77222 1636920677248440.0 841377228105704.5
24.12143832864565 8.949006218612431e-08 23155842347.56767 1248799608369153.0 643131798310090.0
24.07460058431818 9.12845731372778e-08 23666131499.91146 1276319613214448.2 658580920418663.5
24.027944381635393 1.8263032559423665e-07 47440062249.67152 2558452863392423.0 1322720130373854.8
23.981468667164144 2.0402281051303282e-07 53099682487.7814 2863677412375939.5 1483384899610684.2
23.93517239560591 1.2577291302198995e-07 32797408919.890003 1768771388227379.2 917992350489984.8
23.889054529718422 1.5334036009284125e-07 40063279035.54539 2160621342061802.5 1123523097872158.0
23.843114040238195 2.42058454903526e-07 63364535510.3651 3417263165904614.0 1780394109436245.5
23.797349905803955 2.0020120612634744e-07 52508192424.100235 2831778224741469.0 1478188233315074.5
23.75176111288096 1.1682837015379365e-07 30700219190.039547 1655669490485872.0 865915143524091.8
23.706346655686158 1.17381165934469e-07 30904574113.458347 1666690395901585.0 873345767452446.1
23.66110553611424 9.202573358768855e-08 24275223121.374313 1309168056683991.8 687313229759085.8
23.616036763664496 6.556387405824877e-08 17327925258.152485 934498773632555.2 491546354930745.6
23.571139355368558 3.8123650656102124e-08 10094919977.462448 544421227487639.06 286909986885983.4
23.526412335718902 4.875721809876061e-08 12935171432.89137 697596605518407.5 368331007713721.4
23.481854736598223 3.638486635488589e-08 9671133132.429867 521566310868107.06 275908578449219.47
23.437465597209567 3.061426962208876e-08 8152714424.422093 439677660071532.5 233029159837903.88
23.393243964007283 2.9074406777116985e-08 7757278562.07464 418351718107409.1 222144762315018.75
23.349188890628735 2.544282000863798e-08 6801151073.288431 366787554920202.94 195130979217559.44
23.305299437826804 2.4483956089784998e-08 6557161487.7583 353629143566267.2 188484333520821.66
23.261574673403114 2.5796936361714308e-08 6921783265.418302 373293275248892.2 199338608982895.06
23.218013672142057 2.5218664578240774e-08 6779317868.778225 365610085457743.4 195601395719891.16
23.17461551574553 2.3939578283984246e-08 6447523487.842463 347716342412149.1 186375959532918.34
23.131379292768393 2.0378296175156323e-08 5498640352.026141 296542868754431.5 159243520521132.56
23.088304098554673 2.007552319492107e-08 5427049881.456807 292681979123727.2 157462904768562.9
23.04538903517446 1.9285209234880262e-08 5223111367.56186 281683530764099.75 151827423081850.94
23.00263321136152 2.0142212135984033e-08 5465357634.996743 294747924594426.06 159163879280991.2
22.96003574245159 2.6427364479357262e-08 7184065270.984459 387438200789365.94 209604066627037.06
22.917595750321365 4.1033072685414936e-08 11175165403.745548 602679098008449.9 326652071120586.44
22.875312363328153 7.253982658498598e-08 19792399790.61505 1067408420570892.0 579602772369964.4
22.833184716250198 1.0189583373822814e-07 27853444632.475075 1502142320139801.2 817165422156001.9
22.791211950227677 1.3162075205284304e-07 36045074115.929726 1943918677799185.8 1059435679400553.8
22.749393212704323 1.2773180140155854e-07 35044364963.66034 1889950215815046.0 1031912817835071.8
22.707727657369702 1.0311422014079935e-07 28342219649.614536 1528502062999620.0 836090628460745.4
22.666214444102113 1.0795137730195708e-07 29726116069.879787 1603135897593516.8 878518471881253.4
22.624852738912146 6.517281573209958e-08 17979172465.16665 969620676989105.9 532321751667023.2
22.583641713886806 4.463178603168193e-08 12335003187.083372 665229401636517.2 365876170900095.3
22.542580547134285 1.1098078065224134e-07 30727916930.034958 1657163235621108.5 913096942827250.9
22.501668422729324 1.80311058202527e-07 50014578858.26256 2697297103402810.0 1488908001078285.2
22.46090453065916 1.443878566819502e-07 40122908062.32926 2163837148430555.0 1196601943082090.0
22.420288066770084 9.413153507576258e-08 26204925397.286022 1413237319648236.2 782933475085102.5
22.37981823271454 1.271337672673658e-07 35456293708.37907 1912165622508501.0 1061251920492241.8
22.33949423589884 1.7854352280647076e-07 49883823950.0434 2690245462796284.0 1495776477314665.5
22.299315289431394 1.565434246651742e-07 43815954542.36922 2363003947406771.5 1316193198705554.5
22.259280612071553 8.645317600342629e-08 24241461681.953598 1307347294921421.0 729499790566117.9
22.21938942817895 1.1198724715466372e-07 31457588219.296062 1696514566770726.2 948351642824841.8
22.179640967663424 1.0169690710230957e-07 28618192990.79185 1543385365244021.2 864295804536653.9
22.140034465935454 8.491841186745175e-08 23939360550.056213 1291054915247271.2 724281807453725.0
22.100569163857138 4.412160782071821e-08 12460539507.886171 671999602689950.8 377663776711755.9
22.06124430769369 3.898137138725493e-08 11028490783.21035 594768903858190.8 334854892872176.56
22.022059149065463 3.6731195677598365e-08 10410368815.645428 561433451861536.1 316648466849895.44
21.98301294490045 3.060537500365188e-08 8689593576.826157 468631669396707.5 264776893209134.78
21.944104957387353 2.384463665365387e-08 6782062880.339949 365758124527615.94 207019098482634.5
21.905334453929072 2.029505444081043e-08 5782681956.248229 311861294177653.0 176825353798720.4
21.866700707096744 1.7434264993197893e-08 4976332113.958504 268374672004924.7 152436813698795.2
21.82820299458425 2.040288171362309e-08 5833947313.352992 314626046023618.9 179022220187429.0
21.789840599163185 2.2031317095647618e-08 6310668727.781583 340335735470617.0 193991369218257.84
21.75161280863834 1.6930059577969814e-08 4857983073.969287 261992082567191.56 149597479145874.1
21.713518915803597 1.5672429454277346e-08 4505003026.832136 242955791940808.8 138970712990133.52
21.675558218398344 1.4236200743420099e-08 4099329117.375888 221077709871910.94 126677527756601.77
21.637730019064314 1.245760245270318e-08 3593451144.8308215 193795600911481.8 111238674923189.94
21.600033625302878 1.2223238034167287e-08 3532000991.9283338 190481580815516.2 109526908968927.02
21.562468349432788 1.2476190798596154e-08 3611374338.3876696 194762202633784.0 112183028717055.19
21.525033508548354 8.369876744974144e-09 2426968844.5785475 130886957042708.75 75521774213647.0
21.48772842447808 7.92223305448939e-09 2301156112.5869236 124101849073812.23 71730868764664.02
