string
20190118an 18 2019_15.36.   full spectra  index number  Nphoton via eV
eV x-axis E [J] Nphoton Nphoton/sr Nphoton/sr @ 0.1bw
43.81066890785845 1.8048734354505513e-09 257131831.7704106 13867175548803.184 3938277855860.188
43.65640598916881 1.8092551237423491e-09 258666869.13346788 13949960447276.951 3975738727473.7256
43.50322561727698 1.8159327775748205e-09 260535725.11947185 14050748256607.725 4018514001389.809
43.35111643679699 1.824215371122457e-09 262642376.36095494 14164360415727.076 4065171439313.636
43.20006725060606 1.8435867766173305e-09 266359466.51438692 14364823895232.77 4137069281826.888
43.05006701709701 1.8504813951666212e-09 268287146.29748565 14468784084720.227 4181478600484.103
42.90110484748767 1.8633710296838377e-09 271093957.2096533 14620156006988.018 4239845242026.5615
42.75317000318599 1.8836633491577274e-09 274994457.5546521 14830510837970.44 4315678653849.2544
42.606251893209404 1.891002432242981e-09 277017835.56149143 14939632053454.494 4362372559608.615
42.46034007165731 1.9118356277670587e-09 281032183.2225104 15156126694923.01 4440745121612.284
42.31542423523527 1.962975719407516e-09 289537755.41921824 15614834051311.625 4590761211085.617
42.17149422082971 1.9349597974263806e-09 286379503.4720765 15444508837677.752 4556130107114.936
42.02854000313198 1.949362687313615e-09 289492502.28442967 15612393539921.314 4621268487816.783
41.88655169231059 1.9635827946757982e-09 292592765.88334817 15779591429337.645 4686538654513.156
41.745519531730416 1.9713395252870468e-09 294740987.4184665 15895445483423.814 4736842754060.175
41.605433895717894 1.9963915302143477e-09 299491594.4649073 16151646753499.146 4829342379296.118
41.46628528737101 2.0094633433663213e-09 302464167.472477 16311958261583.486 4893587478475.118
41.32806433641311 2.024035583720126e-09 305676500.91123515 16485200101809.336 4962045230644.498
41.19076179708947 2.0929247320561233e-09 317133967.55025107 17103103766765.35 5165137337562.983
41.05436854610573 2.0915866588681272e-09 317984141.362801 17148953825174.89 5196133009027.985
40.91887558060703 2.1145232893810607e-09 322535673.90123534 17394418963784.857 5287903364990.608
40.78427401619714 2.1103558665557065e-09 322962378.48628557 17417431234757.414 5312316526600.976
40.65055508499649 2.098055709463633e-09 322136184.444144 17372874410575.56 5316099569636.177
40.51771013373833 2.171811619598846e-09 334554005.61837035 18042570204250.754 5539069052704.534
40.38573062190204 2.1624666555418657e-09 334203081.70046633 18023644801120.605 5551282598744.95
40.254608119882874 2.178171834158697e-09 337726788.0093094 18213679047875.33 5628026825793.66
40.124334307197174 2.2403960312032472e-09 348502525.2181401 18794816896556.97 5826393237932.526
39.99490097072234 2.2349797411713413e-09 348785113.0005932 18810056917056.348 5849927701204.293
39.86630000297082 2.2262645364283537e-09 348545766.80259025 18797148924600.52 5864710464475.31
39.73852340039719 2.213252787877188e-09 347622812.66337633 18747373807362.598 5867928001704.618
39.61156326173778 2.2680942383766035e-09 357378225.5269298 19273485342439.82 6051874397526.029
39.485411786381924 2.2283835026150285e-09 352242891.8005756 18996535678935.586 5983908738864.572
39.36006127277436 2.2236448888445276e-09 352613261.3854248 19016509791108.62 6009217093990.231
39.235504116847856 2.250798683361709e-09 358052236.0656938 19309834877222.934 6121217656079.803
39.11173281048556 2.1811786516916705e-09 348075259.6797193 18771774373247.273 5969424250692.59
38.98873994001234 2.168630229337966e-09 347164478.6991963 18722655757102.145 5972527186515.276
38.86651818471449 2.223339367672697e-09 357041827.03936434 19255343298923.453 6161709855655.279
38.74506031538725 2.159371962577076e-09 347856474.9858517 18759975267176.414 6021952060763.733
38.62435919290941 2.193973629080432e-09 354534979.79118264 19120148482220.99 6156687811275.131
38.50440776684447 2.1668538885654694e-09 351243385.6242047 18942632093702.992 6118470166265.986
38.38519907406786 2.1302880999377165e-09 346388542.88875765 18680809370274.54 6052582235968.916
38.266726237419505 2.186173070476475e-09 356576079.561152 19230225436240.664 6249823266778.217
38.14898246438129 2.119953308352585e-09 346842503.242039 18705291550749.07 6097925045544.105
38.03196104577889 2.1707221060503894e-09 356241478.28204715 19212180316567.02 6282382963517.19
37.91565535450739 2.1276080560964465e-09 350237007.85241246 18888357921836.49 6195381398362.375
37.80005884428024 2.188232207604477e-09 361318255.6150967 19485972021059.066 6410884794928.578
37.68516504840097 2.105175465069461e-09 348663795.112888 18803514217016.316 6205159691615.04
37.57096757855732 2.125576006203199e-09 353112615.8776104 19043440087356.05 6303378668914.967
37.45746012363721 2.0693125583961973e-09 344807530.745513 18595545041917.332 6173720953916.094
37.34463644856601 2.117725828554302e-09 353940673.0368431 19088097389847.39 6356336430819.243
37.23249039316491 2.048454531044852e-09 343394406.88779646 18519334965272.08 6185457878400.827
37.121015871029684 2.0850082141663335e-09 350571730.4163366 18906409582426.79 6333647210112.764
37.01020686842959 2.03058650271857e-09 342443523.80340344 18468053633953.133 6205266021008.292
36.90005744322593 2.0638264579765556e-09 349088151.34718496 18826399840922.574 6344496746390.798
36.79056172380983 2.0534698637551507e-09 348370113.2601392 18787675890895.723 6350234451122.971
36.68171390805892 2.0135129005291202e-09 342605059.2988099 18476765278313.695 6263623429348.297
36.57350826231243 2.047963869674682e-09 349497959.03900903 18848500858772.625 6408490291982.329
36.465939120364446 2.019919266841814e-09 345728820.0471055 18645230374100.645 6358023557568.468
36.35900088247482 2.110949456652398e-09 362372197.0876978 19542811313643.32 6683641469266.131
36.25268801439741 2.1339395260463e-09 367392992.9424399 19813583924848.37 6796059286222.526
36.146995046425396 2.0878394147195445e-09 360507137.32179815 19442228235287.492 6688126512938.656
36.041916572453225 2.091831431551039e-09 362249489.52921706 19536193668356.457 6739986815582.724
35.937447249054806 2.0295365140088584e-09 352483359.8891601 19009504175194.203 6577288444617.126
35.83358179457777 2.079690023099866e-09 362240798.41055596 19535724954438.934 6778896559190.592
35.73031498825334 2.039966585539208e-09 356348704.1138281 19217963028969.586 6687851134081.322
35.62764166932158 1.9959647205222485e-09 349667090.4789875 18857622154074.164 6581310131771.93
35.52555673617166 2.0408219296791814e-09 358552862.9062457 19336833791494.17 6767891827022.761
35.42405514549688 2.033777488001148e-09 358339047.8368993 19325302698353.383 6783181247121.966
35.323131911464124 2.021408857750396e-09 357177370.83087957 19262653205046.51 6780453928176.205
35.22278210489746 1.9810173116080487e-09 351037561.81379104 18931531970892.535 6682830785725.038
35.123000852475656 2.008175999962344e-09 356861036.91454667 19245593248215.707 6812940009868.661
35.02378333594324 2.012292725722137e-09 358605605.9998883 19339678237992.66 6865585774487.363
34.92512479133495 1.9960801394581618e-09 356721250.52847695 19238054538046.63 6848747415544.555
34.827020508213224 2.096360450212479e-09 375697764.52497554 20261462060491.11 7233341955594.64
34.7294658289185 2.0839990812399664e-09 374531538.4243071 20198567233521.55 7231087069600.879
34.63245614783214 2.0136135794566878e-09 362895692.4837 19571043534078.145 7026004628733.943
34.535986910651545 1.961336292172038e-09 354461579.4319812 19116189984903.16 6881828394565.169
34.44005361367751 1.9087046123342486e-09 345910606.63021195 18655034164020.383 6734467333211.266
34.34465180311331 1.9395563708293106e-09 352478201.2037685 19009225966170.316 6881339799753.438
34.24977707437542 1.909783340730287e-09 348028914.0359451 18769274942610.023 6813246804167.606
34.15542507141571 1.88512357609434e-09 344484039.5220159 18578099089956.25 6762428068744.047
34.06159148605468 1.8741847516957415e-09 343428583.84929526 18521178136230.59 6760230019724.066
33.96827205732576 1.8230674149437846e-09 334979514.1527563 18065517971951.15 6611979577734.084
33.87546257083034 1.8654824673412654e-09 343712172.06452185 18536472110286.785 6802885264475.19
33.78315885810328 1.8496844008689558e-09 341732554.8660005 18429710924702.277 6782133620290.452
33.69135679598887 1.8489782732103422e-09 342532892.4009465 18472873301833.797 6816490248375.76
33.600052306026825 1.852030535689192e-09 344030672.4293605 18553648904156.164 6864850094537.77
33.509241353848374 1.8138714287137224e-09 337855411.3704667 18220615733685.734 6759848437197.478
33.41891994858194 1.882931459650075e-09 351666562.6384083 18965454122013.434 7055148933389.306
33.32908414226855 2.0960946080248867e-09 392533273.34595186 21169404708690.176 7896187956340.997
33.23973002928659 2.3367375734579004e-09 438774549.3687005 23663206770430.508 8850039332140.957
33.150853745785824 1.980010125646516e-09 372787780.7911273 20104526005535.977 7539197252075.933
33.062451469130394 1.8766933416944187e-09 354280489.5493673 19106423768192.344 7184015336840.235
32.97451941735079 1.8090102849627918e-09 342414018.2511382 18466462393109.44 6961856322202.22
32.8870538486045 1.818239387536802e-09 345076247.6187116 18610037001267.184 7034593986478.995
32.80005106064523 1.7739355579139132e-09 337561022.82427007 18204739295433.973 6899596192969.487
32.71350739030052 1.7420584999737199e-09 332372129.89304256 17924901172375.277 6811462445502.749
32.627419212957626 1.7607340505424884e-09 336821662.31819314 18164865422716.51 6920813726054.848
32.54178294205747 1.6821203935640045e-09 322629969.4495452 17399504343190.746 6646610659098.185
32.45659502859658 1.6297786625481174e-09 313411296.32765186 16902339298986.99 6473595951512.352
32.3718519606368 1.62187142364338e-09 312707178.5382965 16864366073638.742 6475916572276.999
32.28755026282264 1.6086965404676992e-09 310976812.2882473 16771047045854.652 6456853112654.012
32.20368649590622 1.6625789619701812e-09 322229773.0558278 17377921664735.623 6707877762588.275
32.12025725627952 1.6573907393732837e-09 322058575.5979889 17368688948642.033 6721682623124.128
32.03725917551394 1.6244415410989639e-09 316473760.2309744 17067498642607.912 6622189473331.795
31.954688919906943 1.661569871651782e-09 324543555.4046006 17502704449469.969 6808552030843.876
31.872543190035717 1.787119856718074e-09 349966067.0063197 18873746023145.297 7360760949026.699
31.790818720317677 2.0135700026963798e-09 395324740.8440404 21319949157303.348 8336100120505.515
31.709512278577733 2.0834005677190498e-09 410083401.1314443 22115886912895.27 8669427669854.704
31.628620665622176 1.954241568448964e-09 385644346.5690497 20797883391004.973 8173568172664.986
31.548140714819066 1.958625243917661e-09 387495401.7233023 20897711197612.195 8233698211858.552
31.468069291685 2.130796289664231e-09 422630474.0422531 22792553280804.062 9003058545917.799
31.388403293478206 1.8381544780892295e-09 365512099.09354395 19712146910956.63 7806010176738.683
31.309139648797704 1.909086676889376e-09 380577832.143101 20524645167322.47 8148284131427.108
31.230275317188642 2.1257048530622877e-09 424830927.8620417 22911224233349.87 9118667244872.914
31.151807288753492 2.2512695893623855e-09 451058874.74715364 24325703106837.938 9705955539628.66
31.07373258376915 1.7181061310142408e-09 345100460.2622685 18611342794394.36 7444537117757.722
30.996048252309727 1.5955242048513783e-09 321281740.2888707 17326794051655.225 6948044414713.458
30.918751373875036 1.5791656018898474e-09 318782669.6172365 17192018627415.412 6911191488220.964
30.8418390570246 1.519904991525829e-09 307584997.9979647 16588125764314.197 6685014683018.82
30.765308439017097 1.4806302208899438e-09 300382280.97087884 16199681670266.223 6544671394787.564
30.689156685455174 1.6097576533949431e-09 327389328.3104243 17656177600520.05 7150751928210.321
30.61338098993553 1.8274486855483243e-09 372582857.62685657 20093474454767.668 8157950628635.127
30.537978573704155 1.9067724969778634e-09 389715400.158648 21017436195521.03 8554096531577.193
30.462946685316677 2.021511253496548e-09 414183913.9540726 22337028460248.6 9113507611781.152
30.388282600303643 1.9751943730064797e-09 405688463.5855255 21878866976251.645 8948456593286.85
30.313983620840798 2.1921860951176285e-09 451360325.4463055 24341960408532.816 9980203767498.807
30.240047075424116 2.8641289822629206e-09 591151891.9996027 31880949962216.887 13103070434470.918
30.166470318549603 3.0146929808454763e-09 623745703.1350733 33638741277699.277 13859161406412.234
30.093250730397784 2.9456200657274377e-09 610937243.2027313 32947978250933.34 13607515017635.324
30.02038571652273 3.890771933198323e-09 808925416.5609099 43625523452712.13 18060966709422.89
29.94787270754562 3.35922194787681e-09 700102608.0356752 37756685747388.086 15669024585166.033
29.87570915885274 3.5459877997386033e-09 740811966.4838241 39952150292531.19 16620094521692.545
29.803892550297803 3.589904527761205e-09 751794050.8008466 40544416485586.14 16907021674489.582
29.7324203859086 3.623699531459575e-09 760695575.1346837 41024477626750.02 17148231647981.516
29.661290193597814 3.1719534146014346e-09 667460758.0457866 35996303686050.586 15082451244454.102
29.590499524878005 2.0707331972792116e-09 436778069.25672317 23555536164259.883 9893325188988.715
29.520045954580674 1.971116436074747e-09 416758268.42171633 22475863955962.477 9462338725460.516
29.449927080579297 1.8682585783544224e-09 395951266.1913781 21353737805396.77 9011277353877.125
29.38014052351631 1.8132388636963675e-09 385203411.7638857 20774103681170.188 8787445857135.251
29.310683926534004 1.5458030635034806e-09 329167679.7798238 17752084481608.402 7526883820201.639
29.241554955009157 1.5768770858502232e-09 336578487.2410895 18151750937978.97 7714494148641.338
29.17275129629149 2.01751123758878e-09 431645828.037177 23278753280319.645 9916748897416.008
29.104270659445735 2.832579898954628e-09 607455436.5645114 32760203662517.953 13988606963894.809
29.036110774997383 3.5726484733762598e-09 767963919.8022014 41416461033703.98 17726245322425.336
28.96826939468197 3.90571392837863e-09 841524674.8723785 45383608535579.484 19469568061763.29
28.90074429119786 3.2496984261129595e-09 701815583.7862458 37849066901757.24 16275098767756.08
28.833533257962518 3.129100529675913e-09 677346088.0164185 36529421678936.8 15744180743620.186
28.76663410887211 3.5267951093304326e-09 765209151.3931022 41267895774932.805 17827730974770.805
28.700044678064536 5.020903846034646e-09 1091913678.412385 58887141893049.75 25498132439691.117
28.633762819685636 5.573256208044307e-09 1214841334.04198 65516657066964.45 28434229167061.773
28.56778640765871 7.509057898521064e-09 1640581604.9175754 88476922366588.39 38487461229466.914
28.502113335457196 7.677805649380487e-09 1681314764.1579828 90673670493628.67 39533720335222.45
28.43674151588046 6.41106505073913e-09 1407146542.8569636 75887718756314.98 33162933096508.344
28.371668880832676 8.316103368254024e-09 1829464434.7842162 98663414415749.17 43214575514097.61
28.306893381104747 8.414198595058493e-09 1855280260.6771953 100055667514598.97 43924438038908.73
28.242412986159177 6.293842582884044e-09 1390922882.5568933 75012773231771.36 33005620221980.406
28.17822568391791 5.290245583204558e-09 1171793716.8207202 63195089718205.0 27869034565727.875
28.114329480553014 3.8620809864914394e-09 857398306.2217482 46239676922768.67 20437937199863.24
28.050722400280268 4.030196880744451e-09 896749590.6955736 48361900243437.38 21424321807843.844
27.987402485155485 2.8544786848072405e-09 636580287.1729207 34330913183150.535 15242925453317.182
27.924367794873596 2.917000216150508e-09 651991729.3327503 35162055606938.055 15647114745087.143
27.86161640657051 2.90509166023748e-09 650792449.8270026 35097378202651.78 15653430678382.752
27.799146414627526 2.174357750227888e-09 488189590.271245 26328170661632.91 11768692285750.34
27.736955930478473 2.5248312307016975e-09 568149373.2017045 30640419126190.67 13726907768533.111
27.675043082419368 2.8290694949916785e-09 638034679.8523185 34409348896314.637 15449797654445.404
27.61340601542066 3.790523469005025e-09 856777762.894689 46206210886328.45 20792794898847.453
27.552042890941948 5.435031334105893e-09 1231224421.582707 66400200537231.96 29946490442291.957
27.490951886749173 7.805277891866411e-09 1772097312.7004 95569593058865.55 43197456062607.12
27.43013119673424 7.134553514558131e-09 1623408777.804761 87550788069628.7 39660506995540.14
27.369579030737032 6.412878071678386e-09 1462425799.0753171 78868941053489.12 35806499238284.74
27.30929361436977 5.9000020269233936e-09 1348437025.5430417 72721501733038.83 33088283288532.9
27.249273188843684 5.984924920387053e-09 1370858908.1153738 73930718731278.1 33712407741460.207
27.18951601079797 6.925319806535292e-09 1589744501.348388 85735266326833.4 39181016711362.89
27.130020352131016 9.230426420212574e-09 2123540850.8357968 114523019420979.9 52451542894807.14
27.070784499833785 1.3180669072829864e-08 3038964239.051614 163892001621532.72 75226428744283.72
27.011806755825432 1.2864026024535714e-08 2972434208.4160643 160304022615828.8 73739850403284.02
26.95308543679103 1.0772146614021981e-08 2494495602.3343854 134528689758546.97 62017725978688.586
26.89461887402142 1.39823902689602e-08 3244927517.750166 174999645986895.06 80849836445947.42
26.83640541325514 1.3070423319552607e-08 3039864910.845838 163940575047064.53 75904486246790.64
26.778443414522407 1.0443186246116116e-08 2434090210.0300903 131271013828614.22 60909750416476.18
26.720731251991108 1.173872957601614e-08 2741963906.5171614 147874709165165.16 68761739761800.28
26.66326731381478 1.0749121218274875e-08 2516219760.100504 135700278306407.69 63236329690784.51
26.60605000198256 6.355876558137832e-09 1491021911.7329044 80411135621566.52 37552000335272.59
26.549077732171035 5.191615626875838e-09 1220512036.690465 65822479292747.125 30804920309005.465
26.49234893359802 4.6363128888640866e-09 1092298269.5258908 58907882975352.84 27627797115437.55
26.43586204887819 5.0697572652802366e-09 1196968342.1989777 64552762733996.21 30339798484979.613
26.37961553388058 4.746511757065376e-09 1123039609.6438293 60565770126413.76 28526477729540.832
26.323607857587838 3.783124265758024e-09 897003565.4866507 48375597159095.734 22833281859091.906
26.267837501957352 4.196988955132338e-09 997246406.8085744 53781715369162.88 25438751369614.93
26.212302961784083 4.737375721117034e-09 1128032535.1977186 60835039686239.04 28835808811277.73
26.15700274456513 3.73835247823557e-09 892033663.8247055 48107569282764.89 22851095409312.27
26.101935370366043 5.4764950180489845e-09 1309540582.7247434 70623808121666.2 33616932665914.367
26.047099371688805 7.79062171410965e-09 1866816904.82078 100677841239577.55 48023330271276.25
25.992493293341447 1.0398017823897014e-08 2496845051.2009397 134655396046333.75 64365279310148.82
25.938115692309353 1.0470020559372436e-08 2519405576.5854616 135872090081554.31 65082731149066.336
25.883965137628124 1.022735759670723e-08 2466162046.673874 133000654946361.9 63840314374249.75
25.830040210258062 1.0156411645741214e-08 2454167425.6364026 132353782428001.38 63662169347866.67
25.776339502960226 9.85348095372924e-09 2385928435.0921187 128673638843151.0 62020693922397.73
25.722861620174 9.617184204947695e-09 2333552778.9063697 125849008326537.06 60785071021718.09
25.66960517789621 1.175128424815438e-08 2857295237.9498467 154094552924852.8 74581763615628.66
25.616568803561712 1.297396369503695e-08 3161117908.6292825 170479775559519.94 82682691146363.28
25.5637511359255 1.6841651977633947e-08 4111961904.944302 221758998849925.75 107774873441067.17
25.51115082494623 1.794473179360212e-08 4390317169.864629 236770758759256.34 115307359515758.4
25.458766531671188 1.88169726015653e-08 4613190287.383508 248790354405830.78 121409692950045.69
25.40659692812268 2.435026684551617e-08 5981997153.977729 322610406092070.8 157756488579023.3
25.354640697185825 2.277514629599303e-08 5606511143.430173 302360363969585.06 148156578345096.28
25.30289653249769 1.6927490399479496e-08 4175527145.386548 225187086076409.47 110566859263511.98
25.251363138337815 1.852663594210167e-08 4579317068.909699 246963564374642.9 121506073672322.36
25.200039229520055 2.140158170206278e-08 5300704930.528352 285868168471943.75 140933007056671.3
25.148923531285735 1.8473384408539455e-08 4584754040.961698 247256781458579.5 122144850040531.69
25.09801477919811 1.3084638164222882e-08 3253953343.341143 175486410721860.72 86865773307320.53
25.047311719038113 9.63810290640446e-09 2401703622.532854 129524398128960.77 64244101471964.05
24.996813106701342 7.78217372033199e-09 1943145194.874079 104794242504334.78 52082738524653.62
24.94651770809631 6.935310174856573e-09 1735181597.8034775 93578720534602.28 46602202826232.86
24.896424299043908 6.670756767010231e-09 1672349726.257408 90190184052012.4 45004901841953.61
24.846531665178087 5.922988077019807e-09 1487866821.0472813 80240980895453.11 40120490447727.01
24.796838601847732 6.137377734993931e-09 1544811568.4436572 83312023493682.94 41739323770333.88
24.74734391401969 6.6807676130183496e-09 1684948946.5021565 90869662736969.48 45616570693960.875
24.698046416183 6.074711392907785e-09 1535154259.5689082 82791202728034.86 41643974972200.71
24.648944932254206 4.908784343758243e-09 1242981294.565501 67034251251353.414 33785262630681.027
24.60003829548386 6.244720434703966e-09 1584404956.0020483 85447303486298.73 43150888260579.87
24.551325348364088 8.929593705528188e-09 2270103887.355632 122427195821048.95 61948161085450.484
24.50280494253728 1.3154733816880863e-08 3350851925.345321 180712172300387.56 91621071356291.27
24.454475938705844 1.4672645224926923e-08 3744889704.4827805 201962715333264.88 102597059389302.7
24.40633720654304 1.5084751898124276e-08 3857665252.07649 208044725115277.2 105894765083677.0
24.35838762460484 1.333887796985709e-08 3417903029.212249 184328252898661.88 94007408978314.39
24.31062608024287 1.1554134889014972e-08 2966403772.233352 159978799882393.8 81749166739903.45
24.263051469518324 1.1506774143170559e-08 2960037030.1660504 159635440099541.03 81733345330961.83
24.21566269711692 1.2972155756923981e-08 3343526508.8359814 180317110996605.38 92502677941261.84
24.16845867626484 1.508281785249198e-08 3895134931.330161 210065473057647.66 107973653151631.7
24.12143832864565 1.506294509540917e-08 3897585646.9283366 210197640682270.78 108251784951365.44
24.07460058431818 1.8581824087221667e-08 4817461234.058462 259806730937504.4 134060273163753.95
24.027944381635393 2.0124461068427186e-08 5227530984.905635 281921881687603.44 145753612832487.9
23.981468667164144 1.7902694942049073e-08 4659417320.58284 251283388349010.03 130164795164782.6
23.93517239560591 2.062603137578053e-08 5378585652.2833395 290068292715636.06 150545443919411.0
23.889054529718422 2.7160789650697082e-08 7096307155.81208 382705386572827.94 199006801017874.2
23.843114040238195 2.7748850719795557e-08 7263919112.047067 391744735785974.75 204099007344486.16
23.797349905803955 2.7420384654663503e-08 7191739059.1606045 387852049852822.06 202458770023176.94
23.75176111288096 2.5582031893179253e-08 6722459496.895436 362543701109726.2 189610355680382.6
23.706346655686158 2.251672098445909e-08 5928290683.743638 319714004484712.8 167530138349992.5
23.66110553611424 1.8348107183836783e-08 4839998317.62402 261022160750335.53 137036634393924.19
23.616036763664496 1.5168035900558377e-08 4008771540.3202558 216193920067831.03 113718001955684.11
23.571139355368558 1.4036209325486796e-08 3716706230.6248884 200442774465300.1 105633342143212.27
23.526412335718902 1.3567685322688765e-08 3599473933.090626 194120411190772.9 102495577108728.7
23.481854736598223 1.0185730827934203e-08 2707377235.5582347 146009442486458.56 77238995075334.02
23.437465597209567 8.496849573396244e-09 2262748350.174291 122030510102882.11 64676170354525.2
23.393243964007283 7.513888294924282e-09 2004764019.258159 108117359089946.27 57410317676757.46
23.349188890628735 7.094358081725942e-09 1896401462.7876067 102273342877920.17 54409418411056.734
23.305299437826804 7.231075745323612e-09 1936587829.9414766 104440602388943.88 55666841073307.45
23.261574673403114 8.478617153695076e-09 2274965891.5092635 122689404761315.9 65516142142538.3
23.218013672142057 7.692889722110372e-09 2068013736.1691062 111528430063840.14 59667710084154.0
23.17461551574553 6.184957196205909e-09 1665762709.8016303 89834944823534.92 48151530425416.375
23.131379292768393 5.9366968385765636e-09 1601888622.7662115 86390201433185.02 46391538169621.18
23.088304098554673 6.846666705864178e-09 1850870902.5244684 99817869871497.33 53702013990864.766
23.04538903517446 7.986458969327567e-09 2163013329.0861435 116651778748345.53 62875308745358.73
23.00263321136152 1.0210574280320835e-08 2770521913.0801578 149414848663282.75 80684018278173.25
22.96003574245159 1.3421021703501459e-08 3648396191.6280527 196758799221968.44 106446510379079.89
22.917595750321365 1.6988371900609716e-08 4626703619.91042 249519131364754.2 135239369199699.52
22.875312363328153 1.8119150143458016e-08 4943787163.391526 266619515750516.0 144774397052522.7
22.833184716250198 1.6730866098824836e-08 4573418121.629623 246645432866292.78 134175115479255.06
22.791211950227677 1.2284845749259262e-08 3364273251.9643703 181435987360711.78 98882613111587.69
22.749393212704323 9.5788600535799e-09 2628046140.1946936 141731099278965.97 77385180206319.66
22.707727657369702 1.2442983466080356e-08 3420108012.363596 184447168119042.62 100892600961110.67
22.666214444102113 1.2474209697086626e-08 3434970582.1575885 185248709736899.03 101516292935821.39
22.624852738912146 1.2765940470869375e-08 3521729770.7265573 189927651624700.16 104270280741961.17
22.583641713886806 1.725776850234028e-08 4769574520.885297 257224190092773.88 141473304551029.8
22.542580547134285 1.9548900318251808e-08 5412621730.739681 291903865821063.0 160839030067409.25
22.501668422729324 1.712770163845072e-08 4750872147.25847 256215567020022.25 141430992995046.03
22.46090453065916 1.3852900566814048e-08 3849483388.781069 207603475450260.12 114804721923993.19
22.420288066770084 1.78459538906654e-08 4968068245.906108 267928999805548.62 148432665892270.06
22.37981823271454 2.6929183275687656e-08 7510270890.829195 405030540735172.9 224791950108025.97
22.33949423589884 2.869132763527749e-08 8016158268.606353 432313156921812.0 240366115248516.47
22.299315289431394 2.653520800299926e-08 7427111487.553795 400545736050300.75 223103974980014.6
22.259280612071553 2.206792612233738e-08 6187844220.709984 333711783120843.9 186211174981421.94
22.21938942817895 1.6417657117493054e-08 4611774199.739168 248713984491529.06 139031117330765.6
22.179640967663424 1.5443295998269783e-08 4345847262.078348 234372486971335.25 131248592703948.05
22.140034465935454 1.1461987771608367e-08 3231250465.6017904 174262039593218.34 97761004211796.27
22.100569163857138 1.20078631889288e-08 3391183165.375947 182887244837128.1 102782631598466.95
22.06124430769369 1.4480953646507298e-08 4096907269.784187 220947099105148.5 124393216796204.25
22.022059149065463 1.4421084423654993e-08 4087228983.4923224 220425147022838.06 124319782920876.36
21.98301294490045 1.2687034588395236e-08 3602150741.663381 194264772058633.4 109759596213125.81
21.944104957387353 1.0671174245821568e-08 3035172051.201543 163687488106932.44 92647118268525.5
21.905334453929072 9.575397345447054e-09 2728323671.9030333 147139088349108.94 83427863093940.6
21.866700707096744 7.547520464241943e-09 2154319008.0924025 116182892128327.58 65991882728889.18
21.82820299458425 6.318183828611837e-09 1806605169.287866 97430609261396.97 55438016669731.734
21.789840599163185 5.670469121325651e-09 1624253874.6296864 87596364324992.69 49929927665247.414
21.75161280863834 5.8166468908989106e-09 1669053319.8130348 90012408136329.03 51397085045846.52
21.713518915803597 5.600285795912386e-09 1609788995.0829988 86816270228570.94 49658906570739.31
21.675558218398344 4.454017465527113e-09 1282539057.6327064 69167610007420.21 39633040534250.78
21.637730019064314 4.370172234588422e-09 1260595726.9154966 67984201414692.22 39022931612033.12
21.600033625302878 4.751575208609134e-09 1373005115.593567 74046464166836.73 42576716895933.15
21.562468349432788 4.765381616376779e-09 1379393531.2326186 74390992810122.52 42849211858628.89
21.525033508548354 4.014994122197513e-09 1164206587.8198855 62785914202899.945 36227472495075.21
21.48772842447808 4.3165269061025486e-09 1253813439.5699131 67618431184705.25 39083453224759.93
