string
integrated and resized binned spectra ROIsize spatial in px50:1600
converted file:an 18 2019_12.18.24_24 binning:0.1
nm muJ
28.1 0.00020041773086992685
28.200000000000003 0.0016258266270469377
28.300000000000004 0.0016319896125285942
28.400000000000006 0.0016377930930857143
28.500000000000007 0.0016359944112520563
28.60000000000001 0.0016804469775690315
28.70000000000001 0.0017614112395389079
28.80000000000001 0.0017318148649476841
28.900000000000013 0.0017083387587173776
29.000000000000014 0.001714119065669397
29.100000000000016 0.0017429218478461944
29.200000000000017 0.0017202052865219059
29.30000000000002 0.001767828863764747
29.40000000000002 0.0017283871419034997
29.50000000000002 0.0017503796300011997
29.600000000000023 0.0017657319388776392
29.700000000000024 0.001831373483720622
29.800000000000026 0.0020543640597939037
29.900000000000027 0.0019044569559581001
30.00000000000003 0.0018521170401835448
30.10000000000003 0.001882354540690052
30.20000000000003 0.001912841697915757
30.300000000000033 0.0018795811717394956
30.400000000000034 0.0018471197119743713
30.500000000000036 0.0018361749312290356
30.600000000000037 0.0018937401430255817
30.70000000000004 0.001905818489713959
30.80000000000004 0.0019212962263510558
30.90000000000004 0.002149274103468488
31.000000000000043 0.0026491109518699167
31.100000000000044 0.0020786605927623114
31.200000000000045 0.0020145657172596296
31.300000000000047 0.001983032137326104
31.40000000000005 0.001983296921297925
31.50000000000005 0.0019575470600340463
31.60000000000005 0.0019165426539009883
31.700000000000053 0.001876133425173518
31.800000000000054 0.0018612653654734579
31.900000000000055 0.0018724780596554376
32.00000000000006 0.0017917854705561062
32.10000000000006 0.001867383472624958
32.20000000000006 0.002441650107476773
32.30000000000006 0.003144483912920704
32.40000000000006 0.0021948288405613035
32.500000000000064 0.0020303991219871435
32.600000000000065 0.0018983069772135971
32.70000000000007 0.0019330389372092661
32.80000000000007 0.0019454254763065192
32.90000000000007 0.0018080595279727672
33.00000000000007 0.0018016957975125825
33.10000000000007 0.0017732763928019898
33.200000000000074 0.0017520768669083973
33.300000000000075 0.0016732387058560746
33.40000000000008 0.0017406560836995633
33.50000000000008 0.0019118812042748547
33.60000000000008 0.0029953225451637973
33.70000000000008 0.004631896260955151
33.80000000000008 0.0022729116005037898
33.900000000000084 0.002245027365552602
34.000000000000085 0.0018610026962622831
34.10000000000009 0.0019358315102342939
34.20000000000009 0.002036142789255042
34.30000000000009 0.001902692275923914
34.40000000000009 0.0018970328468974132
34.50000000000009 0.001870214942367111
34.600000000000094 0.001831611877009636
34.700000000000095 0.0017281592172103746
34.8000000000001 0.0017464349598229304
34.9000000000001 0.0018971289651055568
35.0000000000001 0.002202812645918839
35.1000000000001 0.0038042745426540483
35.2000000000001 0.008397536899975045
35.300000000000104 0.004929320875838858
35.400000000000105 0.0031760301074105946
35.50000000000011 0.0025299660813531103
35.60000000000011 0.002410947219882131
35.70000000000011 0.0027973792345596937
35.80000000000011 0.0022456181319879622
35.90000000000011 0.002813479209724782
36.000000000000114 0.0029503785263365234
36.100000000000115 0.0025107539345661364
36.20000000000012 0.002148292321639767
36.30000000000012 0.002370804977920572
36.40000000000012 0.0025019905545734886
36.50000000000012 0.00294431030878296
36.60000000000012 0.0031090566018365127
36.700000000000124 0.0036942492763955767
36.800000000000125 0.013822501230431624
36.90000000000013 0.01954168007002178
37.00000000000013 0.010459538496756753
37.10000000000013 0.005943287071651958
37.20000000000013 0.005452549537637152
37.30000000000013 0.006823869430912383
37.400000000000134 0.005416852172347899
37.500000000000135 0.00707295022309926
37.600000000000136 0.007611588741451708
37.70000000000014 0.009917612650680942
37.80000000000014 0.006294805245353343
37.90000000000014 0.0062950580059026985
38.00000000000014 0.004957649360704719
38.10000000000014 0.009311044702906937
38.200000000000145 0.00659057171746435
38.300000000000146 0.006621845058704183
38.40000000000015 0.005306892603224619
38.50000000000015 0.006939381347138435
38.60000000000015 0.02999481162406763
38.70000000000015 0.057727955738536646
38.80000000000015 0.047308164087292943
38.900000000000155 0.01663804536411574
39.000000000000156 0.016379769367710417
39.10000000000016 0.017296841429454327
39.20000000000016 0.01644090622733918
39.30000000000016 0.018853503759943317
39.40000000000016 0.01987903914180688
39.50000000000016 0.02912938062635708
39.600000000000165 0.018056438430318088
39.700000000000166 0.016275722219515818
39.80000000000017 0.011984725783771782
39.90000000000017 0.018108814329853548
40.00000000000017 0.018923373567788667
40.10000000000017 0.01603596257071569
40.20000000000017 0.010086764434221995
40.300000000000175 0.009188925956550636
40.400000000000176 0.012940384372624432
40.50000000000018 0.012492578789497173
40.60000000000018 0.06701484724629557
40.70000000000018 0.13447645156926794
40.80000000000018 0.15551070004239972
40.90000000000018 0.04928453672725871
41.000000000000185 0.031884793906507995
41.100000000000186 0.04536444606668933
41.20000000000019 0.03974975953696024
41.30000000000019 0.03882472890067139
41.40000000000019 0.0511960122077943
41.50000000000019 0.04390360162071568
41.60000000000019 0.045507532603734774
41.700000000000195 0.034180659467096995
41.800000000000196 0.019627962982775773
41.9000000000002 0.02723637030224806
42.0000000000002 0.03332648268212224
42.1000000000002 0.029061186646128872
42.2000000000002 0.022911908418837317
42.3000000000002 0.015088828938296255
42.400000000000205 0.013865959481280866
42.500000000000206 0.01566484789571916
42.60000000000021 0.017213172293013553
42.70000000000021 0.022877569381349022
42.80000000000021 0.06694276396538032
42.90000000000021 0.1706265262955857
43.00000000000021 0.29839418287575675
43.100000000000215 0.18928732372865362
43.200000000000216 0.0651828982157238
43.30000000000022 0.06637338271864875
43.40000000000022 0.08915552497831299
43.50000000000022 0.0671143833662496
43.60000000000022 0.08382015502424542
43.70000000000022 0.0473754494299715
43.800000000000225 0.06907541594214439
43.900000000000226 0.06319016413840088
44.00000000000023 0.030243369806472662
44.10000000000023 0.028930990578438988
44.20000000000023 0.055581688554089306
44.30000000000023 0.0348473534617865
44.40000000000023 0.04633229910267415
44.500000000000234 0.030269231550646793
44.600000000000236 0.023156965982094574
44.70000000000024 0.020721038044132684
44.80000000000024 0.019504783640761924
44.90000000000024 0.021178655775814677
45.00000000000024 0.025208219254803765
45.10000000000024 0.026798401971542873
45.200000000000244 0.04046342078871453
45.300000000000246 0.07069072775570923
45.40000000000025 0.21153319813101615
45.50000000000025 0.42030256649564607
45.60000000000025 0.34215824917316473
45.70000000000025 0.17146386156163027
45.80000000000025 0.08413818187918383
45.900000000000254 0.16676032822124615
46.000000000000256 0.1131334256675236
46.10000000000026 0.07094003792269186
46.20000000000026 0.06335606366254254
46.30000000000026 0.09928174713069497
46.40000000000026 0.07600540431500125
46.50000000000026 0.04004246243484019
46.600000000000264 0.037431532846274436
46.700000000000266 0.06182216188677767
46.80000000000027 0.04008174898787046
46.90000000000027 0.0646169432326536
47.00000000000027 0.042710224316161706
47.10000000000027 0.038455866970997746
47.20000000000027 0.02748373328526997
47.300000000000274 0.03056335938572454
47.400000000000276 0.021561646803209555
47.50000000000028 0.031897892117518235
47.60000000000028 0.025562493014500115
47.70000000000028 0.03458910901807549
47.80000000000028 0.033087564302035466
47.90000000000028 0.0339501409512999
48.000000000000284 0.05090393076355524
48.100000000000286 0.06219390508845366
48.20000000000029 0.16761338586797153
48.30000000000029 0.4775955644938167
48.40000000000029 0.5074701683411399
48.50000000000029 0.3723931633359717
48.60000000000029 0.23864514930952865
48.700000000000294 0.19724949702973132
48.800000000000296 0.1034772602111861
48.9000000000003 0.09396930821061385
49.0000000000003 0.11728932853646315
49.1000000000003 0.1290557230601394
49.2000000000003 0.08173963424031899
49.3000000000003 0.06037057167865961
49.400000000000304 0.046759044242791696
49.500000000000306 0.06403260200835059
49.60000000000031 0.054170212255293136
49.70000000000031 0.0687651698799632
49.80000000000031 0.06668622483184547
49.90000000000031 0.037862188007284185
50.00000000000031 0.03884693346084465
50.100000000000314 0.0335470320375505
50.200000000000315 0.043038446338790795
50.30000000000032 0.03087027358058518
50.40000000000032 0.038497944173991994
50.50000000000032 0.02577196340111106
50.60000000000032 0.036668391432885736
50.70000000000032 0.03457300983890207
50.800000000000324 0.03224898126398958
50.900000000000325 0.03787933721581504
51.00000000000033 0.028583183763616547
51.10000000000033 0.04079485846540837
51.20000000000033 0.04130523109923168
51.30000000000033 0.042699048767534456
51.40000000000033 0.15765753729222817
51.500000000000334 0.40555990754674237
51.600000000000335 0.5359962571147844
51.70000000000034 0.47120027563757466
51.80000000000034 0.3893872609876829
51.90000000000034 0.11632875034467706
52.00000000000034 0.08286765144354136
52.10000000000034 0.10568618626520852
52.200000000000344 0.16707120674992906
52.300000000000345 0.09469356958422473
52.40000000000035 0.07160414467648235
52.50000000000035 0.065983462601422
52.60000000000035 0.05103509594214945
52.70000000000035 0.055585027040987486
52.80000000000035 0.05578948047963526
52.900000000000354 0.06815912355531496
53.000000000000355 0.06515456959922959
53.10000000000036 0.0386052503625302
53.20000000000036 0.04365937950394765
53.30000000000036 0.029333766851316515
53.40000000000036 0.03747962831041745
53.50000000000036 0.03273144024495423
53.600000000000364 0.031124176071869087
53.700000000000365 0.0375963022135833
53.80000000000037 0.03259976501260898
53.90000000000037 0.03904199532346211
54.00000000000037 0.03093899336913854
54.10000000000037 0.030125839690952533
54.20000000000037 0.03525379757544785
54.300000000000374 0.035472785640453516
54.400000000000375 0.026450540907958023
54.50000000000038 0.029643303055752582
54.60000000000038 0.019766922799274365
54.70000000000038 0.027035962518416508
54.80000000000038 0.03151864222857341
54.90000000000038 0.03638704825100408
55.000000000000384 0.05530172194089066
55.100000000000385 0.2454305734158239
55.20000000000039 0.35481122763562556
55.30000000000039 0.44464038241810694
55.40000000000039 0.4659344513679164
55.50000000000039 0.3062273655716016
55.60000000000039 0.12777770652574025
55.700000000000394 0.05232443939097347
55.800000000000395 0.11180949505737721
55.9000000000004 0.08850077711328816
56.0000000000004 0.0809117277204185
56.1000000000004 0.056280452300440605
56.2000000000004 0.04598461536500553
56.3000000000004 0.04467155970009462
56.400000000000404 0.04566673822865914
56.500000000000405 0.04950658997540261
56.600000000000406 0.049064971218996646
56.70000000000041 0.03937922618793386
56.80000000000041 0.02794117979631044
56.90000000000041 0.03134792270191974
57.00000000000041 0.02154511673261161
57.10000000000041 0.026224124254885496
57.200000000000415 0.0238705789800623
57.300000000000416 0.021393228852770733
57.40000000000042 0.022605643785209444
57.50000000000042 0.019094322141319647
57.60000000000042 0.017320213302978546
57.70000000000042 0.017942223649798132
57.80000000000042 0.015011751491896246
