string
20190118an 18 2019_15.03.   full spectra  index number  Nphoton via eV
eV x-axis E [J] Nphoton Nphoton/sr Nphoton/sr @ 0.1bw
43.81066890785845 1.1400094711945605e-09 162411788.99655065 8758903064251.105 2487528470247.3667
43.65640598916881 1.157955848706148e-09 165551452.6663634 8928225808050.354 2544544355294.219
43.50322561727698 1.1760588740894597e-09 168731659.7441958 9099735066652.086 2602524229062.4966
43.35111643679699 1.1935289410340224e-09 171838962.81713045 9267312596431.42 2659718715175.795
43.20006725060606 1.2156828152511462e-09 175640566.65406185 9472333917248.682 2728032168167.522
43.05006701709701 1.1719124793552206e-09 169906628.4145554 9163101382304.396 2648136299485.944
42.90110484748767 1.1660839624508506e-09 169648615.75268257 9149186703396.81 2653264143985.0977
42.75317000318599 1.1703260209199771e-09 170854929.79883584 9214243481975.398 2681344853254.752
42.606251893209404 1.1759529366863274e-09 172268386.1684045 9290471491057.074 2712817675388.6055
42.46034007165731 1.178988399876819e-09 173306574.6862244 9346461223367.678 2738513138446.6323
42.31542423523527 1.2196747982757206e-09 179901310.0074048 9702116731933.246 2852422319188.374
42.17149422082971 1.2217860872269144e-09 180827784.36767358 9752081695457.418 2876864100159.9375
42.02854000313198 1.236968167194527e-09 183697478.30805695 9906844913098.107 2932426094277.087
41.88655169231059 1.2909959336854625e-09 192370839.67399094 10374601175834.98 3081256549222.907
41.745519531730416 1.297833892561263e-09 194043105.25502157 10464786821916.633 3118506472931.0767
41.605433895717894 1.3289337629884459e-09 199361941.57912806 10751632820383.258 3214738213294.51
41.46628528737101 1.256956394912324e-09 189196917.07312486 10203430840441.334 3061029252132.4453
41.32806433641311 1.244006779278499e-09 187873989.20170757 10132085052932.115 3049757600932.4976
41.19076179708947 1.2622859379365366e-09 191270016.33137047 10315233533815.582 3115200527212.214
41.05436854610573 1.2723126704029896e-09 193429830.08987308 10431712759027.256 3160808965985.255
40.91887558060703 1.27498037453362e-09 194477240.50909847 10488199830484.1 3188412748467.1733
40.78427401619714 1.287134221603454e-09 196979067.00380298 10623123876860.79 3240052782442.5186
40.65055508499649 1.3104927860723846e-09 201213506.3634026 10851488111448.281 3320555362103.2085
40.51771013373833 1.3756274580802701e-09 211906811.8920823 11428180401711.246 3508451383325.0693
40.38573062190204 1.4443953649409885e-09 223227202.56520626 12038691530047.2 3707916991254.4067
40.254608119882874 1.4403003006734751e-09 223319384.94796237 12043662945975.693 3721491850306.611
40.124334307197174 1.491556412010679e-09 232017540.1363552 12512756344944.186 3878954466932.6084
39.99490097072234 1.5238345978304398e-09 237805655.50896308 12824910664446.514 3988547216642.7085
39.86630000297082 1.3661246017175655e-09 213881566.66118455 11534679355420.828 3598819958891.266
39.73852340039719 1.3187444169300445e-09 207127557.19017488 11170434157352.945 3496345891251.5464
39.61156326173778 1.325244601149131e-09 208815646.16416064 11261473162454.271 3536102573010.5977
39.485411786381924 1.3225325617595296e-09 209054093.92410132 11274332701950.217 3551414801114.2363
39.36006127277436 1.308330796613297e-09 207467834.2208359 11188785371541.064 3535656177406.922
39.235504116847856 1.3527263054678719e-09 215188804.77318126 11605178990795.924 3678841740082.3877
39.11173281048556 1.399223149067327e-09 223289807.36344162 12042067820416.81 3829377566892.518
38.98873994001234 1.413967836141546e-09 226354590.14207545 12207352221487.045 3894145358654.1665
38.86651818471449 1.5294242895941862e-09 245607328.6044014 13245656589382.86 4238610108602.3594
38.74506031538725 1.4418461868044095e-09 232269169.32597312 12526326761806.266 4020950890539.881
38.62435919290941 1.5018555496473395e-09 242692218.30467805 13088444057616.344 4214478986552.444
38.50440776684447 1.4856094040841627e-09 240814795.84723395 12987194256619.752 4194863744888.125
38.38519907406786 1.5605824508083045e-09 253753415.42257103 13684976821209.36 4433932490071.807
38.266726237419505 1.32570421181331e-09 216229180.06352958 11661286656224.057 3789918163272.8193
38.14898246438129 1.265260605381654e-09 207007462.80357364 11163957440993.254 3639450125763.7466
38.03196104577889 1.2492135340842422e-09 205010892.38079587 11056281964341.54 3615404202339.5537
37.91565535450739 1.2604316474657637e-09 207486434.14183637 11189788469321.418 3670250617937.429
37.80005884428024 1.2744961654556265e-09 210443265.43144995 11349251023136.523 3733903586612.001
37.68516504840097 1.3091299601512188e-09 216820986.07739905 11693202883120.822 3858756951429.657
37.57096757855732 1.4457859456944639e-09 240182075.72599602 12953071523024.09 4287466674121.0513
37.45746012363721 1.4769128546729363e-09 246096546.6428968 13272040224480.648 4406317354527.246
37.34463644856601 1.5856499170484788e-09 265013530.6816759 14292237283372.541 4759315015363.103
37.23249039316491 1.50447089367119e-09 252203250.00265265 13601376063342.531 4542859605156.371
37.121015871029684 1.6693037709711438e-09 280675494.51543033 15136890395460.205 5070858282479.0
37.01020686842959 1.453811474954006e-09 245174644.74551997 13222321854873.598 4442700143237.558
36.90005744322593 1.6121172742899016e-09 272683314.4626336 14705870388926.23 4955878321068.054
36.79056172380983 1.7771209535412403e-09 301487661.83010685 16259295100146.38 5495641743849.664
36.68171390805892 1.2662168282485699e-09 215450465.40960976 11619290405763.812 3938939447553.904
36.57350826231243 1.2362612211562799e-09 210975779.42223513 11377969618347.27 3868509670237.8525
36.465939120364446 1.1494321044275447e-09 196736479.37886482 10610041073546.152 3618024006079.3223
36.35900088247482 1.2483247946089605e-09 214291345.09874067 11556778795581.854 3952418348089.062
36.25268801439741 1.27658528858225e-09 219785277.0399198 11853067738716.412 4065602234379.451
36.146995046425396 1.4111075564515139e-09 243655877.95832828 13140414432091.016 4520302564639.146
36.041916572453225 1.6647794982930557e-09 288295468.90793586 15547837269873.67 5364003858106.214
35.937447249054806 1.7543670042731153e-09 304692806.4001163 16432149243118.848 5685523638119.0625
35.83358179457777 1.976346531268318e-09 344240409.61425066 18564960076102.312 6442041146407.7705
35.73031498825334 1.7662201388982204e-09 308529689.72026795 16639073194130.578 5790397471557.36
35.62764166932158 2.0937678401109123e-09 366800926.5206328 19781653654094.957 6903797125279.189
35.52555673617166 1.8039890531688179e-09 316943595.2537459 17092836947456.79 5982492931609.7
35.42405514549688 1.820267093654919e-09 320719833.4121671 17296490291721.346 6071068092394.128
35.323131911464124 1.6859257564409126e-09 297898431.9737178 16065727154237.63 5655135958291.507
35.22278210489746 2.2565394077074605e-09 399860257.2409467 21564550541921.234 7612286341298.165
35.123000852475656 1.917321780039368e-09 340715872.7803356 18374881038950.027 6504707887788.597
35.02378333594324 1.3623622707635624e-09 242783140.57077783 13093347515179.803 4648138367888.809
34.92512479133495 1.3668581325898207e-09 244272428.10241866 13173665115306.21 4689824781048.98
34.827020508213224 1.4973403798319942e-09 268344803.67097196 14471893559398.303 5166466000704.704
34.7294658289185 1.4421091760778691e-09 259172555.85875264 13977232242231.084 5003849142718.841
34.63245614783214 1.858410743501929e-09 334924863.71901065 18062570662186.54 6484462867724.866
34.535986910651545 2.133011725481103e-09 385487541.4168132 20789426855079.22 7484193667828.553
34.44005361367751 3.012125583037057e-09 545881317.0679703 29439498021203.504 10627658785654.318
34.34465180311331 2.8033896157119054e-09 509463784.54417 27475492580551.945 9946128314159.492
34.24977707437542 3.1822589899177857e-09 579918212.0934743 31275115164382.758 11352866804671.223
34.15542507141571 2.597242876594418e-09 474615419.9623943 25596112707912.664 9316985025680.17
34.06159148605468 3.2640427467794255e-09 598108365.3229942 32256114079828.63 11773481639137.277
33.96827205732576 2.5534858116058076e-09 469190239.2397517 25303531532929.86 9261092541052.277
33.87546257083034 2.495214708920341e-09 459739334.1319787 24793842167275.637 9099340075390.08
33.78315885810328 1.812587566206785e-09 334878847.23858595 18060088983400.24 6646112745891.302
33.69135679598887 2.639077181047992e-09 488902846.06977 26366636701800.89 9729288942963.227
33.600052306026825 4.237816565016329e-09 787211039.1270146 42454462360292.98 15708151073308.375
33.509241353848374 2.6036990074843245e-09 484970315.60957927 26154554479747.684 9703339711986.492
33.41891994858194 2.1042709130826126e-09 393005127.7603432 21194851919767.816 7884484914153.972
33.32908414226855 2.288031944796808e-09 428477161.94331807 23107866429490.86 8619234178199.612
33.23973002928659 2.906809747482772e-09 545818303.064693 29436099662317.082 11009101273706.523
33.150853745785824 3.0858344246108794e-09 580987618.2647992 31332788471528.867 11749795676823.234
33.062451469130394 4.494963874266605e-09 848555257.5382856 45762769386133.22 17206801289185.883
32.97451941735079 5.751642367550749e-09 1088685338.600521 58713036825644.95 22134814883268.02
32.8870538486045 8.753775198851526e-09 1661343340.609095 89596607282881.55 33867517552929.223
32.80005106064523 6.276356270823517e-09 1194323679.3111982 64410135489910.04 24411441350675.945
32.71350739030052 7.512020272094893e-09 1433238997.2400804 77294890489734.94 29372058386099.895
32.627419212957626 5.752702786644488e-09 1100469951.6222262 59348583566091.36 22611810338680.34
32.54178294205747 7.24501913548486e-09 1389591560.322469 74940974734441.52 28627452348553.727
32.45659502859658 5.474002341530855e-09 1052666972.1380863 56770558497400.94 21743123904505.684
32.3718519606368 4.981347845916072e-09 960435708.7166648 51796506424008.67 19889858466818.477
32.28755026282264 3.5807377154291976e-09 692191704.5092516 37330049001578.59 14372068865607.691
32.20368649590622 2.898553898023146e-09 561778048.5104171 30296812201430.79 11694569509752.85
32.12025725627952 4.414096094020811e-09 857732257.590955 46257686992660.32 17901724866158.64
32.03725917551394 9.09197745925422e-09 1771299379.9203448 95526560370687.72 37064305423826.414
31.954688919906943 7.726330467820125e-09 1509133502.6221168 81387897652932.06 31659892186990.844
31.872543190035717 5.3209386258707226e-09 1041982694.4890524 56194353082648.56 21915797702233.04
31.790818720317677 4.071945172283562e-09 799446092.1688993 43114301428884.945 16857691858693.822
31.709512278577733 6.7635956898046395e-09 1331303431.192639 71797483267479.25 28144613440851.082
31.628620665622176 7.069637333654504e-09 1395101667.0785503 75238135988857.69 29568587443621.188
31.548140714819066 1.0518692264978274e-08 2081023359.3583243 112230041868751.75 44218636496284.69
31.468069291685 1.4728574387999918e-08 2921323078.02539 157547588250059.22 62231297358774.73
31.388403293478206 2.201515516190982e-08 4377654691.712538 236087868561613.62 93490795950397.3
31.309139648797704 1.5071375464310434e-08 3004489775.6909733 162032786322978.62 64327016170223.21
31.230275317188642 1.6057574611370812e-08 3209172859.315448 173071389489875.88 68882413016968.07
31.151807288753492 1.4117814544587995e-08 2828610830.2890654 152547596588071.25 60866491038642.46
31.07373258376915 1.5357094010382046e-08 3084640765.5534077 166355346618917.16 66542138647566.664
30.996048252309727 1.2976317335461202e-08 2612968078.7048664 140917936147138.03 56508092395000.016
30.918751373875036 1.114456834862517e-08 2249729379.6514077 121328394194235.23 48774014466082.34
30.8418390570246 1.001277854494958e-08 2026298015.9112425 109278692207668.84 44039312959691.85
30.765308439017097 7.509082107114505e-09 1523402115.8753102 82157407065507.17 33191592454464.953
30.689156685455174 5.993590101289096e-09 1218964502.6943839 65739020448139.516 26624303281495.39
30.61338098993553 6.419067002184122e-09 1308728582.0309706 70580016747845.36 28655486799623.297
30.537978573704155 7.954537663779552e-09 1625786942.9259315 87679043031265.5 35685370513725.62
30.462946685316677 1.7790076101492338e-08 3644977655.460521 196574436823782.7 80202370224100.89
30.388282600303643 2.095658857926376e-08 4304308648.760815 232132300530932.12 94942110917150.47
30.313983620840798 1.6605049051316344e-08 3418897857.5068703 184381904204715.47 75596580723936.02
30.240047075424116 7.16058954118936e-09 1477934856.0490484 79705347865397.0 32758897972677.61
30.166470318549603 1.5053731984477338e-08 3114645737.10302 167973521253113.5 69205090756283.43
30.093250730397784 1.505622080224959e-08 3122740144.597155 168410054407767.56 69553352470407.266
30.02038571652273 2.2237859989558068e-08 4623445029.503227 249343394876171.4 103228165478735.34
29.94787270754562 3.306974704145339e-08 6892136485.78204 371694417982399.4 154253183462695.53
29.87570915885274 4.1081164505205306e-08 8582493787.708478 462855754502355.8 192547993872975.03
29.803892550297803 3.384191429558906e-08 7087138289.720098 382210907632567.7 159381948482782.25
29.7324203859086 2.352419295744818e-08 4938254216.716905 266321122734331.0 111322229302950.39
29.661290193597814 3.466461476436474e-08 7294328454.34627 393384718222545.4 164828196935234.56
29.590499524878005 2.286231685133161e-08 4822329900.433627 260069299172826.0 109229105652582.11
29.520045954580674 2.4253665413193722e-08 5128015481.72925 276554988981738.06 116429650361315.58
29.449927080579297 2.054458916098584e-08 4354138225.790499 234819620445528.4 99093879828009.55
29.38014052351631 2.0098583277863394e-08 4269731365.9332585 230267540156189.94 97403169486071.23
29.310683926534004 1.717701027943441e-08 3657721188.89508 197261698350418.0 83638960100573.64
29.241554955009157 1.3113137462704038e-08 2798949905.3451285 150947976462062.5 64152889996378.86
29.17275129629149 1.0592136216874405e-08 2266183861.994044 122215788001680.1 52063925688714.88
29.104270659445735 1.0671842481691559e-08 2288609311.9760165 123425197391096.3 52702559285996.77
29.036110774997383 1.0895018968815602e-08 2341954865.1266885 126302134661736.88 54057313635223.484
28.96826939468197 9.569181145212388e-09 2061774671.5931778 111191955955834.84 47701349105052.39
28.90074429119786 2.2472741865481476e-08 4853287408.107408 261738844287135.5 112547703043471.48
28.833533257962518 3.6137265041893505e-08 7822514769.212038 421869920930776.94 181825935921146.7
28.76663410887211 4.215961630529099e-08 9147376928.89545 493320025026409.0 213114250811406.7
28.700044678064536 2.018792497927657e-08 4390339289.417861 236771951671567.6 102522255073791.08
28.633762819685636 1.8634177702966076e-08 4061821035.03013 219054890842441.22 95069822625616.83
28.56778640765871 2.750379861946266e-08 6009039574.636231 324068809713100.75 140969932225202.34
28.502113335457196 3.103699150648923e-08 6796597157.824232 366541961269888.8 159812295113672.94
28.43674151588046 5.266718087343187e-08 11559770631.172722 623420941478386.6 272434951426044.25
28.371668880832676 5.161086228291853e-08 11353903723.177172 612318494405973.6 268195500549813.16
28.306893381104747 5.6500843267817985e-08 12458096637.742834 671867858172411.4 294949989737687.1
28.242412986159177 4.153421799965901e-08 9178954424.748198 495023006237901.44 217810122744683.28
28.17822568391791 4.886443399601496e-08 10823512033.981335 583714355381007.9 257418030723019.6
28.114329480553014 4.342076596507883e-08 9639593608.608044 519865377496491.7 229780496853443.56
28.050722400280268 3.099816139265231e-08 6897327689.867492 371974380746507.5 164784650670711.16
27.987402485155485 3.2751490219726266e-08 7303944205.427602 393903297767366.1 174893064208691.56
27.924367794873596 2.7766054316970938e-08 6206114648.410739 334697111255962.94 148940214508900.72
27.86161640657051 3.308776062313407e-08 7412249702.805794 399744236770145.25 178285929599485.44
27.799146414627526 3.0690431853759905e-08 6890655114.304129 371614527296770.4 166111693701662.44
27.736955930478473 2.2358342846113967e-08 5031179240.569715 271332589458506.25 121557000077408.06
27.675043082419368 1.829356217294931e-08 4125712395.9093575 222500565814940.47 99902754050909.12
27.61340601542066 1.7744908002807568e-08 4010908441.996347 216309163639460.66 97339123637755.66
27.552042890941948 1.5519501433194337e-08 3515709110.1628594 189602956092522.34 85510933197728.55
27.490951886749173 1.4334177945634654e-08 3254407923.6049404 175510926334244.03 79330938703078.1
27.43013119673424 1.5216085004957495e-08 3462294579.5370173 186722298851660.6 84585201379798.7
27.369579030737032 1.5283716721356504e-08 3485377608.8121943 187967171635217.22 85337095922390.25
27.30929361436977 2.995589190553837e-08 6846376254.493703 369226558767692.0 167998084239301.03
27.249273188843684 5.403768507292266e-08 12377438805.25714 667517963743689.8 304388191467099.0
27.18951601079797 7.502549733457303e-08 17222507433.66559 928813567456145.5 424467800327458.8
27.130020352131016 4.859437070898909e-08 11179562744.276806 602916247538614.8 276135641372676.8
27.070784499833785 3.014611409538932e-08 6950554799.308743 374844930322167.3 172053823017875.25
27.011806755825432 3.863576383254271e-08 8927396902.423397 481456454408508.7 221469969027922.28
26.95308543679103 5.25338284209239e-08 12165207981.77807 656072309326701.5 302449334599601.75
26.89461887402142 7.319326268184773e-08 16986139538.494389 916066195519065.4 423222582329818.2
26.83640541325514 6.202117943926224e-08 14424628988.461876 777923375072282.2 360178522658465.5
26.778443414522407 6.2136801754768e-08 14482800293.838566 781060566208858.0 362412102720905.25
26.720731251991108 7.565690547151389e-08 17672142691.27709 953062494581579.4 443174059980424.6
26.66326731381478 5.689373552172756e-08 13318032110.59872 718244365042954.0 334701874110008.75
26.60605000198256 6.234779138849692e-08 14626137285.40337 788790761303649.8 368365285528814.56
26.549077732171035 4.080656175318338e-08 9593333438.994251 517370556499281.75 242129420441662.34
26.49234893359802 3.868557593996257e-08 9114179449.865921 491529677770254.25 230527418874224.75
26.43586204887819 3.701674881258666e-08 8739644551.2759 471330929322265.75 221525536781475.1
26.37961553388058 4.1088004381458685e-08 9721551059.662056 524285360636942.44 246938404859999.47
26.323607857587838 4.5360898833362734e-08 10755366498.396744 580039251842436.6 273778526869614.75
26.267837501957352 4.309693453608005e-08 10240261189.635418 552259510635242.5 261218748530478.8
26.212302961784083 3.3866972166102075e-08 8064179140.722816 434902932987500.4 206143990236078.22
26.15700274456513 2.5154109263876266e-08 6002192778.111966 323699560489093.0 153757291232312.1
26.101935370366043 2.534066096931161e-08 6059463913.144321 326788205243438.3 155551185695882.44
26.047099371688805 2.1494485174869472e-08 5150586147.982645 277772229916220.06 132497353670030.78
25.992493293341447 1.85433979841189e-08 4452770929.3485565 240138903576190.75 114786395909421.47
25.938115692309353 2.077428440976021e-08 4998925044.580757 269593113661656.1 129135101443936.89
25.883965137628124 2.095930366180748e-08 5053997450.143331 272563180458026.1 130830326619844.4
25.830040210258062 1.722442735737002e-08 4162063336.9486694 224460979962366.7 107965731361895.0
25.776339502960226 1.783262816562458e-08 4318004450.669326 232870918103246.3 112243782525762.81
25.722861620174 2.81006481371486e-08 6818455813.269914 367720803306827.7 177609147997199.78
25.66960517789621 5.9223232081399954e-08 14399980072.71074 776594053690891.1 375871521986390.75
25.616568803561712 1.0781831094914986e-07 26270028314.469364 1416748334115424.8 687122942045948.6
25.5637511359255 9.867647899089211e-08 24092287565.58053 1299302302417614.8 631460918974979.9
25.51115082494623 6.608442367815002e-08 16168064436.506763 871947227543537.9 424638299813705.0
25.458766531671188 7.471477380218157e-08 18317158457.2328 987848334968078.2 482069987464423.25
25.40659692812268 6.96802118519575e-08 17117957336.214119 923175157987268.2 451432652255776.1
25.354640697185825 6.852050584023297e-08 16867552662.628832 909670779540851.8 445738681975016.2
25.30289653249769 8.591695635333282e-08 21193252811.61368 1142956728326130.8 561191753608104.5
25.251363138337815 8.052940252212587e-08 19904836942.396217 1073472180593218.0 528148312851854.8
25.200039229520055 9.717371603283119e-08 24067809700.408436 1297982205831112.0 639905227474752.0
25.148923531285735 7.507744090772189e-08 18632839168.746292 1004873064321064.0 496407293774578.8
25.09801477919811 7.092176760206454e-08 17637180326.117767 951176966633026.6 470832598483345.4
25.047311719038113 5.6733296039008776e-08 14137280327.705832 762426599371732.5 378163593288376.44
24.996813106701342 4.941243099012375e-08 12337880301.31637 665384565032150.8 330696128820974.06
24.94651770809631 4.528636647048789e-08 11330433354.785044 611052732339691.1 304304260705172.25
24.896424299043908 4.9658543144591844e-08 12449329803.913757 671395060919430.5 335026135398791.5
24.846531665178087 4.676838903536576e-08 11748315784.988783 633589222584780.1 316794611292393.6
24.796838601847732 5.841151492125692e-08 14702498017.3827 792908912168525.9 397247364996419.4
24.74734391401969 5.118221103308222e-08 12908608344.914461 696164052413030.0 349474354311357.9
24.698046416183 4.688959751531165e-08 11849577815.19335 639050305872705.1 321442303853964.3
24.648944932254206 3.627926272731437e-08 9186479134.700409 495428815480353.8 249696123002090.25
24.60003829548386 3.447381714436351e-08 8746666453.200035 471709622018529.9 238213359119352.1
24.551325348364088 2.5813789857676308e-08 6562446919.283006 353914188036645.06 179080579146541.56
24.50280494253728 2.2039710311875296e-08 5614085907.0694275 302768872618253.75 153503818417445.9
24.454475938705844 2.341220993842696e-08 5975483126.154658 322259103156411.8 163707624403463.8
24.40633720654304 2.181056381343147e-08 5577675703.220128 300805262414610.2 153109878569037.9
24.35838762460484 2.2138260419926427e-08 5672623103.813193 305925796355745.06 156022156141424.72
24.31062608024287 1.8021106876566627e-08 4626731462.975425 249520632947298.75 127505043436070.0
24.263051469518324 1.990984052159081e-08 5121666982.886553 276212613059951.53 141420857886689.7
24.21566269711692 1.7991039277489017e-08 4637125692.3650875 250081195996410.75 128291653546163.27
24.16845867626484 1.6140158350978307e-08 4168192920.2445927 224791549721156.7 115542856556675.4
24.12143832864565 2.782604194605555e-08 7200078139.621335 388301778273719.4 199975415810958.06
24.07460058431818 5.4051848222526564e-08 14013300428.363226 755740336465777.1 389962013616345.9
24.027944381635393 1.0827422651695246e-07 28125318340.676247 1516804528287161.2 784187941124445.9
23.981468667164144 1.334815447442721e-07 34740368618.96219 1873555626902819.2 970501814735626.0
23.93517239560591 1.290472230437467e-07 33651240497.244617 1814818710687478.0 941890910846775.4
23.889054529718422 8.937904257125038e-08 23352087606.249634 1259383157803798.5 654879242057987.2
23.843114040238195 3.798705088692677e-08 9944010573.05788 536282650523305.8 279403260922633.16
23.797349905803955 5.741563892997727e-08 15058807463.853464 812124758024276.4 423929123688680.25
23.75176111288096 1.043835074348964e-07 27429951764.780163 1479303257781955.8 773675603819945.6
23.706346655686158 7.378645435108855e-08 19426787329.20053 1047690861098161.6 548990011215446.5
23.66110553611424 7.420485953180896e-08 19574302226.110046 1055646371535836.0 554214345056305.94
23.616036763664496 6.91480953728568e-08 18275201787.19083 985585602637704.2 518418026987455.2
23.571139355368558 5.993914234474857e-08 15871534731.711681 855955316143397.5 451088451607566.7
23.526412335718902 5.5828494312799124e-08 14811163822.215988 798769282630634.4 421750181228977.44
23.481854736598223 5.286981522879009e-08 14052848697.517239 757873183213042.9 400914913919686.3
23.437465597209567 4.134770079534799e-08 11011074275.236061 593829627799432.6 314729702733688.0
23.393243964007283 4.695092878675401e-08 12526874104.053349 675577041872317.5 358731409234175.56
23.349188890628735 4.116591045732431e-08 11004109449.922352 593454013257168.5 315717535052832.2
23.305299437826804 4.635828541952584e-08 12415426766.683573 669566662756233.2 356879031249074.7
23.261574673403114 5.335005933258209e-08 14314783070.34131 771999360844213.4 412247658690782.3
23.218013672142057 4.950681305423726e-08 13308493053.769241 717729921635797.4 383985508075148.56
23.17461551574553 4.759993787768915e-08 12819846441.97189 691377103703974.4 370578127585343.0
23.131379292768393 4.0881871544050655e-08 11031084571.855368 594908787443312.5 319466018857064.5
23.088304098554673 3.5818742791802636e-08 9682940859.611736 522203104160232.6 280945270038201.0
23.04538903517446 2.611871922766033e-08 7073865657.491074 381495111693001.1 205625865202529.2
23.00263321136152 2.4659099220843758e-08 6690963002.917283 360845088346928.1 194856347707342.56
22.96003574245159 2.3049420686655926e-08 6265798574.074945 337915878333258.4 182812490178284.16
22.917595750321365 2.342756316027768e-08 6380387238.605634 344095669905578.3 186499853088827.22
22.875312363328153 2.0253109808281803e-08 5526035354.649006 298020287197397.3 161825015948178.38
22.833184716250198 1.8842314409889767e-08 5150587044.724817 277772278277720.22 151108119383070.56
22.791211950227677 1.7056592452503977e-08 4671042594.171482 251910341879215.12 137291136324171.92
22.749393212704323 1.6977588289023215e-08 4657953568.922544 251204447903972.84 137157628555576.69
22.707727657369702 1.5038710534345017e-08 4133575724.3702545 222924636827130.5 121939776344433.56
22.666214444102113 1.7078024742200275e-08 4702703739.581844 253617834329522.5 138982573212579.31
22.624852738912146 1.6368742832801152e-08 4515631972.057677 243529013265941.34 133697428283002.81
22.583641713886806 1.5801252727838515e-08 4367033455.02333 235515062959520.2 129533284627739.94
22.542580547134285 1.5240593692708163e-08 4219754935.959655 227572300430424.56 125392337537166.7
22.501668422729324 3.461078159776803e-08 9600318931.206913 517747285611896.2 285796501657754.06
22.46090453065916 7.932730616336693e-08 22043697338.315716 1188821386408705.2 657418226684010.2
22.420288066770084 1.1264027370113654e-07 31357503802.444492 1691116992426762.8 936878813804402.1
22.37981823271454 1.034013284071425e-07 28837561795.28627 1555215972527881.0 863144864752993.2
22.33949423589884 1.1855128994459534e-07 33122409503.798695 1786298740323363.2 993182099619744.5
22.299315289431394 7.000683666459568e-08 19594667610.67602 1056744681149822.0 588606787400443.1
22.259280612071553 4.712937622228558e-08 13215072257.63033 712691717804527.0 397681978534906.94
22.21938942817895 5.5727089792120687e-08 15653923887.593874 844219516044562.2 471918709468913.2
22.179640967663424 4.889485529535628e-08 13759340819.39812 742044239582023.8 415544774165934.25
22.140034465935454 4.9295188307011346e-08 13896812956.258038 749458141788451.9 420446017543324.9
22.100569163857138 5.6292862097281035e-08 15897866528.92062 857375395687410.9 481844972376329.44
22.06124430769369 4.756691788578612e-08 13457487431.051037 725765220771363.4 408605819294296.1
22.022059149065463 4.412442979214357e-08 12505761912.7933 674438456811077.8 380383289641434.7
21.98301294490045 4.586621703860229e-08 13022509442.357634 702306763342947.5 396803321288757.9
21.944104957387353 4.219250024722255e-08 12000694072.709772 647200038470299.2 366315221774196.25
21.905334453929072 3.1470731647709605e-08 8966974322.729303 483590873283729.1 274196025151860.7
21.866700707096744 3.393429260422314e-08 9686001108.54948 522368144050278.75 296705105820554.4
21.82820299458425 2.832428694637798e-08 8098973471.14099 436779398785957.8 248527477909195.94
21.789840599163185 2.637211536155138e-08 7554050580.592329 407391588915157.06 232213205681646.88
21.75161280863834 3.074385842951974e-08 8821773083.035112 475760138882314.94 271659039301815.84
21.713518915803597 2.5854113762036504e-08 7431704260.901864 400793425314733.8 229253839280012.7
21.675558218398344 2.940433425901941e-08 8467009265.850911 456627649149773.94 261647642962813.84
21.637730019064314 2.575239148923033e-08 7428392504.131159 400614821552616.5 229952907571200.6
21.600033625302878 2.6343500345623533e-08 7612162103.979305 410525555996039.94 236052194697734.2
21.562468349432788 2.6036567905060115e-08 7536578648.877532 406449323842032.5 234114810533001.56
21.525033508548354 1.782155288767838e-08 5167621332.820223 278690941135373.7 160804673035119.25
21.48772842447808 1.7048880142070657e-08 4952156100.666031 267070854355866.5 154366953817692.0
