string
integrated and resized binned spectra ROIsize spatial in px50:1600
converted file:an 18 2019_15.04.25_62 binning:0.1
nm muJ
28.1 0.00014609655012432312
28.200000000000003 0.0011963331440413177
28.300000000000004 0.0011954973095397161
28.400000000000006 0.0012122206921369076
28.500000000000007 0.0012276298441783768
28.60000000000001 0.001252501278248632
28.70000000000001 0.0012752365126485715
28.80000000000001 0.0012571032918391358
28.900000000000013 0.00123592723683929
29.000000000000014 0.0012379243740513143
29.100000000000016 0.0012341334825738397
29.200000000000017 0.0012452444266539088
29.30000000000002 0.0012795406871774068
29.40000000000002 0.0012828516907905793
29.50000000000002 0.001312094783428704
29.600000000000023 0.0013476968086327224
29.700000000000024 0.0013714922552615796
29.800000000000026 0.0014243560694998873
29.900000000000027 0.0013584560168863854
30.00000000000003 0.0013235247780317677
30.10000000000003 0.001345743673138857
30.20000000000003 0.0013506614895002777
30.300000000000033 0.001333314852241823
30.400000000000034 0.0013634889713953061
30.500000000000036 0.0013836413538708158
30.600000000000037 0.0014630338906446434
30.70000000000004 0.0015240634815180995
30.80000000000004 0.0015130868322630095
30.90000000000004 0.0016172723568228485
31.000000000000043 0.0016335830985585377
31.100000000000044 0.0014790081418077047
31.200000000000045 0.0014053884398588642
31.300000000000047 0.0014410663095423984
31.40000000000005 0.0014039186261321052
31.50000000000005 0.0013935849057244703
31.60000000000005 0.001436861183086341
31.700000000000053 0.0014718760786823508
31.800000000000054 0.0015279238347603674
31.900000000000055 0.001631519567352682
32.00000000000006 0.0015423738224329439
32.10000000000006 0.0016000195488507767
32.20000000000006 0.0015881401771278146
32.30000000000006 0.0016406019116254652
32.40000000000006 0.001453788511722327
32.500000000000064 0.0013504431287098603
32.600000000000065 0.0013474854620652078
32.70000000000007 0.001332449459974953
32.80000000000007 0.001368832670311596
32.90000000000007 0.0014201976214891924
33.00000000000007 0.0015841069472650217
33.10000000000007 0.001638171246582953
33.200000000000074 0.0017621647623143621
33.300000000000075 0.0016308807608387678
33.40000000000008 0.0016980910022873436
33.50000000000008 0.001540686680394612
33.60000000000008 0.0016447600177860388
33.70000000000008 0.001761129701138939
33.80000000000008 0.0013947370281913842
33.900000000000084 0.0013292984567416582
34.000000000000085 0.001278570212248575
34.10000000000009 0.0013132577252036245
34.20000000000009 0.0014556186637047245
34.30000000000009 0.0016556067698979744
34.40000000000009 0.002008043201854417
34.50000000000009 0.0019628993336605195
34.600000000000094 0.002181242980186762
34.700000000000095 0.0021376153943628226
34.8000000000001 0.0020281413462425834
34.9000000000001 0.0018883440935246033
35.0000000000001 0.0018459152876953535
35.1000000000001 0.0017383478363160324
35.2000000000001 0.0021593468789842573
35.300000000000104 0.0019173936647809036
35.400000000000105 0.001467212382680572
35.50000000000011 0.0014830135529200813
35.60000000000011 0.0015847461182401613
35.70000000000011 0.001748830173995869
35.80000000000011 0.002304022215374717
35.90000000000011 0.0028082834608658615
36.000000000000114 0.002983601154998917
36.100000000000115 0.0034490857361692997
36.20000000000012 0.003670876697789637
36.30000000000012 0.002971398262349697
36.40000000000012 0.003228151721081007
36.50000000000012 0.002603107786668231
36.60000000000012 0.0025495118663149178
36.700000000000124 0.0019629987334809284
36.800000000000125 0.0022029243338820208
36.90000000000013 0.003448972303700255
37.00000000000013 0.0029445997011321432
37.10000000000013 0.001915787214848677
37.20000000000013 0.0025782107862240026
37.30000000000013 0.00286790467077509
37.400000000000134 0.00414990756624392
37.500000000000135 0.004761288638104676
37.600000000000136 0.007420967637743443
37.70000000000014 0.007458026910683201
37.80000000000014 0.009091261996431857
37.90000000000014 0.007561830679617721
38.00000000000014 0.007871870280856253
38.10000000000014 0.00798780014536234
38.200000000000145 0.005457494379343532
38.300000000000146 0.005095975808743399
38.40000000000015 0.0036658841209653813
38.50000000000015 0.0029829283698737797
38.60000000000015 0.003277701739025796
38.70000000000015 0.006286095673938926
38.80000000000015 0.007703053433145194
38.900000000000155 0.004956721146051793
39.000000000000156 0.0047084387306304595
39.10000000000016 0.006359709967130919
39.20000000000016 0.008352053030769349
39.30000000000016 0.0109311800662398
39.40000000000016 0.015084803594841753
39.50000000000016 0.02171234217905721
39.600000000000165 0.021063200987598885
39.700000000000166 0.018452236734044874
39.80000000000017 0.021844561464951052
39.90000000000017 0.020008886662297536
40.00000000000017 0.01408215974471435
40.10000000000017 0.01130789862878196
40.20000000000017 0.011573222967365973
40.300000000000175 0.00826008107365876
40.400000000000176 0.0058661830509018935
40.50000000000018 0.005635875970816998
40.60000000000018 0.005731395351292056
40.70000000000018 0.01144371670178715
40.80000000000018 0.01786011164283154
40.90000000000018 0.014816877435279366
41.000000000000185 0.009812093474329568
41.100000000000186 0.01417238796409951
41.20000000000019 0.015514189029147564
41.30000000000019 0.025688644720972237
41.40000000000019 0.02604850286115994
41.50000000000019 0.049005089410017404
41.60000000000019 0.03795565006107267
41.700000000000195 0.038949048810010566
41.800000000000196 0.04613155254498342
41.9000000000002 0.03703063039648584
42.0000000000002 0.030200638041679686
42.1000000000002 0.025315833724026612
42.2000000000002 0.0226254396923148
42.3000000000002 0.02049265282545738
42.400000000000205 0.015415945960812093
42.500000000000206 0.011784988777775696
42.60000000000021 0.009640140068842899
42.70000000000021 0.009815497317882312
42.80000000000021 0.009333707710141607
42.90000000000021 0.012972799981037012
43.00000000000021 0.025186618684910345
43.100000000000215 0.03463920678901368
43.200000000000216 0.022661935151169352
43.30000000000022 0.021718561152042203
43.40000000000022 0.022921535077018024
43.50000000000022 0.03686020209452888
43.60000000000022 0.04289588211251047
43.70000000000022 0.061790224255455994
43.800000000000225 0.05690280406134827
43.900000000000226 0.0601476708294084
44.00000000000023 0.06982091652229351
44.10000000000023 0.06102430938964989
44.20000000000023 0.04950427714098733
44.30000000000023 0.04606446507652072
44.40000000000023 0.03772303063301527
44.500000000000234 0.04016101450269465
44.600000000000236 0.03723966566557978
44.70000000000024 0.02831173931738698
44.80000000000024 0.02299377192055014
44.90000000000024 0.01883311380268975
45.00000000000024 0.014126357124882841
45.10000000000024 0.016347524676774722
45.200000000000244 0.015150030502786599
45.300000000000246 0.015548726222947024
45.40000000000025 0.017523777545756115
45.50000000000025 0.03459982476390789
45.60000000000025 0.055599222287091195
45.70000000000025 0.04360652909712865
45.80000000000025 0.036639582500086997
45.900000000000254 0.02917696814275883
46.000000000000256 0.053011492863846814
46.10000000000026 0.06483065954832123
46.20000000000026 0.06207633501977338
46.30000000000026 0.0721403605508508
46.40000000000026 0.08224880154042978
46.50000000000026 0.0810571334455927
46.600000000000264 0.07548934396226499
46.700000000000266 0.06525406076351369
46.80000000000027 0.06614646861272948
46.90000000000027 0.06110053432267076
47.00000000000027 0.05575715554627477
47.10000000000027 0.05515818118799315
47.20000000000027 0.05242092032381153
47.300000000000274 0.04292686354586628
47.400000000000276 0.03472131640249801
47.50000000000028 0.030137172334901468
47.60000000000028 0.024946762010027174
47.70000000000028 0.022220139110818635
47.80000000000028 0.02046692897301239
47.90000000000028 0.02206473520002235
48.000000000000284 0.02060083882243592
48.100000000000286 0.021664500810893477
48.20000000000029 0.020637201074883774
48.30000000000029 0.036382465271855555
48.40000000000029 0.06963821917839692
48.50000000000029 0.06965775324023206
48.60000000000029 0.07383818678827507
48.700000000000294 0.0447966832479344
48.800000000000296 0.06099249774047808
48.9000000000003 0.07127100415541365
49.0000000000003 0.07126800715970277
49.1000000000003 0.08467169089407642
49.2000000000003 0.09143860933067152
49.3000000000003 0.08645590958495569
49.400000000000304 0.08127981034603375
49.500000000000306 0.08707039936013579
49.60000000000031 0.08571464333591312
49.70000000000031 0.07865629817113552
49.80000000000031 0.0825714215118441
49.90000000000031 0.0676315912002879
50.00000000000031 0.07435902673210386
50.100000000000314 0.06334576605095915
50.200000000000315 0.060080755462132526
50.30000000000032 0.05238103696098212
50.40000000000032 0.045000500729820196
50.50000000000032 0.03359609827152432
50.60000000000032 0.029858579380612045
50.70000000000032 0.02786599752779385
50.800000000000324 0.025489405664037207
50.900000000000325 0.023540683807770083
51.00000000000033 0.02246822458350136
51.10000000000033 0.02206898835614381
51.20000000000033 0.024217437585630254
51.30000000000033 0.018176329685112087
51.40000000000033 0.021967887109306413
51.500000000000334 0.033322917735801795
51.600000000000335 0.06946435233414308
51.70000000000034 0.07643078770400781
51.80000000000034 0.10400860827851587
51.90000000000034 0.05719267129988685
52.00000000000034 0.05350064060321137
52.10000000000034 0.05400701598051417
52.200000000000344 0.06584096937484349
52.300000000000345 0.07009680626256581
52.40000000000035 0.07131807105296809
52.50000000000035 0.07035101562120204
52.60000000000035 0.07238063234640127
52.70000000000035 0.07801021634466213
52.80000000000035 0.08484438850205686
52.900000000000354 0.07851499158179047
53.000000000000355 0.08427658090555391
53.10000000000036 0.07608055281338341
53.20000000000036 0.0726133026211159
53.30000000000036 0.0736303900944427
53.40000000000036 0.06527524758868865
53.50000000000036 0.06377544996296619
53.600000000000364 0.057500320158394104
53.700000000000365 0.05167314249020617
53.80000000000037 0.042325543850985234
53.90000000000037 0.036992171526301444
54.00000000000037 0.030032972168471336
54.10000000000037 0.02567706268187588
54.20000000000037 0.024658629881644547
54.300000000000374 0.02288686167548378
54.400000000000375 0.021588831695510246
54.50000000000038 0.018509354785076645
54.60000000000038 0.019262514171129067
54.70000000000038 0.015657844233917546
54.80000000000038 0.017170660580756045
54.90000000000038 0.01655298620353378
55.000000000000384 0.01876737065886739
55.100000000000385 0.019237873722578114
55.20000000000039 0.04282668805741944
55.30000000000039 0.049860558127833944
55.40000000000039 0.0867420233520627
55.50000000000039 0.07029246443217216
55.60000000000039 0.06739394357167887
55.700000000000394 0.043907016838671126
55.800000000000395 0.03254120603252322
55.9000000000004 0.0377172326159902
56.0000000000004 0.04157018897811619
56.1000000000004 0.051984541795678914
56.2000000000004 0.050178322589716
56.3000000000004 0.05165478343195063
56.400000000000404 0.059222674427418645
56.500000000000405 0.06154509831583188
56.600000000000406 0.05657281262173392
56.70000000000041 0.0636745696950185
56.80000000000041 0.05650331672051624
56.90000000000041 0.05242612781258919
57.00000000000041 0.05563330895723607
57.10000000000041 0.04324954334913919
57.200000000000415 0.04599775078394668
57.300000000000416 0.036539841965894305
57.40000000000042 0.035461216151554724
57.50000000000042 0.033263193340604666
57.60000000000042 0.027372544205649697
57.70000000000042 0.02612895808690033
57.80000000000042 0.02021884492596699
