string
20190118an 18 2019_11.39   full spectra  index number  Nphoton via eV
eV x-axis E [J] Nphoton Nphoton/sr Nphoton/sr @ 0.1bw
43.81066890785845 1.055561947749601e-09 150380947.4065659 8110077163624.673 2303261914469.456
43.65640598916881 1.061414887621167e-09 151749116.10294116 8183862798652.362 2332400897615.8027
43.50322561727698 1.0579379646349045e-09 151784602.46511874 8185776585873.947 2341132103559.9487
43.35111643679699 1.0681712860374938e-09 153790527.89846927 8293956580278.211 2380365538539.826
43.20006725060606 1.0747877356250163e-09 155284194.65155873 8374510352768.723 2411858981597.305
43.05006701709701 1.0739677835231833e-09 155706375.97841218 8397278683444.059 2426813539515.308
42.90110484748767 1.0785824612990365e-09 156918393.037427 8462643026745.24 2454166477756.1406
42.75317000318599 1.0854227774165515e-09 158459975.3595009 8545780896280.654 2486822240817.5874
42.606251893209404 1.0878707531789044e-09 159364999.36640322 8594589037587.723 2509619998975.559
42.46034007165731 1.1013482961609228e-09 161893790.2731708 8730967280564.945 2558173413205.438
42.31542423523527 1.12071728680223e-09 165305135.70395797 8914941880755.916 2620992912942.239
42.17149422082971 1.094573128646161e-09 161999907.96319956 8736690230642.071 2577323618039.41
42.02854000313198 1.103095545637865e-09 163816560.07050598 8834662673453.488 2615060151342.275
41.88655169231059 1.1150666380281264e-09 166155678.61438903 8960811844694.371 2661361117874.1577
41.745519531730416 1.12036614442645e-09 167509360.73804387 9033816215708.066 2692077232280.9346
41.605433895717894 1.128768958632636e-09 169333925.7791205 9132215404756.781 2730532406022.206
41.46628528737101 1.1269627774363667e-09 169630294.26490107 9148198621580.445 2744459586474.174
41.32806433641311 1.13403762304428e-09 171266086.0817172 9236417229634.148 2780161586119.816
41.19076179708947 1.1791321820508138e-09 178670002.5244539 9635712051878.383 2909985039667.1855
41.05436854610573 1.1719844993240498e-09 178176927.61042178 9609120414644.998 2911563485637.4307
40.91887558060703 1.1549846173155458e-09 176173865.64726412 9501094847810.32 2888332833734.3438
40.78427401619714 1.157347685967915e-09 177116934.31394547 9551954745884.406 2913346197494.724
40.65055508499649 1.1560867460151714e-09 177505950.66085345 9572934481986.25 2929317951487.8228
40.51771013373833 1.1920477036727335e-09 183627498.1462509 9903070867768.844 3040242756404.7896
40.38573062190204 1.2013612461187663e-09 185666969.5504727 10013060003669.996 3084022481130.25
40.254608119882874 1.1926479239439985e-09 184920742.3688646 9972815809649.365 3081600085181.755
40.124334307197174 1.2187542608838922e-09 189582079.07121235 10224202710673.94 3169502840308.8486
39.99490097072234 1.2149838892201745e-09 189607218.93320787 10225558508892.947 3180148696265.581
39.86630000297082 1.1933966048507773e-09 186839132.51596114 10076275007049.068 3143797802199.2812
39.73852340039719 1.1898565778626794e-09 186883889.86933735 10078688780840.102 3154629588403.019
39.61156326173778 1.2106000577907296e-09 190751377.59078068 10287263233862.246 3230200655432.7056
39.485411786381924 1.1821986462286194e-09 186871366.32524008 10078013383386.219 3174574215766.586
39.36006127277436 1.1557039154652697e-09 183265110.75240603 9883527236890.785 3123194606857.44
39.235504116847856 1.1716180122855374e-09 186378485.20825055 10051432197669.443 3186304006661.2827
39.11173281048556 1.1381310580162119e-09 181624399.84514704 9795043341220.832 3114823782508.202
38.98873994001234 1.1320203982960728e-09 181219124.46608558 9773186751982.705 3117646573882.3223
38.86651818471449 1.1583149960159434e-09 186011595.20578805 10031645740130.451 3210126636841.6265
38.74506031538725 1.1164934842562327e-09 179857613.46763894 9699760168050.68 3113623013944.322
38.62435919290941 1.1367117832618277e-09 183686842.7976702 9906271337712.404 3189819370743.38
38.50440776684447 1.1441763333511383e-09 185469067.01835975 10002387077119.178 3230771025909.452
38.38519907406786 1.1336959227554711e-09 184340924.95455176 9941546130531.191 3221060946292.0874
38.266726237419505 1.1360542913395674e-09 185296301.94657767 9993069819265.07 3247747691261.1484
38.14898246438129 1.0991375305517044e-09 179828306.12438262 9698179616661.898 3161606555031.732
38.03196104577889 1.1199409215739455e-09 183795709.4452694 9912142539668.512 3241270610471.487
37.91565535450739 1.0675424195178394e-09 175733900.65717253 9477367440313.082 3108576520422.6943
37.80005884428024 1.0834301325848979e-09 178894673.16403067 9647828588280.047 3174135605544.2075
37.68516504840097 1.0664586381420833e-09 176629227.4802243 9525652610388.396 3143465361427.996
37.57096757855732 1.0634709080826253e-09 176669755.9470355 9527838319408.26 3153714483724.191
37.45746012363721 1.0486670946255439e-09 174738373.86467654 9423678464117.38 3128661250086.737
37.34463644856601 1.0669403827298888e-09 178320343.48440716 9616854863885.867 3202412669674.0254
37.23249039316491 1.0131138981233216e-09 169834204.7057251 9159195555953.258 3059171315688.3647
37.121015871029684 1.0202888483716479e-09 171550608.1308921 9251761565558.05 3099340124461.844
37.01020686842959 1.0021888593089943e-09 169011802.2742764 9114843214159.791 3062587319957.7095
36.90005744322593 1.065835539288317e-09 180281901.4226026 9722642109637.658 3276530390947.834
36.79056172380983 1.0591137120079731e-09 179678100.13674402 9690078975116.57 3275246693589.512
36.68171390805892 9.735540925966616e-10 165653052.20395055 8933705093184.746 3028526026589.607
36.57350826231243 9.870304854311264e-10 168442981.47811493 9084166585047.514 3088616638915.9795
36.465939120364446 9.742233055154463e-10 166747790.0762175 8992744544465.924 3066525889662.9517
36.35900088247482 9.802749302459088e-10 168277065.6131788 9075218706406.588 3103724797591.107
36.25268801439741 1.0119709391721025e-09 174227539.05404896 9396129031802.297 3222872257907.9673
36.146995046425396 1.0372073308199201e-09 179094542.90731487 9658607606956.703 3322561016792.9863
36.041916572453225 1.0701511863244014e-09 185321682.76946643 9994438612557.398 3448081321332.1724
35.937447249054806 1.0605784683048264e-09 184197849.78185052 9933830055384.592 3437105199163.033
35.83358179457777 1.0677234924044374e-09 185976278.23101687 10029741088008.494 3480320157539.0923
35.73031498825334 1.0497603924063767e-09 183375922.9762865 9889503364198.412 3441547170740.999
35.62764166932158 1.0032171351557806e-09 175750609.7987551 9478268567948.662 3307915730214.1064
35.52555673617166 1.0126315675568679e-09 177909665.87360764 9594706931116.482 3358147425890.67
35.42405514549688 1.0370848485977438e-09 182727952.9668885 9854558200821.268 3458949928488.2285
35.323131911464124 1.117315798381403e-09 197426620.41058156 10647260529318.525 3747835706320.0283
35.22278210489746 1.1357101275794348e-09 201248576.56549042 10853379455065.816 3831242947638.218
35.123000852475656 1.0426218877071035e-09 185278146.91736972 9992090714595.738 3537200112967.0474
35.02378333594324 9.905603278252334e-10 176525255.04794064 9520045354527.516 3379616100857.253
34.92512479133495 9.49362542905599e-10 169661421.31052372 9149877309913.168 3257356322329.0664
34.827020508213224 9.79276831654063e-10 175500409.0380746 9464775186569.5 3378924741604.9907
34.7294658289185 1.0152478578638896e-09 182458018.10118988 9840000554871.28 3522720198643.9976
34.63245614783214 1.0610663433709783e-09 191226563.7146996 10312890124758.52 3702327554788.2505
34.535986910651545 1.1931170720254124e-09 215625521.9899295 11628731245171.182 4186343248261.644
34.44005361367751 1.2956909641497995e-09 234815405.4420311 12663645828710.457 4571576144164.412
34.34465180311331 1.2153073298500507e-09 220859443.9315727 11910997792544.064 4311781200900.816
34.24977707437542 1.0562265934779614e-09 192481202.6915336 10380553077347.223 3768140767077.135
34.15542507141571 1.254521588444512e-09 229248983.95802256 12363447508782.889 4500294893196.952
34.06159148605468 1.0327509734384777e-09 189242924.9336547 10205912054354.834 3725157899839.4595
33.96827205732576 1.0643097014964764e-09 195561581.42750213 10546678571784.709 3860084357273.182
33.87546257083034 1.2569481275939275e-09 231590689.63187888 12489736204505.277 4583733187053.396
33.78315885810328 1.3160612386707216e-09 243144705.78860745 13112846805926.742 4825527624581.051
33.69135679598887 1.4016391830018438e-09 259660987.05017257 14003573442495.152 5167318600280.0205
33.600052306026825 1.3275070243097279e-09 246595898.62432972 13298970385322.639 4920619042569.368
33.509241353848374 1.0790344396057974e-09 200983167.1114848 10839065865551.568 4021293436119.674
33.41891994858194 9.210272949664295e-10 172016087.60479704 9276864974710.318 3450993770592.389
33.32908414226855 1.0907924965722391e-09 204271480.67718345 11016405330529.867 4109119188287.4126
33.23973002928659 1.436364977715859e-09 269709531.35042495 14545493619635.82 5440014613743.765
33.150853745785824 1.5636811047546907e-09 294403145.3961293 15877225589763.602 5953959596161.305
33.062451469130394 2.479051633978029e-09 467993148.90248334 25238972190975.27 9489853543806.588
32.97451941735079 2.976843846826129e-09 563464493.137957 30387762526571.055 11456186472517.223
32.8870538486045 3.012576986905247e-09 571744716.0310763 30834316746060.414 11655371730010.836
32.80005106064523 1.9508806187416255e-09 371231781.29699916 20020610614779.57 7587811423001.47
32.71350739030052 3.2648051319899567e-09 622901145.6398323 33593194108502.34 12765413761231.158
32.627419212957626 1.911235194646418e-09 365611953.2325178 19717532066364.617 7512379717284.764
32.54178294205747 1.8924261329911663e-09 362966519.9997051 19574863277403.45 7477597771967.352
32.45659502859658 2.2932230415369235e-09 440993628.6028093 23782882195616.94 9108843880921.76
32.3718519606368 3.330651902646498e-09 642170978.5293105 34632420382568.21 13298849426905.623
32.28755026282264 2.1664512632950913e-09 418796268.2144409 22585773727535.875 8695522885101.271
32.20368649590622 2.102740881951239e-09 407538969.6880522 21978665172380.008 8483764756539.094
32.12025725627952 2.2075563990441377e-09 428964910.0472348 23134170790697.48 8952924095999.475
32.03725917551394 2.4378373431463958e-09 474939560.02571 25613593651946.12 9938074336954.982
31.954688919906943 1.7552375597226072e-09 342839051.14731926 18489384509538.113 7192370574210.388
31.872543190035717 1.2571953640037233e-09 246192618.44415265 13277221397593.8 5178116345061.606
31.790818720317677 1.4782456840728882e-09 290224373.21641695 15651863498281.023 6119878627827.811
31.709512278577733 1.9973454708245115e-09 393144859.7073895 21202387694028.535 8311335976058.954
31.628620665622176 3.10653162811967e-09 613033915.1331911 33061052223641.22 12992993523891.05
31.548140714819066 7.3854647918796644e-09 1461144062.8215573 78799816738868.97 31047127795111.914
31.468069291685 6.5993867206863165e-09 1308948186.0282907 70591860039129.4 27883784715456.715
31.388403293478206 7.354585003278261e-09 1462439547.1399782 78869682489603.03 31232394265882.23
31.309139648797704 4.1948284167845075e-09 836242127.9233687 45098719630995.625 17904191693505.457
31.230275317188642 7.928563924162648e-09 1584556371.3434443 85455469348554.94 34011276800723.617
31.151807288753492 4.4162142276152205e-09 884821893.1943495 47718636925925.68 19039736133444.98
31.07373258376915 5.004308800138952e-09 1005170308.7765529 54209053123749.31 21683621249499.66
30.996048252309727 5.2360190116284744e-09 1054347715.3944573 56861201346355.46 22801341739887.598
30.918751373875036 7.262452852609395e-09 1466055305.1266546 79064681103341.38 31784001803543.09
30.8418390570246 4.9931959340622695e-09 1010479056.2205933 54495355026722.19 21961628075769.695
30.765308439017097 4.253334758772608e-09 862893637.1465603 46536041313394.484 18800560690611.402
30.689156685455174 2.4529267324305195e-09 498871388.268583 26904242348230.625 10896218151032.947
30.61338098993553 2.45628014889038e-09 500789917.7924677 27007709062250.793 10965129879273.088
30.537978573704155 4.396332723824973e-09 898543779.8224647 48458661252834.96 19722675129904.137
30.462946685316677 5.0778416895825304e-09 1040390124.8596462 56108465456551.82 22892253906272.445
30.388282600303643 4.300277397027342e-09 883241140.2307403 47633386575182.516 19482055109249.492
30.313983620840798 2.913584653392292e-09 599892737.3453401 32352345650645.332 13264461716765.055
30.240047075424116 2.6517148949476384e-09 547309945.5015832 29516544262995.19 12131299692090.816
30.166470318549603 5.00872760576523e-09 1036315254.0309114 55888706787499.84 23026147196450.156
30.093250730397784 9.698614233727377e-09 2011544092.7976234 108483009928888.28 44803483100630.38
30.02038571652273 1.3557989494620154e-08 2818824255.948751 152019804507782.53 62936199066222.195
29.94787270754562 1.783012600773087e-08 3716014575.1926003 200405473337575.9 83168271435093.89
29.87570915885274 8.550674726373457e-09 1786368853.066896 96339260331296.98 40077132297818.51
29.803892550297803 1.1065526015793552e-08 2317330882.5690737 124974157932889.08 52114223858015.24
29.7324203859086 1.272924328258951e-08 2672152852.578958 144109783859952.75 60237889653460.27
29.661290193597814 8.914067243410898e-09 1875749515.1629655 101159578855925.03 42385863540629.516
29.590499524878005 9.768381138653623e-09 2060436689.3383138 111119798282155.8 46670315278503.38
29.520045954580674 1.0299349557500986e-08 2177618231.4230933 117439424304265.83 49441997632097.555
29.449927080579297 1.4348901913202823e-08 3041048999.7550697 164004433219180.6 69209870818491.81
29.38014052351631 9.696713693152163e-09 2059964228.808452 111094318383139.16 46992896676069.26
29.310683926534004 6.242247920502517e-09 1329241941.0434277 71686306655877.28 30394994022090.66
29.241554955009157 4.693743692314114e-09 1001861949.5664015 54030632592810.8 22963018851945.41
29.17275129629149 3.2635984538281415e-09 698245754.8375903 37656545251017.375 16041688276933.143
29.104270659445735 3.3918400335895594e-09 727390485.6563894 39228326915715.22 16750495593009.97
29.036110774997383 3.6570131645767696e-09 786098656.3792982 42394471317045.49 18144833723695.504
28.96826939468197 5.881068012012479e-09 1267134239.0827997 68336824796354.805 29316497837635.746
28.90074429119786 8.789879930424966e-09 1898291443.0496676 102375269924047.9 44021366067341.86
28.833533257962518 1.1352596627981642e-08 2457459209.719983 132531309058763.0 57120994204321.15
28.76663410887211 7.597923010314305e-09 1648522252.8780615 88905163236188.81 38407030518033.2
28.700044678064536 6.0883365622706795e-09 1324052038.2344959 71406414069894.6 30918977292265.06
28.633762819685636 9.337508367235721e-09 2035361501.0750306 109767487931577.69 47639089762303.38
28.56778640765871 1.830057994532523e-08 3998317128.908716 215630111389204.75 93799098454306.4
28.502113335457196 2.3066568184044532e-08 5051203874.82329 272412522334117.1 118771859737676.11
28.43674151588046 2.3027058921018542e-08 5054144061.311494 272571087230176.16 119113565119582.3
28.371668880832676 1.427737444256468e-08 3140887938.5121355 169388768876177.84 74192280767764.98
28.306893381104747 1.838509090154823e-08 4053802136.359156 218622429895024.4 95975246723915.23
28.242412986159177 1.4506341827559376e-08 3205863909.754582 172892937121195.1 76072892333328.17
28.17822568391791 1.544250573952496e-08 3420527632.023839 184469798298481.16 81351181049628.64
28.114329480553014 1.630609577848364e-08 3620022197.9970803 195228583581251.34 86291033942910.92
28.050722400280268 1.8366487403196008e-08 4086683739.948976 220395741920092.22 97635313670605.78
27.987402485155485 2.2361316563474463e-08 4986820674.228443 268940322338903.25 119409503118460.06
27.924367794873596 1.608454458100899e-08 3595128302.9869595 193886050415201.9 86279292434763.23
27.86161640657051 1.3944401810445474e-08 3123795210.940113 168466954364854.53 75136261646725.39
27.799146414627526 7.721900519032125e-09 1733731006.365678 93500489823223.39 41794718950982.38
27.736955930478473 5.729054528166881e-09 1289178737.8247008 69525689402632.98 31147508852378.87
27.675043082419368 4.704103407459588e-09 1060907523.4397898 57214973219346.66 25689522975486.87
27.61340601542066 4.917076864419656e-09 1111414333.752835 59938816472042.29 26972467412418.574
27.552042890941948 5.38721753411486e-09 1220392925.9355314 65816055623856.96 29683041086359.83
27.490951886749173 5.013352228755361e-09 1138223153.0098085 61384621918738.32 27745849107269.65
27.43013119673424 5.4794215381091465e-09 1246797154.7354457 67240041419307.25 30459738762944.906
27.369579030737032 1.0563951711619537e-08 2409058047.0392346 129921023840325.28 58984144823508.805
27.30929361436977 1.7787180789807167e-08 4065234731.709243 219238992245965.22 99753741471914.88
27.249273188843684 1.94792487752632e-08 4461760516.995442 240623713990958.94 109724413579868.8
27.18951601079797 1.764902733112854e-08 4051429383.424536 218494466813784.06 99851971333899.39
27.130020352131016 1.8391576931749534e-08 4231144169.0642915 228186524246047.88 104509428104686.62
27.070784499833785 2.0656157680741944e-08 4762529440.738685 256844247389936.16 117891509551981.02
27.011806755825432 3.36108106725423e-08 7766302961.849478 418838405947800.6 192665666735995.5
26.95308543679103 3.1066044291517125e-08 7193933915.292379 387970418920837.2 178854363122501.44
26.89461887402142 2.1075933346770357e-08 4891143414.228939 263780426921418.47 121866557237698.2
26.83640541325514 2.1692609023213208e-08 5045177144.011646 272087499432148.8 125976512237084.5
26.778443414522407 2.081222530570647e-08 4850898248.070693 261609996367314.78 121387038314432.42
26.720731251991108 1.7479567006685885e-08 4082924095.279032 220192983466266.16 102389737311811.5
26.66326731381478 2.5042793265916264e-08 5862169565.701792 316148078224022.9 147325004452391.22
26.60605000198256 2.290922280048611e-08 5374263150.620976 289835179261929.1 135353028715324.62
26.549077732171035 2.7983917744787813e-08 6578820717.092016 354797230509662.9 166045103878521.2
26.49234893359802 2.728263544321388e-08 6427688595.8897295 346646642380043.9 162577275276223.3
26.43586204887819 2.223220448659123e-08 5249017567.367265 283080657747680.25 133047909141415.83
26.37961553388058 1.7947388484008374e-08 4246408560.392682 229009736186549.38 107863585743864.58
26.323607857587838 1.1697496067555491e-08 2773553006.131807 149578316170057.7 70600965232263.27
26.267837501957352 1.0383663288977214e-08 2467261890.641815 133059969770492.1 62937365701444.95
26.212302961784083 8.027298250284318e-09 1911407101.5505867 103082600236355.53 48861152512033.24
26.15700274456513 6.4877194651809015e-09 1548078785.5305862 83488225220978.03 39656906979962.734
26.101935370366043 7.361133489997214e-09 1760195710.6207218 94927737073107.0 45185602846800.62
26.047099371688805 8.749297272607499e-09 2096538203.6487029 113066760791903.7 53932844897735.55
25.992493293341447 6.999152167327498e-09 1680685564.072667 90639737596335.0 43325794571049.0
25.938115692309353 8.55043038843223e-09 2057493763.3277357 110961085643059.97 53150360023027.21
25.883965137628124 7.922197277807823e-09 1910309878.9743054 103023426784447.06 49451244856531.516
25.830040210258062 9.091256842765737e-09 2196786343.429213 118473164748993.5 56985592244264.09
25.776339502960226 1.363318733009308e-08 3301149052.254057 178031685556716.47 85811272438335.88
25.722861620174 2.5842195146866947e-08 6270455573.367073 338167031316807.5 163334676126019.88
25.66960517789621 3.263858275161369e-08 7935989386.374057 427989631686479.75 207146981736255.9
25.616568803561712 4.929445049704937e-08 12010637144.134434 647736270472345.5 314152091179072.8
25.5637511359255 3.2637084187915156e-08 7968484745.284531 429742113452079.5 208854667137716.94
25.51115082494623 5.3154943905135914e-08 13004767392.127441 701349930719605.0 341557416260449.3
25.458766531671188 2.6025561608560856e-08 6380456122.167425 344099384811030.56 167920499787783.28
25.40659692812268 3.20750959959407e-08 7879713769.814847 424954675459665.75 207802836299777.44
25.354640697185825 2.903439506141994e-08 7147337599.462273 385457469485154.25 188874160047725.1
25.30289653249769 2.3057064278879526e-08 5687517494.757779 306729054095166.06 150603965560719.66
25.251363138337815 2.1445213878090614e-08 5300715913.307853 285868760775628.25 140647430301606.84
25.200039229520055 2.9149885885279737e-08 7219790854.128705 389364889249653.4 191956890400083.28
25.148923531285735 3.188095008792802e-08 7912265100.582206 426710175799667.06 210794826845024.16
25.09801477919811 3.1851949160640295e-08 7921102224.025715 427186763786824.56 211457448074476.88
25.047311719038113 3.3604077467864474e-08 8373746926.15239 451597990908758.2 223992603490742.34
24.996813106701342 3.362878053795057e-08 8396831741.377002 452842960008955.9 225062951124447.75
24.94651770809631 2.5640455722727176e-08 6415119988.529016 345968814654573.4 172292469697980.97
24.896424299043908 2.2574298068831763e-08 5659346085.37437 305209763866931.1 152299672169596.66
24.846531665178087 1.992329925533694e-08 5004773864.533427 269908541792349.12 134954270896176.1
24.796838601847732 1.526162693919631e-08 3841435034.137611 207169425935847.97 103791882393856.67
24.74734391401969 1.3365707261948575e-08 3370950117.527253 181796072171055.0 91261628229874.0
24.698046416183 1.2284190720632625e-08 3104366033.2823153 167419134592815.84 84211824700184.7
24.648944932254206 9.699317543199048e-09 2456019542.104615 132453667471501.03 66756648405634.36
24.60003829548386 1.1584825084623021e-08 2939291593.6618214 158516634201959.44 80050900271987.67
24.551325348364088 1.0077961589436538e-08 2562044874.0727324 138171636658353.02 69914848149126.3
24.50280494253728 9.241514067726921e-09 2354053349.7690525 126954608566873.45 64365986543401.17
24.454475938705844 1.0526969559091812e-08 2686791598.7141237 144899254619263.34 73608821346588.75
24.40633720654304 9.874620155924017e-09 2525263876.411445 136188029463874.64 69319706997112.79
24.35838762460484 1.1678144440109474e-08 2992363026.907276 161378788126559.62 82303181944542.64
24.31062608024287 1.1458217974793187e-08 2941778103.68252 158650732227565.53 81070524168286.2
24.263051469518324 1.061234322453185e-08 2729950942.861784 147226847425436.03 75380145881820.31
24.21566269711692 1.3305432070218925e-08 3429427280.3923197 184949758268425.8 94879225991705.81
24.16845867626484 2.1265554103878585e-08 5491825429.054255 296175338478028.0 152234123977707.53
24.12143832864565 3.51663073664896e-08 9099395501.937658 490732376246697.1 252727173767039.66
24.07460058431818 4.5902305759711094e-08 11900477451.154806 641795334297960.2 331166392497751.6
24.027944381635393 7.069394689118161e-08 18363463079.203224 990345553290538.5 512008651051197.6
23.981468667164144 4.700009079531317e-08 12232406228.756485 659696325384944.9 341722696549389.4
23.93517239560591 3.755912444744271e-08 9794175340.12624 528202003859869.3 274136840003264.7
23.889054529718422 2.890645052925473e-08 7552396464.828613 407302382092666.2 211797238688190.3
23.843114040238195 2.2861394169396645e-08 5984511564.53319 322746008799577.94 168150670584574.6
23.797349905803955 1.9690056220066245e-08 5164250909.617898 278509173479853.97 145381788556486.5
23.75176111288096 2.251323142468303e-08 5916038531.599868 319053243257841.44 166864846223847.38
23.706346655686158 3.061695162178711e-08 8060951201.080509 434728849501326.7 227797917138699.25
23.66110553611424 3.043796047294466e-08 8029148511.337205 433013723534393.56 227332204855553.34
23.616036763664496 2.677760546841601e-08 7077073355.012199 381668103517181.94 200757422450046.5
23.571139355368558 3.16547366850995e-08 8381989348.981102 452042506562562.1 238226400958468.25
23.526412335718902 2.8348005419519555e-08 7520656923.848167 405590661752232.94 214151869405180.25
23.481854736598223 2.671449513927381e-08 7100738986.852817 382944396183662.06 202577585581150.5
23.437465597209567 2.2479457223738045e-08 5986378163.629842 322846674894375.6 171108737694012.97
23.393243964007283 2.2193811161590622e-08 5921481970.52953 319346809101895.4 169573155633094.62
23.349188890628735 2.176597320181986e-08 5818288694.11748 313781573286441.06 166931796988396.47
23.305299437826804 2.058809187599638e-08 5513792079.215351 297360004693430.9 158492882501599.7
23.261574673403114 1.9239416672278044e-08 5162282469.953508 278403015101113.5 148667210063984.62
23.218013672142057 1.711203291997079e-08 4600081427.212979 248083390728958.03 132724614039991.48
23.17461551574553 1.5680184145945826e-08 4223063346.2042336 227750723713660.84 122074387910526.4
23.131379292768393 1.3823751838261974e-08 3730039009.195024 201161814110109.5 108023894177130.73
23.088304098554673 1.3765386562507048e-08 3721220054.2380295 200686205953376.8 107969178802915.12
23.04538903517446 1.215420164656642e-08 3291784289.744798 177526641880114.47 95686859973382.44
23.00263321136152 1.1817897358729199e-08 3206650546.7763524 172935360626674.62 93385094738404.95
22.96003574245159 1.0965684166185545e-08 2980932542.570121 160762339623004.78 86972425736041.48
22.917595750321365 1.106860465700081e-08 3014482702.257361 162571707023649.1 88113865206819.6
22.875312363328153 1.119137786186114e-08 3053553272.425943 164678791360851.38 89420583708937.67
22.833184716250198 1.006677828272679e-08 2751775428.283658 148403846665567.66 80731692586063.86
22.791211950227677 1.0338929835155115e-08 2831373369.132132 152696580908034.4 83219636594878.56
22.749393212704323 1.0181099130072309e-08 2793275830.533345 150641972374780.53 82250516916634.69
22.707727657369702 1.191649969804434e-08 3275397432.433317 176642895105291.2 96623663622588.88
22.666214444102113 1.1464011409463303e-08 3156796534.7113194 170246722925313.53 93295204163072.47
22.624852738912146 1.4929164823464305e-08 4118496739.887854 222111423918112.56 121939171731044.72
22.583641713886806 1.930680080878255e-08 5335870927.04885 287764678304043.3 158270573067228.5
22.542580547134285 3.111267850677252e-08 8614354620.758223 464574016150436.8 255980282898896.34
22.501668422729324 4.966627807894791e-08 13776403989.520395 742964460053660.8 410116381949602.56
22.46090453065916 4.504318798847491e-08 12516729121.318945 675029920749472.0 373291546174455.9
22.420288066770084 6.429580669415534e-08 17899068749.092262 965300666178826.9 534776569063056.2
22.37981823271454 3.5558460790809674e-08 9916887202.480143 534819881255545.25 296825034096834.25
22.33949423589884 2.1287156100232175e-08 5947484011.795188 320749104836248.7 178336502288946.12
22.299315289431394 1.5101890445128754e-08 4226966074.5119047 227961198699154.2 126974387675427.22
22.259280612071553 1.8285868871927825e-08 5127355755.704089 276519409813876.88 154297830676135.88
22.21938942817895 1.9948732948203336e-08 5603665082.637497 302206875292734.5 168933643288639.62
22.179640967663424 2.5923399198244774e-08 7295018721.526678 393421944481544.06 220316288909665.2
22.140034465935454 1.9302760455056808e-08 5441643714.042278 293469027685545.4 164636124531592.28
22.100569163857138 2.1927957704275297e-08 6192752186.448576 333976470779372.8 187694776578009.28
22.06124430769369 1.9660711139458248e-08 5562348472.52626 299978661533476.75 168887986443355.06
22.022059149065463 2.0536387096644124e-08 5820430287.471266 313897069881268.0 177037947413029.03
21.98301294490045 1.529178668683186e-08 4341701787.8798895 234148920647215.62 132294140165674.34
21.944104957387353 1.6798590386377916e-08 4777975775.279054 257677271567386.47 145845335707143.47
21.905334453929072 1.4771319402122884e-08 4208800839.9165664 226981543651063.28 128698535250146.44
21.866700707096744 1.546919415134405e-08 4415434069.771608 238125318627840.78 135255180980611.75
21.82820299458425 1.492427273888571e-08 4267408009.851584 230142241057960.34 130950935161972.03
21.789840599163185 1.5466809246723943e-08 4430325659.065852 238928425273650.16 136189202405984.9
21.75161280863834 1.3931274051737034e-08 3997498841.069153 215585980948245.53 123099595121454.55
21.713518915803597 1.358227980585552e-08 3904194420.8567185 210554053295972.6 120436918485288.4
21.675558218398344 1.2151198483843738e-08 3498950503.2694287 188699160781982.62 108124619128073.31
21.637730019064314 1.1108287533921014e-08 3204235221.618972 172805101616212.1 99190128327705.19
21.600033625302878 9.973686599663119e-09 2881975370.5788255 155425557839247.78 89369695757571.72
21.562468349432788 9.233529465960698e-09 2672749391.57463 144141955337586.34 83025766274446.48
21.525033508548354 6.7853463388955226e-09 1967510952.1849258 106108293089525.42 61224485112659.45
21.48772842447808 6.87121889280368e-09 1995870008.7897193 107637703173175.64 62214592434095.99
