string
integrated and resized binned spectra ROIsize spatial in px50:1600
converted file:an 18 2019_16.59.28_99 binning:0.1
nm muJ
28.1 0.0003911549271361494
28.200000000000003 0.0029210791594384187
28.300000000000004 0.0027854546490211876
28.400000000000006 0.002988052459587923
28.500000000000007 0.0031008286568868964
28.60000000000001 0.003285697348185685
28.70000000000001 0.0030611729284627364
28.80000000000001 0.0031884151586937504
28.900000000000013 0.0034413429616408824
29.000000000000014 0.0030969422505742984
29.100000000000016 0.0030999530098427533
29.200000000000017 0.0031347885960825855
29.30000000000002 0.003092051141684299
29.40000000000002 0.0031307413311060725
29.50000000000002 0.0031083651653397502
29.600000000000023 0.0029342427323770437
29.700000000000024 0.003313318130978331
29.800000000000026 0.003085072157359897
29.900000000000027 0.002970173929182091
30.00000000000003 0.0029730599529693056
30.10000000000003 0.003037682482300119
30.20000000000003 0.003074569714954687
30.300000000000033 0.003085916466514033
30.400000000000034 0.0031870751479833722
30.500000000000036 0.003502605126735013
30.600000000000037 0.003395995836725653
30.70000000000004 0.0035254856765016824
30.80000000000004 0.003379468587184435
30.90000000000004 0.0038455357585291637
31.000000000000043 0.0037233132869034713
31.100000000000044 0.003237428635359577
31.200000000000045 0.003455082294720627
31.300000000000047 0.004009462492221256
31.40000000000005 0.0036851332482860434
31.50000000000005 0.003935341086094425
31.60000000000005 0.003364961069925816
31.700000000000053 0.003384941063070605
31.800000000000054 0.0034765304688501525
31.900000000000055 0.0038471805544226224
32.00000000000006 0.003497767140727672
32.10000000000006 0.0035471266191086565
32.20000000000006 0.003702923977685098
32.30000000000006 0.0035087140146199654
32.40000000000006 0.003779240457255039
32.500000000000064 0.004162580181202842
32.600000000000065 0.004124034704591569
32.70000000000007 0.0034757361600432804
32.80000000000007 0.0031832019764715834
32.90000000000007 0.003346140719866292
33.00000000000007 0.003832247455400219
33.10000000000007 0.003564024285876103
33.200000000000074 0.0035707811687299565
33.300000000000075 0.0036491200994199675
33.40000000000008 0.0037990488571444402
33.50000000000008 0.0034384071702806933
33.60000000000008 0.0032966646642552757
33.70000000000008 0.003820018599464005
33.80000000000008 0.003781334291755168
33.900000000000084 0.0035843817746882747
34.000000000000085 0.003508143986596715
34.10000000000009 0.0036385375953869067
34.20000000000009 0.0037858308668338512
34.30000000000009 0.003768822167307879
34.40000000000009 0.0038185319687194263
34.50000000000009 0.0038306092549181773
34.600000000000094 0.004644105370040087
34.700000000000095 0.004663376339808651
34.8000000000001 0.003644931554541255
34.9000000000001 0.0040608046680384365
35.0000000000001 0.003666022182612745
35.1000000000001 0.0035948933945255724
35.2000000000001 0.003408864904637484
35.300000000000104 0.0037913387643439024
35.400000000000105 0.0035208127975308715
35.50000000000011 0.003918761182909905
35.60000000000011 0.0038086204932774813
35.70000000000011 0.00375343296178547
35.80000000000011 0.003904940106815156
35.90000000000011 0.0039595989072117276
36.000000000000114 0.003406847134940106
36.100000000000115 0.003974791603491923
36.20000000000012 0.004030923897530449
36.30000000000012 0.003822038221831728
36.40000000000012 0.004034865801390007
36.50000000000012 0.003097307996974411
36.60000000000012 0.0037606658366354743
36.700000000000124 0.004047757155483461
36.800000000000125 0.003273265189203332
36.90000000000013 0.003574491865070122
37.00000000000013 0.003321057573261312
37.10000000000013 0.0036883158329467096
37.20000000000013 0.0034211980596257725
37.30000000000013 0.003386010855118259
37.400000000000134 0.003214101063353818
37.500000000000135 0.0030467909036876167
37.600000000000136 0.004133290980332505
37.70000000000014 0.0036750853029929205
37.80000000000014 0.00314004337595583
37.90000000000014 0.003451300162693349
38.00000000000014 0.003592600446477578
38.10000000000014 0.003089100025215019
38.200000000000145 0.0032451667973771125
38.300000000000146 0.003201107133343444
38.40000000000015 0.0033588520344578683
38.50000000000015 0.0037593075232238574
38.60000000000015 0.004302143540015674
38.70000000000015 0.003657824372660473
38.80000000000015 0.003397782133261449
38.900000000000155 0.003393705177763894
39.000000000000156 0.0032946327945926474
39.10000000000016 0.0033168756358695987
39.20000000000016 0.003460431252862486
39.30000000000016 0.003528780604997877
39.40000000000016 0.003052621039896974
39.50000000000016 0.0031919149774397694
39.600000000000165 0.003589285826565472
39.700000000000166 0.0033891017946735737
39.80000000000017 0.003418210368233715
39.90000000000017 0.003382517200159084
40.00000000000017 0.002796403027931053
40.10000000000017 0.004045534964293448
40.20000000000017 0.00368442013207171
40.300000000000175 0.003273937844700626
40.400000000000176 0.004124106946561797
40.50000000000018 0.003912526029940705
40.60000000000018 0.0031957777521471487
40.70000000000018 0.003234340869187781
40.80000000000018 0.003884828880880791
40.90000000000018 0.0038481986040066565
41.000000000000185 0.003035401166000945
41.100000000000186 0.002806148999817666
41.20000000000019 0.0027642061215308296
41.30000000000019 0.003041487424493697
41.40000000000019 0.003180729091640814
41.50000000000019 0.003632346640804153
41.60000000000019 0.003262026622171241
41.700000000000195 0.0033089648349634133
41.800000000000196 0.003424233670690572
41.9000000000002 0.002584615612737242
42.0000000000002 0.0027591185564412824
42.1000000000002 0.002196589854538242
42.2000000000002 0.003363416538660618
42.3000000000002 0.003488818877197333
42.400000000000205 0.0032139838065710436
42.500000000000206 0.0027980073760120443
42.60000000000021 0.002983481186933627
42.70000000000021 0.002666473331774209
42.80000000000021 0.00284258668444933
42.90000000000021 0.0021374585477117055
43.00000000000021 0.002352886900552483
43.100000000000215 0.0027125957877555244
43.200000000000216 0.002803172621981169
43.30000000000022 0.0030217162548702914
43.40000000000022 0.002569013010780367
43.50000000000022 0.0032297112810818714
43.60000000000022 0.0032869802021847517
43.70000000000022 0.003244093051411279
43.800000000000225 0.001981749388578647
43.900000000000226 0.0028759494221789416
44.00000000000023 0.0018837112799386282
44.10000000000023 0.002427159636015546
44.20000000000023 0.002436867130679253
44.30000000000023 0.0025894087398048633
44.40000000000023 0.002291269974860883
44.500000000000234 0.003111319441065118
44.600000000000236 0.002524001147783209
44.70000000000024 0.002468556794180075
44.80000000000024 0.0021768433244647714
44.90000000000024 0.0021964013730474945
45.00000000000024 0.0020599232744387286
45.10000000000024 0.002367861635540862
45.200000000000244 0.0022749701492627717
45.300000000000246 0.0017486551890345547
45.40000000000025 0.001605795876040021
45.50000000000025 0.0026248628269717887
45.60000000000025 0.0017267120517350288
45.70000000000025 0.0022808234539809045
45.80000000000025 0.0019652358339940826
45.900000000000254 0.0023848151875047255
46.000000000000256 0.002826378473968957
46.10000000000026 0.002480362382155951
46.20000000000026 0.0016439742703862087
46.30000000000026 0.0015343883151853156
46.40000000000026 0.0022836236646000783
46.50000000000026 0.002321336210357586
46.600000000000264 0.0020405823759326036
46.700000000000266 0.0014135671667116346
46.80000000000027 0.0017077820197277864
46.90000000000027 0.0011076629497472994
47.00000000000027 0.0013965304781460124
47.10000000000027 0.0019951876584672025
47.20000000000027 0.0015710112516485937
47.300000000000274 0.00213316924034667
47.400000000000276 0.0017841020436956251
47.50000000000028 0.0017340375602129619
47.60000000000028 0.0015847939953437533
47.70000000000028 0.0017740740679169213
47.80000000000028 0.0024753608367079354
47.90000000000028 0.0011734812820420437
48.000000000000284 0.0020163253165570707
48.100000000000286 0.001801485060054134
48.20000000000029 0.0014742368495990847
48.30000000000029 0.0014398983545008703
48.40000000000029 0.001989083345856596
48.50000000000029 0.0018515732772332394
48.60000000000029 0.0010264664667958708
48.700000000000294 0.0019366361443236965
48.800000000000296 0.001974539381290978
48.9000000000003 0.0022856481784908032
49.0000000000003 0.001901647387742308
49.1000000000003 0.001341258563864036
49.2000000000003 0.0011828523153684645
49.3000000000003 0.0012773550753777624
49.400000000000304 0.0011569907537303363
49.500000000000306 0.0007691055593651588
49.60000000000031 0.0011578216070272773
49.70000000000031 0.0019957239298805402
49.80000000000031 0.0018145965388051822
49.90000000000031 0.0010061675101458627
50.00000000000031 0.0015449499052058837
50.100000000000314 0.001805010563914731
50.200000000000315 0.0011819040695511562
50.30000000000032 0.0008447101479486961
50.40000000000032 0.001468928584445234
50.50000000000032 0.0012609320960626073
50.60000000000032 0.0012262138427243086
50.70000000000032 0.001035887683289777
50.800000000000324 0.0020300421500156723
50.900000000000325 0.0008806545961371958
51.00000000000033 0.0009738559928405992
51.10000000000033 0.0018889243309280679
51.20000000000033 0.000959515466120774
51.30000000000033 0.0011860424791641975
51.40000000000033 0.0014177675683485734
51.500000000000334 0.0012807106687058353
51.600000000000335 0.0013204965382126819
51.70000000000034 0.0009612410992453257
51.80000000000034 0.0011772992004318297
51.90000000000034 0.0020660409037237645
52.00000000000034 0.0010956041786277476
52.10000000000034 0.00176543191062566
52.200000000000344 0.0014399712515468582
52.300000000000345 0.0012514367422378802
52.40000000000035 0.001376826858446262
52.50000000000035 0.0009018401896010749
52.60000000000035 0.0007266616032408994
52.70000000000035 0.0004861528701282879
52.80000000000035 0.001267993328254738
52.900000000000354 0.0014116741348309334
53.000000000000355 0.0013347922596948659
53.10000000000036 0.0006563197094008827
53.20000000000036 0.0008014090154260566
53.30000000000036 0.0007523119193782036
53.40000000000036 0.00010762447514880185
53.50000000000036 0.0006192337292678381
53.600000000000364 0.000956462936747618
53.700000000000365 0.001143676437264482
53.80000000000037 0.0007219431284402767
53.90000000000037 0.0010782156604623066
54.00000000000037 0.0007378836421741099
54.10000000000037 0.0009670895910211814
54.20000000000037 0.001025018499328008
54.300000000000374 0.0009648936571286788
54.400000000000375 0.0007196542704736811
54.50000000000038 0.0010590137817728083
54.60000000000038 0.0008122840402609284
54.70000000000038 0.0004178815595177287
54.80000000000038 0.0007081514311342077
54.90000000000038 0.00046652830671741033
55.000000000000384 0.0005748623338151094
55.100000000000385 0.0012502991828140968
55.20000000000039 0.0007343183945657248
55.30000000000039 0.00010172140123554141
55.40000000000039 0.000506441926788986
55.50000000000039 0.00011654773382975996
55.60000000000039 0.00034422620425902993
55.700000000000394 0.0005897218173059147
55.800000000000395 0.00028726500804703405
55.9000000000004 0.0005340652490160123
56.0000000000004 0.00034949282557869034
56.1000000000004 -0.0003375803097715446
56.2000000000004 4.8783667825928235e-05
56.3000000000004 -0.0001417898201351526
56.400000000000404 -0.0005081508457052511
56.500000000000405 -0.00011984452177426081
56.600000000000406 -0.0002521348162963654
56.70000000000041 -0.000657376049299848
56.80000000000041 -0.00021936694202862115
56.90000000000041 -0.0006891503138139792
57.00000000000041 -0.0004225901161900134
57.10000000000041 -0.00011609333077326382
57.200000000000415 0.0004414219842505278
57.300000000000416 -0.0005902542825874866
57.40000000000042 -0.00025095915505656663
57.50000000000042 -0.00046373984535875865
57.60000000000042 -0.00013034281294844427
57.70000000000042 -0.0003963187392309665
57.80000000000042 -0.000625310326193239
