string
integrated and resized binned spectra ROIsize spatial in px50:1600
converted file:an 18 2019_16.31.57_85 binning:0.1
nm muJ
28.1 0.00022019619993887267
28.200000000000003 0.0018088316596180257
28.300000000000004 0.0018026976427332618
28.400000000000006 0.0018133818880451823
28.500000000000007 0.001824261873511115
28.60000000000001 0.001848400941940258
28.70000000000001 0.0018684203198032613
28.80000000000001 0.0018827386767946623
28.900000000000013 0.0019277582535015502
29.000000000000014 0.0021400475235635623
29.100000000000016 0.002069504508628471
29.200000000000017 0.001956018345486558
29.30000000000002 0.001976816447806591
29.40000000000002 0.0019428569083522556
29.50000000000002 0.001964142057831038
29.600000000000023 0.0019817837870291536
29.700000000000024 0.002003975772971014
29.800000000000026 0.0020289947205086234
29.900000000000027 0.002049513761335939
30.00000000000003 0.002079746310400844
30.10000000000003 0.0024222251971126175
30.20000000000003 0.0024557694989499794
30.300000000000033 0.0021757183056857568
30.400000000000034 0.0021424772708423757
30.500000000000036 0.0021357209838948183
30.600000000000037 0.0022153311078045752
30.70000000000004 0.002199095067406465
30.80000000000004 0.0022371276754004845
30.90000000000004 0.0023181469880549296
31.000000000000043 0.00234571062805952
31.100000000000044 0.0023431541213825118
31.200000000000045 0.0023446480151613734
31.300000000000047 0.002803401371592023
31.40000000000005 0.0028199177562478555
31.50000000000005 0.00235762477064042
31.60000000000005 0.002303649881436384
31.700000000000053 0.002236988061559833
31.800000000000054 0.0022180990530470644
31.900000000000055 0.002273348534084299
32.00000000000006 0.0022007612157230742
32.10000000000006 0.0022445167169716732
32.20000000000006 0.002264053301535628
32.30000000000006 0.00228176052332436
32.40000000000006 0.0024065600798397614
32.500000000000064 0.0023612549619906214
32.600000000000065 0.002947603488020378
32.70000000000007 0.0030030679169760132
32.80000000000007 0.002456543088690659
32.90000000000007 0.00219852493732115
33.00000000000007 0.002195930642156871
33.10000000000007 0.0021393193011472445
33.200000000000074 0.0021589949038173656
33.300000000000075 0.0021064744654903807
33.40000000000008 0.0021576079456016284
33.50000000000008 0.0021324214963975496
33.60000000000008 0.002202131829785844
33.70000000000008 0.002173051211235058
33.80000000000008 0.0022666829576295884
33.900000000000084 0.00244250067699099
34.000000000000085 0.0031330041104534866
34.10000000000009 0.003496651733891521
34.20000000000009 0.0026209645553292964
34.30000000000009 0.002246323827404291
34.40000000000009 0.0022184371101497563
34.50000000000009 0.002136316836331474
34.600000000000094 0.002189951036162012
34.700000000000095 0.0021544928833465236
34.8000000000001 0.002129734051625578
34.9000000000001 0.0022209873953838756
35.0000000000001 0.002215748202865105
35.1000000000001 0.0022393239886431275
35.2000000000001 0.0022239952944601523
35.300000000000104 0.002264382798127068
35.400000000000105 0.002377626442424656
35.50000000000011 0.003279944736952689
35.60000000000011 0.004294515197662248
35.70000000000011 0.003447099416113219
35.80000000000011 0.0023817898583436536
35.90000000000011 0.002184528462034113
36.000000000000114 0.002066097728921001
36.100000000000115 0.0020537195818618706
36.20000000000012 0.0020330125156655036
36.30000000000012 0.0020230176309627883
36.40000000000012 0.0020127878052300877
36.50000000000012 0.0020026465548782365
36.60000000000012 0.002079418571759668
36.700000000000124 0.002095773036255759
36.800000000000125 0.002247982657519152
36.90000000000013 0.0022114375118236786
37.00000000000013 0.002203840730955399
37.10000000000013 0.002457462076528452
37.20000000000013 0.0041515876577072645
37.30000000000013 0.005697878292627455
37.400000000000134 0.003948523520237291
37.500000000000135 0.002449108627554822
37.600000000000136 0.0020945652596271722
37.70000000000014 0.002034934020322231
37.80000000000014 0.001967740592425182
37.90000000000014 0.0019099847925925526
38.00000000000014 0.001878623516400677
38.10000000000014 0.001863788829482729
38.200000000000145 0.0018264775194549534
38.300000000000146 0.0018113622468395115
38.40000000000015 0.0018446784138588452
38.50000000000015 0.001924297726427384
38.60000000000015 0.002098919906315409
38.70000000000015 0.0022850833471267707
38.80000000000015 0.0022701489509491736
38.900000000000155 0.0025078722127806806
39.000000000000156 0.003916481538697097
39.10000000000016 0.006717352992805975
39.20000000000016 0.006582915987162425
39.30000000000016 0.003823684327884359
39.40000000000016 0.002424995919784513
39.50000000000016 0.0019522054307595201
39.600000000000165 0.0019085385647584071
39.700000000000166 0.0018167803761112173
39.80000000000017 0.0018627657196918256
39.90000000000017 0.0018234528855071985
40.00000000000017 0.0017737669321573808
40.10000000000017 0.0017567493106625262
40.20000000000017 0.0017574493165932288
40.300000000000175 0.001763982749692709
40.400000000000176 0.0017724487590070179
40.50000000000018 0.0016818046157050031
40.60000000000018 0.0019217246044235896
40.70000000000018 0.0020482114434919227
40.80000000000018 0.0024179839472338273
40.90000000000018 0.0030133428577595964
41.000000000000185 0.0032376472394838214
41.100000000000186 0.0050539825200341055
41.20000000000019 0.007557775769863699
41.30000000000019 0.007309192741876944
41.40000000000019 0.00418237214150206
41.50000000000019 0.0027434093998882432
41.60000000000019 0.0022461360024740667
41.700000000000195 0.001954675342638008
41.800000000000196 0.0017625644964191366
41.9000000000002 0.001722546118410625
42.0000000000002 0.0016206408062298097
42.1000000000002 0.0015891579593463293
42.2000000000002 0.0014509817857192569
42.3000000000002 0.0014699538153493416
42.400000000000205 0.0015352420795511346
42.500000000000206 0.0016361455292594597
42.60000000000021 0.0014398321395093837
42.70000000000021 0.0015486294592476524
42.80000000000021 0.0018993422231452922
42.90000000000021 0.0020983484084751624
43.00000000000021 0.002664058302449637
43.100000000000215 0.0035979921663490417
43.200000000000216 0.005883173600043536
43.30000000000022 0.008263655337063249
43.40000000000022 0.011159517942098079
43.50000000000022 0.011946180131013864
43.60000000000022 0.009622721036138968
43.70000000000022 0.005618949430268369
43.800000000000225 0.0031520988231800496
43.900000000000226 0.002124675491452976
44.00000000000023 0.0018879008342036628
44.10000000000023 0.0016623097864608273
44.20000000000023 0.0015006474315237867
44.30000000000023 0.0013235125598072813
44.40000000000023 0.0012969956349289022
44.500000000000234 0.0012789687309547782
44.600000000000236 0.0014233084556155482
44.70000000000024 0.0013967161346695488
44.80000000000024 0.001424356371329649
44.90000000000024 0.0014095009464786218
45.00000000000024 0.0014772558603881824
45.10000000000024 0.0015487898457620885
45.200000000000244 0.00142990073038231
45.300000000000246 0.0022407914016909594
45.40000000000025 0.003165400283701387
45.50000000000025 0.004417824487708929
45.60000000000025 0.005616137237621524
45.70000000000025 0.007065452918201191
45.80000000000025 0.009711463316788406
45.900000000000254 0.01677312769832167
46.000000000000256 0.021557879280824477
46.10000000000026 0.02041135368062189
46.20000000000026 0.015328929506317686
46.30000000000026 0.006638939077748721
46.40000000000026 0.003693435355405478
46.50000000000026 0.0023967562126791103
46.600000000000264 0.001885956143216879
46.700000000000266 0.001745205431691636
46.80000000000027 0.0015188302924121014
46.90000000000027 0.0015981958635001177
47.00000000000027 0.00214421806448457
47.10000000000027 0.0015873541076066129
47.20000000000027 0.001584588815247139
47.300000000000274 0.002026640318699004
47.400000000000276 0.0018372406170818769
47.50000000000028 0.0020815970438808015
47.60000000000028 0.0020136907746869334
47.70000000000028 0.002718937861558367
47.80000000000028 0.0027273143517244523
47.90000000000028 0.0028687008298710097
48.000000000000284 0.004351413044526505
48.100000000000286 0.005335776065441968
48.20000000000029 0.007059609699939125
48.30000000000029 0.011650720061919516
48.40000000000029 0.01489485769308917
48.50000000000029 0.019721036488298982
48.60000000000029 0.02374575050429882
48.700000000000294 0.02473771046721288
48.800000000000296 0.026748104894493998
48.9000000000003 0.028877138050262315
49.0000000000003 0.027233976954909207
49.1000000000003 0.01669208462076611
49.2000000000003 0.008485813431759961
49.3000000000003 0.004809157463790569
49.400000000000304 0.0038258671702544444
49.500000000000306 0.004092676483017824
49.60000000000031 0.003753332718634306
49.70000000000031 0.00296225336306135
49.80000000000031 0.0028463035067454504
49.90000000000031 0.003243449250185849
50.00000000000031 0.003022731346501398
50.100000000000314 0.0027571385901348335
50.200000000000315 0.00314663995698173
50.30000000000032 0.003953947410486492
50.40000000000032 0.0034089732844003137
50.50000000000032 0.002411681130151306
50.60000000000032 0.0025131746219057634
50.70000000000032 0.003002639338157256
50.800000000000324 0.003745131153285122
50.900000000000325 0.004381330921389785
51.00000000000033 0.004282174120514737
51.10000000000033 0.004527396527734087
51.20000000000033 0.007144835209962783
51.30000000000033 0.009868417452805901
51.40000000000033 0.011319186862123177
51.500000000000334 0.015305641493427221
51.600000000000335 0.023444940176236065
51.70000000000034 0.030880008296639345
51.80000000000034 0.03320155215778803
51.90000000000034 0.036296985196850706
52.00000000000034 0.036763585985706886
52.10000000000034 0.035911516935678595
52.200000000000344 0.03491409829879795
52.300000000000345 0.030733290990541305
52.40000000000035 0.019330548179719957
52.50000000000035 0.010569011749902872
52.60000000000035 0.00525616756309965
52.70000000000035 0.004579535663847845
52.80000000000035 0.005015543994834961
52.900000000000354 0.004826046671838632
53.000000000000355 0.003662557596017073
53.10000000000036 0.003230313374425809
53.20000000000036 0.0033754720268626003
53.30000000000036 0.003744677073657037
53.40000000000036 0.00323738921625546
53.50000000000036 0.003443542362840698
53.600000000000364 0.004396703984193386
53.700000000000365 0.005602102072330479
53.80000000000037 0.00451821468066645
53.90000000000037 0.003655068726428695
54.00000000000037 0.0033573290487862177
54.10000000000037 0.003274838331110489
54.20000000000037 0.0030464731235473196
54.300000000000374 0.004834194508054546
54.400000000000375 0.004186826383669941
54.50000000000038 0.003638809637502789
54.60000000000038 0.004271985930665209
54.70000000000038 0.0057856918723914385
54.80000000000038 0.0064201636438767536
54.90000000000038 0.007237398223005699
55.000000000000384 0.012462791884846332
55.100000000000385 0.014569690260551351
55.20000000000039 0.0191624676918055
55.30000000000039 0.029525705911598064
55.40000000000039 0.04068256644412967
55.50000000000039 0.04666761666490076
55.60000000000039 0.048811306642411796
55.700000000000394 0.04642195559889397
55.800000000000395 0.04415224170960029
55.9000000000004 0.04175884591339179
56.0000000000004 0.038540982861703606
56.1000000000004 0.029433548584159464
56.2000000000004 0.019060901313101168
56.3000000000004 0.011932604522958225
56.400000000000404 0.004982351722354368
56.500000000000405 0.002406311820905411
56.600000000000406 0.0025419736473167257
56.70000000000041 0.002869164902143144
56.80000000000041 0.0026986298294176276
56.90000000000041 0.0025116039618815218
57.00000000000041 0.0024494088678337213
57.10000000000041 0.0021128194382379908
57.200000000000415 0.00202499048807102
57.300000000000416 0.0017314245620352045
57.40000000000042 0.0015453524010416867
57.50000000000042 0.0026181090854784524
57.60000000000042 0.003946365992100877
57.70000000000042 0.003634846916059077
57.80000000000042 0.0023112206506536157
