string
20190118an 18 2019_11.35   full spectra  index number  Nphoton via eV
eV x-axis E [J] Nphoton Nphoton/sr Nphoton/sr @ 0.1bw
43.81066890785845 1.70641700978943e-09 243105207.75203907 13110716668233.732 3723443533778.459
43.65640598916881 1.7152022309875836e-09 245220248.48690087 13224781274553.6 3769062663247.581
43.50322561727698 1.7182706088123652e-09 246523926.73712885 13295088925810.135 3802395432781.698
43.35111643679699 1.7322157266898596e-09 249396678.71985206 13450017064338.564 3860154897465.1353
43.20006725060606 1.740204727464487e-09 251422937.45658967 13559293638211.865 3905076567804.8765
43.05006701709701 1.7519317590347877e-09 253999188.19343537 13698231400135.764 3958788874639.1953
42.90110484748767 1.7540658625456461e-09 255191611.49808416 13762539048007.277 3991136323922.1445
42.75317000318599 1.7711114297604347e-09 258563095.74298167 13944363925783.447 4057809902402.848
42.606251893209404 1.773794776008349e-09 259847782.9546098 14013647386202.525 4091985036771.0464
42.46034007165731 1.7798376557340015e-09 261629009.78927958 14109709336364.57 4134144835554.672
42.31542423523527 1.8230465575525924e-09 268898286.9629321 14501743033576.957 4263512451871.6245
42.17149422082971 1.8008106786330665e-09 266525055.80740473 14373754161779.193 4240257477724.8604
42.02854000313198 1.8091500353745597e-09 268670050.0409685 14489434166791.4 4288872513370.3237
41.88655169231059 1.8271885486468451e-09 272268708.34709626 14683510591042.873 4361002645539.617
41.745519531730416 1.8359414138836922e-09 274497202.6529735 14803693773095.186 4411500744382.252
41.605433895717894 1.846610611360021e-09 277021990.91810954 14939856152739.652 4467016989669.039
41.46628528737101 1.863407828739191e-09 280479909.94307464 15126342476982.668 4537902743094.867
41.32806433641311 1.8796723685081707e-09 283874294.05221385 15309402349412.348 4608130107173.013
41.19076179708947 1.9382127141912464e-09 293690966.8050728 15838817643628.414 4783322928375.64
41.05436854610573 1.91696124416586e-09 291435821.06309474 15717197143837.209 4762310734582.669
40.91887558060703 1.914272763528653e-09 291990756.93142104 15747124955774.86 4787125986555.568
40.78427401619714 1.9265717305161164e-09 294836618.9193617 15900602911042.863 4849683887868.04
40.65055508499649 1.922577227460305e-09 295193158.86592716 15919831187818.797 4871468343472.603
40.51771013373833 1.9790184436740477e-09 304855421.87405735 16440919130956.404 5047362173203.209
40.38573062190204 1.9824812945678155e-09 306386855.1961896 16523509662720.111 5089240976117.614
40.254608119882874 1.9793517981660417e-09 306899627.7758149 16551163599338.219 5114309552195.677
40.124334307197174 2.0189603300946434e-09 314057320.02450675 16937179497305.854 5250525644164.694
39.99490097072234 2.0227986965974307e-09 315672692.2278173 17024296871167.078 5294556326932.752
39.86630000297082 1.9982742824962545e-09 312851429.2339883 16872145544995.602 5264109410038.581
39.73852340039719 1.989881146241711e-09 312539121.02188224 16855302695268.328 5275709743619.1
39.61156326173778 2.035121619453471e-09 320669282.95375705 17293764094517.299 5430241925678.365
39.485411786381924 1.975318872970152e-09 312240703.28412586 16839208961840.414 5304350822979.608
39.36006127277436 1.9521442682315367e-09 309560200.2681615 16694648851855.027 5275509037186.107
39.235504116847856 1.9831889275349356e-09 315481449.0046049 17013983082591.988 5393432637181.777
39.11173281048556 1.952466402533578e-09 311577068.45824707 16803418991507.307 5343487239299.285
38.98873994001234 1.936280862465056e-09 309968904.3982944 16716690354383.328 5332624223048.007
38.86651818471449 1.9798744304402224e-09 317944257.287564 17146802868332.613 5486976917866.235
38.74506031538725 1.9314336678059975e-09 311137552.4901063 16779715799861.426 5386288771755.61
38.62435919290941 1.9455049038275838e-09 314383697.5156608 16954781106308.71 5459439516231.381
38.50440776684447 1.915363698927673e-09 310477247.15691143 16744105389792.09 5408346040902.774
38.38519907406786 1.884561117195811e-09 306432908.9522454 16525993351789.297 5354421845979.701
38.266726237419505 1.9227249521255614e-09 313606335.54685163 16912857806450.352 5496678787096.365
38.14898246438129 1.87607057062847e-09 306941200.2668864 16553405612813.254 5396410229777.04
38.03196104577889 1.9082077937841927e-09 313159737.68925387 16888772686967.53 5522628668638.184
37.91565535450739 1.848820579172119e-09 304344301.50317794 16413354298314.902 5383580209847.294
37.80005884428024 1.8655218383879535e-09 308032709.7443206 16612270956059.736 5465437144543.777
37.68516504840097 1.8309393122242871e-09 303244199.7420092 16354025571339.957 5396828438541.886
37.57096757855732 1.843783760524076e-09 306299706.475457 16518809713278.102 5467726015095.15
37.45746012363721 1.8146449839359507e-09 302372521.51778954 16307015775337.273 5413929237411.57
37.34463644856601 1.830056927413138e-09 305861869.2989768 16495197059231.19 5492900620724.04
37.23249039316491 1.7818010704464197e-09 298693728.6159329 16108617674929.045 5380278303426.26
37.121015871029684 1.7946048682622002e-09 301743527.82193464 16273094008672.076 5451486492904.964
37.01020686842959 1.7707827936492714e-09 298629533.35691255 16105155610663.775 5411332285183.063
36.90005744322593 1.7862764575383253e-09 302141657.28276354 16294565216987.484 5491268478124.6875
36.79056172380983 1.7834100521903844e-09 302554604.2028086 16316835534097.486 5515090410525.139
36.68171390805892 1.7291459625616476e-09 294219200.12732655 15867305381455.293 5379016524313.305
36.57350826231243 1.7340213792158989e-09 295921691.75437295 15959121124765.129 5426101182419.836
36.465939120364446 1.695863984663196e-09 290263608.057314 15653979441774.299 5338006989645.16
36.35900088247482 1.7374832988505125e-09 298261826.4134581 16085325095319.61 5501181182599.401
36.25268801439741 1.742784796887015e-09 300049235.1201758 16181720435184.2 5550330109267.8
36.146995046425396 1.7671684050280969e-09 305136888.57999855 16456098691555.945 5660897949895.041
36.041916572453225 1.7805571406663107e-09 308345072.913317 16629116769624.049 5737045285520.081
35.937447249054806 1.7308521874389679e-09 300608828.8083526 16211899444358.291 5609317207747.911
35.83358179457777 1.7729082684100319e-09 308805494.82093996 16653947423127.979 5778919755825.649
35.73031498825334 1.777439535508853e-09 310489534.2939384 16744768037761.312 5827179277140.855
35.62764166932158 1.6969711474038965e-09 297287300.5411898 16032768703314.197 5595436277456.694
35.52555673617166 1.7547230246154647e-09 308288025.9828872 16626040216272.627 5819114075695.248
35.42405514549688 1.7512412391151086e-09 308557903.6347685 16640594776669.014 5840848766610.762
35.323131911464124 1.7162855403775238e-09 303262922.0737268 16355035270756.877 5756972415306.278
35.22278210489746 1.7068805009989525e-09 302460339.88052505 16311751838717.98 5758048399067.424
35.123000852475656 1.7027876584010772e-09 302592287.4457696 16318867799576.988 5776879201050.509
35.02378333594324 1.6976020716867858e-09 302525379.07746047 16315259416738.354 5791917092942.09
34.92512479133495 1.6155788745803834e-09 288721532.30488235 15570814961432.496 5543210126269.933
34.827020508213224 1.6442889000349012e-09 294680079.42705184 15892160702214.672 5673501370690.1
34.7294658289185 1.6117378497639011e-09 289657832.31036395 15621309824137.6 5592428917041.387
34.63245614783214 1.623343647922562e-09 292560808.71823764 15777867972480.596 5664254602120.445
34.535986910651545 1.6341807247858513e-09 295336543.3030408 15927563941662.344 5733923018998.47
34.44005361367751 1.5978851714950565e-09 289581439.38328946 15617189936984.246 5637805567251.235
34.34465180311331 1.6925423295647383e-09 307588005.565999 16588287963111.676 6004960242646.238
34.24977707437542 1.6582917465607855e-09 302198403.03436166 16297625527699.082 5916038066554.913
34.15542507141571 1.6208230072824542e-09 296186236.2655738 15973388067726.008 5814313256652.242
34.06159148605468 1.6104012872158502e-09 295092483.8104786 15914401760206.984 5808756642475.464
33.96827205732576 1.5560393012344909e-09 285914434.5719091 15419427570856.35 5643510490933.393
33.87546257083034 1.5638318769184293e-09 288133531.44264174 15539103947189.736 5702851148618.583
33.78315885810328 1.5627062452422963e-09 288712819.030547 15570345052654.648 5729886979376.923
33.69135679598887 1.580566645932499e-09 292808235.07120335 15791211729448.965 5826957128165.889
33.600052306026825 1.5956885406953175e-09 296412932.2192572 15985613829757.438 5914677117010.242
33.509241353848374 1.5108428366564336e-09 281412684.5013801 15176647211555.666 5630536115487.211
33.41891994858194 1.4894099493725294e-09 278170336.24400854 15001786665641.328 5580664639618.817
33.32908414226855 1.5245762245364544e-09 285505670.20761216 15397382819886.496 5743223791817.345
33.23973002928659 1.692559925096266e-09 317815841.560103 17139877380252.559 6410314140214.419
33.150853745785824 1.5620462041707497e-09 294095333.35385376 15860625219452.072 5947734457294.48
33.062451469130394 1.5915806137994097e-09 300457163.93123513 16203720124586.426 6092598766844.423
32.97451941735079 1.508713154664935e-09 285573021.87355834 15401015109863.0 5806182696418.317
32.8870538486045 1.9040372009131502e-09 361359465.16242 19488194460898.91 7366537506219.788
32.80005106064523 1.933385822900397e-09 367902708.17936474 19841072978310.44 7519766658779.67
32.71350739030052 1.7129364945909787e-09 326815862.4336178 17625250461199.453 6697595175255.933
32.627419212957626 1.8253458684634722e-09 349181654.9649197 18831442511340.5 7174779596820.582
32.54178294205747 1.596055224578197e-09 306122706.98081726 16509264092079.361 6306538883173.67
32.45659502859658 1.5407106223868712e-09 296283246.62999827 15978619857754.744 6119811405520.383
32.3718519606368 1.6391031118153377e-09 316029558.17403847 17043542729175.268 6544720408003.021
32.28755026282264 1.6135051628955611e-09 311906366.1453591 16821178087312.584 6476153563615.315
32.20368649590622 1.6437675957793869e-09 318583881.7043898 17181297952089.277 6631981009506.782
32.12025725627952 1.8174950680260076e-09 353169508.46857214 19046508317146.43 7370998718735.297
32.03725917551394 1.7301889908137437e-09 337075482.23780745 18178553986123.23 7053278946615.734
31.954688919906943 1.6982488617571863e-09 331707822.1986442 17889074914096.73 6958850141583.688
31.872543190035717 1.6446983944406717e-09 322076119.4892885 17369635094511.201 6774157686859.399
31.790818720317677 1.506357826891936e-09 295743637.7861258 15949518635575.656 6236261786510.011
31.709512278577733 1.6839939621940715e-09 331466729.058935 17876072708695.164 7007420501808.31
31.628620665622176 1.8827886314049226e-09 371544031.8169391 20037450353155.793 7874717988790.258
31.548140714819066 1.807798423816047e-09 357655747.9011032 19288452184370.227 7599650160641.267
31.468069291685 2.339376320645704e-09 464001053.5749116 25023677622683.844 9884352660960.33
31.388403293478206 4.190666452069939e-09 833302809.8319724 44940201567765.09 17796319820834.652
31.309139648797704 3.7800832849247134e-09 753562381.0654153 40639782920920.88 16133993819605.766
31.230275317188642 3.092574150915708e-09 618063765.5895629 33332313151479.258 13266260634288.258
31.151807288753492 3.3437678332374025e-09 669949153.7585955 36130503407441.83 14416070859569.77
31.07373258376915 2.5099639241123544e-09 504153782.9456029 27189123040752.99 10875649216301.162
30.996048252309727 2.2663877858582272e-09 456369768.5036361 24612120760907.09 9869460425123.334
30.918751373875036 2.8342852629044517e-09 572150901.3900722 30856222410714.098 12404201409107.012
30.8418390570246 2.66900275931271e-09 540129292.9208801 29129290109334.098 11739103914061.99
30.765308439017097 2.4376866567708226e-09 494544733.66954416 26670904925746.582 10775045590001.637
30.689156685455174 2.5526947095388384e-09 519162002.1653375 27998519563781.73 11339400423331.127
30.61338098993553 2.450106936667848e-09 499531314.43534094 26939832309771.645 10937571917766.555
30.537978573704155 2.7143269926558694e-09 554767300.1267244 29918721018025.844 12176919454336.709
30.462946685316677 2.8314504272101297e-09 580130938.2178144 31286587530482.79 12764927712436.588
30.388282600303643 3.1138847725957965e-09 639565982.18428 34491932363749.98 14107200336773.629
30.313983620840798 2.5437829976287526e-09 523752396.8570215 28246080546759.184 11580893024171.674
30.240047075424116 2.4371557793166116e-09 503025268.40200996 27128262006249.277 11149715684568.264
30.166470318549603 3.343901494898312e-09 691859569.913756 37312136910687.88 15372600407203.555
30.093250730397784 2.8299633012711337e-09 586949416.1041838 31654309524196.664 13073229833493.084
30.02038571652273 3.3367215382020773e-09 693733507.5353777 37413198773731.49 15489064292324.895
29.94787270754562 7.884849798380363e-09 1643298357.0212426 88623437397748.64 36778726520065.63
29.87570915885274 9.777899383907642e-09 2042755158.7198246 110166229494620.16 45829151469760.805
29.803892550297803 6.594753961744463e-09 1381066475.8894649 74481215078910.44 31058666687905.95
29.7324203859086 7.553748516321822e-09 1585700751.9968805 85517186045809.38 35746183767148.33
29.661290193597814 6.303858505114304e-09 1326494316.4260397 71538126663345.08 29974475071939.414
29.590499524878005 5.32435783610928e-09 1123062468.28096 60567002897680.21 25438141217024.57
29.520045954580674 4.384750479319756e-09 927079184.0494275 49997581802059.97 21048981938667.945
29.449927080579297 5.8060519696658775e-09 1230511480.3685532 66361751462667.46 28004659117244.695
29.38014052351631 5.0552415230485065e-09 1073932574.9940617 57917417079337.414 24499067424560.453
29.310683926534004 3.5660547065895887e-09 759365783.0355129 40952761649946.82 17363970939576.705
29.241554955009157 3.656097009069172e-09 780380165.0498818 42086071837318.18 17886580530860.867
29.17275129629149 4.160166602158063e-09 890066198.544337 48001463452766.35 20448623430878.137
29.104270659445735 3.462895147908033e-09 742628472.5899261 40050114861465.93 17101399045845.516
29.036110774997383 4.345140481589781e-09 934016078.3239423 50371690017312.28 21559083327409.695
28.96826939468197 4.7108038019194365e-09 1014989246.6506097 54738590576443.68 23482855357293.965
28.90074429119786 4.5243901242711385e-09 977102204.5698283 52695334166135.83 22658993691439.055
28.833533257962518 6.326394370216135e-09 1369453757.4856424 73854938652550.25 31831478559245.977
28.76663410887211 6.679972672788851e-09 1449354459.733361 78164000883052.62 33766848381478.414
28.700044678064536 5.053788877225426e-09 1099065302.1983275 59272830517502.95 25665135614079.36
28.633762819685636 5.9931419028005565e-09 1306366732.932949 70452641712881.62 30576446503389.77
28.56778640765871 5.789434476616165e-09 1264877676.210589 68215127870422.28 29673580623634.434
28.502113335457196 1.0154991141187192e-08 2223778162.0519667 119928839391242.33 52288973974582.12
28.43674151588046 1.685626191153098e-08 3699733271.5517755 199527419095142.47 87193482144573.83
28.371668880832676 1.9592252841127922e-08 4310111140.149151 232445230152085.88 101811010806612.36
28.306893381104747 1.5438465021243485e-08 3404088825.035542 183583249866301.25 80593046691305.84
28.242412986159177 1.2379655729907365e-08 2735871799.484114 147546160509373.7 64920310624126.41
28.17822568391791 1.141315939685349e-08 2528024126.6616364 136336890359526.83 60124568648550.19
28.114329480553014 1.1242286573812111e-08 2495835146.9482765 134600931690587.75 59493611807238.29
28.050722400280268 8.229097103973804e-09 1831036963.7374942 98748221243828.52 43745462011018.24
27.987402485155485 8.364267838708574e-09 1865324148.7126002 100597336578364.84 44665217440789.13
27.924367794873596 8.816615784167403e-09 1970641119.6526048 106277103701080.56 47293311146979.97
27.86161640657051 7.0654839768599924e-09 1582794680.6119933 85360460984683.67 38070765599169.055
27.799146414627526 6.2617029351661714e-09 1405885572.4172535 75819714346557.88 33891412312912.61
27.736955930478473 5.861984387460476e-09 1319091238.636273 71138877069837.7 31870216927286.574
27.675043082419368 6.816237871769869e-09 1537253204.9887764 82904399310520.45 37224075290424.0
27.61340601542066 6.441117184182999e-09 1455895476.3721402 78516759331406.0 35332541699132.1
27.552042890941948 5.570425767303943e-09 1261895989.5005784 68054324858385.37 30692500511132.152
27.490951886749173 5.869465775885317e-09 1332593749.0671675 71867070390771.8 32483915816628.77
27.43013119673424 7.464018947305997e-09 1698375918.2732918 91593782241572.12 41491983355430.43
27.369579030737032 7.979790051047953e-09 1819752490.4450305 98139647147634.55 44555399805026.93
27.30929361436977 7.3976520283573075e-09 1690722791.5516949 91181047454848.48 41487376591956.35
27.249273188843684 1.2672825220855777e-08 2902735719.5110497 156545167967310.84 71384596593088.23
27.18951601079797 1.158779989179056e-08 2660041943.9569182 143456639926893.2 65559684446590.234
27.130020352131016 9.88542126084254e-09 2274228179.6593747 122649619800984.84 56173525868849.28
27.070784499833785 9.160174322778422e-09 2111990069.4408233 113900083270962.62 52280138221371.984
27.011806755825432 1.3845842496223116e-08 3199298244.7032824 172538849378599.66 79367870714158.81
26.95308543679103 2.5177826503611396e-08 5830405000.971945 314435008347348.06 144954538848123.8
26.89461887402142 2.2702002099514008e-08 5268509167.86871 284131843997238.1 131268911926727.11
26.83640541325514 2.0183958412843498e-08 4694301434.704779 253164696202116.8 117215254341579.7
26.778443414522407 1.9761841350698137e-08 4606075524.296201 248406653686862.9 115260687310702.83
26.720731251991108 1.6162980582162324e-08 3775392310.6445274 203607727510203.88 94677593292242.72
26.66326731381478 1.681503924350163e-08 3936166794.680041 212278330362204.7 98921701948785.08
26.60605000198256 1.617785952730829e-08 3795155997.683631 204673587445847.94 95582565337213.61
26.549077732171035 1.207301369354671e-08 2838279948.118928 153069054213234.1 71636317371793.11
26.49234893359802 1.416218539660585e-08 3336558807.01517 179941341323688.44 84392489080800.9
26.43586204887819 1.449403873228116e-08 3422038690.483019 184551290009459.44 86739106304449.92
26.37961553388058 9.784632797774211e-09 2315074892.9176645 124852491920878.9 58805523694733.87
26.323607857587838 8.351929771361717e-09 1980297303.8487952 106797863812569.64 50408591719530.05
26.267837501957352 7.264420626596271e-09 1726098744.8061547 93088880299223.3 44031040381534.16
26.212302961784083 9.6951638536413e-09 2308548214.200235 124500506719738.8 59013240185157.06
26.15700274456513 7.173906974320723e-09 1711814645.4882443 92318535719813.67 43851304466909.47
26.101935370366043 8.551524056867334e-09 2044842140.7683902 110278780889892.38 52492699703590.734
26.047099371688805 7.906531887380884e-09 1894591719.058205 102175743005429.98 48737829413587.83
25.992493293341447 8.372160221881826e-09 2010381898.9254737 108420332560878.73 51824918964101.07
25.938115692309353 8.049707706460117e-09 1937004647.7496297 104463081463890.5 50037816021204.95
25.883965137628124 1.0093084663950839e-08 2433784298.313338 131254515943270.98 63002167652766.16
25.830040210258062 1.1665228238188962e-08 2818753724.5776896 152016000735618.38 73119696353830.16
25.776339502960226 9.626636667072454e-09 2331000208.5684986 125711347653674.39 60592869569070.02
25.722861620174 1.4552646102192825e-08 3531113372.533942 190433711308742.94 91979482562123.88
25.66960517789621 2.061680822821444e-08 5012925117.648676 270348140643699.47 130848500071550.36
25.616568803561712 1.9487445826638294e-08 4748133680.965556 256067880937918.6 124192922254884.67
25.5637511359255 1.9696560011921433e-08 4809000003.979928 259350414961182.16 126044301671138.34
25.51115082494623 2.4609240808804077e-08 6020840751.643134 324705249752867.4 158131456629647.2
25.458766531671188 4.208267770853922e-08 10317036867.87397 556400039642024.75 271523219345308.7
25.40659692812268 3.8077103656766504e-08 9354194233.33485 504473727185510.8 246687652593715.84
25.354640697185825 4.68850448745908e-08 11541595524.058779 622440754003222.6 304995969461578.3
25.30289653249769 3.3134177193169726e-08 8173252682.180359 440785292774335.06 216425578752188.62
25.251363138337815 2.6354131312696044e-08 6514076475.27974 351305559483157.56 172842335265710.75
25.200039229520055 2.6693459019664002e-08 6611387504.35215 356553564421677.5 175780907259890.8
25.148923531285735 2.806551968493991e-08 6965345490.658337 375642595519901.9 185567442186821.5
25.09801477919811 2.310706702654989e-08 5746381142.692877 309903583416326.8 153402273791080.84
25.047311719038113 1.9886839391501516e-08 4955570060.946382 267254969975462.5 132558465107828.38
24.996813106701342 1.6926015463160564e-08 4226287769.6595197 227924617571104.56 113278534932837.3
24.94651770809631 1.8071525743779663e-08 4521409731.394856 243840609082203.2 121432623322939.6
24.896424299043908 1.4698972998611762e-08 3685012709.8114457 198733536002471.12 99168034465231.81
24.846531665178087 1.3105108454128162e-08 3292030272.8237805 177539907801003.34 88769953900502.67
24.796838601847732 1.2683517661059339e-08 3192510817.7137933 172172801966500.28 86258573785214.02
24.74734391401969 1.1636411537969821e-08 2934806372.214093 158274745234877.22 79453922107912.19
24.698046416183 1.3294992999042636e-08 3359808197.184083 181195185986385.8 91141178551150.27
24.648944932254206 1.1302974678058095e-08 2862090716.133863 154353174105125.78 77793999748980.88
24.60003829548386 1.1809905340332507e-08 2996398757.4449224 161596435951210.03 81606200155359.19
24.551325348364088 9.914600598840155e-09 2520514830.0388665 135931912361279.75 68781547654807.234
24.50280494253728 1.0841053095352386e-08 2761497430.735994 148928156369909.56 75506575279539.84
24.454475938705844 1.0805789385547724e-08 2757954601.8055186 148737090836015.84 75558442144699.1
24.40633720654304 1.2088619501216241e-08 3091456041.8600483 166722895950740.72 84861954038927.75
24.35838762460484 1.0692616075536426e-08 2739835011.4129643 147759897389697.2 75357547668743.03
24.31062608024287 1.1530125052427916e-08 2960239496.802375 159646359169223.53 81579289535473.44
24.263051469518324 1.3554221196821335e-08 3486728440.0002894 188040022254656.8 96276491394380.55
24.21566269711692 1.5380892095662716e-08 3964369640.2538857 213799315951019.28 109679049082876.78
24.16845867626484 1.4485396397435624e-08 3740850950.639403 201744904461079.56 103696880892995.67
24.12143832864565 1.6673926205793484e-08 4314432207.380864 232678266246636.2 119829307117013.19
24.07460058431818 2.277675005859234e-08 5905023636.541891 318459207574398.75 164324951108391.8
24.027944381635393 2.8915088779282186e-08 7510984866.180482 405069045580977.6 209420696565361.03
23.981468667164144 4.5450824005574117e-08 11829188694.31931 637950716154468.6 330458470968003.06
23.93517239560591 3.649108950079712e-08 9515667209.526258 513181999871225.2 266341457933158.6
23.889054529718422 3.344734666269868e-08 8738797675.543438 471285257130031.9 245068333707621.1
23.843114040238195 3.61228706164393e-08 9456017220.402203 509965062998912.7 265691797822424.78
23.797349905803955 3.2826619759503985e-08 8609670742.328077 464321413569135.0 242375777883093.03
23.75176111288096 1.9857174212301175e-08 5218078451.406448 281412104502446.5 147178530654776.25
23.706346655686158 2.207010491588557e-08 5810703852.145823 313372521111116.4 164207201062227.9
23.66110553611424 2.3556720398022e-08 6213964522.487832 335120456670311.5 175938239751911.0
23.616036763664496 2.2782863411695274e-08 6021299992.337538 324730016703285.75 170807988785935.8
23.571139355368558 1.8114830815612256e-08 4796701374.127361 258687147181378.16 136328126564585.14
23.526412335718902 1.759838815532173e-08 4668809595.956789 251789915800381.9 132945075542602.44
23.481854736598223 2.012669858358519e-08 5349696206.648344 288510278636361.0 152621937398629.88
23.437465597209567 1.636940325753618e-08 4359243963.821594 235094974006757.72 124600336223577.12
23.393243964007283 1.688627072483002e-08 4505388773.407731 242976595337433.38 129020572124168.12
23.349188890628735 1.2254239836658097e-08 3275695712.54781 176658981416666.62 93982578113672.17
23.305299437826804 1.2474258732038382e-08 3340788908.7083 180169471626980.88 96030328377181.44
23.261574673403114 1.0107112338657196e-08 2711920519.029072 146254462751060.94 78099883109061.3
23.218013672142057 1.2401359674840033e-08 3333751435.5668387 179789939171583.56 96187617456796.44
23.17461551574553 9.69497632141007e-09 2611098107.278968 140817088181891.4 75477959265496.39
23.131379292768393 1.0836949055955796e-08 2924115189.0105467 157698167402069.75 84683915894912.97
23.088304098554673 9.680799762656021e-09 2617026848.775784 141136826498823.06 75931612656365.69
23.04538903517446 1.0099811937793132e-08 2735383469.27102 147519824754892.66 79513185542887.75
23.00263321136152 9.90777025126041e-09 2688359521.930646 144983813058958.84 78291259051838.33
22.96003574245159 1.0397273276553698e-08 2826414639.9225373 152429155564486.0 82464173160383.03
22.917595750321365 1.1165462751684152e-08 3040861551.267192 163994324081506.47 88884923652178.31
22.875312363328153 1.0720538089700879e-08 2925085237.0495415 157750482303553.94 85658511890825.36
22.833184716250198 1.20827907996502e-08 3302856772.421442 178123783276342.66 96899338102324.47
22.791211950227677 1.0030142663569853e-08 2746810286.850316 148136075509399.53 80734161152622.55
22.749393212704323 1.1489574594208759e-08 3152267805.969723 170002487600421.16 92821358229835.05
22.707727657369702 1.3684969005730442e-08 3761483109.981969 202857601296723.4 110963107909301.5
22.666214444102113 1.2141321806605293e-08 3343304645.8997645 180305145880255.9 98807219942380.94
22.624852738912146 1.2134101451686368e-08 3347424846.6795535 180527349203416.06 99109514712676.17
22.583641713886806 1.2546986904694347e-08 3467643516.3906837 187010768178225.66 102855922498027.16
22.542580547134285 1.8480804890126793e-08 5116891718.787268 275955082029659.62 152051250198345.8
22.501668422729324 2.502980586443312e-08 6942753326.906872 374424195220678.7 206682155761805.5
22.46090453065916 3.296682885875339e-08 9160916117.2046 494050196393285.56 273209758605485.34
22.420288066770084 4.5907169539261825e-08 12779924942.355156 689224128556770.5 381830167220440.94
22.37981823271454 5.436628259798779e-08 15162194317.52652 817700433503471.0 453823740594436.5
22.33949423589884 4.4262892413834135e-08 12366745642.656221 666941279161552.1 370819351213806.0
22.299315289431394 3.104770570475319e-08 8690143739.438482 468661339785912.06 261044366260749.6
22.259280612071553 1.7606635186516972e-08 4936898699.998851 266248019423242.8 148566394838162.34
22.21938942817895 3.4209179832255153e-08 9609471790.986107 518240901328230.3 289696663842482.5
22.179640967663424 2.4449158719155536e-08 6880157544.844392 371048391095228.8 207787099013328.62
22.140034465935454 2.1269685315000095e-08 5996139757.498069 323373119772377.75 181412320192305.38
22.100569163857138 1.541505869720191e-08 4353421314.412609 234780957259171.12 131946897979655.4
22.06124430769369 1.59661267977751e-08 4517087931.144491 243607533455797.7 137151041335620.31
22.022059149065463 1.538041192301309e-08 4359121931.68185 235088392786950.1 132589853531835.27
21.98301294490045 1.2192226824628282e-08 3461663053.952317 186688240539679.94 105478855904917.19
21.944104957387353 1.0927907201887832e-08 3108193883.1878204 167625571369813.2 94876073395316.05
21.905334453929072 1.0975106546261169e-08 3127143648.619449 168647536336343.16 95623153102701.78
21.866700707096744 9.705119822300617e-09 2770171238.0976663 149395936685293.5 84856892037245.56
21.82820299458425 1.1011596458631998e-08 3148627457.4963317 169806162816392.03 96619706642521.6
21.789840599163185 9.579001548510372e-09 2743817142.3486023 147974654576166.88 84345553108417.8
21.75161280863834 8.633668191217792e-09 2477381355.1005006 133605714687184.33 76288863086386.19
21.713518915803597 9.25298310908286e-09 2659748256.341218 143440801289975.34 82048138337860.5
21.675558218398344 8.005493503985394e-09 2305190353.1929874 124319416546128.72 71235025680929.95
21.637730019064314 8.468840533364666e-09 2442874929.22889 131744775643469.81 75621501219351.25
21.600033625302878 8.60275299115024e-09 2485833296.637348 134061529730435.52 77085379595004.08
21.562468349432788 8.0239328916381e-09 2322618001.4069037 125259293400430.25 72149352998645.0
21.525033508548354 8.065527595120762e-09 2338718333.0030146 126127587781176.39 72775618149742.69
21.48772842447808 7.307231416931392e-09 2122517745.376106 114467843121270.97 66162413324095.12
