string
20190118an 18 2019_16.31.   full spectra  index number  Nphoton via eV
eV x-axis E [J] Nphoton Nphoton/sr Nphoton/sr @ 0.1bw
43.81066890785845 1.8026976427332618e-09 256821856.81263205 13850458531988.688 3933530223084.871
43.65640598916881 1.8133818880451821e-09 259256867.29782715 13981779176456.879 3984807065290.0044
43.50322561727698 1.8242618735111149e-09 261730718.16995808 14115194491430.523 4036945624549.1294
43.35111643679699 1.848400941940258e-09 266124506.7572825 14352152464487.545 4119067757307.8906
43.20006725060606 1.868420319803261e-09 269947390.5538526 14558321418151.156 4192796568427.382
43.05006701709701 1.8827386767946623e-09 272963882.879602 14721001504606.316 4254369434831.182
42.90110484748767 1.92775825350155e-09 280461381.6358283 15125343241347.633 4386349539990.851
42.75317000318599 2.1400475235635623e-09 312423771.5548717 16849081873452.986 4903082825174.656
42.606251893209404 2.0695045086284712e-09 303167066.25544053 16349865745652.197 4774160797730.335
42.46034007165731 1.956018345486558e-09 287526865.8411814 15506386339505.977 4543371197475.09
42.31542423523527 1.976816447806591e-09 291579254.6565317 15724932548691.951 4623130169315.433
42.17149422082971 1.9428569083522555e-09 287548298.1461694 15507542188370.111 4574724945569.182
42.02854000313198 1.964142057831038e-09 291687330.87180436 15730761122460.969 4656305292248.521
41.88655169231059 1.9817837870291534e-09 295304889.206556 15925856829362.125 4729979478320.426
41.745519531730416 2.003975772971014e-09 299620532.3901047 16158600403816.574 4815262920337.216
41.605433895717894 2.0289947205086234e-09 304382609.7282445 16415420269215.133 4908210660495.195
41.46628528737101 2.049513761335939e-09 308492551.3034613 16637070311243.943 4991121093373.257
41.32806433641311 2.0797463104008437e-09 314090117.8120232 16938948289111.877 5098623435022.56
41.19076179708947 2.4222251971126172e-09 367031778.6850608 19794103561474.773 5977819275565.205
41.05436854610573 2.4557694989499793e-09 373350897.1276146 20134894991898.742 6100873182545.312
40.91887558060703 2.1757183056857565e-09 331869964.9550877 17897819308176.95 5440937069685.805
40.78427401619714 2.1424772708423758e-09 327878139.51652056 17682539295058.17 5393174484992.706
40.65055508499649 2.1357209838948183e-09 327919323.4411564 17684760353060.914 5411536668036.695
40.51771013373833 2.215331107804575e-09 341257910.7684761 18404113265407.22 5650062772479.56
40.38573062190204 2.1990950674064647e-09 339863898.7547185 18328933894658.68 5645311639554.674
40.254608119882874 2.2371276754004842e-09 346867924.89517224 18706662546025.35 5780358726722.022
40.124334307197174 2.3181469880549294e-09 360596996.20610434 19447074344439.805 6028593046776.201
39.99490097072234 2.34571062805952e-09 366065486.59167916 19741991218953.492 6139759269094.294
39.86630000297082 2.3431541213825115e-09 366846094.2580353 19784089559985.684 6172635942715.479
39.73852340039719 2.344648015161373e-09 368260300.94725263 19860358033969.016 6216292064632.435
39.61156326173778 2.8034013715920226e-09 441725299.8871923 23822341386937.98 7480215195498.434
39.485411786381924 2.8199177562478553e-09 445747324.8814188 24039250068654.266 7572363771625.919
39.36006127277436 2.3576247706404197e-09 373859047.2197951 20162299636764.723 6371286685217.554
39.235504116847856 2.3036498814363837e-09 366459691.5121865 19763250775956.76 6264950495978.43
39.11173281048556 2.236988061559833e-09 356981396.19328105 19252084250265.69 6122162791584.445
38.98873994001234 2.2180990530470643e-09 355083679.56732875 19149739980352.582 6108767053732.159
38.86651818471449 2.273348534084299e-09 365072703.65853035 19688450219688.484 6300304070300.084
38.74506031538725 2.200761215723074e-09 354523931.9831545 19119552671533.914 6137376407562.492
38.62435919290941 2.244516716971673e-09 362702485.729536 19560623851852.26 6298520880296.4
38.50440776684447 2.264053301535628e-09 366999247.64724404 19792349155538.004 6392928777238.691
38.38519907406786 2.28176052332436e-09 371018221.86328816 20009093308124.137 6482946231832.184
38.266726237419505 2.4065600798397614e-09 392522335.0732282 21168814805265.867 6879864811711.408
38.14898246438129 2.3612549619906214e-09 386321518.77247936 20834403435050.367 6792015519826.318
38.03196104577889 2.9476034880203778e-09 483737011.308311 26088042110847.16 8530789770246.715
37.91565535450739 3.0030679169760133e-09 494351165.19956315 26660465736108.105 8744632761443.469
37.80005884428024 2.456543088690659e-09 405621423.7979369 21875251505942.72 7196957745455.318
37.68516504840097 2.1985249373211496e-09 364124540.21804005 19637315559356.05 6480314134587.137
37.57096757855732 2.195930642156871e-09 364800322.86537135 19673760664339.184 6512014779896.387
37.45746012363721 2.1393193011472443e-09 356472685.92257017 19224649394849.867 6382583599089.68
37.34463644856601 2.1589949038173654e-09 360838074.0494135 19460075724903.195 6480205216392.828
37.23249039316491 2.106474465490381e-09 353120627.6433183 19043872163621.22 6360653302649.438
37.121015871029684 2.1576079456016285e-09 362778595.2642092 19564728455591.848 6554184032623.051
37.01020686842959 2.1324214963975495e-09 359617248.75195354 19394236351389.094 6516463414066.777
36.90005744322593 2.202131829785844e-09 372481962.575686 20088033162738.77 6769667175842.848
36.79056172380983 2.173051211235058e-09 368657027.7655194 19881753597466.324 6720032715943.847
36.68171390805892 2.2666829576295885e-09 385682678.7184797 20799950652151.32 7051183271079.246
36.57350826231243 2.44250067699099e-09 416828155.1252906 22479632961068.992 7643075206763.024
36.465939120364446 3.1330041104534866e-09 536244112.3715671 28919761478261.207 9861638664087.3
36.35900088247482 3.4966517338915208e-09 600246191.2423823 32371407496100.035 11071021363666.404
36.25268801439741 2.620964555329296e-09 451242408.99298507 24335601148588.105 8347111193965.148
36.146995046425396 2.246323827404291e-09 387872633.69297343 20918055399689.52 7195811057492.936
36.041916572453225 2.2184371101497563e-09 384174221.01194435 20718599200328.164 7147916724112.947
35.937447249054806 2.136316836331474e-09 371028622.0820426 20009654194180.992 6923340351186.552
35.83358179457777 2.1899510361620118e-09 381446082.3526574 20571470089749.633 7138300121143.42
35.73031498825334 2.1544928833465234e-09 376354569.9451078 20296883719488.633 7063315534381.945
35.62764166932158 2.1297340516255777e-09 373101739.55934936 20121457870113.164 7022388796669.544
35.52555673617166 2.2209873953838754e-09 390206209.32800335 21043905640651.766 7365366974227.901
35.42405514549688 2.215748202865105e-09 390401165.2923529 21054419658162.97 7390101300015.124
35.323131911464124 2.2393239886431275e-09 395682373.52645195 21339236365560.855 7511411200677.235
35.22278210489746 2.223995294460152e-09 394093419.1124835 21253543708818.07 7502500929212.749
35.123000852475656 2.264382798127068e-09 402390026.23586804 21700981533405.074 7682147462825.735
35.02378333594324 2.377626442424656e-09 423710805.25626564 22850815777875.76 8112039601145.859
34.92512479133495 3.2799447369526887e-09 586161830.4301472 31611834857694.31 11253813209339.1
34.827020508213224 4.294515197662248e-09 769638522.4767565 41506772719747.125 14817917860948.318
34.7294658289185 3.4470994161132186e-09 619504806.4273854 33410028796926.54 11960790309299.97
34.63245614783214 2.3817898583436536e-09 429248833.44672817 23149482841314.004 8310664340031.598
34.535986910651545 2.184528462034113e-09 394797879.41374016 21291535405907.566 7664952746126.759
34.44005361367751 2.066097728921001e-09 374434637.0569845 20193341321730.195 7289796217144.501
34.34465180311331 2.0537195818618707e-09 373225235.8729373 20128118053134.316 7286378735234.394
34.24977707437542 2.0330125156655035e-09 370485553.4963401 19980366387373.39 7252872998616.72
34.15542507141571 2.023017630962788e-09 369682547.2747916 19937060087393.633 7257089871811.252
34.06159148605468 2.012787805230088e-09 368826427.0178625 19890889335946.87 7260174607620.501
33.96827205732576 2.0026465548782365e-09 367976282.4313816 19845040853705.582 7263284952456.203
33.87546257083034 2.079418571759668e-09 383129558.4082659 20662260319160.723 7583049537131.919
33.78315885810328 2.0957730362557587e-09 387197877.52034754 20881665652710.25 7684452960197.388
33.69135679598887 2.247982657519152e-09 416450540.768255 22459268136758.03 8287469942462.605
33.600052306026825 2.2114375118236783e-09 410793623.30551213 22154189349037.23 8197050059143.762
33.509241353848374 2.203840730955399e-09 410491893.1767578 22137916977643.184 8213167198705.707
33.41891994858194 2.457462076528452e-09 458969038.3247464 24752299947046.227 9207855580301.598
33.32908414226855 4.151587657707264e-09 777463138.6500553 41928755969856.83 15639425976755.729
33.23973002928659 5.697878292627455e-09 1069903616.3079673 57700134462112.36 21579850288829.895
33.150853745785824 3.948523520237291e-09 743411006.5625057 40092317088611.234 15034618908229.096
33.062451469130394 2.449108627554822e-09 462340534.9465902 24934125492313.8 9375231185109.877
32.97451941735079 2.094565259627172e-09 396464582.3187955 21381421055665.39 8060795737985.807
32.8870538486045 2.034934020322231e-09 386201839.37151754 20827949098956.363 7872964759405.505
32.80005106064523 1.9677405924251823e-09 374440054.5265546 20193633487041.047 7653387091588.57
32.71350739030052 1.9099847925925525e-09 364411248.8684419 19652777819159.156 7468055571280.637
32.627419212957626 1.878623516400677e-09 359373464.4190981 19381089009356.492 7384194912564.671
32.54178294205747 1.863788829482729e-09 357473897.47910845 19278644951605.375 7364442371512.499
32.45659502859658 1.8264775194549533e-09 351237073.00885725 18942291652985.902 7254897703093.976
32.3718519606368 1.8113622468395113e-09 349242220.59943 18834708829167.418 7232528190399.979
32.28755026282264 1.8446784138588452e-09 356594421.8864204 19231214641827.23 7404017637103.449
32.20368649590622 1.924297726427384e-09 372954328.1022597 20113507938207.45 7763814064148.451
32.12025725627952 2.0989199063154086e-09 407855033.3748179 21995710555671.547 8512339985044.46
32.03725917551394 2.2850833471267707e-09 445180020.9548651 24008655244649.473 9315358234923.89
31.954688919906943 2.2701489509491734e-09 443413319.1802804 23913376634133.355 9302303510677.955
31.872543190035717 2.5078722127806806e-09 491108736.53044933 26485600853571.04 10329384332892.752
31.790818720317677 3.916481538697097e-09 768923875.1235803 41468231632734.49 16214078568399.004
31.709512278577733 6.7173529928059745e-09 1322201310.9587636 71306603945847.2 27952188746771.324
31.628620665622176 6.582915987162425e-09 1299053492.3495069 70058237059428.305 27532887164355.434
31.548140714819066 3.823684327884359e-09 756479627.3803833 40797110648453.586 16074061595489.438
31.468069291685 2.424995919784513e-09 480983179.9033954 25939527384915.176 10246113317041.715
31.388403293478206 1.95220543075952e-09 388190825.8333499 20935215570946.688 8290345366094.737
31.309139648797704 1.9085385647584072e-09 380468565.586951 20518752398211.34 8145944702089.99
31.230275317188642 1.8167803761112172e-09 363091090.37079537 19581581384579.035 7793469391062.17
31.151807288753492 1.8627657196918257e-09 373219188.59115255 20127791921913.902 8030988976843.915
31.07373258376915 1.8234528855071985e-09 366260511.32453585 19752508945165.223 7901003578066.065
30.996048252309727 1.7737669321573807e-09 357173476.3393691 19262443174273.28 7724239712883.267
30.918751373875036 1.7567493106625262e-09 354631100.3931705 19125332287168.22 7688383579441.589
30.8418390570246 1.7574493165932288e-09 355657128.2677221 19180666193345.484 7729808475918.46
30.765308439017097 1.763982749692709e-09 357867315.1946723 19299862054475.02 7797144270007.921
30.689156685455174 1.7724487590070177e-09 360477123.6540813 19440609591667.11 7873446884624.85
30.61338098993553 1.681804615705003e-09 342888735.88885105 18492064018442.84 7507777991487.29
30.537978573704155 1.9217246044235895e-09 392771384.3128467 21182246084863.992 8621174156539.779
30.462946685316677 2.048211443491923e-09 419654469.30046195 22632056698547.625 9233879133007.148
30.388282600303643 2.417983947233827e-09 496633752.0669606 26783566141754.71 10954478551977.588
30.313983620840798 3.0133428577595964e-09 620432460.5419465 33460057384855.996 13718623527791.443
30.240047075424116 3.237647239483821e-09 668245495.6117114 36038624753463.72 14811874773673.336
30.166470318549603 5.0539825200341055e-09 1045678581.7396723 56393673084999.31 23234193311019.94
30.093250730397784 7.557775769863698e-09 1567522827.3014405 84536846617863.06 34913717653177.074
30.02038571652273 7.309192741876944e-09 1519644914.9324641 81954780402414.39 33929279086599.68
29.94787270754562 4.18237214150206e-09 871657094.8496089 47008656491165.21 19508592443833.535
29.87570915885274 2.743409399888243e-09 573140864.3174785 30909611326456.773 12858398311805.686
29.803892550297803 2.2461360024740664e-09 470383451.9528827 25367881753772.316 10578406691323.156
29.7324203859086 1.954675342638008e-09 410330070.432384 22129189841883.406 9250001353907.268
29.661290193597814 1.7625644964191365e-09 370889001.543653 20002124428213.332 8380890135420.778
29.590499524878005 1.7225461184106249e-09 363335251.8777474 19594749067692.605 8229794608430.532
29.520045954580674 1.6206408062298096e-09 342656295.57781094 18479528461971.21 7779881482490.138
29.449927080579297 1.5891579593463291e-09 336799794.9917167 18163686113049.0 7665075539706.412
29.38014052351631 1.4509817857192568e-09 308245728.3796155 16623759097339.104 7031850098174.65
29.310683926534004 1.4699538153493415e-09 313016126.1845324 16881027687318.56 7157555739422.762
29.241554955009157 1.5352420795511345e-09 327691651.63280576 17672481962975.277 7510804834264.762
29.17275129629149 1.6361455292594597e-09 350052767.29490685 18878421788544.285 8042207681919.735
29.104270659445735 1.4398321395093837e-09 308776413.05301696 16652379037065.93 7110565848826.97
29.036110774997383 1.5486294592476523e-09 332887928.5795153 17952718307593.082 7683763435649.854
28.96826939468197 1.899342223145292e-09 409232057.4710496 22069973764337.316 9468018744900.559
28.90074429119786 2.0983484084751625e-09 453166238.8877147 24439353712759.438 10508922096486.86
28.833533257962518 2.664058302449637e-09 576679928.4006438 31100473821317.145 13404304216986.35
28.76663410887211 3.5979921663490413e-09 780656785.262947 42100990025504.02 18187627691017.566
28.700044678064536 5.883173600043536e-09 1279434524.8088315 69000181877774.5 29877078753077.03
28.633762819685636 8.263655337063248e-09 1801286303.5528393 97143761676793.02 42160392567726.984
28.56778640765871 1.1159517942098079e-08 2438135396.3404107 131489171605139.19 57197789648236.98
28.502113335457196 1.1946180131013863e-08 2616019465.2993083 141082498089084.47 61511969166841.375
28.43674151588046 9.622721036138967e-09 2112063835.2154665 113904061475214.62 49776074864666.836
28.371668880832676 5.618949430268369e-09 1236115965.413408 66664002558700.71 29198833120710.55
28.306893381104747 3.1520988231800496e-09 695018861.3071486 37482518181883.875 16454825481846.938
28.242412986159177 2.124675491452976e-09 469547771.51664335 25322813326295.867 11142037863570.521
28.17822568391791 1.8879008342036626e-09 418171576.4810285 22552083966639.797 9945469029287.96
28.114329480553014 1.6623097864608272e-09 369039800.1265499 19902396594053.3 8796859294571.338
28.050722400280268 1.5006474315237865e-09 333905516.2359073 18007597030971.38 7977365484720.724
27.987402485155485 1.3235125598072811e-09 295157924.9420743 15917931014650.906 7067561370504.234
27.924367794873596 1.2969956349289022e-09 289897279.4970446 15634223262934.756 6957229352005.837
27.86161640657051 1.278968730954778e-09 286511852.64225084 15451646457177.871 6891434319901.355
27.799146414627526 1.423308455615548e-09 319563039.57052535 17234104148530.24 7703644554393.299
27.736955930478473 1.3967161346695487e-09 314295619.7641262 16950031054033.717 7593613912206.935
27.675043082419368 1.424356371329649e-09 321232392.1295528 17324132694702.412 7778535579921.45
27.61340601542066 1.4095009464786217e-09 318591634.53191626 17181716063762.066 7731772228692.8
27.552042890941948 1.4772558603881823e-09 334650047.15291435 18047749745073.562 8139535135028.27
27.490951886749173 1.5487898457620883e-09 351634671.0054636 18963734199320.33 8571607858092.767
27.43013119673424 1.42990073038231e-09 325362111.6381588 17546849364975.621 7948722762333.623
27.369579030737032 2.240791401690959e-09 511001631.3348279 27558428992066.56 12511526762398.455
27.30929361436977 3.165400283701387e-09 723447707.9380196 39015692056802.22 17752139885845.133
27.249273188843684 4.417824487708929e-09 1011911449.8556417 54572604326645.27 24885107572948.324
27.18951601079797 5.616137237621524e-09 1289214583.8378968 69527622585912.12 31774123521761.86
27.130020352131016 7.065452918201191e-09 1625469639.0409758 87661930763816.16 40149164289826.53
27.070784499833785 9.711463316788405e-09 2239096480.2703447 120754959620636.36 55426526465872.234
27.011806755825432 1.677312769832167e-08 3875693228.3508625 209016977792299.3 96147809784461.28
26.95308543679103 2.1557879280824474e-08 4992137313.80824 269227049866472.03 124113669988440.47
26.89461887402142 2.0411353680621886e-08 4736912785.206255 255462735591900.2 118023783843460.67
26.83640541325514 1.5328929506317685e-08 3565138923.8003316 192268716680528.75 89020415823084.53
26.778443414522407 6.63893907774872e-09 1547399063.2068136 83451567648388.52 38721527388851.75
26.720731251991108 3.693435355405478e-09 862722526.3172959 46526813269198.734 21634968170176.934
26.66326731381478 2.3967562126791104e-09 561047291.2179792 30257402301893.914 14099949472682.234
26.60605000198256 1.8859561432168787e-09 442425511.0026108 23860103924512.098 11142668532747.455
26.549077732171035 1.745205431691636e-09 410285427.3052219 22126782228336.918 10355334082861.613
26.49234893359802 1.5188302924121013e-09 357830832.360347 19297894527294.023 9050712533299.936
26.43586204887819 1.5981958635001177e-09 377333618.3852299 20349684014560.914 9564351486844.068
26.37961553388058 2.14421806448457e-09 507328737.6873197 27360349039726.945 12886724397711.37
26.323607857587838 1.5873541076066129e-09 376372065.57044286 20297827262363.844 9580574467835.197
26.267837501957352 1.5845888152471388e-09 376514095.97870576 20305486993137.31 9604495347754.281
26.212302961784083 2.026640318699004e-09 482570172.0143283 26025114214228.95 12335904137544.703
26.15700274456513 1.8372406170818768e-09 438396456.3332533 23642816130888.816 11230337662171.67
26.101935370366043 2.0815970438808014e-09 497751900.96181065 26843868154569.8 12777681241575.703
26.047099371688805 2.0136907746869334e-09 482527854.2865097 26022832009974.242 12412890868757.135
25.992493293341447 2.718937861558367e-09 652890450.7696402 35210523849275.13 16830630399953.85
25.938115692309353 2.7273143517244523e-09 656274832.3053917 35393044280748.97 16953268210479.23
25.883965137628124 2.8687008298710095e-09 691740857.10736 37305734703248.805 17906752657558.312
25.830040210258062 4.351413044526505e-09 1051463501.2695878 56705655052010.945 27275420080016.414
25.776339502960226 5.335776065441968e-09 1292008367.1551347 69678291927155.12 33584936708888.195
25.722861620174 7.059609699939125e-09 1712972475.3334808 92380977734903.72 44620012245959.0
25.66960517789621 1.1650720061919516e-08 2832843308.7505074 152775855070995.1 73943513854361.52
25.616568803561712 1.489485769308917e-08 3629145456.7674217 195720602908747.3 94924492410737.98
25.5637511359255 1.972103648829898e-08 4814976041.16235 259672703944713.4 126200934117134.53
25.51115082494623 2.374575050429882e-08 5809581182.345326 313311975284877.6 152582931963736.16
25.458766531671188 2.4737710467212878e-08 6064725079.631495 327071941095070.5 159611107254394.75
25.40659692812268 2.6748104894493996e-08 6571060940.246918 354378744058609.25 173291205844660.7
25.354640697185825 2.8877138050262315e-08 7108625962.927456 383369742516798.7 187851173833230.88
25.30289653249769 2.7233976954909207e-08 6717842241.727205 362294691535413.2 177886693543879.75
25.251363138337815 1.669208462076611e-08 4125862258.989699 222508647963420.75 109474254798001.25
25.200039229520055 8.485813431759961e-09 2101750876.3353827 113347881362340.05 55880505511634.85
25.148923531285735 4.809157463790569e-09 1193544378.6652706 64368107636773.51 31797845172564.4
25.09801477919811 3.825867170254444e-09 951435806.9043283 51311139764056.99 25399014183208.06
25.047311719038113 4.092676483017823e-09 1019847581.0615544 55000601606690.28 27280298396918.168
24.996813106701342 3.753332718634306e-09 937176513.7962999 50542132988935.41 25119440095500.527
24.94651770809631 2.96225336306135e-09 741141692.876313 39969932508510.57 19905026389238.66
24.896424299043908 2.84630350674545e-09 713564451.0217462 38482685864187.914 19202860246229.52
24.846531665178087 3.2434492501858486e-09 814761141.2262628 43940245351715.234 21970122675857.867
24.796838601847732 3.0227313465013982e-09 760838024.6416836 41032159959609.42 20557112139763.695
24.74734391401969 2.7571385901348333e-09 695374847.9075211 37501716616579.414 18825861741523.773
24.698046416183 3.14663995698173e-09 795194606.1058835 42885017861878.85 21571163984524.637
24.648944932254206 3.953947410486492e-09 1001201586.1278703 53995019049108.055 27213489600749.58
24.60003829548386 3.4089732844003136e-09 864921692.3573109 46645414771501.586 23555934459607.758
24.551325348364088 2.411681130151306e-09 613103674.0483894 33064814337092.863 16730796054568.91
24.50280494253728 2.513174621905763e-09 640170765.7311387 34524548471820.2 17503946075211.844
24.454475938705844 3.002639338157256e-09 766361686.7555046 41330052257413.39 20995666546766.85
24.40633720654304 3.7451311532851216e-09 957752730.1787207 51651812808585.12 26290772719570.05
24.35838762460484 4.381330921389785e-09 1122655463.3785195 60545053034870.516 30877977047782.92
24.31062608024287 4.282174120514737e-09 1099403597.627368 59291074863485.17 30297739255241.004
24.263051469518324 4.527396527734087e-09 1164641037.1487079 62809344149586.664 32158384204587.12
24.21566269711692 7.1448352099627825e-09 1841555588.2471082 99315492948784.14 50948847882728.07
24.16845867626484 9.8684174528059e-09 2548516988.8875656 137442074871408.4 70645226483904.45
24.12143832864565 1.1319186862123177e-08 2928876124.10916 157954925666242.5 81346786718111.88
24.07460058431818 1.530564149342722e-08 3968089150.49884 213999909946586.53 110423953532440.03
24.027944381635393 2.3444940176236064e-08 6090058799.279514 328438194099392.9 169802546349382.53
23.981468667164144 3.088000829663935e-08 8036937789.693182 433433801008338.0 224518708922311.12
23.93517239560591 3.320155215778803e-08 8657864851.26288 466920532334071.8 242331756281376.66
23.889054529718422 3.6296985196850704e-08 9483323537.326029 511437698602862.56 265947603273493.44
23.843114040238195 3.6763585985706886e-08 9623739648.375946 519010369976930.5 270404402757971.9
23.797349905803955 3.5911516935678594e-08 9418768637.73692 507956238843586.8 265153156676357.3
23.75176111288096 3.491409829879795e-08 9174744706.141722 494795975198900.44 258778295029019.2
23.706346655686158 3.073329099054131e-08 8091581486.743068 436380747461482.6 228663511669821.0
23.66110553611424 1.9330548179719958e-08 5099153810.863574 274998472801806.44 144374198220946.3
23.616036763664496 1.0569011749902872e-08 2793292011.57556 150642845021902.47 79238136481524.17
23.571139355368558 5.25616756309965e-09 1391802464.4665508 75060209275246.77 39556730288054.71
23.526412335718902 4.579535663847844e-09 1214939678.7758415 65521960819826.81 34595595312868.76
23.481854736598223 5.0155439948349605e-09 1333136508.8027728 71896341541226.56 38033164675307.586
23.437465597209567 4.8260466718386316e-09 1285197419.377421 69310976033836.945 36734817297932.266
23.393243964007283 3.6625575960170727e-09 977198941.3145353 52700551199793.766 27983992687088.54
23.349188890628735 3.230313374425809e-09 863498985.8072014 46568687898173.76 24774541961829.9
23.305299437826804 3.3754720268626e-09 904000770.8061222 48752957962105.02 25985326593802.15
23.261574673403114 3.744677073657037e-09 1004764392.9262452 54187161993757.734 28935944504664.69
23.218013672142057 3.2373892162554596e-09 870279649.1804401 46934370546979.36 25109888242633.758
23.17461551574553 3.443542362840698e-09 927431552.9881096 50016585135474.61 26808889632615.312
23.131379292768393 4.396703984193385e-09 1186355018.8692062 63980383901096.36 34357466154889.36
23.088304098554673 5.602102072330478e-09 1514425656.1762595 81673304643817.75 43940237898373.3
23.04538903517446 4.51821468066645e-09 1223691077.0452595 65993925629721.95 35570725914420.41
23.00263321136152 3.6550687264286947e-09 991760866.9574745 53485879013269.45 28882374667165.707
22.96003574245159 3.3573290487862176e-09 912662745.5224379 49220100140354.25 26628074175930.39
22.917595750321365 3.2748383311104888e-09 891886900.6291593 48099654311745.05 26070012636966.344
22.875312363328153 3.0464731235473194e-09 831226332.5025978 44828216694280.98 24341721664993.312
22.833184716250198 4.834194508054546e-09 1321437434.023333 71265407896768.56 38768381895839.73
22.791211950227677 4.186826383669941e-09 1146585663.4014974 61835613920902.34 33700409586891.7
22.749393212704323 3.638809637502789e-09 998340049.7816541 53840695772293.02 29397019891673.6
22.707727657369702 4.271985930665209e-09 1174208207.3805978 63325303718642.91 34638941134095.734
22.666214444102113 5.785691872391438e-09 1593181601.214735 85920629869329.22 47084505168392.74
22.624852738912146 6.420163643876753e-09 1771125401.1540353 95517177658024.08 52438930534255.62
22.583641713886806 7.237398223005699e-09 2000218635.2927048 107872225545212.89 59329724049868.84
22.542580547134285 1.2462791884846331e-08 3450648224.883772 186094208415061.6 102537908836701.2
22.501668422729324 1.4569690260551351e-08 4041332404.9062295 217949934568741.47 120308363881939.97
22.46090453065916 1.91624676918055e-08 5324920994.840009 287174146081167.56 158807302782884.75
22.420288066770084 2.952570591159806e-08 8219550654.22974 443282152465108.8 245578312465663.9
22.37981823271454 4.0682566444129664e-08 11345947309.34221 611889403279337.6 339598618820039.94
22.33949423589884 4.666761666490076e-08 13038608946.925358 703175013121873.1 390965307295743.56
22.299315289431394 4.8811306642411795e-08 13662113228.78612 736800734497800.4 410398009115269.44
22.259280612071553 4.642195559889397e-08 13016711587.407042 701994083765888.6 391712698741347.0
22.21938942817895 4.415224170960029e-08 12402510767.509232 668870100114783.5 373898385964166.25
22.179640967663424 4.175884591339179e-08 11751219830.313261 633745838380027.9 354897669492816.44
22.140034465935454 3.8540982861703606e-08 10865093498.451303 585956852793371.1 328721794417083.8
22.100569163857138 2.9433548584159464e-08 8312432685.600984 448291300595413.1 251939710934624.53
22.06124430769369 1.906090131310117e-08 5392652104.588296 290826899544353.6 163735544443478.53
22.022059149065463 1.1932604522958224e-08 3381943106.4966645 182388926454382.3 102867354520268.06
21.98301294490045 4.9823517223543674e-09 1414608104.5859842 76290122401371.84 43103919156774.28
21.944104957387353 2.4063118209054108e-09 684420497.4113134 36910946114506.12 20891595500810.855
21.905334453929072 2.5419736473167258e-09 724286066.1678494 39060904898268.74 22147533077317.27
21.866700707096744 2.869164902143144e-09 818957234.4086871 44166541568637.03 25086595610985.496
21.82820299458425 2.6986298294176273e-09 771639245.0853205 41614672124680.35 23678748438941.78
21.789840599163185 2.5116039618815217e-09 719425920.384454 38798796180312.36 22115313822778.746
21.75161280863834 2.449408867833721e-09 702843765.3373808 37904516956180.53 21643479181980.2
21.713518915803597 2.1128194382379905e-09 607324983.7991252 32753168316540.047 18734812277059.676
21.675558218398344 2.02499048807102e-09 583098160.7923357 31446610488550.457 18018907809938.957
21.637730019064314 1.7314245620352043e-09 499437158.815703 26934754476749.43 15460549069654.086
21.600033625302878 1.5453524010416865e-09 446541759.0740644 24082094077253.03 13847204094421.15
21.562468349432788 2.618109085478452e-09 757841244.8982732 40870542977002.33 23541432754752.418
21.525033508548354 3.946365992100876e-09 1144306852.2943614 61712717142826.914 35608237791413.04
21.48772842447808 3.6348469160590767e-09 1055807136.9116241 56939908265832.945 32911266977651.69
