string
20190118an 18 2019_14.45.   full spectra  index number  Nphoton via eV
eV x-axis E [J] Nphoton Nphoton/sr Nphoton/sr @ 0.1bw
43.81066890785845 2.013926577949415e-09 286914650.00701165 15473369406566.422 4394436911464.957
43.65640598916881 2.024720509120804e-09 289471677.0962049 15611270432996.117 4449212073403.663
43.50322561727698 2.02985561223806e-09 291227687.69477904 15705972466067.346 4491908125295.261
43.35111643679699 2.0594402141093737e-09 296508997.9886427 15990794677570.512 4589358072462.698
43.20006725060606 2.0635491216154777e-09 298139393.34509516 16078722253344.434 4630672008963.029
43.05006701709701 2.085608461971285e-09 302376421.6261044 16307226109025.986 4712788345508.462
42.90110484748767 2.114957978371993e-09 307696276.56295264 16594127041499.064 4812296842034.77
42.75317000318599 2.115941383903054e-09 308904536.1232102 16659288742075.957 4847853023943.942
42.606251893209404 2.112266101911356e-09 309431322.61725545 16687698452143.229 4872807948025.714
42.46034007165731 2.1262137758710553e-09 312544912.7280437 16855615043239.854 4938695207669.102
42.31542423523527 2.1873377697715276e-09 322631024.898505 17399561263782.44 5115471011552.036
42.17149422082971 2.1604101183991653e-09 319746786.3808382 17244013653929.076 5086984027909.076
42.02854000313198 2.176879610279634e-09 323280182.62228066 17434570480854.002 5160632862332.868
41.88655169231059 2.201762055511549e-09 328083771.8612703 17693629092083.78 5255007840348.743
41.745519531730416 2.2274312643340834e-09 333030044.7159125 17960382661703.457 5352194033187.493
41.605433895717894 2.2533290193486737e-09 338036447.58316666 18230379055966.434 5450883337733.82
41.46628528737101 2.2757310426856073e-09 342542747.7886038 18473404805031.22 5542021441509.447
41.32806433641311 2.326641144850539e-09 351376986.52849585 18949837219495.97 5703901003068.158
41.19076179708947 2.360615338511678e-09 357696240.4313125 19290635955321.344 5825772058506.874
41.05436854610573 2.3380728784554706e-09 355457467.4432319 19169898441704.777 5808479227836.541
40.91887558060703 2.3274163803124077e-09 355009005.78520715 19145712807060.02 5820296693346.259
40.78427401619714 2.3339496886143176e-09 357180490.10020286 19262821427918.773 5875160535515.186
40.65055508499649 2.333387487554246e-09 358269105.381666 19321530686547.78 5912388390083.683
40.51771013373833 2.402816248241905e-09 370138824.82253075 19961667234668.676 6128231841042.789
40.38573062190204 2.4318673879059004e-09 375838199.97509354 20269035774825.32 6242863018645.979
40.254608119882874 2.4594290250300988e-09 381335876.2308583 20565526649658.93 6354747734744.817
40.124334307197174 2.5259768280151645e-09 392925755.51162964 21190571357151.22 6569077120716.728
39.99490097072234 2.523330347210566e-09 393784357.0020046 21236875922056.758 6604668411759.391
39.86630000297082 2.525989527014614e-09 395470952.4507376 21327834381016.734 6654284326877.162
39.73852340039719 2.602101595202137e-09 408697045.50450927 22041120452751.414 6898870701711.34
39.61156326173778 2.561312137878967e-09 403579873.96103185 21765150279715.42 6834257187830.559
39.485411786381924 2.4641610725602418e-09 389512496.85812217 21006493576443.297 6617045476579.486
39.36006127277436 2.431732054373056e-09 385610568.85010296 20796061751284.023 6571555513405.65
39.235504116847856 2.4600711687012456e-09 391342855.02541906 21105205190047.617 6690350045245.24
39.11173281048556 2.4318126518137917e-09 388071751.76413125 20928793880525.1 6655356454006.934
38.98873994001234 2.419110446273624e-09 387262524.3505637 20885152070308.215 6662363510427.978
38.86651818471449 2.447159503186116e-09 392984675.56435543 21193748928394.992 6781999657086.148
38.74506031538725 2.4100658954058915e-09 388241137.4180235 20937928885638.24 6721075172289.99
38.62435919290941 2.488417047665578e-09 402115538.6794337 21686178359854.645 6982949431873.164
38.50440776684447 2.484869233221423e-09 402793140.2831842 21722721561552.63 7016439064381.407
38.38519907406786 2.441220766999567e-09 396946734.28231543 21407423615804.66 6936005251520.67
38.266726237419505 2.6022864676201587e-09 424446316.2821765 22890482047291.57 7439406665369.762
38.14898246438129 2.675816212971979e-09 437786431.3644013 23609917351791.805 7696833056684.014
38.03196104577889 2.5095951539830035e-09 411854601.31100446 22211408123368.98 7263130456341.396
37.91565535450739 2.3726519036411025e-09 390574993.84130955 21063794269572.137 6908924520419.669
37.80005884428024 2.3738976078649994e-09 391975101.95758325 21139302404453.73 6954830491065.436
37.68516504840097 2.3286357063103076e-09 385673772.21962017 20799470322732.906 6863825206501.478
37.57096757855732 2.3577728292927157e-09 391686455.3264604 21123735628929.32 6991956493175.731
37.45746012363721 2.3258382861839246e-09 387552162.24754953 20900772305015.97 6939056405264.783
37.34463644856601 2.340747211865671e-09 391214779.7443771 21098298062316.9 7025733254751.596
37.23249039316491 2.278687256602353e-09 381989664.4543154 20600785590584.277 6880662387255.097
37.121015871029684 2.3938904122207006e-09 402506953.4677325 21707287444421.754 7271941293881.046
37.01020686842959 2.3822593586101505e-09 401750572.2036016 21666495638524.715 7279942534544.351
36.90005744322593 2.451385314561057e-09 414642211.99042207 22361744572913.348 7535907921071.668
36.79056172380983 2.4205719365901187e-09 410648792.3626822 22146378584826.152 7485475961671.494
36.68171390805892 2.696937030702567e-09 458891657.0071144 24748126755775.387 8389614970207.795
36.57350826231243 2.94721915380786e-09 502961548.4672318 27124825576323.652 9222440695949.52
36.465939120364446 2.4402011305634454e-09 417664146.97671247 22524718183233.895 7680928900482.937
36.35900088247482 2.331606604716026e-09 400250894.4174411 21585617689714.797 7382281249882.588
36.25268801439741 2.31311670002448e-09 398241307.71955866 21477240242518.92 7366693403183.485
36.146995046425396 2.3043758139214362e-09 397896467.5796188 21458642938856.07 7381773170966.223
36.041916572453225 2.3769656748040775e-09 411627146.11654836 22199141415317.734 7658703788284.33
35.937447249054806 2.2702188417264263e-09 394284290.768821 21263837458710.87 7357287760713.886
35.83358179457777 2.4030586478053783e-09 418565206.13149613 22573312499204.848 7832939437224.408
35.73031498825334 2.365535869233997e-09 413220318.17178077 22285061530370.164 7755201412568.709
35.62764166932158 2.3381553631926133e-09 409614445.8512678 22090596052755.668 7709618022411.783
35.52555673617166 2.465303822192194e-09 433130265.07887316 23358809292469.58 8175583252364.112
35.42405514549688 2.595195737318489e-09 457257480.2050136 24659995245816.137 8655658331281.372
35.323131911464124 2.6632004279206997e-09 470580171.4448842 25378490878712.91 8933228789306.725
35.22278210489746 2.5636580396183734e-09 454281879.45588917 24499520450971.98 8648330719193.074
35.123000852475656 3.202938119026159e-09 569175121.279328 30695737942858.82 10866291231772.502
35.02378333594324 3.947242771767185e-09 703428168.3298731 37936033936526.13 13467292047466.717
34.92512479133495 3.113133453009656e-09 556350838.0585822 30004121562711.688 10681467276325.291
34.827020508213224 2.666325206188878e-09 477843597.6314209 25770209030919.023 9199964624037.219
34.7294658289185 2.418716380608791e-09 434686164.3060256 23442719275806.2 8392493500738.809
34.63245614783214 2.3265314974836904e-09 419290109.81952596 22612406712584.31 8117854009817.64
34.535986910651545 2.343034713820356e-09 423443847.2583339 22836418675051.16 8221110723018.455
34.44005361367751 2.3045644961466717e-09 417651478.2481935 22524034955952.605 8131176619098.779
34.34465180311331 2.3950430588495146e-09 435254412.7541326 23473365038063.56 8497358143778.741
34.24977707437542 2.5514695136766344e-09 464966441.5342219 25075741205058.234 9102494057436.363
34.15542507141571 2.6207338650700726e-09 478908120.2951886 25827618969441.637 9401253304876.717
34.06159148605468 2.3991383417569623e-09 439621911.5658982 23708905197813.285 8653750397201.722
33.96827205732576 2.471958474069939e-09 454209998.9622548 24495643920334.375 8965405674842.332
33.87546257083034 2.8356607907442637e-09 522465982.2260398 28176703926239.094 10340850340929.656
33.78315885810328 3.148859826371966e-09 581757575.9818707 31374312458482.45 11545746984721.566
33.69135679598887 3.382254875758441e-09 626580399.6816064 33791617078286.5 12469106701886.05
33.600052306026825 3.726018473915275e-09 692140122.0786428 37327267149889.68 13811088845459.158
33.509241353848374 5.7387116934660524e-09 1068904206.3512673 57646236066027.53 21386753580496.438
33.41891994858194 7.579629011427285e-09 1415612908.7239048 76344311706821.78 28400083954938.94
33.32908414226855 6.676515283207202e-09 1250303487.5563605 67429138710083.64 25151068738859.8
33.23973002928659 4.269211988721574e-09 801639682.5163264 43232602232875.22 16168993235095.234
33.150853745785824 3.845235551409277e-09 723964392.5361022 39043556969425.6 14641333863534.486
33.062451469130394 4.334870556551295e-09 818332984.2911536 44132875624181.234 16593961234691.945
32.97451941735079 4.0471451555407756e-09 766053817.7552972 41313448815348.22 15575170203386.19
32.8870538486045 5.447232339269136e-09 1033808038.9341713 55753492132644.71 21074820026139.7
32.80005106064523 4.053559670355693e-09 771349185.8822538 41599029168844.125 15766032054991.951
32.71350739030052 5.001493423913099e-09 954248678.77693 51462838555237.72 19555878650990.746
32.627419212957626 5.651541656313252e-09 1081118215.8676662 58304940252718.375 22214182236285.242
32.54178294205747 4.552574491187334e-09 873181833.2554213 47090885964637.336 17988718438489.62
32.45659502859658 3.781711713863466e-09 727234438.5257419 39219911260058.445 15021226012603.16
32.3718519606368 3.6050800623401965e-09 695082482.0420223 37485949261937.11 14394604516583.232
32.28755026282264 4.528807993806262e-09 875462983.820398 47213908910182.36 18177354930420.125
32.20368649590622 5.594886853656747e-09 1084363006.127815 58479932496373.01 22573253943601.074
32.12025725627952 6.0079561911268104e-09 1167445773.1681767 62960604172440.44 24365753814733.223
32.03725917551394 8.251217962294661e-09 1607502584.0857055 86692963586768.27 33636869871665.707
31.954688919906943 1.5921444132391478e-08 3109831355.310556 167713880597130.16 65240699552284.195
31.872543190035717 2.220003819404724e-08 4347363734.421551 234454270654255.06 91437165555159.89
31.790818720317677 1.9279442434274323e-08 3785138124.69441 204133321379174.47 79816128659256.31
31.709512278577733 1.2726082222068779e-08 2504921598.6429214 135090966004495.14 52955658673760.625
31.628620665622176 1.1259346993362122e-08 2221886784.188895 119826836972188.47 47091946930070.26
31.548140714819066 1.1960458864300397e-08 2366263187.3093276 127613087757985.6 50279556576642.336
31.468069291685 1.3827564185563088e-08 2742613188.760101 147909725097582.25 58424341413546.24
31.388403293478206 1.8478729356694345e-08 3674445883.769173 198163664778387.53 78472811252240.03
31.309139648797704 1.0323363817130854e-08 2057970164.2199712 110986778046675.47 44061750884530.64
31.230275317188642 1.0836830213400346e-08 2165785446.6531506 116801279650971.75 46486909301085.055
31.151807288753492 1.5098965638642468e-08 3025191866.399668 163149254572390.25 65096552574385.88
31.07373258376915 1.1602428603632977e-08 2330475038.1806664 125683025100566.28 50273210040226.36
30.996048252309727 9.589279568401481e-09 1930939322.941527 104135977179308.67 41758526848901.05
30.918751373875036 7.444021883785065e-09 1502708244.127306 81041382066431.14 32578635590705.17
30.8418390570246 6.25149487393752e-09 1265122523.4506257 68228332535270.08 27496018011714.66
30.765308439017097 6.616548987849471e-09 1342329805.9735577 72392138054874.16 29246423774169.207
30.689156685455174 1.1031385928225959e-08 2243541455.919323 120994678123048.67 49002844639832.664
30.61338098993553 1.2268414705735625e-08 2501301976.7735944 134895759010726.03 54767678158351.1
30.537978573704155 1.525053369303944e-08 3116977956.3297367 168099298342680.72 68416414425472.12
30.462946685316677 2.8071592098610498e-08 5751539530.741756 310181776404453.4 126554164773013.11
30.388282600303643 4.0251973493983146e-08 8267419908.75738 445863751761293.3 182358274470367.5
30.313983620840798 4.8082327515579275e-08 9899914539.18204 533904541836598.2 218900862153013.0
30.240047075424116 4.645341550626523e-08 9587914733.042395 517078324510094.1 212519191373645.06
30.166470318549603 3.133456159606665e-08 6483180303.715864 349639322238580.4 144051400762296.5
30.093250730397784 3.468194108699529e-08 7193218746.415561 387931849707941.2 160215853929378.0
30.02038571652273 2.493194108981161e-08 5183567985.48436 279550947577932.0 115734092297264.27
29.94787270754562 4.32596004091414e-08 9015825550.962292 486225430635175.06 201783553713597.38
29.87570915885274 2.6119295690194376e-08 5456726840.642751 294282463979890.8 122421505015631.42
29.803892550297803 2.2078532768105956e-08 4623663235.9203825 249355162795653.53 103981102885788.52
29.7324203859086 1.8699351406430463e-08 3925412068.320892 211698325633210.97 88489900114682.22
29.661290193597814 3.246335305610275e-08 6831126251.662494 368404122801969.4 154361327454013.97
29.590499524878005 2.2933251898980073e-08 4837292172.34545 260876217747557.12 109568011453969.17
29.520045954580674 1.3092770300201916e-08 2768238435.4835286 149291700220415.2 62851805792796.875
29.449927080579297 9.214144813231876e-09 1952809074.6856782 105315417642034.73 44443106244937.12
29.38014052351631 9.507829316041896e-09 2019837741.3673825 108930288198035.53 46077511907770.4
29.310683926534004 1.0863648796715455e-08 2313336124.624422 124758719769080.08 52897697182087.68
29.241554955009157 1.0904275588496819e-08 2327476640.360543 125521320854730.52 53346561363262.38
29.17275129629149 1.1704890554138517e-08 2504257265.681438 135055138383557.2 57533488951394.44
29.104270659445735 1.6725817002430305e-08 3586902693.4982758 193442441508478.44 82599922524118.19
29.036110774997383 2.1522640002318843e-08 4626430812.839643 249504418820160.3 106787891255028.81
28.96826939468197 3.594215882165801e-08 7744093415.762069 417640640302323.0 179167834689693.72
28.90074429119786 5.719857347480903e-08 12352792466.031803 666188781314894.9 286461175965413.0
28.833533257962518 6.01878322571399e-08 13028661859.510324 702638564536593.6 302837221315241.56
28.76663410887211 7.541202116642441e-08 16362155138.792242 882414581283647.4 381203099114532.06
28.700044678064536 6.364984121820901e-08 13842155593.126503 746510458320555.0 323239028452807.6
28.633762819685636 7.876028805136341e-08 17167926582.622358 925870010301793.0 401827584470966.9
28.56778640765871 6.307782763275472e-08 13781265917.904366 743226664907653.4 323303599234837.3
28.502113335457196 5.0286603076906795e-08 11011949514.426388 593876829639111.0 258930297722654.7
28.43674151588046 6.355033140685189e-08 13948482573.306007 752244695460979.6 328730931916435.2
28.371668880832676 3.748044849702883e-08 8245345745.320137 444673287331550.75 194766899851216.84
28.306893381104747 3.2694500975434263e-08 7208941125.782022 388779761042832.94 170674315097802.8
28.242412986159177 3.412602145723759e-08 7541762208.127635 406728874318509.44 178960704700149.62
28.17822568391791 5.318399116602631e-08 11780297474.592411 635314002053068.0 280173474905397.66
28.114329480553014 2.948229664863056e-08 6545194494.491215 352983761019565.7 156018822370644.12
28.050722400280268 1.7702798161543197e-08 3939007814.0792513 212431547155610.44 94107175389940.17
27.987402485155485 1.724936458856163e-08 3846798899.490986 207458700359645.53 92111662959672.61
27.924367794873596 8.056311496212593e-09 1800702116.9819293 97112256368110.36 43214954083808.305
27.86161640657051 1.0436869907495568e-08 2338045380.320125 126091295296790.42 56236717702368.734
27.799146414627526 9.26515761998493e-09 2080225069.5980866 112186989928555.12 50147584498065.97
27.736955930478473 1.3703796420962867e-08 3083692586.014945 166304211090417.56 74504286568505.39
27.675043082419368 2.0792738955674775e-08 4689346997.775255 252897502342165.16 113550978551633.12
27.61340601542066 2.0415713465462144e-08 4614594647.379678 248866091845518.88 111989741330481.61
27.552042890941948 1.5983054647410627e-08 3620720103.2853394 195266221765065.8 88065066016045.69
27.490951886749173 2.9246452434897272e-08 6640065925.123447 358100197884208.56 161861289443661.84
27.43013119673424 5.681773636870851e-08 12928407049.963917 697231800877580.0 315846005797530.5
27.369579030737032 8.313471785637169e-08 18958469946.425438 1022434402903997.2 464185218918423.56
27.30929361436977 8.913591004147213e-08 20371884764.939835 1098660171128289.1 499890377863375.06
27.249273188843684 8.280932259603077e-08 18967639371.560745 1022928911993585.4 466455583869038.94
27.18951601079797 7.895610315192142e-08 18124799191.97556 977474358003053.1 446705781607395.56
27.130020352131016 1.0760164623984683e-07 24754705904.717514 1335026667356457.2 611442213649238.1
27.070784499833785 9.662875093671676e-08 22278938719.90377 1201508005223513.2 551492174397594.06
27.011806755825432 1.1386785997000539e-07 26310948187.48161 1418955151756743.5 652719369808126.5
26.95308543679103 1.0801753640197778e-07 25013516728.31754 1348984391299389.5 621881804389002.9
26.89461887402142 3.9910585994135143e-08 9262147333.235197 499509617866114.06 230773443454150.16
26.83640541325514 5.775432325828158e-08 13432261253.532784 724404767537462.5 335399407369844.06
26.778443414522407 4.879042685411332e-08 11372036996.175774 613296425758208.9 284569541551805.06
26.720731251991108 4.872091230832557e-08 11380361237.297895 613745353890351.2 285391589559007.06
26.66326731381478 6.676252180899853e-08 15628177708.549788 842831019015403.9 392759254861169.06
26.60605000198256 2.4547644647700156e-08 5758619714.583853 310563612257214.75 145033206924123.28
26.549077732171035 2.4586766792401313e-08 5780174606.548332 311726072263620.4 145887801819373.44
26.49234893359802 1.7758079646584292e-08 4183738270.6971116 225629913848260.28 105820429594822.83
26.43586204887819 1.2536770872604504e-08 2959928269.2837887 159629574601532.56 75025900062723.75
26.37961553388058 1.4152482610835484e-08 3348521895.7069263 180586513295794.2 85056247762318.92
26.323607857587838 1.1251233468021961e-08 2667741218.095098 143871863453818.56 67907519550198.555
26.267837501957352 1.0900295506121816e-08 2590018854.6693172 139680279509223.47 66068772207865.01
26.212302961784083 1.1130371014954443e-08 2650290239.324695 142930728377537.22 67749165250953.64
26.15700274456513 1.4313093537071547e-08 3415344417.8612556 184190266432649.16 87490376555504.31
26.101935370366043 1.9738401431508587e-08 4719850493.332717 254542562484408.25 121162259742582.86
26.047099371688805 2.8549924213884068e-08 6841235925.664758 368949339717219.8 175988835045105.62
25.992493293341447 3.2285057030855414e-08 7752514588.883422 418094795998242.2 199849312487163.75
25.938115692309353 4.3045009819556236e-08 10357939334.368052 558605918546037.4 267572234983559.4
25.883965137628124 7.043797331990521e-08 16984979238.635874 916003620295622.6 439681737741871.56
25.830040210258062 1.0228583751148607e-07 24716068950.38442 1332942968015465.0 641145567615418.6
25.776339502960226 1.0842470344977745e-07 26254029844.07728 1415885533131540.8 682456826969391.0
25.722861620174 8.36328374445172e-08 20293012597.811546 1094406578020225.0 528598377183774.7
25.66960517789621 9.159191133225922e-08 22270343101.05225 1201044441631468.2 581305509749629.9
25.616568803561712 1.1507246648202416e-07 28037509826.36255 1512068996033982.8 733353463076447.1
25.5637511359255 1.1181789372069737e-07 27300820601.282455 1472339186081013.0 715556844435394.0
25.51115082494623 1.5507606991154066e-07 37940557719.03505 2046142520305037.0 996471407388557.9
25.458766531671188 1.7877683771853996e-07 43829131754.36628 2363714597312498.5 1153492723488501.8
25.40659692812268 1.249797540279439e-07 30703094041.766705 1655824531864074.0 809698196081535.8
25.354640697185825 7.618016500686286e-08 18753115280.513878 1011359581158457.4 495566194767642.8
25.30289653249769 9.13077391258771e-08 22523004550.969738 1214670528515761.0 596403229501211.4
25.251363138337815 5.5869839719010874e-08 13809615057.049173 744755540140532.1 366419725749135.94
25.200039229520055 7.409584817920807e-08 18351925256.877274 989723316025929.0 487933594800793.56
25.148923531285735 6.895862125718421e-08 17114260737.294897 922975799604475.2 455950045004586.2
25.09801477919811 2.966424114707567e-08 7377052039.706718 397846019152583.5 196933779480527.66
25.047311719038113 3.170692303363367e-08 7900998012.653169 426102539299899.6 211346859492748.6
24.996813106701342 2.0282579861058587e-08 5064394475.504517 273123894294489.78 135742575464359.42
24.94651770809631 1.994639459653744e-08 4990492995.095819 269138371401085.9 134030908957743.44
24.896424299043908 1.580123613804772e-08 3961348592.513032 213636390190037.9 106604558704827.53
24.846531665178087 1.7291060051862277e-08 4343549947.655234 234248592305409.34 117124296152706.0
24.796838601847732 1.2779870510882206e-08 3216763357.3953886 173480746700349.06 86913854096872.23
24.74734391401969 1.3899275811203762e-08 3505520846.076817 189053500796980.16 94904857400088.61
24.698046416183 1.3758335817288734e-08 3476900624.3077164 187510006019281.2 94317533027696.56
24.648944932254206 1.4747647438653052e-08 3734335962.1005516 201393549713809.84 101502349055756.88
24.60003829548386 1.3831565764042771e-08 3509332655.4748335 189259072505923.88 95575831615489.34
24.551325348364088 1.4779652759413813e-08 3757320689.981731 202633121081832.38 102532359267406.7
24.50280494253728 1.7072269219193712e-08 4348749809.725398 234529021996513.88 118906214152225.75
24.454475938705844 3.000345850922727e-08 7657763214.99255 412984833819743.0 209796295580437.9
24.40633720654304 5.677603360895942e-08 14519491834.084742 783039348945504.9 398567028613265.44
24.35838762460484 8.019338191889818e-08 20548445199.27139 1108182113709224.5 565172877991685.5
24.31062608024287 9.006970288818529e-08 23124457951.886375 1247107041091857.8 637271697997941.0
24.263051469518324 9.094887975201656e-08 23395962114.879063 1261749319585841.2 646015651627925.6
24.21566269711692 7.126739823747941e-08 18368915675.06789 990639612970086.6 508198121453672.5
24.16845867626484 8.008420107928188e-08 20681730172.856327 1115370201290579.5 573300283463362.2
24.12143832864565 8.204720670298406e-08 21229979475.49954 1144937405288296.2 589642763723450.8
24.07460058431818 7.76525590184937e-08 20131941355.223724 1085719970915027.9 560231504992161.44
24.027944381635393 1.1438981509337827e-07 29713903926.421795 1602477294043761.2 828480761020607.1
23.981468667164144 1.6935294051345977e-07 44076382180.13081 2377048866488687.5 1231311312841096.5
23.93517239560591 1.4380520063925544e-07 37499632129.4385 2022363307467809.0 1049606556575764.2
23.889054529718422 1.2363074278766033e-07 32301038961.13787 1742002048516401.8 905841065228545.6
23.843114040238195 1.5463288952715426e-07 40478822453.93527 2183031688891624.2 1137359509912499.0
23.797349905803955 1.1081307609707307e-07 29063732608.78082 1567413413634841.8 818189801917402.8
23.75176111288096 7.182265100944667e-08 18873593168.312534 1017856979821042.0 532339200446393.1
23.706346655686158 7.878151748620453e-08 20741907158.107124 1118615559178496.1 586154553009542.5
23.66110553611424 5.5610712143008234e-08 14669401618.230036 791124016172089.9 415340108490341.2
23.616036763664496 5.8199682419263365e-08 15381637548.038197 829535054598610.2 436335438718888.1
23.571139355368558 2.507328086620671e-08 6639258296.641734 358056642304733.94 188695850494593.2
23.526412335718902 3.220196411603899e-08 8543102797.0680895 460731389819498.25 243266173824696.53
23.481854736598223 1.8920977861398984e-08 5029214457.146839 271226628261664.94 143478886350415.97
23.437465597209567 1.896240268280434e-08 5049771096.360108 272335252280329.2 144337683708569.3
23.393243964007283 1.601973132566443e-08 4274189301.106517 230507957568562.1 122399725468897.94
23.349188890628735 1.4938846825066517e-08 3993321262.4818473 215360683227460.78 114571883477015.88
23.305299437826804 1.4726558589999524e-08 3943987747.7091575 212700116058152.84 113369161858996.22
23.261574673403114 1.3492702643534365e-08 3620335455.875624 195245477646695.94 104261085063328.64
23.218013672142057 1.3517771731063101e-08 3633866938.4393725 195975233441048.97 104846749890960.36
23.17461551574553 1.331634797306558e-08 3586423507.9722757 193416598928959.06 103671297025925.62
23.131379292768393 1.4131090926811025e-08 3812967783.00051 205634180897565.38 110425555141994.58
23.088304098554673 1.3637891515688337e-08 3686754104.23485 198827449782040.1 106969167982735.98
23.04538903517446 1.523427191505379e-08 4125975396.3224173 222514749484353.12 119935449972067.27
23.00263321136152 1.5258332716332762e-08 4140173117.3086863 223280435661571.8 120571435257249.62
22.96003574245159 1.0886169005248693e-08 2959316989.2428346 159596608136124.4 86341765001639.22
22.917595750321365 1.4380680865448155e-08 3916511164.59003 211218297961300.38 114480317495027.12
22.875312363328153 3.287674687760966e-08 8970378737.453268 483774474109395.44 262689539441388.16
22.833184716250198 5.2513142928404935e-08 14354580215.626892 774145629535322.5 421135222467189.7
22.791211950227677 9.577280715264487e-08 26227915266.14106 1414477168270095.8 770890056707200.4
22.749393212704323 8.985832924265412e-08 24653438301.59041 1329565283519609.0 725942644801746.4
22.707727657369702 6.937560005613402e-08 19068742336.70094 1028381416868032.1 562524635026782.1
22.666214444102113 6.570897895322381e-08 18094004764.137524 975813607819714.2 534745857085207.2
22.624852738912146 5.1033268728075326e-08 14078506960.553925 759256938912822.5 416832059463142.7
22.583641713886806 4.814735596850236e-08 13306610425.572823 717628391088166.9 394695615098503.44
22.542580547134285 7.487914712756326e-08 20732240296.069332 1118094223208689.6 616069916988001.6
22.501668422729324 1.0266450315675762e-07 28477021544.12867 1535771958456234.8 847746121067804.0
22.46090453065916 9.703513674734095e-08 26964399638.573 1454195930475247.0 804170349552806.9
22.420288066770084 8.648945423403091e-08 24077475141.891525 1298503465190094.5 719370919715293.6
22.37981823271454 8.753237468669717e-08 24411874615.156487 1316537701430954.0 730678424294195.8
22.33949423589884 1.0780312867364986e-07 30119447670.18639 1624348356248630.0 903137686074197.0
22.299315289431394 1.485875143048624e-07 41589123185.91852 2242910448578304.8 1249301119858099.2
22.259280612071553 1.1076765402332691e-07 31059238824.261986 1675031497355853.8 934667575524521.5
22.21938942817895 1.1197003282294713e-07 31452752656.565758 1696253783822163.8 948205865156595.4
22.179640967663424 7.378525357157714e-08 20763666140.42241 1119789025821858.9 627081854460242.4
22.140034465935454 4.320899616924425e-08 12181053737.982208 656926874401252.4 368535976539105.56
22.100569163857138 2.882492692089492e-08 8140549686.430177 439021613108861.1 246730146567182.25
22.06124430769369 2.9279465569435117e-08 8283657159.2608385 446739430208458.1 251514299207373.34
22.022059149065463 2.2774458401688716e-08 6454745269.366526 348105814658660.8 196331679467477.9
21.98301294490045 2.4252349381752895e-08 6885818565.708722 371353691180288.7 209814835516859.2
21.944104957387353 1.3305585166722663e-08 3784470133.5217724 204097296470114.28 115519069802086.86
21.905334453929072 1.4475331884259758e-08 4124464940.0640383 222433290250194.88 126119675571854.19
21.866700707096744 1.1284237671467346e-08 3220905173.115828 173704115721954.3 98663937730068.72
21.82820299458425 1.1451585584734952e-08 3274436812.0846562 176591088641194.88 100480329436834.2
21.789840599163185 1.1487506378315048e-08 3290490847.510234 177456886259406.4 101150425167864.86
21.75161280863834 7.832871011272983e-09 2247597217.1334724 121213406206434.53 69212854943877.69
21.713518915803597 8.459632451531458e-09 2431701473.675184 131142188758045.45 75013331969597.06
21.675558218398344 8.777179819384677e-09 2527398246.942933 136303136530325.92 78101697231874.78
21.637730019064314 8.040989715231713e-09 2319459447.1508718 125088951883212.25 71801058380963.44
21.600033625302878 6.820813452648164e-09 1970927819.0582707 106292565462313.05 61118225140832.91
21.562468349432788 8.144629703135066e-09 2357555056.699005 127143456382345.28 73234630876228.02
21.525033508548354 8.712275679124573e-09 2526252450.648252 136241343487231.6 78611255192136.84
21.48772842447808 8.365750068220532e-09 2429983664.1325526 131049546916220.34 75746638117575.92
