string
integrated and resized binned spectra ROIsize spatial in px50:1600
converted file:an 18 2019_16.28.17_82 binning:0.1
nm muJ
28.1 0.0002225863885766778
28.200000000000003 0.0017978563774662317
28.300000000000004 0.001793993771906006
28.400000000000006 0.0018020667470690123
28.500000000000007 0.0018223991886325856
28.60000000000001 0.0018304068621909843
28.70000000000001 0.0018506356871787423
28.80000000000001 0.0018635750787823978
28.900000000000013 0.0018861653544431257
29.000000000000014 0.0019243356909536917
29.100000000000016 0.001979905499668686
29.200000000000017 0.001962344832358421
29.30000000000002 0.0019661257146966348
29.40000000000002 0.001933583104503193
29.50000000000002 0.001955090190295774
29.600000000000023 0.0019841493551961942
29.700000000000024 0.0020035223723932996
29.800000000000026 0.002044497126927698
29.900000000000027 0.0020439273085831075
30.00000000000003 0.0020781211139088273
30.10000000000003 0.002189664551983094
30.20000000000003 0.002247882473670776
30.300000000000033 0.00226261750864784
30.400000000000034 0.002159397842763859
30.500000000000036 0.00213137514324345
30.600000000000037 0.0022148844055300807
30.70000000000004 0.002188914766079227
30.80000000000004 0.0022094290705145007
30.90000000000004 0.0023002222061751384
31.000000000000043 0.002333597101005673
31.100000000000044 0.002297436415421076
31.200000000000045 0.002333520959924564
31.300000000000047 0.002426888235422805
31.40000000000005 0.0025247354890036385
31.50000000000005 0.002513785086453988
31.60000000000005 0.002371788036444702
31.700000000000053 0.002252066551515906
31.800000000000054 0.0022230237200284086
31.900000000000055 0.0022761144480334295
32.00000000000006 0.0022231913082937462
32.10000000000006 0.0022783404182132806
32.20000000000006 0.002274127859158173
32.30000000000006 0.00224606899219496
32.40000000000006 0.00231625602512192
32.500000000000064 0.0023966523747305166
32.600000000000065 0.002429998266687032
32.70000000000007 0.0026229958822968184
32.80000000000007 0.0027129193773112134
32.90000000000007 0.002292741356647444
33.00000000000007 0.0022265684401089865
33.10000000000007 0.002148791940535148
33.200000000000074 0.002186981218771859
33.300000000000075 0.002119150282196949
33.40000000000008 0.0021627415037689555
33.50000000000008 0.002161661128454624
33.60000000000008 0.002238836441039329
33.70000000000008 0.002249905299950247
33.80000000000008 0.002229440819485237
33.900000000000084 0.002408716957248244
34.000000000000085 0.002422749029424502
34.10000000000009 0.002764886923967173
34.20000000000009 0.0031580748128131227
34.30000000000009 0.00261410421311246
34.40000000000009 0.002298165166587347
34.50000000000009 0.002174542341028342
34.600000000000094 0.0022112211012457824
34.700000000000095 0.0021711455268011684
34.8000000000001 0.0021051701596966547
34.9000000000001 0.0021530391841412143
35.0000000000001 0.0021910882939316367
35.1000000000001 0.002225879271710698
35.2000000000001 0.0022500148921896696
35.300000000000104 0.002292010014723323
35.400000000000105 0.002344410225768344
35.50000000000011 0.00241374439235864
35.60000000000011 0.002772672309540912
35.70000000000011 0.003561269051647996
35.80000000000011 0.003426400419241893
35.90000000000011 0.0025112829375364917
36.000000000000114 0.002168035872986586
36.100000000000115 0.0021773482279118382
36.20000000000012 0.002097448866749685
36.30000000000012 0.002071354348438651
36.40000000000012 0.0020492286702972692
36.50000000000012 0.001992259346981257
36.60000000000012 0.0020728712284382006
36.700000000000124 0.00215964524865284
36.800000000000125 0.0022618572512133135
36.90000000000013 0.0022070238977973692
37.00000000000013 0.0022245778663558696
37.10000000000013 0.002423741343688898
37.20000000000013 0.0026604090177412346
37.30000000000013 0.0032158998754961182
37.400000000000134 0.004423725625741192
37.500000000000135 0.004080559315759179
37.600000000000136 0.0027018489814589477
37.70000000000014 0.002247407865279942
37.80000000000014 0.0020987885784467713
37.90000000000014 0.0019586210856812622
38.00000000000014 0.0019263358885432493
38.10000000000014 0.0019144900642919492
38.200000000000145 0.0018628940391425509
38.300000000000146 0.001878477656385216
38.40000000000015 0.0019495345043194444
38.50000000000015 0.0021222772931449294
38.60000000000015 0.0022732275027477268
38.70000000000015 0.002236669870631122
38.80000000000015 0.0022735127412336453
38.900000000000155 0.002632773704282032
39.000000000000156 0.003349157253190394
39.10000000000016 0.003049419328942799
39.20000000000016 0.004533606269399123
39.30000000000016 0.006543325017445613
39.40000000000016 0.005357998634937406
39.50000000000016 0.002782963916385839
39.600000000000165 0.00212319729823972
39.700000000000166 0.0020082553038006422
39.80000000000017 0.0018652536023547662
39.90000000000017 0.0018479868727517296
40.00000000000017 0.0018439186527390485
40.10000000000017 0.0018134305568295343
40.20000000000017 0.0019787397242069034
40.300000000000175 0.0018627116241454428
40.400000000000176 0.0017867143712503506
40.50000000000018 0.0019233651655645725
40.60000000000018 0.0021540021389293996
40.70000000000018 0.0023516769011014053
40.80000000000018 0.0028893774323218934
40.90000000000018 0.003061022179990305
41.000000000000185 0.004005611173111713
41.100000000000186 0.004142279827448654
41.20000000000019 0.004804954208366367
41.30000000000019 0.007395263020228562
41.40000000000019 0.00844667578092623
41.50000000000019 0.0059958995486595066
41.60000000000019 0.003243226557346165
41.700000000000195 0.0025509501568156162
41.800000000000196 0.0021092643364294026
41.9000000000002 0.001989227996274609
42.0000000000002 0.001738613192950831
42.1000000000002 0.002066618784650891
42.2000000000002 0.0017808784084558497
42.3000000000002 0.0025048932892632334
42.400000000000205 0.0022529287388754144
42.500000000000206 0.0018728681984812303
42.60000000000021 0.0018172044816271498
42.70000000000021 0.002709091146671862
42.80000000000021 0.00361301630058888
42.90000000000021 0.003848658349094372
43.00000000000021 0.004166100697065505
43.100000000000215 0.003439508556042248
43.200000000000216 0.004989579105919217
43.30000000000022 0.005975885863248434
43.40000000000022 0.004367537458292549
43.50000000000022 0.004208255586898908
43.60000000000022 0.007186869903168761
43.70000000000022 0.009686308576409603
43.800000000000225 0.00801765518002667
43.900000000000226 0.004655928147325866
44.00000000000023 0.003950233527413457
44.10000000000023 0.002768158599214623
44.20000000000023 0.0028486817431333683
44.30000000000023 0.0019659963558842247
44.40000000000023 0.002207829601727001
44.500000000000234 0.002214300035680735
44.600000000000236 0.002540806545381989
44.70000000000024 0.003841496978677528
44.80000000000024 0.002447159862704601
44.90000000000024 0.0031011188594456973
45.00000000000024 0.0025727019137096936
45.10000000000024 0.003969745978106245
45.200000000000244 0.004731754674806761
45.300000000000246 0.009420191047377104
45.40000000000025 0.009987103447928686
45.50000000000025 0.009397588740682234
45.60000000000025 0.009513738043853467
45.70000000000025 0.01065333398100736
45.80000000000025 0.010156752226994633
45.900000000000254 0.008980916105004488
46.000000000000256 0.007319058629539533
46.10000000000026 0.009024766551605081
46.20000000000026 0.012656447316822557
46.30000000000026 0.013271935255255525
46.40000000000026 0.011231676598762468
46.50000000000026 0.008884324191964832
46.600000000000264 0.005711614450441645
46.700000000000266 0.006108707621166168
46.80000000000027 0.004635053244392197
46.90000000000027 0.002957665774931547
47.00000000000027 0.004137841793669327
47.10000000000027 0.0027078221312306643
47.20000000000027 0.003337066860302603
47.300000000000274 0.004750758274629178
47.400000000000276 0.004315198351827609
47.50000000000028 0.004242748570695205
47.60000000000028 0.006136601103038932
47.70000000000028 0.0054176746925619825
47.80000000000028 0.006351340003152523
47.90000000000028 0.005959910213996648
48.000000000000284 0.005015659310754056
48.100000000000286 0.011607651563207743
48.20000000000029 0.019314265893370947
48.30000000000029 0.026748244249247065
48.40000000000029 0.023577310920153194
48.50000000000029 0.020246451971413486
48.60000000000029 0.015140256305602773
48.700000000000294 0.013673199221510883
48.800000000000296 0.012509623377739424
48.9000000000003 0.011862750325813956
49.0000000000003 0.013143075482661432
49.1000000000003 0.01545486005657305
49.2000000000003 0.015498998504921924
49.3000000000003 0.013153649794272429
49.400000000000304 0.010512947583378078
49.500000000000306 0.008074823042651827
49.60000000000031 0.00947070785679911
49.70000000000031 0.007452274885185131
49.80000000000031 0.004436858805819633
49.90000000000031 0.007089177856594011
50.00000000000031 0.005201189119840423
50.100000000000314 0.004209589151329445
50.200000000000315 0.005878030451013649
50.30000000000032 0.004205117401594127
50.40000000000032 0.004598309227461314
50.50000000000032 0.006310828102601844
50.60000000000032 0.005702158719814606
50.70000000000032 0.006999400889270558
50.800000000000324 0.008918714484149508
50.900000000000325 0.011900329150937278
51.00000000000033 0.00761221094611538
51.10000000000033 0.006183147289734066
51.20000000000033 0.01207319733081793
51.30000000000033 0.0180613147808729
51.40000000000033 0.03308131927976944
51.500000000000334 0.03741096627168241
51.600000000000335 0.03782805255356107
51.70000000000034 0.028052929513435947
51.80000000000034 0.020207391356395158
51.90000000000034 0.0169233848982804
52.00000000000034 0.017369856165729624
52.10000000000034 0.014915316585663665
52.200000000000344 0.013593831790837646
52.300000000000345 0.019188740923496938
52.40000000000035 0.021129483041608946
52.50000000000035 0.01998195932056783
52.60000000000035 0.014647894371309195
52.70000000000035 0.009923059631744046
52.80000000000035 0.009108657117887662
52.900000000000354 0.009508213006142272
53.000000000000355 0.006469306344183488
53.10000000000036 0.005054356743737362
53.20000000000036 0.008015597607620795
53.30000000000036 0.008029421005642716
53.40000000000036 0.004558004755506202
53.50000000000036 0.004889883115919361
53.600000000000364 0.005107605113782379
53.700000000000365 0.003980068590762164
53.80000000000037 0.005995643444911951
53.90000000000037 0.008144062232172426
54.00000000000037 0.0054774075344261874
54.10000000000037 0.0045155037476926185
54.20000000000037 0.005588151302104246
54.300000000000374 0.008609969025408403
54.400000000000375 0.009842571340215453
54.50000000000038 0.00906494014938626
54.60000000000038 0.009481307150060281
54.70000000000038 0.011236506186721494
54.80000000000038 0.014849238920759709
54.90000000000038 0.02000554203228454
55.000000000000384 0.028911266296682406
55.100000000000385 0.03551983251290673
55.20000000000039 0.04042439608999082
55.30000000000039 0.038749306647542434
55.40000000000039 0.02817234258656314
55.50000000000039 0.019034088337482623
55.60000000000039 0.01867660186339892
55.700000000000394 0.016426733630689142
55.800000000000395 0.01504282653830879
55.9000000000004 0.015769116588761914
56.0000000000004 0.017873620906678742
56.1000000000004 0.02005656543638014
56.2000000000004 0.02074400865202991
56.3000000000004 0.01990181206683002
56.400000000000404 0.01431755096248616
56.500000000000405 0.012289779913993557
56.600000000000406 0.009909411790597657
56.70000000000041 0.005887037984647657
56.80000000000041 0.004196658476103223
56.90000000000041 0.0051630787148436675
57.00000000000041 0.005823250154398399
57.10000000000041 0.004749808727938388
57.200000000000415 0.003146066702640008
57.300000000000416 0.0023543912257877843
57.40000000000042 0.0028613442453702554
57.50000000000042 0.002580738039408398
57.60000000000042 0.0020075744567929874
57.70000000000042 0.00359526697899054
57.80000000000042 0.0050404465215687306
