string
integrated and resized binned spectra ROIsize spatial in px50:1600
converted file:an 18 2019_14.02.30_39 binning:0.1
nm muJ
28.1 0.0001575026386150104
28.200000000000003 0.0012925579191561266
28.300000000000004 0.001286448617462777
28.400000000000006 0.0012909364601294577
28.500000000000007 0.001301225446003827
28.60000000000001 0.0013156434375486332
28.70000000000001 0.0013095179460629652
28.80000000000001 0.001326893023123918
28.900000000000013 0.0013352973293416887
29.000000000000014 0.00134370739973502
29.100000000000016 0.0013485905238924234
29.200000000000017 0.0013596577249401238
29.30000000000002 0.0014043533417428331
29.40000000000002 0.0013781598268950855
29.50000000000002 0.001395728378386586
29.600000000000023 0.0014066973396069848
29.700000000000024 0.0014138917362910145
29.800000000000026 0.0014170547747885116
29.900000000000027 0.0014311411800123817
30.00000000000003 0.001443960021265994
30.10000000000003 0.0014865106603472252
30.20000000000003 0.0014812938963211463
30.300000000000033 0.001482341126082303
30.400000000000034 0.001490024409973794
30.500000000000036 0.0014749105599367288
30.600000000000037 0.0015324974636546694
30.70000000000004 0.001540454677238406
30.80000000000004 0.001547501122048193
30.90000000000004 0.0015747048863770244
31.000000000000043 0.0015738953110702076
31.100000000000044 0.0015611132762485406
31.200000000000045 0.0015523970967227236
31.300000000000047 0.001593670687579414
31.40000000000005 0.0015644267960558253
31.50000000000005 0.0015546390407257078
31.60000000000005 0.001576089503606745
31.700000000000053 0.0015341394813143336
31.800000000000054 0.0015068403261634107
31.900000000000055 0.0015407966325976285
32.00000000000006 0.0014888906224221905
32.10000000000006 0.0015044026213135192
32.20000000000006 0.0015043468289087163
32.30000000000006 0.001495803659308386
32.40000000000006 0.0015209568623070077
32.500000000000064 0.0014751180577083813
32.600000000000065 0.0015041985521716552
32.70000000000007 0.0014618224547175002
32.80000000000007 0.0014877246467472711
32.90000000000007 0.0014598361453880607
33.00000000000007 0.0014642145662662805
33.10000000000007 0.0014312218516439345
33.200000000000074 0.0014395658491569154
33.300000000000075 0.001399099672823933
33.40000000000008 0.0014202507188751095
33.50000000000008 0.0013958903214584062
33.60000000000008 0.001434553423341485
33.70000000000008 0.001409356198165086
33.80000000000008 0.0013747119090946594
33.900000000000084 0.0013967387560117638
34.000000000000085 0.001368378055890063
34.10000000000009 0.0014010228269932272
34.20000000000009 0.0014073761722145535
34.30000000000009 0.0014124262958445139
34.40000000000009 0.0014251955041555467
34.50000000000009 0.0014191490496772076
34.600000000000094 0.0014572042121544317
34.700000000000095 0.0013915795705265047
34.8000000000001 0.0013922908805654541
34.9000000000001 0.0014052729274972758
35.0000000000001 0.001417321785604593
35.1000000000001 0.0014197765648287172
35.2000000000001 0.0013914178379395058
35.300000000000104 0.0013831554036330045
35.400000000000105 0.001375429557542342
35.50000000000011 0.0013544300142793325
35.60000000000011 0.001420515425215877
35.70000000000011 0.0014534916912844864
35.80000000000011 0.0014840036527789082
35.90000000000011 0.0014619288445734716
36.000000000000114 0.0014632445406857594
36.100000000000115 0.0014718162869382732
36.20000000000012 0.0014591942814027301
36.30000000000012 0.0014685498195693154
36.40000000000012 0.0013580924261459512
36.50000000000012 0.001411717489069499
36.60000000000012 0.0014380213063772617
36.700000000000124 0.0014511081318185294
36.800000000000125 0.0014959919770287128
36.90000000000013 0.0014784695858160158
37.00000000000013 0.0014577215906061212
37.10000000000013 0.0015911314812073515
37.20000000000013 0.002014171569394524
37.30000000000013 0.002192442555545556
37.400000000000134 0.0027186105877908887
37.500000000000135 0.002616539213315586
37.600000000000136 0.003065422582240798
37.70000000000014 0.002811434767430908
37.80000000000014 0.0027106927960588558
37.90000000000014 0.003051389439631422
38.00000000000014 0.0028949828488736428
38.10000000000014 0.002636827239520154
38.200000000000145 0.002085086544936603
38.300000000000146 0.002153198335239694
38.40000000000015 0.0020755338939032844
38.50000000000015 0.0022967537925568243
38.60000000000015 0.002393378222010459
38.70000000000015 0.0024902977116751253
38.80000000000015 0.003090514655748214
38.900000000000155 0.004083686511725745
39.000000000000156 0.006467164016229927
39.10000000000016 0.007609274628522616
39.20000000000016 0.010547924205055039
39.30000000000016 0.012442219754606713
39.40000000000016 0.01198946580085753
39.50000000000016 0.012021623085251815
39.600000000000165 0.011548345116316791
39.700000000000166 0.010846991219495124
39.80000000000017 0.011231935566482897
39.90000000000017 0.009060342385962034
40.00000000000017 0.007455436901147527
40.10000000000017 0.005469086582959703
40.20000000000017 0.0049019847266819384
40.300000000000175 0.005440317721526393
40.400000000000176 0.0048592087918149715
40.50000000000018 0.00556648762416407
40.60000000000018 0.006359888545620255
40.70000000000018 0.009128973768042475
40.80000000000018 0.010991837218378056
40.90000000000018 0.0155936032040742
41.000000000000185 0.0216179063273493
41.100000000000186 0.027185747302604497
41.20000000000019 0.0325564278322742
41.30000000000019 0.042237595918713365
41.40000000000019 0.028546593064174848
41.50000000000019 0.043376615083153255
41.60000000000019 0.02851598045516316
41.700000000000195 0.032359950372732926
41.800000000000196 0.024923434671108635
41.9000000000002 0.018048600168160407
42.0000000000002 0.01489814127127651
42.1000000000002 0.011983166045442197
42.2000000000002 0.012783114153504077
42.3000000000002 0.010162544932895107
42.400000000000205 0.008503319902019588
42.500000000000206 0.008125659801915984
42.60000000000021 0.011034596073148092
42.70000000000021 0.012020958175592358
42.80000000000021 0.01845783118359204
42.90000000000021 0.02189790210803308
43.00000000000021 0.025236713565962465
43.100000000000215 0.03393067982848045
43.200000000000216 0.04324761916808668
43.30000000000022 0.04410679403422078
43.40000000000022 0.065148688007405
43.50000000000022 0.06614396087761697
43.60000000000022 0.05828693356036289
43.70000000000022 0.07616718707283131
43.800000000000225 0.05861671553900284
43.900000000000226 0.05724611452144893
44.00000000000023 0.04232933498773576
44.10000000000023 0.027729466712689912
44.20000000000023 0.027728591020889013
44.30000000000023 0.01676036292154992
44.40000000000023 0.016305590223472798
44.500000000000234 0.014272951165519732
44.600000000000236 0.01717174024222781
44.70000000000024 0.02075946678456252
44.80000000000024 0.016162541718505945
44.90000000000024 0.013804721406780329
45.00000000000024 0.01671853914412103
45.10000000000024 0.023478601649328076
45.200000000000244 0.030113599146846397
45.300000000000246 0.03537805435510084
45.40000000000025 0.04194540875034569
45.50000000000025 0.05269342612187152
45.60000000000025 0.06153022516105228
45.70000000000025 0.04590125274176542
45.80000000000025 0.07797765856879635
45.900000000000254 0.09063531178135095
46.000000000000256 0.08476060933598722
46.10000000000026 0.11579910546196424
46.20000000000026 0.0962973795183761
46.30000000000026 0.08217623956496248
46.40000000000026 0.08874772890067324
46.50000000000026 0.053255350428003605
46.600000000000264 0.04073874797814866
46.700000000000266 0.034666109143693044
46.80000000000027 0.021453002550816076
46.90000000000027 0.02125984055425588
47.00000000000027 0.01733476448891594
47.10000000000027 0.017485251063292892
47.20000000000027 0.01614452705157499
47.300000000000274 0.019759655427816696
47.400000000000276 0.027332072472579388
47.50000000000028 0.034505900475306904
47.60000000000028 0.028137328180042165
47.70000000000028 0.019595517893922706
47.80000000000028 0.026444434631978812
47.90000000000028 0.047294178200074755
48.000000000000284 0.042488057343106754
48.100000000000286 0.0447655600043055
48.20000000000029 0.08099717300633166
48.30000000000029 0.07445360663014143
48.40000000000029 0.0755893569949201
48.50000000000029 0.10548088541743249
48.60000000000029 0.08312451371318137
48.700000000000294 0.08785171620541728
48.800000000000296 0.1537816754618507
48.9000000000003 0.13216788366004895
49.0000000000003 0.10316375608835404
49.1000000000003 0.12589090225403946
49.2000000000003 0.11447000802608395
49.3000000000003 0.07238726712043775
49.400000000000304 0.06445485178873868
49.500000000000306 0.04307819568554384
49.60000000000031 0.03155662051286151
49.70000000000031 0.023799159636946076
49.80000000000031 0.02325450079486858
49.90000000000031 0.01722914896327942
50.00000000000031 0.01922629947611108
50.100000000000314 0.020141257927046307
50.200000000000315 0.021482873828761156
50.30000000000032 0.020942487125778092
50.40000000000032 0.017607593446361675
50.50000000000032 0.027011842082989648
50.60000000000032 0.039398270087868885
50.70000000000032 0.04527111488364889
50.800000000000324 0.04121473156443809
50.900000000000325 0.039693602482348725
51.00000000000033 0.034624202655173825
51.10000000000033 0.04036787619125821
51.20000000000033 0.06355266084189051
51.30000000000033 0.05724024142993724
51.40000000000033 0.06178041797913786
51.500000000000334 0.09814217359368746
51.600000000000335 0.0925380021230342
51.70000000000034 0.08212962919472327
51.80000000000034 0.11467361150479195
51.90000000000034 0.12797753305401988
52.00000000000034 0.10849294885894155
52.10000000000034 0.10318202801328645
52.200000000000344 0.11730009831202423
52.300000000000345 0.1177374028803348
52.40000000000035 0.08888583991600246
52.50000000000035 0.07371783294274142
52.60000000000035 0.07041211750543325
52.70000000000035 0.043497369561269573
52.80000000000035 0.0337591276695522
52.900000000000354 0.027042229420443636
53.000000000000355 0.024928573068936068
53.10000000000036 0.018475298707219225
53.20000000000036 0.019044266558628616
53.30000000000036 0.017991445504110245
53.40000000000036 0.01630373556351014
53.50000000000036 0.01740733470732124
53.600000000000364 0.016718326601659412
53.700000000000365 0.016633316455871183
53.80000000000037 0.017844599956597335
53.90000000000037 0.018732837794879744
54.00000000000037 0.018695207899976054
54.10000000000037 0.028088522393654305
54.20000000000037 0.04061710459484511
54.300000000000374 0.0667755477923438
54.400000000000375 0.06218170671469116
54.50000000000038 0.0386532773599347
54.60000000000038 0.02909755212706109
54.70000000000038 0.023644806362394445
54.80000000000038 0.050160364212386795
54.90000000000038 0.08040530951665546
55.000000000000384 0.07256573292314207
55.100000000000385 0.05482009223869738
55.20000000000039 0.07762850038838112
55.30000000000039 0.1259865111889973
55.40000000000039 0.1148223290290755
55.50000000000039 0.07743638738285544
55.60000000000039 0.07266964804089523
55.700000000000394 0.08950531421769924
55.800000000000395 0.07443602820214272
55.9000000000004 0.08131394352850298
56.0000000000004 0.05626952574700136
56.1000000000004 0.06806240613994931
56.2000000000004 0.05925659613907462
56.3000000000004 0.04934069171569556
56.400000000000404 0.03295088240522819
56.500000000000405 0.032305937302511814
56.600000000000406 0.02112835569328334
56.70000000000041 0.017543999104256636
56.80000000000041 0.014381056135989324
56.90000000000041 0.014411935323786568
57.00000000000041 0.01266594946704127
57.10000000000041 0.011095038593121623
57.200000000000415 0.01060442936571336
57.300000000000416 0.009877852092257116
57.40000000000042 0.008814699845856125
57.50000000000042 0.007874769948390096
57.60000000000042 0.007708640790467635
57.70000000000042 0.011140061123025707
57.80000000000042 0.010803312860805943
