string
integrated and resized binned spectra ROIsize spatial in px50:1600
converted file:an 18 2019_12.20.05_25 binning:0.1
nm muJ
28.1 0.000171147713851438
28.200000000000003 0.0013983493039667774
28.300000000000004 0.0014094082125447318
28.400000000000006 0.0013990042534020662
28.500000000000007 0.001393279675120311
28.60000000000001 0.0014212458223481024
28.70000000000001 0.001479197411381167
28.80000000000001 0.0014355102963689297
28.900000000000013 0.0014464745283749236
29.000000000000014 0.0014429838885626949
29.100000000000016 0.0014667200289060413
29.200000000000017 0.0014672009869951936
29.30000000000002 0.001537395388153825
29.40000000000002 0.001481899901233372
29.50000000000002 0.0014785649822905823
29.600000000000023 0.0014913606212695774
29.700000000000024 0.0015207695292453042
29.800000000000026 0.001639426283803785
29.900000000000027 0.0015512933852476964
30.00000000000003 0.001575486174903525
30.10000000000003 0.0015810513247347475
30.20000000000003 0.0015990988073451597
30.300000000000033 0.0015838220972933525
30.400000000000034 0.0016176646474995006
30.500000000000036 0.001591755348326535
30.600000000000037 0.001604773339009501
30.70000000000004 0.0016157974047167347
30.80000000000004 0.0016061291860418635
30.90000000000004 0.0017266015671014274
31.000000000000043 0.001933063251762372
31.100000000000044 0.0017129478508081076
31.200000000000045 0.0017085625006989986
31.300000000000047 0.0016676246243542846
31.40000000000005 0.0016722144366201374
31.50000000000005 0.001623788173294363
31.60000000000005 0.001723517630990026
31.700000000000053 0.0016571601586116654
31.800000000000054 0.0015834518159391282
31.900000000000055 0.0015893931494332608
32.00000000000006 0.0015059526263527753
32.10000000000006 0.0015876290294773781
32.20000000000006 0.001825781818288881
32.30000000000006 0.001899318545544326
32.40000000000006 0.0018092744655188407
32.500000000000064 0.0016385028009847985
32.600000000000065 0.001621095001381103
32.70000000000007 0.00163312233505953
32.80000000000007 0.0015938180988530122
32.90000000000007 0.0016649268695750655
33.00000000000007 0.0016380749291150238
33.10000000000007 0.001491602469418963
33.200000000000074 0.0014642090750150128
33.300000000000075 0.0014080263261686788
33.40000000000008 0.0014177995823699135
33.50000000000008 0.0014444522658681638
33.60000000000008 0.002032475191431238
33.70000000000008 0.0022524125035962976
33.80000000000008 0.0017898498579996245
33.900000000000084 0.0017183862237889224
34.000000000000085 0.0015981751405462397
34.10000000000009 0.0017070376688230254
34.20000000000009 0.0016378970205158218
34.30000000000009 0.0017790042743088335
34.40000000000009 0.0017907262379845284
34.50000000000009 0.0016520416632173638
34.600000000000094 0.0015484509873706484
34.700000000000095 0.0015161847588826532
34.8000000000001 0.0014264436017789577
34.9000000000001 0.001417875335443236
35.0000000000001 0.0015898327172284739
35.1000000000001 0.002381698814114315
35.2000000000001 0.003717870496425329
35.300000000000104 0.0024914353078845128
35.400000000000105 0.0025998642233794433
35.50000000000011 0.0019340578164274318
35.60000000000011 0.002471336017760821
35.70000000000011 0.002232456638550275
35.80000000000011 0.002191336480635261
35.90000000000011 0.002918464411742909
36.000000000000114 0.0028245737341823177
36.100000000000115 0.0019065686667373244
36.20000000000012 0.0019485892163666942
36.30000000000012 0.0018992743407570498
36.40000000000012 0.0016575991638297974
36.50000000000012 0.0015770065128376386
36.60000000000012 0.0018445930467042607
36.700000000000124 0.002677416381488818
36.800000000000125 0.007132735286906286
36.90000000000013 0.006881195080414079
37.00000000000013 0.004691266487042076
37.10000000000013 0.0043804504953786
37.20000000000013 0.004943426937224485
37.30000000000013 0.005700237315416501
37.400000000000134 0.004514008751553744
37.500000000000135 0.009005337765266939
37.600000000000136 0.00890450749225703
37.70000000000014 0.006013565236602605
37.80000000000014 0.003872565859706641
37.90000000000014 0.0056893798776404235
38.00000000000014 0.003952706522333612
38.10000000000014 0.003345699819686447
38.200000000000145 0.0027803813388262754
38.300000000000146 0.0025204232800607983
38.40000000000015 0.0040634766964508014
38.50000000000015 0.006085100525397017
38.60000000000015 0.0159427560368138
38.70000000000015 0.023151795641508544
38.80000000000015 0.013670295644174475
38.900000000000155 0.010479410230607153
39.000000000000156 0.01407844568223234
39.10000000000016 0.01231004841715964
39.20000000000016 0.012587962339641658
39.30000000000016 0.02539094958702278
39.40000000000016 0.022414072260303182
39.50000000000016 0.01663892926885708
39.600000000000165 0.008939611620524169
39.700000000000166 0.012514699646178372
39.80000000000017 0.011012266531017561
39.90000000000017 0.007989713901077842
40.00000000000017 0.006397828579898093
40.10000000000017 0.004877199504666493
40.20000000000017 0.006019892282876086
40.300000000000175 0.0072515001338017485
40.400000000000176 0.009365813456049556
40.50000000000018 0.011824676743332561
40.60000000000018 0.030632591606413802
40.70000000000018 0.05880437503659313
40.80000000000018 0.04567701426818933
40.90000000000018 0.01549326759168678
41.000000000000185 0.03293752723283637
41.100000000000186 0.029869473965156462
41.20000000000019 0.03031841618779144
41.30000000000019 0.04852538544787727
41.40000000000019 0.04563659707880759
41.50000000000019 0.031033006281177982
41.60000000000019 0.021357606826688698
41.700000000000195 0.022877031457271615
41.800000000000196 0.022370572461214298
41.9000000000002 0.016178623755057145
42.0000000000002 0.012463861847767805
42.1000000000002 0.008601968363536522
42.2000000000002 0.006833654388764041
42.3000000000002 0.011696280127997935
42.400000000000205 0.011301094689531443
42.500000000000206 0.01247374183647672
42.60000000000021 0.008936795280284274
42.70000000000021 0.01724970713863362
42.80000000000021 0.03347225866280951
42.90000000000021 0.07433463738356563
43.00000000000021 0.11787762962457046
43.100000000000215 0.03867295050314807
43.200000000000216 0.03917417710137101
43.30000000000022 0.058290066934032374
43.40000000000022 0.06138438223416607
43.50000000000022 0.05316405493403305
43.60000000000022 0.0808797207808163
43.70000000000022 0.04603085922098854
43.800000000000225 0.036392371499478125
43.900000000000226 0.03837374713735839
44.00000000000023 0.03318612434368587
44.10000000000023 0.025686957757218205
44.20000000000023 0.02693459611333401
44.30000000000023 0.014834291296589783
44.40000000000023 0.013749538382613337
44.500000000000234 0.012010651300630277
44.600000000000236 0.016477966489552145
44.70000000000024 0.016060617477588895
44.80000000000024 0.015357609454181062
44.90000000000024 0.012137734198301903
45.00000000000024 0.013671401826955152
45.10000000000024 0.013082489626493051
45.200000000000244 0.024025670047060885
45.300000000000246 0.033996821123385694
45.40000000000025 0.10456138438504622
45.50000000000025 0.17323538693081583
45.60000000000025 0.09775890379731583
45.70000000000025 0.043791288930402274
45.80000000000025 0.11275252619165715
45.900000000000254 0.08181074022080329
46.000000000000256 0.08994412698667405
46.10000000000026 0.07912963609307062
46.20000000000026 0.06045315874431097
46.30000000000026 0.047051687323054245
46.40000000000026 0.06030924377038576
46.50000000000026 0.044430244108333516
46.600000000000264 0.03725412665732731
46.700000000000266 0.0377554272156478
46.80000000000027 0.021391678907856433
46.90000000000027 0.02127682851165975
47.00000000000027 0.021314253584998572
47.10000000000027 0.024489160242912034
47.20000000000027 0.01868375957929003
47.300000000000274 0.018960468520406788
47.400000000000276 0.015309607336308472
47.50000000000028 0.01621025331384153
47.60000000000028 0.01471371416273163
47.70000000000028 0.016983531012811283
47.80000000000028 0.013464306675321051
47.90000000000028 0.015172471940971098
48.000000000000284 0.03749882741603034
48.100000000000286 0.03030026986223905
48.20000000000029 0.10489078051771478
48.30000000000029 0.2026501719212442
48.40000000000029 0.20842913746151012
48.50000000000029 0.10459143636736917
48.60000000000029 0.15160749685200184
48.700000000000294 0.10029762099898516
48.800000000000296 0.10436052346689145
48.9000000000003 0.08210101755730781
49.0000000000003 0.09948169075880998
49.1000000000003 0.05922826689293292
49.2000000000003 0.07431923748455575
49.3000000000003 0.06274932242974011
49.400000000000304 0.05972213211609592
49.500000000000306 0.04850117112493311
49.60000000000031 0.040708206110055004
49.70000000000031 0.02798822141409692
49.80000000000031 0.03310735317885053
49.90000000000031 0.024650882760253207
50.00000000000031 0.027666438655954646
50.100000000000314 0.020710826710750276
50.200000000000315 0.02562210445002966
50.30000000000032 0.019271587291738678
50.40000000000032 0.01926702780478479
50.50000000000032 0.015512338852589257
50.60000000000032 0.01618704109589472
50.70000000000032 0.017241005605835327
50.800000000000324 0.015930466694301707
50.900000000000325 0.01906592702805344
51.00000000000033 0.018927018656391716
51.10000000000033 0.030414320315288464
51.20000000000033 0.029728213249887274
51.30000000000033 0.034376000990778005
51.40000000000033 0.08117323506292415
51.500000000000334 0.22749269199886785
51.600000000000335 0.215633273020259
51.70000000000034 0.26852851651482607
51.80000000000034 0.09728335146804078
51.90000000000034 0.04784128464197602
52.00000000000034 0.08834628099100028
52.10000000000034 0.11733457331107713
52.200000000000344 0.07710918710176472
52.300000000000345 0.06152831305144875
52.40000000000035 0.06446738671557789
52.50000000000035 0.062099209345672486
52.60000000000035 0.06659466666679387
52.70000000000035 0.050167227733149605
52.80000000000035 0.05094327322781649
52.900000000000354 0.03404636467656779
53.000000000000355 0.04139248921164663
53.10000000000036 0.027786268571017146
53.20000000000036 0.02753231520458321
53.30000000000036 0.021769031245360077
53.40000000000036 0.02076665746987765
53.50000000000036 0.01994116145563801
53.600000000000364 0.01535329764752003
53.700000000000365 0.019916633174598963
53.80000000000037 0.018018026877792578
53.90000000000037 0.020206446123820165
54.00000000000037 0.020212212373109946
54.10000000000037 0.014625343076856777
54.20000000000037 0.01640438305457491
54.300000000000374 0.016710581187757256
54.400000000000375 0.02002535594432332
54.50000000000038 0.021338642317501974
54.60000000000038 0.01679816579492591
54.70000000000038 0.01834783486658916
54.80000000000038 0.03792764262328443
54.90000000000038 0.026969355605273488
55.000000000000384 0.0792812305004503
55.100000000000385 0.15799218006128193
55.20000000000039 0.152902885222515
55.30000000000039 0.2814012796337145
55.40000000000039 0.15384719457529114
55.50000000000039 0.0660738585730269
55.60000000000039 0.028834582235544814
55.700000000000394 0.0868780974024478
55.800000000000395 0.08400945320573625
55.9000000000004 0.048409826907180695
56.0000000000004 0.0416385393475954
56.1000000000004 0.041033540978984366
56.2000000000004 0.06280540959974978
56.3000000000004 0.04735094413693767
56.400000000000404 0.0418013100127799
56.500000000000405 0.04044666283243979
56.600000000000406 0.03176075861396684
56.70000000000041 0.03300700194471541
56.80000000000041 0.02150643779355523
56.90000000000041 0.022395132917738238
57.00000000000041 0.01579438892394512
57.10000000000041 0.013968532339092692
57.200000000000415 0.011573356712054495
57.300000000000416 0.00879922681245436
57.40000000000042 0.009269749091668078
57.50000000000042 0.00880215434827432
57.60000000000042 0.006851205896012063
57.70000000000042 0.01174928187475759
57.80000000000042 0.008846863534802716
