string
integrated and resized binned spectra ROIsize spatial in px50:1600
converted file:an 18 2019_14.52.09_54 binning:0.1
nm muJ
28.1 0.00016569422578377845
28.200000000000003 0.0013679958277833235
28.300000000000004 0.0013791894726538447
28.400000000000006 0.0013787358496623772
28.500000000000007 0.001378875700189402
28.60000000000001 0.0013968424051297816
28.70000000000001 0.0013899903909164932
28.80000000000001 0.0014143514871771737
28.900000000000013 0.0014631653204341068
29.000000000000014 0.001439419673047162
29.100000000000016 0.0014287348017845065
29.200000000000017 0.0014518219219962325
29.30000000000002 0.0015098534626523873
29.40000000000002 0.0014697053901007989
29.50000000000002 0.0014714619671701696
29.600000000000023 0.0014898296497266293
29.700000000000024 0.0015114676455899583
29.800000000000026 0.0015252695620524832
29.900000000000027 0.001528813142615548
30.00000000000003 0.001625447561696621
30.10000000000003 0.0016014092814104813
30.20000000000003 0.001555865203034394
30.300000000000033 0.001576828598397448
30.400000000000034 0.001612634664080363
30.500000000000036 0.0015674010334987087
30.600000000000037 0.001605749877873681
30.70000000000004 0.0016340902326670045
30.80000000000004 0.0016556107467913072
30.90000000000004 0.0017389770579982272
31.000000000000043 0.0016886056098259924
31.100000000000044 0.0017026182752886052
31.200000000000045 0.0018658876443854132
31.300000000000047 0.0017317306667835705
31.40000000000005 0.0016231484379312304
31.50000000000005 0.0016886165081000377
31.60000000000005 0.0016827262033816898
31.700000000000053 0.001605082313284877
31.800000000000054 0.0015855505363434315
31.900000000000055 0.0016581274548133867
32.00000000000006 0.0016048127484164592
32.10000000000006 0.001740321208021268
32.20000000000006 0.0016906267484086749
32.30000000000006 0.0016090097448433311
32.40000000000006 0.001860032519271582
32.500000000000064 0.0019326039895117368
32.600000000000065 0.001666857997051641
32.70000000000007 0.001554767309540561
32.80000000000007 0.0016273380323075374
32.90000000000007 0.0015464393383896294
33.00000000000007 0.0014951287572928039
33.10000000000007 0.0014908494776099122
33.200000000000074 0.0014872324387272065
33.300000000000075 0.0015103442340372232
33.40000000000008 0.0016572187768045788
33.50000000000008 0.0016307637967136073
33.60000000000008 0.0017087618250377031
33.70000000000008 0.001590633523774749
33.80000000000008 0.0019818617207483322
33.900000000000084 0.002234466741399826
34.000000000000085 0.0016701384451198247
34.10000000000009 0.0015724209452622935
34.20000000000009 0.0015425263343398405
34.30000000000009 0.0015054713985817448
34.40000000000009 0.0014644610669642688
34.50000000000009 0.0015164301457992965
34.600000000000094 0.001557202556270205
34.700000000000095 0.0015680077788440441
34.8000000000001 0.001681380281129592
34.9000000000001 0.0017541091434317882
35.0000000000001 0.0018942188087634265
35.1000000000001 0.002028144869352854
35.2000000000001 0.0017732997741096166
35.300000000000104 0.0023455245055978118
35.400000000000105 0.0033902677027530816
35.50000000000011 0.0025923159721500796
35.60000000000011 0.0021518890413329216
35.70000000000011 0.0018312224535498023
35.80000000000011 0.001603324676155126
35.90000000000011 0.0015802755612343478
36.000000000000114 0.0016136204520895195
36.100000000000115 0.0017802441556177093
36.20000000000012 0.0021896857276013223
36.30000000000012 0.0025363566033174377
36.40000000000012 0.0018767489022715293
36.50000000000012 0.002048494298066053
36.60000000000012 0.0024643980611678126
36.700000000000124 0.00278651643504046
36.800000000000125 0.002887082323159228
36.90000000000013 0.002885844017242833
37.00000000000013 0.004811453142925091
37.10000000000013 0.008349558457215897
37.20000000000013 0.007954278903714302
37.30000000000013 0.005546046388592295
37.400000000000134 0.003568234334034364
37.500000000000135 0.0037771709077117086
37.600000000000136 0.0033501541409231106
37.70000000000014 0.005182638630314635
37.80000000000014 0.004461671253723116
37.90000000000014 0.009586460568987609
38.00000000000014 0.006076542978453115
38.10000000000014 0.005392497176692743
38.200000000000145 0.003334969948862725
38.300000000000146 0.004069563547509276
38.40000000000015 0.004453939981291352
38.50000000000015 0.005784559891370971
38.60000000000015 0.006644911232132403
38.70000000000015 0.006347756403192262
38.80000000000015 0.01004605235125387
38.900000000000155 0.025189756458457835
39.000000000000156 0.03332881797837628
39.10000000000016 0.021208334475464503
39.20000000000016 0.010542022652612901
39.30000000000016 0.0117892006393641
39.40000000000016 0.011419417689902794
39.50000000000016 0.01820350891926566
39.600000000000165 0.014192588674546472
39.700000000000166 0.027882869541340734
39.80000000000017 0.01456422011602585
39.90000000000017 0.016033148712863786
40.00000000000017 0.00933485256900218
40.10000000000017 0.00813098025747263
40.20000000000017 0.005901382941873944
40.300000000000175 0.007774180143304464
40.400000000000176 0.009845507127668544
40.50000000000018 0.013430864124584106
40.60000000000018 0.015885778833864887
40.70000000000018 0.01634201346146879
40.80000000000018 0.02252031151561472
40.90000000000018 0.06629663131055803
41.000000000000185 0.09619205993454212
41.100000000000186 0.051104259589376026
41.20000000000019 0.02842013960333652
41.30000000000019 0.023055001062067693
41.40000000000019 0.04034573346721139
41.50000000000019 0.02697251670464821
41.60000000000019 0.03858531129209962
41.700000000000195 0.04613012750176924
41.800000000000196 0.024411599040600494
41.9000000000002 0.029648519459124487
42.0000000000002 0.01578872747818942
42.1000000000002 0.013783607269535246
42.2000000000002 0.01163703132110624
42.3000000000002 0.009431832668128335
42.400000000000205 0.00933900785387942
42.500000000000206 0.010874262652296589
42.60000000000021 0.015261171191097211
42.70000000000021 0.02155862174292038
42.80000000000021 0.026712217584461986
42.90000000000021 0.03409004495076885
43.00000000000021 0.049815980166996565
43.100000000000215 0.10143452824557833
43.200000000000216 0.1443065699998091
43.30000000000022 0.12645988142596964
43.40000000000022 0.054335233074413666
43.50000000000022 0.05142559622145803
43.60000000000022 0.0704997014848313
43.70000000000022 0.03562593615429738
43.800000000000225 0.06147382682397515
43.900000000000226 0.05116597183378806
44.00000000000023 0.042163436847732716
44.10000000000023 0.0455270280637062
44.20000000000023 0.02175523872270611
44.30000000000023 0.018544993336069928
44.40000000000023 0.014874218703247151
44.500000000000234 0.01110342311849648
44.600000000000236 0.015147381413357376
44.70000000000024 0.01509405511794544
44.80000000000024 0.013503385904716109
44.90000000000024 0.013251003833463348
45.00000000000024 0.01607321145506274
45.10000000000024 0.023879367241742482
45.200000000000244 0.03580662019368638
45.300000000000246 0.05732451699972632
45.40000000000025 0.0824584575091006
45.50000000000025 0.1131634481995567
45.60000000000025 0.12195110183989685
45.70000000000025 0.18080994973229522
45.80000000000025 0.1813849128982592
45.900000000000254 0.11952009125331567
46.000000000000256 0.12254070347410213
46.10000000000026 0.059933979449942526
46.20000000000026 0.06421183350875306
46.30000000000026 0.08440295961398094
46.40000000000026 0.05004483912258005
46.50000000000026 0.059870670799746416
46.600000000000264 0.05027095414961659
46.700000000000266 0.02314840179310077
46.80000000000027 0.023719996865495245
46.90000000000027 0.01845758792235218
47.00000000000027 0.014464551141104998
47.10000000000027 0.01421832921821626
47.20000000000027 0.014618019610394916
47.300000000000274 0.01419015376348396
47.400000000000276 0.020273001328869333
47.50000000000028 0.02104132374159616
47.60000000000028 0.02165048376911348
47.70000000000028 0.02013665847745683
47.80000000000028 0.023277993002222237
47.90000000000028 0.0278167220592106
48.000000000000284 0.06563226972697196
48.100000000000286 0.12500341252613587
48.20000000000029 0.16435737456970076
48.30000000000029 0.14703184396201502
48.40000000000029 0.13932166252656297
48.50000000000029 0.14187762430561407
48.60000000000029 0.26315724200162377
48.700000000000294 0.26686878531614816
48.800000000000296 0.14647101389168757
48.9000000000003 0.09572810651084263
49.0000000000003 0.09506226764904196
49.1000000000003 0.09200446847925829
49.2000000000003 0.06164706685855543
49.3000000000003 0.0777461364972696
49.400000000000304 0.049091799632963194
49.500000000000306 0.026255733036381693
49.60000000000031 0.027863737306118665
49.70000000000031 0.021530010086485328
49.80000000000031 0.01632921806370303
49.90000000000031 0.017237908525664165
50.00000000000031 0.015470819695219672
50.100000000000314 0.016369071613968236
50.200000000000315 0.0163534571001838
50.30000000000032 0.015424045071769425
50.40000000000032 0.01683571908294676
50.50000000000032 0.020833264746785478
50.60000000000032 0.024655196575500603
50.70000000000032 0.025599526942074194
50.800000000000324 0.02531464944661553
50.900000000000325 0.02432088527276865
51.00000000000033 0.04287198878800763
51.10000000000033 0.10064392375932422
51.20000000000033 0.13695387594836522
51.30000000000033 0.14762204884123867
51.40000000000033 0.1487586401256661
51.500000000000334 0.09283847942739126
51.600000000000335 0.11054376335176085
51.70000000000034 0.2013136945428527
51.80000000000034 0.22857145054600203
51.90000000000034 0.22133801867726696
52.00000000000034 0.1819095252100304
52.10000000000034 0.15007342626922335
52.200000000000344 0.07435149724519906
52.300000000000345 0.0643419560924172
52.40000000000035 0.07283001056036813
52.50000000000035 0.0481616736045615
52.60000000000035 0.03142354527604027
52.70000000000035 0.024883720484533346
52.80000000000035 0.02627463048345626
52.900000000000354 0.021166401873283447
53.000000000000355 0.01659958023165928
53.10000000000036 0.01738513307410212
53.20000000000036 0.014997815344632898
53.30000000000036 0.015024171728916583
53.40000000000036 0.013538848139423949
53.50000000000036 0.015390224739547374
53.600000000000364 0.014360352328121594
53.700000000000365 0.014296969267166797
53.80000000000037 0.014883225221273163
53.90000000000037 0.015141391478296124
54.00000000000037 0.017346268775690725
54.10000000000037 0.019632098855608
54.20000000000037 0.020092415574026804
54.300000000000374 0.026146427120057148
54.400000000000375 0.04065797378429792
54.50000000000038 0.07485749027969751
54.60000000000038 0.08546217640993199
54.70000000000038 0.09615098795237181
54.80000000000038 0.12297129987677391
54.90000000000038 0.0749636010063985
55.000000000000384 0.07167424535657638
55.100000000000385 0.10849350955627525
55.20000000000039 0.12342925016511225
55.30000000000039 0.1022301284104893
55.40000000000039 0.12755990006311452
55.50000000000039 0.1860428239051738
55.60000000000039 0.1806666721665564
55.700000000000394 0.15349577865893654
55.800000000000395 0.08617567781748167
55.9000000000004 0.06020043291441015
56.0000000000004 0.0477517896512936
56.1000000000004 0.03782735229086827
56.2000000000004 0.027330463297591076
56.3000000000004 0.02642175266900926
56.400000000000404 0.01732357336804585
56.500000000000405 0.0181551423644742
56.600000000000406 0.014462673570608752
56.70000000000041 0.012145585226565192
56.80000000000041 0.010706001902121827
56.90000000000041 0.011115270641499083
57.00000000000041 0.008801733938632532
57.10000000000041 0.0075406743962562976
57.200000000000415 0.008370250661494208
57.300000000000416 0.007456967054589371
57.40000000000042 0.007404137772161863
57.50000000000042 0.007589940001305555
57.60000000000042 0.007316116015106647
57.70000000000042 0.007732417271296906
57.80000000000042 0.00952490376920137
