string
20190118an 18 2019_17.01.5   full spectra  index number  Nphoton via eV
eV x-axis E [J] Nphoton Nphoton/sr Nphoton/sr @ 0.1bw
43.81066890785845 1.1908526138159503e-09 169655172.4595793 9149540308024.184 2598469447478.9233
43.65640598916881 1.1100353698240927e-09 158700323.67016166 8558742932889.824 2439241735873.4736
43.50322561727698 1.1532695165938566e-09 165462022.31408495 8923402809723.396 2552093203580.891
43.35111643679699 1.2459301537775774e-09 179383455.23673707 9674188711648.123 2776492160242.988
43.20006725060606 1.1713018450525466e-09 169228451.04582348 9126527129475.879 2628439813288.958
43.05006701709701 1.209629436933164e-09 175374921.66086423 9458007625054.639 2733364203640.7627
42.90110484748767 1.185369362394008e-09 172454366.89063412 9300501471810.893 2697145426825.182
42.75317000318599 1.2538978213748437e-09 183055507.96649402 9872223313110.725 2872816984115.1255
42.606251893209404 1.2859421509399663e-09 188380990.54592076 10159427745570.656 2966552901706.5654
42.46034007165731 1.2535524089828219e-09 184267185.5068092 9937569346094.674 2911707818405.6357
42.31542423523527 1.2529683914982455e-09 184812095.27906364 9966956448493.018 2930285195856.947
42.17149422082971 1.2010594297785538e-09 177760180.6497089 9586645160516.229 2828060322352.2866
42.02854000313198 1.2980880372889004e-09 192774159.75275153 10396352315303.098 3077320285329.7666
41.88655169231059 1.2626794179024715e-09 188151405.8433473 10147046192684.01 3013672719227.071
41.745519531730416 1.3713595226353704e-09 205036146.55035692 11057643927192.389 3295177890303.247
41.605433895717894 1.258485842183776e-09 188793593.73292035 10181679525082.84 3044322177999.689
41.46628528737101 1.247314242359055e-09 187745581.49425262 10125159997372.729 3037547999211.8633
41.32806433641311 1.2700554599821479e-09 191807946.5070483 10344244225054.244 3113617511741.2573
41.19076179708947 1.3277167191012514e-09 201184526.35309148 10849925213196.348 3276677414385.2
41.05436854610573 1.3403627886340727e-09 203775496.77482793 10989656810924.229 3329866013710.037
40.91887558060703 1.3699829179200594e-09 208968312.5665009 11269706494698.982 3425990774388.498
40.78427401619714 1.346845877755671e-09 206117155.4181279 11115942970278.496 3390362605934.9185
40.65055508499649 1.340129737653925e-09 205763973.95011598 11096895816980.58 3395650119996.093
40.51771013373833 1.4287763690203777e-09 220094069.42805195 11869720979292.965 3644004340642.646
40.38573062190204 1.4748362250487605e-09 227931751.06381923 12292408852632.041 3786061926610.535
40.254608119882874 1.4157619810519175e-09 219514704.46363533 11838475700895.988 3658088991576.98
40.124334307197174 1.4647954322543776e-09 227854763.15742356 12288256878114.639 3809359632215.4507
39.99490097072234 1.389034525209838e-09 216769107.52807453 11690405061685.23 3635715974183.9634
39.86630000297082 1.4539720777033982e-09 227635038.17283013 12276407061960.66 3830239003331.692
39.73852340039719 1.3885268196135237e-09 218087875.51807183 11761526505885.742 3681357796342.316
39.61156326173778 1.4355800963934865e-09 226200948.25429162 12199066281100.44 3830506812265.4907
39.485411786381924 1.587346914478772e-09 250913573.3551148 13531823521560.896 4262524409291.5845
39.36006127277436 1.3855721229385913e-09 219716334.92611295 11849349675541.258 3744394497470.9795
39.235504116847856 1.4472755725982309e-09 230229499.77831393 12416326939986.488 3935975639975.8022
39.11173281048556 1.4316079878509018e-09 228457821.07040513 12320779922374.975 3918008015315.2134
38.98873994001234 1.3815939799798175e-09 221172031.70227158 11927855718926.982 3804985974337.511
38.86651818471449 1.5903699200256079e-09 255394471.11430907 13773479311181.17 4407513379577.8125
38.74506031538725 1.396384894683306e-09 224945741.4498993 12131372705448.156 3894170638448.9253
38.62435919290941 1.425350402213049e-09 230329375.58860305 12421713264133.22 3999791671050.8794
38.50440776684447 1.3907716114662733e-09 225441748.52733055 12158122474890.664 3927073559389.633
38.38519907406786 1.493273380443398e-09 242808843.74347356 13094733692867.25 4242693716488.965
38.266726237419505 1.4753974725622662e-09 240644921.33096483 12978032887052.428 4217860688292.04
38.14898246438129 1.3745316304892544e-09 224885137.62349495 12128104327924.098 3953762010903.197
38.03196104577889 1.3964168477086407e-09 229168717.9759779 12359118746933.58 4041431830247.1357
37.91565535450739 1.4054847509412365e-09 231364405.83656895 12477532670264.469 4092630715846.7505
37.80005884428024 1.3841725755325794e-09 228552901.61787307 12325907636955.998 4055223612558.6157
37.68516504840097 1.3653722500646224e-09 226135957.95144168 12195561339948.717 4024535242182.853
37.57096757855732 1.4837557539172345e-09 246489833.37229306 13293250263237.818 4400065837131.797
37.45746012363721 1.4368495098817255e-09 239420830.62560746 12912017409381.016 4286789779914.1772
37.34463644856601 1.3382206569414463e-09 223660076.1076833 12062036494233.98 4016658152579.955
37.23249039316491 1.40037314083156e-09 234752735.2106626 12660266009517.762 4228528847178.9004
37.121015871029684 1.4667921541194289e-09 246625341.8749035 13300558266222.576 4455687019184.415
37.01020686842959 1.3642188979838646e-09 230065513.60375005 12407483129966.559 4168914331668.7905
36.90005744322593 1.3846637753565207e-09 234210447.15675047 12631020296959.182 4256653840075.1704
36.79056172380983 1.4267644218893885e-09 242049855.23391593 13053801277657.928 4412184831848.53
36.68171390805892 1.4770847777092027e-09 251330258.53643495 13554295443913.594 4594906155486.675
36.57350826231243 1.372261070555268e-09 234185012.01583028 12629648574283.617 4294080515256.1865
36.465939120364446 1.3555081535815506e-09 232008398.64986572 12512263342591.836 4266681799823.9155
36.35900088247482 1.3171428200844984e-09 226104862.95072883 12193884379804.941 4170308457893.3623
36.25268801439741 1.3337462362724238e-09 229626479.8458064 12383805944021.37 4247645438799.0386
36.146995046425396 1.5904235810545477e-09 274618367.81737167 14810228236734.092 5094718513436.344
36.041916572453225 1.6077409375467981e-09 278417909.36744624 15015138337973.137 5180222726600.537
35.937447249054806 1.4925429372197121e-09 259220046.37938905 13979793416326.234 4837008522048.827
35.83358179457777 1.4746126725508e-09 256848311.9685934 13851885264297.018 4806604186711.266
35.73031498825334 1.4821188164520161e-09 258901848.35836157 13962632927924.28 4858996258917.581
35.62764166932158 1.4370095370652083e-09 251745403.43813014 13576684298651.494 4738262820229.405
35.52555673617166 1.5607464246555315e-09 274208195.5768179 14788107558691.852 5175837645541.996
35.42405514549688 1.4777305928816094e-09 260367014.9447311 14041649680231.975 4928619037761.371
35.323131911464124 1.4505550737629037e-09 256309081.41395026 13822804443338.252 4865627164054.944
35.22278210489746 1.4003249197257669e-09 248138490.60642844 13382162706042.54 4723903435232.997
35.123000852475656 1.3820967352787105e-09 245604207.04012936 13245488242743.514 4688902837931.411
35.02378333594324 1.4929974292665926e-09 266063302.33902112 14348851696914.16 5093842352404.504
34.92512479133495 1.3876503413816918e-09 247988222.16041616 13374058696103.549 4761164895812.832
34.827020508213224 1.4824596589234923e-09 265677965.73321292 14328070410049.244 5115121136387.095
34.7294658289185 1.4977254591939117e-09 269167786.78970844 14516277217783.354 5196827243966.558
34.63245614783214 1.4272201542776413e-09 257215213.23521566 13871672329314.592 4979930366223.86
34.535986910651545 1.5086579561584014e-09 272651499.9476822 14704154625223.256 5293495665080.3955
34.44005361367751 1.580938352779508e-09 286510202.32310414 15451557455107.762 5578012241293.825
34.34465180311331 1.5052273572035032e-09 273547002.4224857 14752449268235.7 5340386635101.155
34.24977707437542 1.3903034049806725e-09 253361611.1819645 13663846733394.688 4959976364222.395
34.15542507141571 1.3660851039867796e-09 249635897.04140878 13462918160389.865 4900502210381.891
34.06159148605468 1.4481925972135178e-09 265369106.4085725 14311413559572.256 5223665949243.797
33.96827205732576 1.4102964349640095e-09 259134912.2490764 13975202114183.236 5114923973791.036
33.87546257083034 1.4557128203278486e-09 268212767.5475624 14464772822578.217 5308571625886.159
33.78315885810328 1.5121317941047576e-09 279369097.2637107 15066436107862.527 5544448487693.422
33.69135679598887 1.3837621076949242e-09 256349165.38018796 13824966180345.62 5101412520546.852
33.600052306026825 1.46477866426377e-09 272095291.6898421 14674158193042.701 5429438531425.791
33.509241353848374 1.4456611110105667e-09 269271802.6376981 14521886815062.691 5387620008388.314
33.41891994858194 1.5207845649767345e-09 284030030.8001145 15317801266060.158 5698222070974.628
33.32908414226855 1.6971750548202922e-09 317828058.50421566 17140536242702.664 6393420018527.739
33.23973002928659 1.5811451984475863e-09 296895243.9570225 16011625006556.473 5988347752452.085
33.150853745785824 1.4306156811263635e-09 269350160.39776313 14526112666086.08 5447292249782.237
33.062451469130394 1.5103975986079472e-09 285131506.975924 15377204115515.27 5781828747433.672
32.97451941735079 1.4181222908896736e-09 268425755.24938506 14476259295608.705 5457549754444.45
32.8870538486045 1.4655284486278839e-09 278136675.1250987 14999971314185.705 5669989156762.196
32.80005106064523 1.3345296771354609e-09 253946768.69375354 13695404405129.88 5190558269544.233
32.71350739030052 1.4177561451804341e-09 270497592.1587474 14587993910233.432 5543437685888.82
32.627419212957626 1.3586007607633958e-09 259895108.2510722 14016199649722.076 5340172066544.001
32.54178294205747 1.5922183967767719e-09 305386805.05542994 16469576741369.861 6291378315202.643
32.45659502859658 1.3573227584106768e-09 261017213.57881317 14076715033822.498 5391381857954.295
32.3718519606368 1.373863256662939e-09 264889618.51452416 14285554673278.354 5485652994538.652
32.28755026282264 1.4582901004007158e-09 281901772.89886963 15203023855085.846 5853164184208.023
32.20368649590622 1.540524117673665e-09 298573931.33182055 16102156981371.125 6215432594809.555
32.12025725627952 1.3849115500659914e-09 269111339.01478934 14513232977018.79 5616621162105.988
32.03725917551394 1.359880811400792e-09 264932029.2306773 14287841892414.143 5543682654256.625
31.954688919906943 1.4055604530371712e-09 274538913.1973766 14805943231816.387 5759511917176.624
31.872543190035717 1.3403843062595007e-09 262483247.6541794 14155778570000.246 5520753642300.121
31.790818720317677 1.2855219683395969e-09 252386874.20980695 13611278956726.389 5322010072079.958
31.709512278577733 1.2819182933988106e-09 252324695.4401769 13607925642172.016 5334306851731.281
31.628620665622176 1.42824472947869e-09 281845660.3999328 15199997695827.844 5973599094460.366
31.548140714819066 1.3657359447712493e-09 270197885.07807916 14571830642262.176 5741301273050.842
31.468069291685 1.2906167218536265e-09 255985970.88312414 13805379022215.621 5453124713775.288
31.388403293478206 1.3819425029895997e-09 274795568.6615555 14819784716757.49 5868634747835.859
31.309139648797704 1.4073762997850164e-09 280561499.72953653 15130742631891.791 6006904824861.106
31.230275317188642 1.419593712186536e-09 283711688.8859333 15300633017469.16 6089651940952.502
31.151807288753492 1.4515253131028772e-09 290824065.446834 15684205030549.469 6257997807189.447
31.07373258376915 1.3498781349938662e-09 271137828.6097826 14622522001127.97 5849008800451.171
30.996048252309727 1.2987123333843237e-09 261514402.1855828 14103528523398.908 5655514937882.729
30.918751373875036 1.3250079613722473e-09 267476428.4916335 14425061897323.645 5798874882724.079
30.8418390570246 1.1960520339875194e-09 242046486.14923704 13053619582189.268 5260608691622.432
30.765308439017097 1.2604363248421403e-09 255710529.8357788 13790524426693.219 5571371868384.069
30.689156685455174 1.373662196665972e-09 279372701.1910396 15066630468446.322 6101985339720.505
30.61338098993553 1.3896048198515325e-09 283314622.6467032 15279219148925.559 6203362974463.361
30.537978573704155 1.2672414351739939e-09 259004943.583569 13968192875816.965 5685054500457.594
30.462946685316677 1.2577555294021922e-09 257699336.11010996 13897781181132.459 5670294721901.87
30.388282600303643 1.2670099398801745e-09 260233282.8010192 14034437476668.525 5740084927957.381
30.313983620840798 1.2026119969720994e-09 247611890.04340982 13353763023275.926 5475042839543.323
30.240047075424116 1.4546369244719346e-09 300234862.1166703 16191731339432.277 6654801580506.553
30.166470318549603 1.3702158386552433e-09 283500259.2831646 15289230573059.146 6299162996100.429
30.093250730397784 1.2726661667951386e-09 263957720.9925057 14235297237462.848 5879177759072.094
30.02038571652273 1.417982451758892e-09 294810918.0283465 15899216856406.94 6582275778552.497
29.94787270754562 1.3170857348311337e-09 274496646.0297954 14803663754286.266 6143520458028.792
29.87570915885274 1.3241381567594176e-09 276633041.9629535 14918880051089.63 6206254101253.126
29.803892550297803 1.1913490180968828e-09 249491065.09838748 13455107342238.25 5610779761713.404
29.7324203859086 1.4346006463038692e-09 301154760.2814499 16241341647305.053 6788880808573.515
29.661290193597814 1.3135487627003298e-09 276404517.43274814 14906555673529.115 6245846827208.246
29.590499524878005 1.14285120258471e-09 241060674.72552666 13000454557942.82 5460190914335.744
29.520045954580674 1.201262217469256e-09 253985991.14209488 13697519680289.936 5766655785402.254
29.449927080579297 1.3591576751571072e-09 288054452.776126 15534839217524.848 6555702149795.259
29.38014052351631 1.0570144563958714e-09 224551537.6046009 12110113206431.143 5122577886320.525
29.310683926534004 1.2387908871604036e-09 263791637.9430577 14226340342524.875 6031968305230.288
29.241554955009157 1.221059294787749e-09 260630517.08924925 14055860408131.203 5973740673455.976
29.17275129629149 1.1351155318835397e-09 242857573.50393456 13097361699435.365 5579476083959.376
29.104270659445735 1.074064988067438e-09 230336526.94702443 12422098938446.504 5304236246716.521
29.036110774997383 1.0421422950790924e-09 224015233.48426962 12081190208710.576 5170749409328.137
28.96826939468197 1.1666935405825608e-09 251375656.38915515 13556743759973.396 5815843073028.495
28.90074429119786 1.1899336174463957e-09 256981986.29277757 13859094349640.775 5959410570345.704
28.833533257962518 1.3573695617216364e-09 293825319.41852826 15846063309259.93 6829653286290.348
28.76663410887211 1.198818436363124e-09 260107777.7206035 14027668960415.957 6059952990899.637
28.700044678064536 1.185821888152548e-09 257884870.83997303 13907787109421.06 6022071818379.455
28.633762819685636 1.1259460433368575e-09 245430273.1269236 13236107949017.498 5744470849873.433
28.56778640765871 1.1384980582098136e-09 248739455.305208 13414572862806.213 5835339195320.849
28.502113335457196 9.938940868794144e-10 217646666.06460807 11737731984208.486 5117651145114.945
28.43674151588046 1.0597349643862224e-09 232598231.2890118 12544073144961.057 5481759964347.767
28.371668880832676 9.76278272581248e-10 214772027.1200706 11582702081419.475 5073223511661.668
28.306893381104747 1.0729579723772026e-09 236580789.5070027 12758853374860.87 5601136631563.894
28.242412986159177 1.0032242546527159e-09 221709957.59050667 11956866178942.928 5261021118735.049
28.17822568391791 1.0642859967260332e-09 235740217.39618376 12713521138311.635 5606662821995.324
28.114329480553014 9.289031025736905e-10 206220415.774954 11121511823755.254 4915708226099.699
28.050722400280268 1.0357537633736124e-09 230463123.97401252 12428926343614.947 5506014370221.699
27.987402485155485 1.1616162435381548e-09 259053257.54645908 13970798458331.748 6203034515498.622
27.924367794873596 1.0815967701880861e-09 241752518.471278 13037765841452.992 5801805799446.474
27.86161640657051 1.021132967083141e-09 228752033.65969852 12336646871232.72 5502144504569.813
27.799146414627526 9.733349957826243e-10 218534421.3655651 11785608820452.332 5268167142742.385
27.736955930478473 1.1365866040873391e-09 255760051.93907928 13793195164482.8 6179351433688.155
27.675043082419368 9.843613718014848e-10 222001154.02898464 11972570466131.943 5375684139293.289
27.61340601542066 9.571854906718037e-10 216354086.73206556 11668022899993.95 5250610304997.188
27.552042890941948 1.014867629664716e-09 229902963.4798804 12398716766472.549 5591821261679.184
27.490951886749173 1.1062756726676682e-09 251166989.02970403 13545490283945.592 6122561608343.392
27.43013119673424 9.59377465333271e-10 218298425.4406527 11772881508952.12 5333115323555.086
27.369579030737032 9.773204206913717e-10 222873190.66525415 12019599591374.338 5456898214484.054
27.30929361436977 9.717991259762092e-10 222103300.45259523 11978079244948.387 5450026056451.554
27.249273188843684 9.515458252114646e-10 217953456.11232352 11754277238131.363 5359950420587.487
27.18951601079797 1.1051499159192131e-09 253693121.91766846 13681725179391.31 6252548406981.833
27.130020352131016 1.1600184103566435e-09 266872446.62064108 14392489023807.055 6591759972903.423
27.070784499833785 1.0919960106854645e-09 251773017.53981957 13578173533154.719 6232381651718.032
27.011806755825432 1.1125772936874955e-09 257078367.297771 13864292198178.67 6377574411162.427
26.95308543679103 1.098699020853348e-09 254424672.6311944 13721177868299.832 6325462997286.0625
26.89461887402142 1.1497721754639585e-09 266830441.68698642 14390223688609.562 6648283344137.774
26.83640541325514 1.2036894971596531e-09 279949116.911582 15097716693480.445 6990242829081.424
26.778443414522407 1.0294969094953684e-09 239954386.48725292 12940792192913.6 6004527577511.829
26.720731251991108 1.037830941053231e-09 242419331.92232746 13073727235732.104 6079283164615.294
26.66326731381478 9.77907371638393e-10 228914513.2981743 12345409433434.125 5752960795980.168
26.60605000198256 1.032605300825836e-09 242238362.50116807 13063967515533.697 6100872829754.404
26.549077732171035 1.1332737173340591e-09 266424618.51582038 14368337556824.23 6724381976593.698
26.49234893359802 1.0261548798732876e-09 241758316.66653475 13038078539382.834 6114858834969.899
26.43586204887819 9.836824514129442e-10 232247165.2008953 12525140074560.463 5886815835043.6875
26.37961553388058 1.056497910859445e-09 249970728.42703384 13480975689758.139 6349539549876.073
26.323607857587838 1.0751217452931933e-09 254918414.2823791 13747805462812.701 6488964178447.231
26.267837501957352 1.1761943295092148e-09 279475495.7306528 15072174200299.59 7129138396741.955
26.212302961784083 1.1982490988891798e-09 285319140.46699935 15387323230451.998 7293591211234.3545
26.15700274456513 1.0850953065374843e-09 258921957.60697067 13963717424070.465 6632765776433.165
26.101935370366043 1.1344257306208385e-09 271264107.323957 14629332239617.22 6963562146058.058
26.047099371688805 1.1935007670456055e-09 285990963.1861693 15423554775649.105 7357035627984.28
25.992493293341447 1.220150815294921e-09 292991181.2505554 15801078056646.146 7552915311077.009
25.938115692309353 1.2843326364376632e-09 309049517.9147676 16667107641591.68 7983544560322.638
25.883965137628124 1.267433772911191e-09 305621177.10957843 16482216477166.994 7911463909039.666
25.830040210258062 1.2190397629612199e-09 294565421.44679993 15885977172430.447 7641155019938.807
25.776339502960226 1.2248746725503455e-09 296591968.29887354 15995269284426.412 7709719795093.399
25.722861620174 1.5270195801902895e-09 370522255.668583 19982345743495.93 9651472994108.643
25.66960517789621 1.2563006207640692e-09 305466339.28171605 16473866039472.139 7973351163104.504
25.616568803561712 1.2184369775085427e-09 296873264.07517123 16010439626753.145 7765063218974.909
25.5637511359255 1.4402523569253447e-09 351643819.3265212 18964227570262.42 9216614599147.816
25.51115082494623 1.239426563735406e-09 303235277.41406155 16353544388255.379 7964176117080.408
25.458766531671188 1.3126736654898078e-09 321816560.6319663 17355637028947.121 8469550870126.214
25.40659692812268 1.4555752942844558e-09 357583238.12427753 19284541716353.4 9430140899296.854
25.354640697185825 1.443140965604767e-09 355255057.4231526 19158982425348.69 9387901388420.834
25.30289653249769 1.5142544198525677e-09 373523203.1388644 20144187492518.61 9890796058826.186
25.251363138337815 1.424664315334965e-09 352141081.47147363 18991045025769.004 9343594152678.2
25.200039229520055 1.5320250301327767e-09 379449180.1573215 20463776720531.78 10088641923222.387
25.148923531285735 1.7215679411914484e-09 427261480.6585751 23042304473700.113 11382898410007.242
25.09801477919811 1.594170505418473e-09 396446304.5027861 21380435329077.18 10583315487893.14
25.047311719038113 1.5152048292209544e-09 377571495.40301114 20362512773808.21 10099806335808.795
24.996813106701342 1.5669171621097682e-09 391246413.11520797 21100004056878.1 10486702016268.262
24.94651770809631 1.655644037696115e-09 414234258.35207987 22339743544570.363 11125192285196.262
24.896424299043908 1.6362934224744799e-09 410216554.5421987 22123067905264.594 11039410884726.889
24.846531665178087 1.5922415045394927e-09 399974349.92148685 21570703584969.19 10785351792484.719
24.796838601847732 1.5314852215716176e-09 385483212.7562818 20789193409476.367 10415385898147.344
24.74734391401969 1.6887857287955908e-09 425926764.6216497 22970322947864.082 11531102119828.324
24.698046416183 1.9029111365193283e-09 480889041.118781 25934450459809.438 13045028581283.889
24.648944932254206 1.803683193755708e-09 456720913.80654114 24631058103378.438 12414053284102.33
24.60003829548386 1.6461340062732292e-09 417655666.90359795 22524260851048.547 11374751729779.254
24.551325348364088 1.8281324114604392e-09 464752443.4720843 25064200243076.46 12682485322996.63
24.50280494253728 1.5461786150617936e-09 393851799.7649648 21240513124915.02 10768940154331.3
24.454475938705844 1.7115352309070279e-09 436834024.5966255 23558553847897.01 11967745354732.164
24.40633720654304 1.7374659771754496e-09 444326971.5061267 23962650102555.562 12196988902200.887
24.35838762460484 1.6350125561239697e-09 418949358.4846139 22594029919064.89 11522955258722.705
24.31062608024287 1.6148110634623976e-09 414585918.9036511 22358708674514.22 11425300132676.797
24.263051469518324 1.7180208478575638e-09 441948826.4027435 23834396220482.387 12203210864886.508
24.21566269711692 1.6566527238546058e-09 426996283.57350665 23028002337288.785 11813365199029.566
24.16845867626484 1.7317333311844748e-09 447219813.69886583 24118661710474.71 12396992119184.096
24.12143832864565 1.6682296384127562e-09 431659801.8032798 23279506888561.344 11988946047608.648
24.07460058431818 1.7742383898981893e-09 459983079.33560985 24806987399060.668 12800405497915.465
24.027944381635393 1.8059350554949723e-09 469109777.7588867 25299192227786.7 13079682381765.447
23.981468667164144 1.9146548778878204e-09 498314702.3309469 26874220154674.9 13920846040121.105
23.93517239560591 1.885456715519598e-09 491664647.1314319 26515581233052.598 13761586659953.922
23.889054529718422 1.870762434306139e-09 488774627.69387364 26359721856933.594 13707055365605.72
23.843114040238195 1.837627729169106e-09 481042595.87286663 25942731701056.77 13516163216250.133
23.797349905803955 1.870814754244329e-09 490671874.59256303 26462040794353.363 13813185294652.715
23.75176111288096 1.7709005424100514e-09 465358155.2509837 25096866410902.293 13125661132901.607
23.706346655686158 1.9885644522843045e-09 523557054.5390409 28235545693112.727 14795425943191.334
23.66110553611424 1.852717410005141e-09 488723390.24468714 26356958610167.723 13837403270337.855
23.616036763664496 1.8816615184753275e-09 497305728.522307 26819805977977.21 14107217944416.633
23.571139355368558 1.8181203293886643e-09 481427641.8630047 25963497314955.457 13682763084981.41
23.526412335718902 1.9563439793332898e-09 519013301.8484141 27990500123385.176 14778984065147.46
23.481854736598223 1.946066258842471e-09 517266318.64536047 27896284939715.555 14757134733109.037
23.437465597209567 1.8696205548169645e-09 497888163.0563079 26851216798928.73 14231144903431.719
23.393243964007283 1.8626657590296248e-09 496973756.7338176 26801902667303.71 14231810316337.277
23.349188890628735 1.894578739538019e-09 506442140.5906972 27312534665694.48 14530268442150.318
23.305299437826804 1.877127439060868e-09 502722178.79689777 27111916317999.91 14450651397494.047
23.261574673403114 1.905976452233707e-09 511407855.81547666 27580336766559.477 14727899833341.773
23.218013672142057 1.9668496950242886e-09 528731378.35315627 28514598100520.45 15255309983778.318
23.17461551574553 1.926241589554878e-09 518784739.83908087 27978173724567.152 14996301116368.51
23.131379292768393 1.8122926931574615e-09 489007797.64043766 26372296762807.54 14161923361627.902
23.088304098554673 2.0686717293459935e-09 559227500.7986094 30159260609231.125 16225682207766.105
23.04538903517446 1.9079876264021437e-09 516749999.40389717 27868439730854.02 15021089014930.432
23.00263321136152 1.8723585173307477e-09 508042952.23677784 27398866785541.04 14795388064192.266
22.96003574245159 1.8854024824932365e-09 512531414.4317189 27640930526824.496 14953743415011.346
22.917595750321365 1.868395874724187e-09 508848876.6072894 27442330461928.336 14873743110365.459
22.875312363328153 1.9483687186212964e-09 531609936.69183457 28669839377086.957 15567722781757.412
22.833184716250198 1.94654780272502e-09 532093015.56876546 28695891925867.85 15610565207671.156
22.791211950227677 2.0967106825791773e-09 574195867.8589361 30966507896645.188 16876746803671.588
22.749393212704323 1.918975520613789e-09 526488139.702218 28393619752735.81 15502916384994.602
22.707727657369702 1.88582940632892e-09 518343553.2256754 27954380434659.203 15291046097757.73
22.666214444102113 2.0648186392328467e-09 568580411.5439857 30663665117632.2 16803688484462.564
22.624852738912146 1.7925536989979275e-09 494510352.9028989 26669050763532.242 14641308869179.312
22.583641713886806 1.9027119191005852e-09 525857458.84215933 28359606996938.57 15597783848316.676
22.542580547134285 1.8489823928796575e-09 511938887.43254167 27608975417033.45 15212545454785.766
22.501668422729324 1.9085383653967664e-09 529389287.2224203 28550079268769.367 15759643756359.992
22.46090453065916 1.9845866857649755e-09 551482589.772558 29741575875028.273 16447091458890.54
22.420288066770084 1.8081053534968083e-09 503351675.5111038 27145865212554.062 15038809327754.559
22.37981823271454 1.929667521006606e-09 538164327.6600403 29023319105931.86 16107942103792.541
22.33949423589884 2.0441741415118072e-09 571128100.2836273 30801062524841.832 17125390763811.275
22.299315289431394 2.0953827194691076e-09 586490260.9706954 31629547188097.01 17617657783769.805
22.259280612071553 1.845663110410929e-09 517523746.8088928 27910168096500.656 15573873797846.617
22.21938942817895 1.8399014151702547e-09 516834394.5680746 27872991180392.805 15581002069839.674
22.179640967663424 1.8598377966207345e-09 523370852.78036445 28225503791815.31 15806282123416.61
22.140034465935454 1.8654034345399774e-09 525876125.19732076 28360613677527.66 15910304273093.145
22.100569163857138 2.060260141887128e-09 581845362.4541972 31379046802006.473 17635024302727.8
22.06124430769369 1.981081662744628e-09 560481585.9687672 30226893694905.465 17017741150232.549
22.022059149065463 1.939657636063824e-09 549738471.4819508 29647515196709.285 16721198570943.457
21.98301294490045 1.8554376188451333e-09 526802851.2310164 28410592213854.418 16051984600827.445
21.944104957387353 1.8150198183263121e-09 516240977.6148114 27840988075184.562 15757999250554.758
21.905334453929072 1.8441061074040045e-09 525442252.1404413 28337214809312.016 16067200796879.11
21.866700707096744 1.7935787389349672e-09 511948366.10305053 27609486603793.22 15682188390954.338
21.82820299458425 1.8551281348146524e-09 530450548.6007457 28607313325459.566 16277561282185.572
21.789840599163185 1.8317240544684834e-09 524680556.240696 28296136383961.695 16128797738858.678
21.75161280863834 1.7350234045888931e-09 497854971.72149634 26849426783031.586 15331022693111.826
21.713518915803597 1.860910753646749e-09 534914424.23146856 28848051107993.35 16501085233771.113
21.675558218398344 1.8107619395751168e-09 521410822.8255453 28119798950538.953 16112644798658.412
21.637730019064314 1.8223427712940168e-09 525662922.91336495 28349115632036.113 16272392372788.639
21.600033625302878 1.842945754070929e-09 532533704.51049066 28719658376233.965 16513803566335.314
21.562468349432788 1.8272029753651626e-09 528904538.4751447 28523936663518.004 16429787518185.727
21.525033508548354 1.7124622725032984e-09 496553618.3525391 26779244513127.06 15451624084075.143
21.48772842447808 1.7501455712333922e-09 508361487.4064354 27416045456441.86 15846474273823.514
