string
integrated and resized binned spectra ROIsize spatial in px50:1600
converted file:an 18 2019_14.09.51_45 binning:0.1
nm muJ
28.1 0.00019334890101761548
28.200000000000003 0.0015795860430927974
28.300000000000004 0.0016077783979811338
28.400000000000006 0.0016248329441871704
28.500000000000007 0.0016150620134208267
28.60000000000001 0.001635870971451277
28.70000000000001 0.001608227307539617
28.80000000000001 0.001640255797228316
28.900000000000013 0.0016432601415213228
29.000000000000014 0.0016599377720385863
29.100000000000016 0.0016584676900907264
29.200000000000017 0.001669204860424592
29.30000000000002 0.0017517960579405082
29.40000000000002 0.0017215699762737735
29.50000000000002 0.0017466359629779713
29.600000000000023 0.001741146359044633
29.700000000000024 0.0017736197122644477
29.800000000000026 0.0017725745303880578
29.900000000000027 0.0017407242143516494
30.00000000000003 0.0017649331390671194
30.10000000000003 0.0018088660111302798
30.20000000000003 0.0018066295668516163
30.300000000000033 0.0018422386036035909
30.400000000000034 0.0018630927091581096
30.500000000000036 0.001839364645991259
30.600000000000037 0.0018644988044873717
30.70000000000004 0.0019072724600661126
30.80000000000004 0.0019515309397972731
30.90000000000004 0.002067550544648237
31.000000000000043 0.001913727422941522
31.100000000000044 0.0018783149541108407
31.200000000000045 0.0018834521804501126
31.300000000000047 0.0019220723847225858
31.40000000000005 0.0019021198681294313
31.50000000000005 0.001875337376179422
31.60000000000005 0.002020052144356363
31.700000000000053 0.0018975489461700338
31.800000000000054 0.0018660875752915529
31.900000000000055 0.0018979332264792894
32.00000000000006 0.0019331345977591466
32.10000000000006 0.0019459475531075393
32.20000000000006 0.0019637296912504826
32.30000000000006 0.0017672694645301077
32.40000000000006 0.001788085328700186
32.500000000000064 0.0017349672998106507
32.600000000000065 0.001764916802730145
32.70000000000007 0.0017190075390549108
32.80000000000007 0.0017735198741060897
32.90000000000007 0.0018449488730626089
33.00000000000007 0.0018239112969518825
33.10000000000007 0.001887174670717037
33.200000000000074 0.0019729178024567315
33.300000000000075 0.0019424791531916928
33.40000000000008 0.001988119889321593
33.50000000000008 0.0018441516501087238
33.60000000000008 0.0020158241959367432
33.70000000000008 0.0016642945625913086
33.80000000000008 0.0015788417830588219
33.900000000000084 0.0015979613928354688
34.000000000000085 0.0016147473242640866
34.10000000000009 0.0016659299527137115
34.20000000000009 0.0016626134118137503
34.30000000000009 0.0019364980541828629
34.40000000000009 0.0018695251525521585
34.50000000000009 0.001838808697704458
34.600000000000094 0.0020179839537789973
34.700000000000095 0.002017999846748178
34.8000000000001 0.002067704233422701
34.9000000000001 0.002322285855782707
35.0000000000001 0.0019875068027714327
35.1000000000001 0.002808482089303643
35.2000000000001 0.001964618858376819
35.300000000000104 0.0018032004720565057
35.400000000000105 0.001745183545034409
35.50000000000011 0.00184898894182666
35.60000000000011 0.0019073938858268236
35.70000000000011 0.0017819999727143009
35.80000000000011 0.002008107430863671
35.90000000000011 0.0019132466969779263
36.000000000000114 0.0022519874233910084
36.100000000000115 0.002410363443489383
36.20000000000012 0.003260098566531559
36.30000000000012 0.003514315157879953
36.40000000000012 0.0035478225436055546
36.50000000000012 0.00352285279296296
36.60000000000012 0.0026389594576282
36.700000000000124 0.003879189121616141
36.800000000000125 0.004799971909837345
36.90000000000013 0.002560642947768895
37.00000000000013 0.00273271550966048
37.10000000000013 0.002742937008484057
37.20000000000013 0.003645345766724351
37.30000000000013 0.0036563524257854506
37.400000000000134 0.004954397717383826
37.500000000000135 0.005038459769274494
37.600000000000136 0.005800274984150415
37.70000000000014 0.007920872504166971
37.80000000000014 0.008365455705030616
37.90000000000014 0.012987298498580241
38.00000000000014 0.016324118511801912
38.10000000000014 0.014697289184711023
38.200000000000145 0.016499917507084596
38.300000000000146 0.008884326484362388
38.40000000000015 0.007472842486725352
38.50000000000015 0.010632504081117343
38.60000000000015 0.017963637256631148
38.70000000000015 0.009712801459401487
38.80000000000015 0.007930524852599968
38.900000000000155 0.010641282290461318
39.000000000000156 0.010849259044589523
39.10000000000016 0.013664660357580162
39.20000000000016 0.022136335696009053
39.30000000000016 0.0202000243157499
39.40000000000016 0.023511098379271872
39.50000000000016 0.026024262743085124
39.600000000000165 0.025130957465976014
39.700000000000166 0.04550568937038403
39.80000000000017 0.05124520557185959
39.90000000000017 0.03992021758701886
40.00000000000017 0.0406608857872697
40.10000000000017 0.06269060943987159
40.20000000000017 0.024322757551702472
40.300000000000175 0.02446815367286019
40.400000000000176 0.024613565728368487
40.50000000000018 0.02308571231753359
40.60000000000018 0.057093479656190604
40.70000000000018 0.037826983643229825
40.80000000000018 0.025048569005720823
40.90000000000018 0.02978771171035373
41.000000000000185 0.02504127283024824
41.100000000000186 0.04856325620432274
41.20000000000019 0.052425143406306766
41.30000000000019 0.04819821048369311
41.40000000000019 0.056436472170183445
41.50000000000019 0.041565648542379444
41.60000000000019 0.05688988849590399
41.700000000000195 0.08940205783584676
41.800000000000196 0.08815320451522593
41.9000000000002 0.06362042692038258
42.0000000000002 0.04460278538416726
42.1000000000002 0.06629980215069774
42.2000000000002 0.1326750645391544
42.3000000000002 0.05088222766840992
42.400000000000205 0.04336025786281151
42.500000000000206 0.028758971924129764
42.60000000000021 0.03901918515604855
42.70000000000021 0.03501612666383565
42.80000000000021 0.08296115838122242
42.90000000000021 0.1179745756854797
43.00000000000021 0.06981314049925108
43.100000000000215 0.03321097491573194
43.200000000000216 0.06736895653532447
43.30000000000022 0.09192988484650776
43.40000000000022 0.07651077869187198
43.50000000000022 0.08068186851428029
43.60000000000022 0.08423015550882619
43.70000000000022 0.06026390205329504
43.800000000000225 0.0953010571319637
43.900000000000226 0.1285289237484623
44.00000000000023 0.11818476075222258
44.10000000000023 0.08942753982560847
44.20000000000023 0.05386153620216865
44.30000000000023 0.04942230518813828
44.40000000000023 0.06650432501431001
44.500000000000234 0.1789495930184004
44.600000000000236 0.12242970519367448
44.70000000000024 0.07341697118475804
44.80000000000024 0.056161910652678095
44.90000000000024 0.03573115418763587
45.00000000000024 0.042819549120212366
45.10000000000024 0.05079288873874211
45.200000000000244 0.04074607943945006
45.300000000000246 0.13072845190293367
45.40000000000025 0.19245173701267965
45.50000000000025 0.12195225271241407
45.60000000000025 0.1000321244331975
45.70000000000025 0.1425969270923883
45.80000000000025 0.1074944740280143
45.900000000000254 0.09008811062337216
46.000000000000256 0.1125639737369846
46.10000000000026 0.08870870874954513
46.20000000000026 0.11059876246244979
46.30000000000026 0.15223417216424362
46.40000000000026 0.14566468978517325
46.50000000000026 0.11981470306577113
46.600000000000264 0.08219406853285716
46.700000000000266 0.0532473410028117
46.80000000000027 0.03547617497402201
46.90000000000027 0.05179445333859962
47.00000000000027 0.06323790852011654
47.10000000000027 0.21577017037726054
47.20000000000027 0.20887926886874528
47.300000000000274 0.06550621200171808
47.400000000000276 0.06654690069295136
47.50000000000028 0.059205842309047796
47.60000000000028 0.06500058340983543
47.70000000000028 0.03863470675563918
47.80000000000028 0.038852012832061356
47.90000000000028 0.06995994173800552
48.000000000000284 0.06391151656212676
48.100000000000286 0.11841482141176295
48.20000000000029 0.25757740575604243
48.30000000000029 0.3064142584943898
48.40000000000029 0.21920009305833496
48.50000000000029 0.11953830822618186
48.60000000000029 0.10099535052889763
48.700000000000294 0.10918679663552219
48.800000000000296 0.10687304177109705
48.9000000000003 0.138797626282519
49.0000000000003 0.18475613406208943
49.1000000000003 0.1667992960375458
49.2000000000003 0.142471929330997
49.3000000000003 0.11480120841566065
49.400000000000304 0.07453794186194987
49.500000000000306 0.040222285376369286
49.60000000000031 0.04050731999502078
49.70000000000031 0.03439888456074429
49.80000000000031 0.0545070405742559
49.90000000000031 0.05590322666499215
50.00000000000031 0.15422600611001708
50.100000000000314 0.27132569472663143
50.200000000000315 0.1633098921888175
50.30000000000032 0.05481584696448925
50.40000000000032 0.058851078932530665
50.50000000000032 0.04410643627117342
50.60000000000032 0.05498183053754985
50.70000000000032 0.05988879045585918
50.800000000000324 0.050155197202980804
50.900000000000325 0.0655910650374049
51.00000000000033 0.06926812018545501
51.10000000000033 0.05240595816766818
51.20000000000033 0.05002502380391371
51.30000000000033 0.19896147749315682
51.40000000000033 0.34297977495514764
51.500000000000334 0.3240353915489317
51.600000000000335 0.17707352242731278
51.70000000000034 0.08282790745107062
51.80000000000034 0.07898278374454624
51.90000000000034 0.10607762226834574
52.00000000000034 0.14034884506115017
52.10000000000034 0.16939636182017087
52.200000000000344 0.15273649923616126
52.300000000000345 0.12585917436736113
52.40000000000035 0.11013494368089523
52.50000000000035 0.08115380343319588
52.60000000000035 0.04103221692731302
52.70000000000035 0.02913710253014544
52.80000000000035 0.030120962950555896
52.900000000000354 0.03360059744884532
53.000000000000355 0.031669839326913335
53.10000000000036 0.05346579149110302
53.20000000000036 0.051040064321996585
53.30000000000036 0.08004771245132304
53.40000000000036 0.22036476489581708
53.50000000000036 0.23848110469904688
53.600000000000364 0.09821128636120374
53.700000000000365 0.043748024416176624
53.80000000000037 0.059635565441434446
53.90000000000037 0.044864004191143024
54.00000000000037 0.03203153826442586
54.10000000000037 0.03187844851079645
54.20000000000037 0.0466129037488463
54.300000000000374 0.07228191997638735
54.400000000000375 0.07545410794053445
54.50000000000038 0.055561147862923856
54.60000000000038 0.05307576619199145
54.70000000000038 0.1014049780687615
54.80000000000038 0.14478609698318554
54.90000000000038 0.1343488549914526
55.000000000000384 0.15306712651875515
55.100000000000385 0.20896326397260073
55.20000000000039 0.20966802606094662
55.30000000000039 0.14851668580322178
55.40000000000039 0.0922840450268436
55.50000000000039 0.08324648621306602
55.60000000000039 0.10118268927128253
55.700000000000394 0.09631385752469548
55.800000000000395 0.08504743463041801
55.9000000000004 0.08761177979053102
56.0000000000004 0.07668682410338228
56.1000000000004 0.056714045971801984
56.2000000000004 0.03951858408489689
56.3000000000004 0.032714477676959106
56.400000000000404 0.023912490886311845
56.500000000000405 0.020013293219950972
56.600000000000406 0.026200794741552402
56.70000000000041 0.021507178154436916
56.80000000000041 0.021136052779819604
56.90000000000041 0.04002980486208001
57.00000000000041 0.035611890950469904
57.10000000000041 0.03223777538690265
57.200000000000415 0.12518573196493935
57.300000000000416 0.1954580442459214
57.40000000000042 0.12887146713391226
57.50000000000042 0.049140306429934714
57.60000000000042 0.021561664825633004
57.70000000000042 0.03125472305118139
57.80000000000042 0.018018151071419203
