string
integrated and resized binned spectra ROIsize spatial in px50:1600
converted file:an 18 2019_14.03.31_40 binning:0.1
nm muJ
28.1 0.00016325951239928667
28.200000000000003 0.0013484357965350355
28.300000000000004 0.0013475553912577674
28.400000000000006 0.0013489713592805222
28.500000000000007 0.001356886292014252
28.60000000000001 0.0013731378057766587
28.70000000000001 0.0013817057911229668
28.80000000000001 0.0013858201369694079
28.900000000000013 0.0013955054588735186
29.000000000000014 0.001409250350672409
29.100000000000016 0.0014133528232209687
29.200000000000017 0.0014237926990759364
29.30000000000002 0.0014703986366310302
29.40000000000002 0.001434212912242484
29.50000000000002 0.0014624272083885732
29.600000000000023 0.0014735491286592495
29.700000000000024 0.0014786650511121953
29.800000000000026 0.0014925473154389567
29.900000000000027 0.0014991667680433784
30.00000000000003 0.0015126337305775455
30.10000000000003 0.0015713168169415208
30.20000000000003 0.0015552130366898636
30.300000000000033 0.001553195505035593
30.400000000000034 0.0015480111045735555
30.500000000000036 0.0015423306044399711
30.600000000000037 0.0016136996853869684
30.70000000000004 0.001617490227157784
30.80000000000004 0.001614574446825232
30.90000000000004 0.0016613419770091975
31.000000000000043 0.0016368221442202317
31.100000000000044 0.001635875003354835
31.200000000000045 0.0016201822808980877
31.300000000000047 0.0016644202585983552
31.40000000000005 0.0016150356889683842
31.50000000000005 0.0016011487017237205
31.60000000000005 0.0016465518326341897
31.700000000000053 0.0016065666478471618
31.800000000000054 0.0015748673186457985
31.900000000000055 0.0016137862109984302
32.00000000000006 0.0015612978575872511
32.10000000000006 0.0015851132944792745
32.20000000000006 0.0015772351218360282
32.30000000000006 0.0015631742470517268
32.40000000000006 0.0016072787302654503
32.500000000000064 0.0015683898049476661
32.600000000000065 0.0015866648223031884
32.70000000000007 0.0015450974083002042
32.80000000000007 0.0015619497845351673
32.90000000000007 0.0015205381620345
33.00000000000007 0.0015359822776560106
33.10000000000007 0.001511545703351973
33.200000000000074 0.0015184773543507923
33.300000000000075 0.001485764165551315
33.40000000000008 0.001520694139423244
33.50000000000008 0.0014759877000341708
33.60000000000008 0.0015003234901239876
33.70000000000008 0.0014847238425750558
33.80000000000008 0.001446553944322707
33.900000000000084 0.0014684831590097201
34.000000000000085 0.0014544910369412574
34.10000000000009 0.0014908830374106953
34.20000000000009 0.0014987934944030818
34.30000000000009 0.0014984373826972702
34.40000000000009 0.0015059851924955022
34.50000000000009 0.001474961206517816
34.600000000000094 0.001556079556997669
34.700000000000095 0.0014820892859888372
34.8000000000001 0.0014672266885217495
34.9000000000001 0.0014947343139468956
35.0000000000001 0.0015173812942954534
35.1000000000001 0.001497981016582971
35.2000000000001 0.0014309852497076875
35.300000000000104 0.0014408010732481669
35.400000000000105 0.0014486104390254281
35.50000000000011 0.0014640258184931948
35.60000000000011 0.0015294891204094636
35.70000000000011 0.0015456406833955555
35.80000000000011 0.0015617291424364246
35.90000000000011 0.0014767367382626294
36.000000000000114 0.0014826931486466768
36.100000000000115 0.0014563046815810857
36.20000000000012 0.0016036730227000945
36.30000000000012 0.0015008541864555173
36.40000000000012 0.0014835723779253694
36.50000000000012 0.0014982270419309576
36.60000000000012 0.001539940787779061
36.700000000000124 0.0015708816576599997
36.800000000000125 0.0015332266677990684
36.90000000000013 0.001523950529495087
37.00000000000013 0.0015213787982321072
37.10000000000013 0.0016818567259740515
37.20000000000013 0.0020352069045418216
37.30000000000013 0.0024647876523818534
37.400000000000134 0.0025743892283941376
37.500000000000135 0.0026822515442181346
37.600000000000136 0.002844294717050512
37.70000000000014 0.0025707215910177285
37.80000000000014 0.0028933455555946843
37.90000000000014 0.002802083115760174
38.00000000000014 0.003487065414116073
38.10000000000014 0.0028082033311658265
38.200000000000145 0.002869562457601429
38.300000000000146 0.002551386840375936
38.40000000000015 0.0025933091496439975
38.50000000000015 0.0025551356307275466
38.60000000000015 0.0026550191834045058
38.70000000000015 0.002769439761996622
38.80000000000015 0.0026888587976967577
38.900000000000155 0.0038773171730316857
39.000000000000156 0.005019242786261472
39.10000000000016 0.0072920163622103035
39.20000000000016 0.010238537977208431
39.30000000000016 0.011318084908040385
39.40000000000016 0.014617578607324752
39.50000000000016 0.010122294920096772
39.600000000000165 0.014168861922543137
39.700000000000166 0.011122405927350377
39.80000000000017 0.013865024563078556
39.90000000000017 0.009280759480740558
40.00000000000017 0.012258932942358813
40.10000000000017 0.007992026235596486
40.20000000000017 0.006966286578682478
40.300000000000175 0.006710742520455544
40.400000000000176 0.006639964485750098
40.50000000000018 0.00762890600574638
40.60000000000018 0.008287417270968761
40.70000000000018 0.007221965065596961
40.80000000000018 0.009442845601194612
40.90000000000018 0.012225501110609433
41.000000000000185 0.014768553529638812
41.100000000000186 0.025100032777515782
41.20000000000019 0.03330690523290652
41.30000000000019 0.04442948827778235
41.40000000000019 0.04502128028200474
41.50000000000019 0.03155983387619459
41.60000000000019 0.04475528349149662
41.700000000000195 0.028900717516089205
41.800000000000196 0.03490534158283087
41.9000000000002 0.02227499286327601
42.0000000000002 0.022256503261250782
42.1000000000002 0.017138953933090152
42.2000000000002 0.01602039992453697
42.3000000000002 0.014609361165009986
42.400000000000205 0.011124711924259954
42.500000000000206 0.01216328860634074
42.60000000000021 0.015284375622271107
42.70000000000021 0.017894677120479922
42.80000000000021 0.01728786767929192
42.90000000000021 0.01892294353591977
43.00000000000021 0.022759995871516916
43.100000000000215 0.022778254437602497
43.200000000000216 0.025979921453782077
43.30000000000022 0.04620878103050702
43.40000000000022 0.0570081272968271
43.50000000000022 0.08572944987581649
43.60000000000022 0.07125256477008604
43.70000000000022 0.08068699303359504
43.800000000000225 0.08673504802795849
43.900000000000226 0.048384724908606604
44.00000000000023 0.0632834548308648
44.10000000000023 0.036001696683519636
44.20000000000023 0.02611865918953826
44.30000000000023 0.03201555190319003
44.40000000000023 0.017387666648789393
44.500000000000234 0.020927917229950233
44.600000000000236 0.020694961943953708
44.70000000000024 0.02642235422689706
44.80000000000024 0.0221776666902407
44.90000000000024 0.017419356060722393
45.00000000000024 0.023622135053192096
45.10000000000024 0.02856865431504164
45.200000000000244 0.028172257479943365
45.300000000000246 0.03947905222029344
45.40000000000025 0.04333985600208176
45.50000000000025 0.03766333668805301
45.60000000000025 0.04086426078914223
45.70000000000025 0.04012328248102331
45.80000000000025 0.048711945283012495
45.900000000000254 0.10680489293508987
46.000000000000256 0.11143346753009595
46.10000000000026 0.10381610343844296
46.20000000000026 0.1583956674874354
46.30000000000026 0.10409589581272782
46.40000000000026 0.08191230407526658
46.50000000000026 0.08530261688763999
46.600000000000264 0.03743926122437902
46.700000000000266 0.03820707224842474
46.80000000000027 0.03396563643046772
46.90000000000027 0.02219084018638038
47.00000000000027 0.025270104935312808
47.10000000000027 0.020673840884310856
47.20000000000027 0.021998694730453194
47.300000000000274 0.021701500597911545
47.400000000000276 0.029902466665038163
47.50000000000028 0.03942015461382472
47.60000000000028 0.039252759298318354
47.70000000000028 0.027144608756640095
47.80000000000028 0.030034077794207265
47.90000000000028 0.049636081231147045
48.000000000000284 0.05650400810043862
48.100000000000286 0.05563741221891102
48.20000000000029 0.057560346814435316
48.30000000000029 0.057423794483352664
48.40000000000029 0.061202823833675604
48.50000000000029 0.056981397475614357
48.60000000000029 0.0978269594095118
48.700000000000294 0.10184277962133592
48.800000000000296 0.13199327094671098
48.9000000000003 0.18715040908817002
49.0000000000003 0.1940559523167464
49.1000000000003 0.12846599068559472
49.2000000000003 0.12222638446578832
49.3000000000003 0.11390743311301897
49.400000000000304 0.044512642171356205
49.500000000000306 0.04880415509693279
49.60000000000031 0.03995970634057024
49.70000000000031 0.029975421050674144
49.80000000000031 0.02316535052611351
49.90000000000031 0.027130559320919824
50.00000000000031 0.019307543411521497
50.100000000000314 0.02424909488390456
50.200000000000315 0.021813340032917957
50.30000000000032 0.02041686142110481
50.40000000000032 0.02174474013395774
50.50000000000032 0.029233521515032345
50.60000000000032 0.04344191000815959
50.70000000000032 0.052757875400831246
50.800000000000324 0.051667584313389775
50.900000000000325 0.038024864750916446
51.00000000000033 0.03981905046653075
51.10000000000033 0.06277578670161303
51.20000000000033 0.07091926931192205
51.30000000000033 0.05766851304858542
51.40000000000033 0.0585252543152142
51.500000000000334 0.05576094942462782
51.600000000000335 0.09045275441485699
51.70000000000034 0.08915443549468752
51.80000000000034 0.06554162074984629
51.90000000000034 0.1133408785916631
52.00000000000034 0.1939010776133252
52.10000000000034 0.14619583195739827
52.200000000000344 0.11243801790543644
52.300000000000345 0.15204299516090128
52.40000000000035 0.11974130559144458
52.50000000000035 0.09164419213467659
52.60000000000035 0.048005266352140544
52.70000000000035 0.05688309084934208
52.80000000000035 0.03290965928018293
52.900000000000354 0.02784955625053384
53.000000000000355 0.02221509976085685
53.10000000000036 0.02526571662816984
53.20000000000036 0.01987955993266864
53.30000000000036 0.01888351019125601
53.40000000000036 0.01903923745938512
53.50000000000036 0.017565614734337
53.600000000000364 0.01715135031735914
53.700000000000365 0.018881311249637444
53.80000000000037 0.019088535462808462
53.90000000000037 0.02174005276249092
54.00000000000037 0.021512672034596416
54.10000000000037 0.025859953458574888
54.20000000000037 0.04069701299284039
54.300000000000374 0.05299494143032723
54.400000000000375 0.06629127417640376
54.50000000000038 0.06719877221158735
54.60000000000038 0.044830951205567904
54.70000000000038 0.034800663457205616
54.80000000000038 0.046525440276429346
54.90000000000038 0.0686976111001001
55.000000000000384 0.08407567489296752
55.100000000000385 0.07493204546575037
55.20000000000039 0.05750112540794289
55.30000000000039 0.07839167871933062
55.40000000000039 0.11195924539708381
55.50000000000039 0.11450205249567105
55.60000000000039 0.10890383516253183
55.700000000000394 0.056722722246652264
55.800000000000395 0.08876757430579886
55.9000000000004 0.10736826716965495
56.0000000000004 0.07789452704637875
56.1000000000004 0.0798936339017095
56.2000000000004 0.0628747557502559
56.3000000000004 0.0632996800331901
56.400000000000404 0.035952365615083755
56.500000000000405 0.02135810867367954
56.600000000000406 0.022525868036178794
56.70000000000041 0.015823101121858446
56.80000000000041 0.015704838364817734
56.90000000000041 0.015247147520372529
57.00000000000041 0.012135385775031095
57.10000000000041 0.013179621340238035
57.200000000000415 0.011319696788438919
57.300000000000416 0.009105515687993771
57.40000000000042 0.010812013787208878
57.50000000000042 0.009801517524392834
57.60000000000042 0.007986929077080918
57.70000000000042 0.01014572699811838
57.80000000000042 0.010981711660912758
