string
20190118an 18 2019_12.26.   full spectra  index number  Nphoton via eV
eV x-axis E [J] Nphoton Nphoton/sr Nphoton/sr @ 0.1bw
43.81066890785845 1.8291774651112703e-09 260594312.59777287 14053907892040.521 3991309841339.593
43.65640598916881 1.8388467382955564e-09 262897544.06075495 14178121665212.012 4040764674585.2144
43.50322561727698 1.8400225862928672e-09 263991941.0432395 14237142732233.166 4071822821418.685
43.35111643679699 1.8532522811278693e-09 266822980.89193642 14389821326311.672 4129878720651.415
43.20006725060606 1.8572481087473452e-09 268333241.32345948 14471269999485.055 4167725759851.5454
43.05006701709701 1.8647200832901168e-09 270351504.8009812 14580115387291.89 4213653346927.3135
42.90110484748767 1.8793717630520527e-09 273421836.1226264 14745699022492.137 4276252716522.7563
42.75317000318599 1.8927217762991176e-09 276316889.85613465 14901829899285.418 4336432500691.912
42.606251893209404 1.9008151056755047e-09 278455319.4636804 15017155872590.32 4385009514796.276
42.46034007165731 1.914739500077327e-09 281459040.8264286 15179147218236.36 4447490134943.095
42.31542423523527 1.963888468428499e-09 289672385.3589489 15622094673209.408 4592895833923.565
42.17149422082971 1.9309199475149424e-09 285781594.29934937 15412263466097.893 4546617722498.877
42.02854000313198 1.9436798379742526e-09 288648563.75720537 15566879751803.99 4607796406534.056
41.88655169231059 1.956679430219361e-09 291564098.02901244 15724115148477.09 4670062199097.571
41.745519531730416 1.9700945661446696e-09 294554849.77844405 15885407040059.338 4733851297937.562
41.605433895717894 1.979273353724326e-09 296923586.1891069 16013153509290.082 4787932899277.608
41.46628528737101 1.9955226638991445e-09 300365818.1679425 16198793827727.354 4859638148318.277
41.32806433641311 2.010845949830696e-09 303684559.0856814 16377774246411.467 4929710048169.74
41.19076179708947 2.068533432219762e-09 313438034.49908316 16903781294381.1 5104941950902.941
41.05436854610573 2.0439632235625618e-09 310743945.44733167 16758488486534.174 5077822011419.849
40.91887558060703 2.056889463072495e-09 313744583.6818502 16920313558404.98 5143775321755.126
40.78427401619714 2.063847214697049e-09 315844837.28742725 17033580691630.045 5195242110947.128
40.65055508499649 2.0636057576047523e-09 316846727.164222 17087612830344.348 5228809526085.425
40.51771013373833 2.124180380778123e-09 327216710.98552305 17646868310687.324 5417588571380.571
40.38573062190204 2.1322547859190217e-09 329533923.031124 17771836059716.707 5473725506392.553
40.254608119882874 2.122167762668138e-09 329043324.7107144 17745377985715.418 5483321797586.244
40.124334307197174 2.1702830800100123e-09 337596176.42934334 18206635136992.63 5644056892467.586
39.99490097072234 2.1658098701914456e-09 337990643.22463214 18227908816959.754 5668879642074.26
39.86630000297082 2.1487190081853042e-09 336405176.5172383 18142404252990.23 5660430126932.901
39.73852340039719 2.1490171218689526e-09 337533688.17954123 18203265132105.344 5697621986349.094
39.61156326173778 2.18808049735235e-09 344770650.27666765 18593556070220.285 5838376606049.098
39.485411786381924 2.1223160656645775e-09 335476702.016161 18092331421437.73 5699084397752.754
39.36006127277436 2.1093034564327367e-09 334481631.82691497 18038667069954.492 5700218794105.531
39.235504116847856 2.147609181295609e-09 341637070.98389727 18424561458196.75 5840585982248.496
39.11173281048556 2.082625255867099e-09 332347983.5955937 17923598957308.12 5699704468423.941
38.98873994001234 2.07469846650887e-09 332127442.40102816 17911705122773.023 5713833934164.3
38.86651818471449 2.1081944765258307e-09 338550928.6605173 18258125132238.035 5842600042315.957
38.74506031538725 2.0405178670752777e-09 328710090.10385776 17727406570973.027 5690497509282.44
38.62435919290941 2.0660957809297927e-09 333870569.92367244 18005712368760.53 5797839382740.865
38.50440776684447 2.0408990552312597e-09 330826318.1285606 17841535208091.957 5762815872213.627
38.38519907406786 2.0048197358192027e-09 325987169.09010637 17580558849151.752 5696101067125.135
38.266726237419505 2.06636768713516e-09 337035204.9254323 18176381821916.664 5907324092122.917
38.14898246438129 2.0165644129663262e-09 329927195.18222815 17793045312263.414 5800532771797.786
38.03196104577889 2.0502526111353826e-09 336470992.305609 18145953712755.42 5933726864070.811
37.91565535450739 1.9850953571020783e-09 326777225.8057438 17623166779464.473 5780398703664.354
37.80005884428024 2.009781948773935e-09 331852764.69935 17896891694648.29 5888077367539.421
37.68516504840097 1.961274575127486e-09 324830612.91986084 17518185523630.678 5781001222797.803
37.57096757855732 1.975932282407565e-09 328252960.6100813 17702753478063.105 5859611401238.993
37.45746012363721 1.926378967371547e-09 320990646.05990696 17311095276647.516 5747283631846.546
37.34463644856601 1.929592335063296e-09 322497464.2847279 17392358310865.639 5791655317518.314
37.23249039316491 1.8803158970248467e-09 315208344.844831 16999254515923.998 5677751008318.572
37.121015871029684 1.903660583086739e-09 320080074.6029341 17261987960152.97 5782765966651.053
37.01020686842959 1.851190061148773e-09 312189629.41047543 16836454536738.74 5657048724344.253
36.90005744322593 1.8595820431651647e-09 314541009.59797007 16963264981083.414 5716620298625.012
36.79056172380983 1.847126038940958e-09 313363988.80229235 16899787993866.879 5712128341927.199
36.68171390805892 1.8269696324737347e-09 310864181.25570697 16764972829800.865 5683325789302.452
36.57350826231243 1.8782083123640818e-09 320528101.85837007 17286150167371.74 5877291056906.059
36.465939120364446 1.8223260630010885e-09 311908822.2211572 16821310544013.953 5736066895508.892
36.35900088247482 1.868672180264365e-09 320782120.7964435 17299849463887.197 5916548516649.523
36.25268801439741 1.885024027306589e-09 324538071.81860745 17502408718486.057 6003326190440.307
36.146995046425396 1.8630381625420272e-09 321690715.2744355 17348850161475.81 5968004455547.464
36.041916572453225 1.873506901700996e-09 324441495.874947 17497200356863.5 6036534123117.68
35.937447249054806 1.8353289969221885e-09 318754024.3162687 17190473780111.08 5947903927918.372
35.83358179457777 1.8395183071217775e-09 320407643.8609857 17279653841403.52 5996039882967.2705
35.73031498825334 1.8333687610315276e-09 320259452.67317843 17271661858450.807 6010538326740.797
35.62764166932158 1.7874073577620827e-09 313130549.78540415 16887198576971.895 5893632303363.233
35.52555673617166 1.8165476086752562e-09 319150013.1510234 17211829543997.258 6024140340398.863
35.42405514549688 1.7724882561615003e-09 312301496.9741073 16842487578748.434 5911713140140.638
35.323131911464124 1.776147258919739e-09 313840322.66260195 16925476782436.043 5957767827417.34
35.22278210489746 1.753305980318488e-09 310686965.145671 16755415526486.746 5914661680849.798
35.123000852475656 1.784925176637696e-09 317188458.2634952 17106042462768.615 6055539031820.356
35.02378333594324 1.8760520920194146e-09 334326506.6490517 18030301135411.664 6400756903071.112
34.92512479133495 1.8176723458008705e-09 324837835.62974894 17518575045944.062 6236612716356.045
34.827020508213224 1.864953687490002e-09 334226364.20258147 18024900431517.758 6434889454051.229
34.7294658289185 1.857289923516625e-09 333787888.20806944 18001253325875.605 6444448690663.612
34.63245614783214 1.7498653977800688e-09 315362700.05290866 17007578925829.016 6105720834372.5205
34.535986910651545 1.7153757999558362e-09 310010485.09554136 16718932810419.188 6018815811750.935
34.44005361367751 1.7842874626639404e-09 323362742.7860387 17439022968421.52 6295487291600.082
34.34465180311331 1.7021462070875093e-09 309333331.2109351 16682413754311.918 6039033779060.725
34.24977707437542 1.6350951721834045e-09 297971180.8056731 16069650514549.533 5833283136781.625
34.15542507141571 1.7070537010320802e-09 311943875.7595326 16823200988953.855 6123645159979.178
34.06159148605468 1.730739139674792e-09 317143382.5898264 17103611521895.049 6242818205491.602
33.96827205732576 1.5714345835791677e-09 288743240.6587226 15571985697671.2 5699346765347.628
33.87546257083034 1.5831183683209168e-09 291687036.751593 15730745260494.072 5773183510601.274
33.78315885810328 1.6341585293063687e-09 301913758.3760676 16282274579438.746 5991877045233.471
33.69135679598887 1.629582969055422e-09 301888765.20907384 16280926692513.053 6007661949536.513
33.600052306026825 1.64116325115806e-09 304860252.5617406 16441179650992.617 6083236470867.259
33.509241353848374 1.743633343232735e-09 324772721.55662423 17515063429834.533 6498088532468.68
33.41891994858194 1.9321197806059694e-09 360853242.09180105 19460893740724.383 7239452471549.786
33.32908414226855 1.940226655201366e-09 363344057.60287005 19595223962361.496 7309018537960.433
33.23973002928659 2.139239817366874e-09 401689944.7838841 21663225988608.152 8102046519739.4
33.150853745785824 2.0119451044468617e-09 378800361.09179896 20428785767373.383 7660794662764.959
33.062451469130394 1.6874593773590704e-09 318557071.111934 17179852051013.582 6459624371181.029
32.97451941735079 2.025864697917629e-09 383460767.14614785 20680122478349.195 7796406174337.603
32.8870538486045 2.0722078932977194e-09 393275895.905967 21209454504685.2 8017173802771.005
32.80005106064523 1.6866803839037896e-09 320957293.5319818 17309296567570.736 6560223399109.32
32.71350739030052 1.7326127312818283e-09 330569945.71917677 17827708988357.445 6774529415575.972
32.627419212957626 2.0373714370645e-09 389741332.0201542 21018834706445.707 8008176023155.648
32.54178294205747 1.967457039778207e-09 377357415.71507376 20350967409729.324 7774069550515.806
32.45659502859658 1.6877657653860416e-09 324562389.1038356 17503720154961.297 6703924819350.522
32.3718519606368 1.6203598243827085e-09 312415732.5377108 16848648327511.037 6469880957763.961
32.28755026282264 1.8690621360806977e-09 361308034.44014 19485420790873.12 7501887004486.117
32.20368649590622 2.0071769384624393e-09 389017414.60580504 20979793683020.11 8098200361646.154
32.12025725627952 1.8216255079735075e-09 353972121.62097085 19089793418821.547 7387750053083.566
32.03725917551394 1.891811101955978e-09 368562707.81999 19876666902313.086 7712146758097.391
31.954688919906943 2.211263247168206e-09 431911560.51600057 23293084290632.5 9061009789056.121
31.872543190035717 2.8856452941755215e-09 565086852.2229252 30475256704477.965 11885350114746.46
31.790818720317677 2.8860645729437168e-09 566621834.7662677 30558038646512.6 11948193110786.293
31.709512278577733 3.4995990748707707e-09 688838965.226293 37149235043672.1 14562500137119.059
31.628620665622176 3.360647343203037e-09 663180371.1693459 35765461491897.836 14055826366315.906
31.548140714819066 2.5100463665797924e-09 496588833.510838 26781143674264.547 10551770607659.395
31.468069291685 3.169794958530193e-09 628709535.6973145 33906441846164.582 13393044529235.299
31.388403293478206 4.020853680728855e-09 799535994.6672903 43119149890154.33 17075183356500.803
31.309139648797704 3.0279773797090496e-09 603629516.09179 32553870940249.79 12923886763279.307
31.230275317188642 2.2087958528229627e-09 441437008.651884 23806793777987.055 9475103923638.5
31.151807288753492 3.263604493050478e-09 653887822.7693875 35264312337898.766 14070460622822.076
31.07373258376915 4.3124630525621104e-09 866205502.3484905 46714650923231.3 18685860369292.46
30.996048252309727 2.9964483248164906e-09 603377955.380118 32540304216418.21 13048661990783.162
30.918751373875036 2.3179572473693478e-09 467920906.1359509 25235076122881.566 10144500601398.344
30.8418390570246 3.0276794883727894e-09 612715133.2233765 33043860245990.125 13316675679134.416
30.765308439017097 3.4262603805678443e-09 695101243.9125547 37486961093690.91 15144732281851.15
30.689156685455174 3.6471602669145475e-09 741752242.9586931 40002859607094.234 16201158140872.486
30.61338098993553 3.0696890314554913e-09 625852600.0812626 33752366687726.812 13703460875216.168
30.537978573704155 2.891572856510518e-09 590993668.436557 31872416931088.05 12972073690953.04
30.462946685316677 3.398213600597948e-09 696254056.0252306 37549132501373.86 15320046060560.066
30.388282600303643 4.62332297075066e-09 949592008.9163548 51211703338003.805 20945586665243.387
30.313983620840798 6.08198352652056e-09 1252250468.1529279 67534139796634.52 27688997316621.133
30.240047075424116 6.1050885119729315e-09 1260081039.3065379 67956444200126.12 27930098566251.36
30.166470318549603 9.220222053551321e-09 1907681453.5989594 102881675232934.0 42387250195969.21
30.093250730397784 7.783493506367224e-09 1614337884.4386106 87061592819757.06 35956437834559.28
30.02038571652273 6.2584894637885195e-09 1301194540.173305 70173704233704.51 29051913552753.773
29.94787270754562 6.846015158547525e-09 1426792614.9328244 76947235691439.73 31933102811947.445
29.87570915885274 8.826755980075472e-09 1844046518.0829422 99449829335980.66 41371129003766.88
29.803892550297803 7.3235983158553e-09 1533700298.0825105 82712790269202.94 34491233542257.953
29.7324203859086 3.949002885124005e-09 828984024.4281969 44707288532691.17 18687646606664.918
29.661290193597814 5.819250310313475e-09 1224520261.079579 66038643704831.55 27670191712322.414
29.590499524878005 9.255666923769832e-09 1952290296.9630616 105287439846750.48 44220724735633.26
29.520045954580674 6.394262912181187e-09 1351955617.8125126 72911260178539.19 30695640535166.016
29.449927080579297 5.019129032174036e-09 1063734173.8945328 57367415092455.64 24209049169015.44
29.38014052351631 4.566017147470251e-09 970002032.60174 52312420349397.33 22128153807795.727
29.310683926534004 6.211962168786914e-09 1322792807.3484676 71338503474645.47 30247525473248.38
29.241554955009157 7.024971042409539e-09 1499453665.4654932 80865861932148.25 34367991321164.24
29.17275129629149 5.935601351016988e-09 1269919845.958514 68487053180330.125 29175484654820.164
29.104270659445735 5.415812357136446e-09 1161437550.6124046 62636579424732.18 26745819414359.957
29.036110774997383 4.992415992544252e-09 1073152140.0688607 57875328054273.24 24770640407228.996
28.96826939468197 5.881387184776254e-09 1267203008.0098612 68340533519531.16 29318088879878.402
28.90074429119786 7.118511097227907e-09 1537337120.6526277 82908924900502.47 35650837707217.08
28.833533257962518 8.097598084110396e-09 1752860393.133327 94532141807427.34 40743353118997.12
28.76663410887211 1.1075943759026766e-08 2403148825.487531 129602338238274.22 55988210118933.94
28.700044678064536 1.0459394704528334e-08 2274641478.109228 122671909076173.77 53116936629984.44
28.633762819685636 1.5473595566075484e-08 3372887012.2253966 181900529322912.75 78944829726141.92
28.56778640765871 1.8998179037427888e-08 4150728823.3685803 223849707182589.9 97374622624429.05
28.502113335457196 1.3437876209300519e-08 2942676684.118371 158699192865685.94 69192848089439.69
28.43674151588046 1.0162663446622788e-08 2230574268.3870296 120295354882334.08 52569070083577.93
28.371668880832676 1.4293683886439944e-08 3144475862.5914354 169582266401244.5 74277032683744.17
28.306893381104747 1.816529821963229e-08 4005339169.9110594 216008811585986.8 94827868286247.73
28.242412986159177 6.187938724835559e-09 1367518404.6769915 73750564655127.8 32450248448257.223
28.17822568391791 8.612731222240831e-09 1907726999.0883915 102884131511073.75 45371901996382.664
28.114329480553014 1.3390755136262334e-08 2972804250.615098 160323979072013.72 70863198749828.28
28.050722400280268 1.4870664632444272e-08 3308836470.5528426 178446269695647.7 79051697475175.92
27.987402485155485 9.238573961484248e-09 2060304074.706045 111112646346227.25 49334014977719.54
27.924367794873596 7.2529049401322125e-09 1621129134.1086607 87427846389849.56 38905391643482.33
27.86161640657051 9.544569380773764e-09 2138154115.7120621 115311115970462.22 51428757722826.336
27.799146414627526 1.0552841200859865e-08 2369337438.379378 127778882786068.88 57117160605374.875
27.736955930478473 1.2824574550642661e-08 2885845954.345696 155634299262672.4 69724166069675.67
27.675043082419368 9.52603437769286e-09 2148388473.7343016 115863057121997.34 52022512647777.26
27.61340601542066 1.0009485335553369e-08 2262459136.2241855 122014912731721.7 54906710729273.84
27.552042890941948 8.253140557379845e-09 1869624586.1979787 100829260106213.56 45473996307902.836
27.490951886749173 9.732554646866502e-09 2209663022.170474 119167606830944.84 53863758287586.93
27.43013119673424 1.0665722599037046e-08 2426897163.7224755 130883091278568.27 59290040349188.94
27.369579030737032 1.273011900558703e-08 2903042011.868014 156561686380663.38 71079005616822.53
27.30929361436977 1.2588499176463117e-08 2877083483.717481 155161737318061.9 70598590479718.66
27.249273188843684 1.495269639282337e-08 3424944727.480541 184708013216067.1 84226854026520.1
27.18951601079797 1.958236871615949e-08 4495238322.497907 242429179314699.47 110790134946817.73
27.130020352131016 1.6387078965632513e-08 3769991766.9232936 203316475014059.38 93118945556436.25
27.070784499833785 2.6683790634575344e-08 6152273837.7502365 331793464640223.4 152293200269862.94
27.011806755825432 3.7374414292809305e-08 8635942383.16773 465738248867083.9 214239594478866.6
26.95308543679103 1.900406548800934e-08 4400753116.8028 237333571644822.5 109410776528260.4
26.89461887402142 1.6357972387701705e-08 3796234671.9276614 204731760582168.53 94586073388964.1
26.83640541325514 2.5143375925928666e-08 5847742215.288309 315370008081908.0 146016313741922.94
26.778443414522407 2.546073682352661e-08 5934369911.802266 320041858574615.94 148499422378619.78
26.720731251991108 1.2438894182686831e-08 2905510231.3285184 156694797992384.6 72863081066457.23
26.66326731381478 1.2696854294793122e-08 2972156980.9222736 160289071676861.53 74694707401415.73
26.60605000198256 1.843586158807583e-08 4324859574.923786 233240616443552.7 108923367879142.1
26.549077732171035 2.3084351818165396e-08 5426967494.938182 292677536000879.44 136973086848410.72
26.49234893359802 1.4467705116405026e-08 3408538129.6454935 183823201830519.3 86213081658504.4
26.43586204887819 1.2667509359324618e-08 2990795591.2328463 161294255980115.03 75808300310657.55
26.37961553388058 1.122978796038341e-08 2657003149.44743 143292757078823.88 67490888584125.93
26.323607857587838 1.5868629914869545e-08 3762556187.1872587 202915472583528.78 95776103059420.22
26.267837501957352 1.6710623660732023e-08 3970610735.3027077 214135899562868.84 101286280493240.5
26.212302961784083 1.7325268684263828e-08 4125378248.927147 222482545195597.0 105456726422714.53
26.15700274456513 1.341153588236095e-08 3200217625.3603306 172588431777168.06 81979505094151.05
26.101935370366043 1.4917752236406064e-08 3567135894.8055935 192376413760680.84 91571172950087.5
26.047099371688805 1.2179159851247853e-08 2918414258.986061 157390715007332.53 75075371058494.11
25.992493293341447 1.3929559289500105e-08 3344863585.198533 180389219815315.22 86226047071722.4
25.938115692309353 1.5605855774801608e-08 3755243826.2623873 202521115370253.28 97007614262354.03
25.883965137628124 1.85773425418363e-08 4479626010.093459 241587203914981.0 115961857879183.67
25.830040210258062 1.756246327301385e-08 4243745407.526828 228866111773928.72 110084599763256.28
25.776339502960226 2.0007405092258738e-08 4844606382.880384 261270674710705.12 125932465210557.73
25.722861620174 2.4408832240014984e-08 5922658554.698666 319410262541747.6 154275156807665.84
25.66960517789621 1.981147681721676e-08 4817110808.589094 259787832415812.1 125737310889252.88
25.616568803561712 2.5774088713475844e-08 6279879867.548552 338675285549425.5 164257513491463.62
25.5637511359255 2.6029076493668476e-08 6355111191.2884035 342732527182584.56 166568008210741.12
25.51115082494623 3.435453009091706e-08 8405101009.899687 453288923456867.9 220751705723495.72
25.458766531671188 5.1202349982644265e-08 12552826038.100128 676976635313471.0 330364598032974.56
25.40659692812268 2.653467925452322e-08 6518629828.136696 351551122791940.8 171908499045259.8
25.354640697185825 2.5974963908101013e-08 6394203695.042181 344840794402801.5 168971989257372.28
25.30289653249769 4.09803471086851e-08 10108678117.161385 545163206950533.6 267675134612699.75
25.251363138337815 3.6615292458740816e-08 9050376671.91357 488088780094246.0 240139679806365.2
25.200039229520055 2.020803444207022e-08 5005089310.433722 269925553858282.06 133073298052135.94
25.148923531285735 1.7509190383840017e-08 4345458828.278936 234351538652146.44 115769660094154.1
25.09801477919811 2.3699812326028057e-08 5893788012.090344 317853267906807.75 157337367613868.9
25.047311719038113 3.211417176264372e-08 8002479679.45353 431575467637151.5 214061431948025.5
24.996813106701342 2.2490124891310236e-08 5615600433.140045 302850551338270.25 150516724015118.1
24.94651770809631 2.0183324231122595e-08 5049771662.025084 272335282786764.2 135622970827811.27
24.896424299043908 1.4020277061165632e-08 3514864553.4863343 189557408967478.94 94589147074770.77
24.846531665178087 2.121384728843455e-08 5328962192.189137 287392088732148.9 143696044366076.06
24.796838601847732 2.0372165518612755e-08 5127785566.783772 276542589618779.88 138547837399004.5
24.74734391401969 2.2953073936352284e-08 5788969170.650399 312200365016248.0 156724583238164.03
24.698046416183 2.0238377935418542e-08 5114486941.815248 275825391885125.12 138740172118215.19
24.648944932254206 1.8464239932730006e-08 4675435555.431498 252147255234330.66 127082216638098.53
24.60003829548386 1.913900447530214e-08 4855931320.014586 261881431030674.72 132250122670487.67
24.551325348364088 1.564289135500566e-08 3976775388.1675267 214468360631128.22 108520990479350.38
24.50280494253728 1.7111939386851668e-08 4358854830.437018 235073987958789.03 119182511895099.25
24.454475938705844 1.795760454186873e-08 4583307735.933644 247178781914209.44 125566821212423.47
24.40633720654304 1.9873712072465208e-08 5082359259.8334465 274092739016165.84 139513204159229.61
24.35838762460484 2.1391490648428093e-08 5481273676.230444 295606280155890.7 150759202879499.16
24.31062608024287 2.1347527788344273e-08 5480755380.431555 295578328350857.75 151040525787288.72
24.263051469518324 2.4741105413857013e-08 6364476027.864361 343237574853619.75 175737638325046.47
24.21566269711692 2.6872852903341363e-08 6926381222.520679 373541244074321.3 191626658210133.62
24.16845867626484 2.228660426200011e-08 5755511444.256131 310395982563174.6 159543535037472.97
24.12143832864565 2.4393434956238792e-08 6311880005.03919 340401059916267.56 175306545856871.3
24.07460058431818 2.727319599716382e-08 7070757091.902923 381327466075501.9 196764972494961.44
24.027944381635393 3.691555904247255e-08 9589187410.459217 517146960279670.2 267364978464583.84
23.981468667164144 2.7697198459428242e-08 7208568690.42474 388759675523103.8 201377511920960.66
23.93517239560591 4.1354494135728936e-08 10783882016.055063 581577099904694.4 301838514850528.1
23.889054529718422 3.530325281203662e-08 9223690797.482716 497435648538370.0 258666537239957.16
23.843114040238195 3.165087790907337e-08 8285367177.126831 446831651843469.4 232799290610439.9
23.797349905803955 2.887525998186874e-08 7573319545.672543 408430768388080.75 213200861098582.16
23.75176111288096 5.8510987947632304e-08 15375547503.174206 829206617156044.0 433675060772601.4
23.706346655686158 3.217967097064426e-08 8472390085.255959 456917837909261.44 239424947064457.28
23.66110553611424 2.0980660387349763e-08 5534432514.481276 298473147851419.4 156698402621992.9
23.616036763664496 1.637747402006407e-08 4328414844.505367 233432352904463.25 122785417627753.06
23.571139355368558 2.8281246866695708e-08 7488708952.810026 403867700733507.1 212838278286556.47
23.526412335718902 2.9594357613058775e-08 7851311130.914174 423422914973330.56 223567299105919.88
23.481854736598223 2.2831400604241626e-08 6068608654.207958 327281383115678.7 173131851668188.25
23.437465597209567 2.264144365647891e-08 6029515861.934239 325173100335518.7 172341743177818.75
23.393243964007283 1.758205717565779e-08 4691030026.9048195 252988268468757.6 134336770556900.9
23.349188890628735 2.364188979292331e-08 6319742233.176881 340825071587788.06 181318938084713.9
23.305299437826804 2.2199377149049844e-08 5945317838.349771 320632282631740.06 170897006642718.6
23.261574673403114 2.2653511154495314e-08 6078345591.644214 327806498266947.94 175048670074538.47
23.218013672142057 2.22934257117563e-08 5992950927.8771 323201145498151.44 172912612841509.66
23.17461551574553 1.882856287386881e-08 5070999995.551451 273480131425658.22 146585350444157.84
23.131379292768393 2.0235708825270953e-08 5460166254.435783 294467952312955.44 158129290392059.9
23.088304098554673 1.8345296610999045e-08 4959314824.890858 267456925908531.3 143891826138787.72
23.04538903517446 1.587563562330654e-08 4299679193.596119 231882633008159.34 124984739191398.84
23.00263321136152 1.7840200494376015e-08 4840733248.341751 261061795723605.16 140973369690747.78
22.96003574245159 1.7660826956966e-08 4800952955.316842 258916435878575.16 140073791810302.55
22.917595750321365 1.8242672555783042e-08 4968306536.05203 267941850844886.28 145224483157931.3
22.875312363328153 1.9566856713202687e-08 5338792066.998741 287922216016153.3 156341763296763.16
22.833184716250198 2.1211261428908514e-08 5798143791.755492 312695154325615.5 170106163953124.44
22.791211950227677 1.948119405050544e-08 5335033210.6851845 287719500078558.44 156807127542813.97
22.749393212704323 2.723447869966315e-08 7472023416.827686 402967846153077.06 220020443999592.16
22.707727657369702 2.2885004504995376e-08 6290226735.724108 339233294397971.6 185560612035680.1
22.666214444102113 2.1361116154864647e-08 5882120581.245969 317224040826642.4 173838774373001.25
22.624852738912146 2.347547051521679e-08 6476159244.507449 349260674990158.1 191744110569598.25
22.583641713886806 2.172662468009794e-08 6004643965.700446 323831753568255.75 178107464462545.94
22.542580547134285 2.3653410898324063e-08 6549062287.398919 353192351931349.2 194608985914177.7
22.501668422729324 3.388743686480526e-08 9399677980.235176 506926675537107.06 279823524896470.72
22.46090453065916 2.7537089415119233e-08 7652084685.630546 412678589497599.94 228211259992171.44
22.420288066770084 1.4181066593314977e-08 3947814001.2554502 212906466743151.06 117950182575702.62
22.37981823271454 2.166077237871981e-08 6040965542.970866 325790584121246.44 180813774187295.8
22.33949423589884 3.3781681302372245e-08 9438367835.111053 509013227815864.0 283011354665607.44
22.299315289431394 2.8401051281223925e-08 7949354465.415928 428710413302747.06 238791700209626.97
22.259280612071553 2.40676427546356e-08 6748564559.25141 363951552793861.4 203084966458964.88
22.21938942817895 4.1865238121907914e-08 11760083893.507057 634223879233771.0 354531148491680.1
22.179640967663424 3.149387611523058e-08 8862588355.681564 477961315403182.2 267658336625782.66
22.140034465935454 2.5078463723775317e-08 7069872974.803885 381279785448278.0 213897959636485.66
22.100569163857138 1.6087951507973142e-08 4543455355.947476 245029534403698.0 137706598334879.56
22.06124430769369 1.8531558801076604e-08 5242892134.446941 282750311819548.0 159188425554412.75
22.022059149065463 2.3862013958942023e-08 6762980660.282937 364729016254363.5 205707165167453.88
21.98301294490045 1.8986995236043328e-08 5390859345.022375 290730215631489.75 164262571831788.62
21.944104957387353 2.0844284144266833e-08 5928681062.138475 319735057676355.44 180970042644820.56
21.905334453929072 1.732797561473564e-08 4937270418.163992 266268066264643.97 150973993572045.56
21.866700707096744 1.3569410536515254e-08 3873171220.3923407 208880965355194.56 118644388321748.92
21.82820299458425 1.754990473056828e-08 5018174441.708239 270631237830637.84 153989174325624.22
21.789840599163185 1.516510156433717e-08 4343904260.476577 234267700472838.16 133532589269521.98
21.75161280863834 1.5206242371492976e-08 4363343656.245175 235316071309812.22 134365476717909.7
21.713518915803597 1.5802997469246722e-08 4542534495.98697 244979872225972.72 140128486913247.19
21.675558218398344 1.2222399037934056e-08 3519452778.4070315 189804852934235.7 108758180731314.3
21.637730019064314 1.2586159672204224e-08 3630534049.775509 195795490031342.78 112386611277990.12
21.600033625302878 1.2012436464158531e-08 3471088216.4191146 187196541599113.78 107638011419495.55
21.562468349432788 1.1522104814797812e-08 3335203374.4992056 179868242553637.2 103604107710890.97
21.525033508548354 9.543816548215541e-09 2767369953.7810636 149244862813525.16 86114285843408.64
21.48772842447808 1.2860575915496245e-08 3735587261.2914166 201461032551015.7 116444476814487.94
