string
20190118an 18 2019_12.12.   full spectra  index number  Nphoton via eV
eV x-axis E [J] Nphoton Nphoton/sr Nphoton/sr @ 0.1bw
43.81066890785845 1.6206381528649054e-09 230884697.34119746 12451661886893.281 3536271975877.767
43.65640598916881 1.635364935911616e-09 233806013.4868809 12609209101280.633 3593624593864.7944
43.50322561727698 1.6111453516064901e-09 231154438.9953985 12466209112905.229 3565335806290.895
43.35111643679699 1.6455520114958714e-09 236919224.32321873 12777105238023.75 3667029203312.785
43.20006725060606 1.6641003342443867e-09 240427455.26144117 12966304894678.906 3734295809667.39
43.05006701709701 1.6715129835712071e-09 242339884.9255311 13069442641935.158 3777068923519.222
42.90110484748767 1.6540627390041665e-09 240642580.70265242 12977906656459.043 3763592930373.155
42.75317000318599 1.6630513713587511e-09 242787497.01044688 13093582458917.582 3810232495544.8896
42.606251893209404 1.6671540222814335e-09 244225703.21723148 13171145232097.17 3845974407772.288
42.46034007165731 1.6936545787835947e-09 248960442.51265934 13426490750913.135 3933961790017.4087
42.31542423523527 1.752447504617768e-09 258484968.4896698 13940150506039.334 4098404248775.5635
42.17149422082971 1.7928567868553938e-09 265347857.40721565 14310267596312.775 4221528940912.267
42.02854000313198 1.7893984045068615e-09 265736809.81774038 14331243884311.58 4242048189756.296
41.88655169231059 1.7841392461396434e-09 265853947.26644075 14337561132367.89 4258255656313.1504
41.745519531730416 1.8340818903521933e-09 274219179.61596155 14788699930309.13 4407032579232.008
41.605433895717894 1.8529980462038255e-09 277980211.2957057 14991533185875.055 4482468422576.523
41.46628528737101 1.8267834053302135e-09 274967206.3786501 14829041176128.385 4448712352838.581
41.32806433641311 1.7960748174887084e-09 271249117.3577358 14628523827482.367 4403185672072.093
41.19076179708947 1.8576688163475085e-09 281486416.16169983 15180623576014.78 4584548319956.328
41.05436854610573 1.8056432631279316e-09 274512136.61114776 14804499164703.9 4485763246905.276
40.91887558060703 1.8310083157269515e-09 279290137.87529474 15062177810891.47 4578902054511.018
40.78427401619714 1.8617573230029411e-09 284917621.1131773 15365669204471.023 4686529107363.63
40.65055508499649 1.9871623907598135e-09 305109586.72013533 16454626296322.242 5035115646674.658
40.51771013373833 2.0797226929028106e-09 320368282.0403071 17277531049863.04 5304202032307.524
40.38573062190204 2.061257300475143e-09 318561463.2396537 17180088919415.688 5291467387179.845
40.254608119882874 2.077181499099554e-09 322068178.82860535 17369206852955.463 5367084917563.414
40.124334307197174 2.1530167300320803e-09 334910326.9255939 18061786689759.48 5599153873825.311
39.99490097072234 2.114901325267842e-09 330045988.395426 17799451856058.785 5535629527234.063
39.86630000297082 2.017267950677114e-09 315825093.2043593 17032515888940.824 5314144957349.49
39.73852340039719 1.9484818658092856e-09 306036775.52163655 16504629789817.291 5165949124212.922
39.61156326173778 1.9878025492181726e-09 313213329.3746945 16891662898206.04 5303982150036.631
39.485411786381924 1.8861660954163746e-09 298148231.25642335 16079198883822.383 5064947648403.934
39.36006127277436 1.870562170042544e-09 296623364.059555 15996962464620.635 5055040138820.043
39.235504116847856 1.9629626107517205e-09 312263889.8309933 16840459417350.21 5338425635300.133
39.11173281048556 2.116647342826753e-09 337777271.44606066 18216401630586.758 5792815718526.547
38.98873994001234 2.217041295288895e-09 354914348.7539254 19140607932798.926 6105853930562.543
38.86651818471449 2.267251688855226e-09 364093622.91565526 19635648182521.71 6283407418406.717
38.74506031538725 2.1663962427504877e-09 348988026.836474 18821000104308.062 6041541033482.992
38.62435919290941 2.227371062013888e-09 359931835.0920838 19411202061055.633 6250407063659.886
38.50440776684447 2.291505891123564e-09 371449266.43342173 20032339635435.094 6470445702245.45
38.38519907406786 2.0459403029549197e-09 332673444.68509126 17941151144570.555 5812932970840.826
38.266726237419505 2.056061484245044e-09 335354210.1902267 18085725410653.96 5877860758462.539
38.14898246438129 1.8861752821694845e-09 308594417.5484254 16642563979965.113 5425475857468.546
38.03196104577889 1.877385067522828e-09 308101359.4024035 16615973247034.162 5433423251779.977
37.91565535450739 1.7683019456743442e-09 291089696.0828705 15698530548458.69 5149118019894.456
37.80005884428024 1.7892720731858525e-09 295442440.73258525 15933275013043.701 5242047479291.497
37.68516504840097 1.8900859543482676e-09 313040196.8231601 16882325822089.055 5571167521289.079
37.57096757855732 2.1213215669267234e-09 352405844.54709834 19005323755956.746 6290762163221.796
37.45746012363721 2.349554844509238e-09 391504029.2000563 21113897348300.6 7009813919635.276
37.34463644856601 2.5139310267924373e-09 420159412.3251266 22659288385565.746 7545543032393.468
37.23249039316491 2.3672700689406008e-09 396839319.08044463 21401630690632.01 7148144650671.038
37.121015871029684 2.43372227391572e-09 409204253.0684012 22068474266862.03 7392938879398.535
37.01020686842959 2.2956047727821092e-09 387136911.72425205 20878377754082.11 7015134925371.634
36.90005744322593 2.5321018057489753e-09 428295089.9168188 23098047245546.934 7784041921749.182
36.79056172380983 2.0460576696360877e-09 347112638.3147597 18719859993907.25 6327312677940.866
36.68171390805892 1.996232966182513e-09 339664828.3571839 18318197984871.957 6209869116871.548
36.57350826231243 1.8597382284539928e-09 317376065.47460276 17116160160420.973 5819494454542.801
36.465939120364446 1.7621705740378706e-09 301612625.4572502 16266034415706.342 5546717735755.992
36.35900088247482 1.729460101164691e-09 296884539.16296625 16011047694687.422 5475778311583.193
36.25268801439741 1.8575899426310108e-09 319814840.27686304 17247683815326.28 5915955548656.509
36.146995046425396 1.9187286929248066e-09 331306796.6371515 17867447518443.348 6146401946344.29
36.041916572453225 2.195731089380169e-09 380242142.97307295 20506541377454.992 7074756775221.706
35.937447249054806 2.5964005040942926e-09 450934470.498061 24318993958657.773 8414371909695.503
35.83358179457777 2.9998953760515146e-09 522522339.4346464 28179743282742.746 9778370919112.14
35.73031498825334 2.9934561362472762e-09 522907690.025397 28200525323818.645 9813782812688.75
35.62764166932158 2.8500618030243577e-09 499293804.1951308 26927023330918.44 9397531142490.604
35.52555673617166 2.846162204908563e-09 500043434.4734531 26967451054684.184 9438607869139.188
35.42405514549688 2.5571060094684495e-09 450546305.11792755 24298060115378.95 8528619100497.921
35.323131911464124 3.264889156997459e-09 576896910.6271696 31112175719932.676 10951485853416.031
35.22278210489746 2.3341780250668545e-09 413617870.9582709 22306501638513.2 7874195078395.128
35.123000852475656 2.2928631589004932e-09 407451102.09649754 21973926454078.39 7778769964744.094
35.02378333594324 2.175618917349342e-09 387711554.2426368 20909368349938.65 7422825764228.187
34.92512479133495 1.9535867564673454e-09 349127220.39911336 18828506843380.754 6702948436243.505
34.827020508213224 1.8892524503579932e-09 338581049.91004246 18259749577768.715 6518730599262.8125
34.7294658289185 2.348566323198891e-09 422078956.76990193 22762809834490.035 8149085920747.617
34.63245614783214 2.3900723882062153e-09 430741520.24654716 23229983764711.746 8339564171531.386
34.535986910651545 2.6122079849864872e-09 472090060.1588041 25459919505075.203 9165571021827.115
34.44005361367751 3.427059183490383e-09 621078879.0775986 33494918876916.97 12091665714566.86
34.34465180311331 3.4935727916745475e-09 634891706.1159453 34239847639906.676 12394824845645.828
34.24977707437542 4.0676324253730596e-09 741264030.0646081 39976530179652.86 14511480455214.346
34.15542507141571 3.743305183872608e-09 684044752.9576733 36890682134491.51 13428208296954.852
34.06159148605468 3.5838088766087835e-09 656702817.6740259 35416125624658.46 12926885853000.148
33.96827205732576 3.5568832819152465e-09 653559503.0152907 35246605982233.45 12900257789497.373
33.87546257083034 2.8296077723787517e-09 521350723.2373442 28116557766690.742 10318776700375.412
33.78315885810328 4.006922647161318e-09 740286241.6537647 39923797838233.31 14691957604469.89
33.69135679598887 4.274503577489357e-09 791874136.754152 42705944228374.016 15758493420267.904
33.600052306026825 3.6128256681997003e-09 671113580.4995085 36193301194548.87 13391521441983.059
33.509241353848374 3.1215163623784417e-09 581420037.83525 31356108952905.65 11633116421528.117
33.41891994858194 3.3362738022436034e-09 623100715.6647217 33603956963300.855 12500671990348.465
33.32908414226855 3.2594851005841367e-09 610400098.858257 32919009939742.21 12278790707523.164
33.23973002928659 3.7240030686600607e-09 699264558.7844032 37711489569202.31 14104097098881.58
33.150853745785824 6.861452333464956e-09 1291844700.825106 69669465366420.45 26126049512407.47
33.062451469130394 6.178176155413675e-09 1166310565.6281419 62899382183184.58 23650167700877.117
32.97451941735079 8.52995743814886e-09 1614571805.4708636 87074208231845.39 32826976503405.523
32.8870538486045 8.3374090438936e-09 1582322903.931087 85335017965789.77 32256636791068.53
32.80005106064523 7.253561180465396e-09 1380275354.5769687 74438549734657.84 28212210349435.37
32.71350739030052 8.04776191913078e-09 1535454618.759341 82807401164427.39 31466812442483.07
32.627419212957626 6.1613398459270715e-09 1178640651.8196645 63564346410182.3 24218015982278.953
32.54178294205747 5.446533005365913e-09 1044642692.5506997 56337807355992.97 21521042409987.11
32.45659502859658 5.55443722518201e-09 1068134840.0973212 57604743976808.79 22062616943118.906
32.3718519606368 4.992870653951845e-09 962657379.7672656 51916321626421.586 19935867504545.035
32.28755026282264 3.778970904067923e-09 730512123.2718127 39396677510485.12 15167720841536.701
32.20368649590622 7.474068010376779e-09 1448573146.8258085 78121864508209.5 30155039700170.324
32.12025725627952 8.98911303210392e-09 1746734110.5715446 94201750057946.62 36456077272423.51
32.03725917551394 9.429352218892882e-09 1837026742.8869658 99071251334628.19 38439645517835.305
31.954688919906943 6.329241965930347e-09 1236249360.1289392 66671196564689.06 25935095463664.27
31.872543190035717 8.043697799962023e-09 1575172069.5497694 84949371914099.47 33130255046498.945
31.790818720317677 7.616603207307183e-09 1495369758.6915352 80645615952607.34 31532435837469.113
31.709512278577733 7.769613477634956e-09 1529321614.7452419 82476646925563.02 32330845594819.8
31.628620665622176 1.9174780930910488e-08 3783895492.804715 204066305971403.72 80198058246761.98
31.548140714819066 1.6957724868920732e-08 3354924802.895021 180931823471468.12 71287138447752.8
31.468069291685 2.3980642208175757e-08 4756414413.447302 256514462639633.28 101323212742657.33
31.388403293478206 2.3400389039554287e-08 4653104741.416543 250942949583175.25 99373408034935.6
31.309139648797704 1.6064370760549947e-08 3202444117.8096304 172708506998660.25 68565277278468.86
31.230275317188642 1.6553575167923816e-08 3308300626.915425 178417371531870.7 71010113869681.92
31.151807288753492 1.3048445343890642e-08 2614354629.8610997 140992713152219.4 56256092547737.42
31.07373258376915 1.1160559041082357e-08 2241720690.204451 120896483832487.58 48358593532994.88
30.996048252309727 9.492586844645378e-09 1911468852.6928318 103085930488872.14 41337458126036.016
30.918751373875036 6.830693585198971e-09 1378897016.1338084 74364215642976.69 29894414688476.492
30.8418390570246 7.090413208771726e-09 1434895434.1122262 77384222490107.69 31185841663514.324
30.765308439017097 7.86219065208712e-09 1595038874.7856002 86020793036495.3 34752400386744.156
30.689156685455174 7.233343621906362e-09 1471103122.1501598 79336910972048.11 32131448943678.14
30.61338098993553 1.3660889717865356e-08 2785201778.3363495 150206536985723.34 60983854016199.59
30.537978573704155 1.8737521564225393e-08 3829665429.9121513 206534688623043.72 84059618269580.11
30.462946685316677 2.251817600115359e-08 4613709795.150734 248818371572579.4 101517895601609.3
30.388282600303643 1.3966618833163591e-08 2868627115.0551796 154705683518973.22 63274624559259.54
30.313983620840798 1.448924392448114e-08 2983263997.427096 160888075489945.8 65964110950880.12
30.240047075424116 1.7268009756664566e-08 3564091108.3042784 192212207763190.56 78999217390669.97
30.166470318549603 1.6859832431768463e-08 3488331349.7295604 188126467524585.62 77508104620130.02
30.093250730397784 3.4017774550654784e-08 7055467079.980206 380502872410782.4 157147686305651.44
30.02038571652273 3.497207151632852e-08 7270998661.720315 392126537437872.4 162340386499279.75
29.94787270754562 4.1999082316419306e-08 8753118287.826948 472057570861608.7 195903891907567.34
29.87570915885274 4.4826596744008123e-08 9364972797.468174 505055017490844.5 210102887276185.88
29.803892550297803 3.3354910750357663e-08 6985150516.732659 376710684878696.1 157088355594417.78
29.7324203859086 2.98516991317412e-08 6266539276.401023 337955824570620.0 141265534670519.22
29.661290193597814 2.9878953077025855e-08 6287301881.10662 339075556353031.1 142072658111909.75
29.590499524878005 1.9558842716542538e-08 4125530787.76738 222490771648389.6 93446124092319.52
29.520045954580674 1.4509431111583377e-08 3067766710.8744864 165445325184225.1 69652481902561.07
29.449927080579297 1.3951718499704347e-08 2956871532.402849 159464724117472.94 67294113577571.24
29.38014052351631 8.780577603604537e-09 1865340809.6884964 100598235108414.5 42553053450860.6
29.310683926534004 8.549581045442124e-09 1820571987.6369023 98183842809226.48 41629949351110.24
29.241554955009157 1.0562841101450169e-08 2254598732.390857 121590999445331.81 51676174764267.875
29.17275129629149 1.1253034661954416e-08 2407582854.604359 129841466391829.55 55312464682918.49
29.104270659445735 1.0728224306962505e-08 2300700567.123632 124077281408010.48 52980999161219.125
29.036110774997383 1.683370454666718e-08 3618513779.0042987 195147234217269.34 83523016244991.44
28.96826939468197 2.287184509374521e-08 4927965119.615252 265766229492351.16 114013712452216.84
28.90074429119786 4.1452497471798664e-08 8952217990.075434 482795061057919.4 207601876254911.28
28.833533257962518 3.136699435690578e-08 6789909981.793945 366181320413798.56 157824149098331.4
28.76663410887211 2.0039891680939634e-08 4348057664.765454 234491694468456.88 101300412010372.42
28.700044678064536 2.966701534120347e-08 6451790522.599586 347946464523606.3 150660819138724.94
28.633762819685636 2.7876334253904682e-08 6076398038.965675 327701466327892.1 142222436386301.2
28.56778640765871 4.3249710244831406e-08 9449211872.45878 509598049105874.44 221675151361060.9
28.502113335457196 5.114948863772005e-08 11200907440.613428 604067371649145.5 263373374039029.78
28.43674151588046 4.424401624760198e-08 9710994041.113773 523716018333140.4 228863900011573.34
28.371668880832676 6.134392864830805e-08 13495086674.900517 727792956160533.4 318773314798309.7
28.306893381104747 6.052570863586151e-08 13345555280.993755 719728695601717.1 315960897369152.25
28.242412986159177 4.4638743349105404e-08 9865046472.834377 532024099443444.5 234090603755122.75
28.17822568391791 5.3893292529421015e-08 11937408305.816778 643787023313041.8 283910077281046.0
28.114329480553014 3.347017342814489e-08 7430519998.574659 400729557790148.8 177122464543241.34
28.050722400280268 3.231650287752305e-08 7190668740.425907 387794327330935.0 171792887007612.88
27.987402485155485 1.9000092208477395e-08 4237230503.3348947 228514761575506.62 101460554139513.92
27.924367794873596 1.572469515368133e-08 3514696752.408474 189548359418895.44 84349019941406.89
27.86161640657051 1.3552104074732697e-08 3035913507.2470756 163727474992548.0 73022453846676.67
27.799146414627526 1.2072052879169747e-08 2710432792.4864283 146174229335410.25 65339880512930.766
27.736955930478473 1.2815600850258724e-08 2883826650.169465 155525397749758.1 69675378191890.055
27.675043082419368 1.4277789230737889e-08 3220042737.359311 173657604374242.75 77972264364035.67
27.61340601542066 1.4599366809647105e-08 3299917000.152951 177965240719242.75 80084358323657.89
27.552042890941948 1.4218030637699878e-08 3220880519.69383 173702786157550.06 78339956557055.97
27.490951886749173 1.7158684845090648e-08 3895679273.013979 210094829522913.2 94962862944356.52
27.43013119673424 1.9073154383098104e-08 4339938887.943781 234053847070674.47 106026392723011.1
27.369579030737032 3.1467175759709124e-08 7175937097.30272 386999846616878.75 175697930364066.3
27.30929361436977 7.034026828271764e-08 16076167720.997782 866991217711743.4 394481004058846.0
27.249273188843684 5.321483211819669e-08 12188962706.047827 657353406767240.2 299753153485838.4
27.18951601079797 3.657339540422094e-08 8395620110.515736 452777616493383.2 206919370737476.25
27.130020352131016 5.034031420385772e-08 11581232414.324312 624578380106285.5 286056898088669.7
27.070784499833785 3.854912828066001e-08 8887972351.344925 479330279803934.3 220012598430006.44
27.011806755825432 5.610512106688047e-08 12963964843.388855 699149440401853.1 321608742584864.5
26.95308543679103 5.582324699790833e-08 12926935469.207897 697152438207709.6 321387274013746.0
26.89461887402142 4.737558910604975e-08 10994568868.608612 592939487634244.5 273938043287027.44
26.83640541325514 6.053779439221764e-08 14079629439.209433 759317474430570.5 351563990661353.0
26.778443414522407 8.239826175835849e-08 19205326568.23088 1035747434147119.0 480586809444256.75
26.720731251991108 6.568087689396691e-08 15341915206.873207 827392820109975.6 384737661351130.2
26.66326731381478 7.573174758098171e-08 17727748702.492752 956061338846745.4 445524583902572.94
26.60605000198256 5.111700088847231e-08 11991511743.44279 646704833458086.4 302011157224934.6
26.549077732171035 4.873004903020973e-08 11456089137.646381 617829376007894.4 289144147971692.75
26.49234893359802 3.000721702949883e-08 7069589999.703376 381264524539631.7 178813062009068.28
26.43586204887819 2.6915251371565187e-08 6354683691.60872 342709472031985.7 161073451855040.7
26.37961553388058 1.7515688234609355e-08 4144266923.6746125 223501215528258.22 105269072513809.45
26.323607857587838 1.727706315992134e-08 4096504943.244906 220925401547480.38 104276789530404.89
26.267837501957352 1.8269533674921643e-08 4341023292.2114935 234112329228417.06 110735131725045.14
26.212302961784083 1.638022313430253e-08 3900350260.784209 210346736908125.3 99704353294452.88
26.15700274456513 1.7879277195303252e-08 4266295710.7221317 230082254524264.0 109289070899020.36
26.101935370366043 1.8239904704650913e-08 4361529656.660174 235218241918104.97 111963883153022.16
26.047099371688805 2.2775299820004907e-08 5457499577.901905 294324137868152.75 140392613763102.31
25.992493293341447 1.6061343763668515e-08 3856762641.797718 207996047146852.56 99422110536197.52
25.938115692309353 1.7128036127671653e-08 4121526743.0764 222274832648333.53 106469644838554.73
25.883965137628124 2.754846591112625e-08 6642867469.108736 358251285759965.5 171960617164772.75
25.830040210258062 1.7795444613430595e-08 4300042378.974577 231902219674520.94 111544967663441.1
25.776339502960226 3.913798523334288e-08 9476897788.603994 511091156578301.0 246345937470736.9
25.722861620174 8.504853018637286e-08 20636522055.61472 1112932117706358.0 537546212852177.0
25.66960517789621 8.555582562861077e-08 20802684028.844833 1121893269021045.9 542996342206185.44
25.616568803561712 9.057865541546451e-08 22069570757.540966 1190216745528476.5 577255121581283.9
25.5637511359255 7.581363784972819e-08 18510226379.65245 998260529967826.6 485154617564378.44
25.51115082494623 3.368846283558323e-08 8242142513.723149 444500536355628.94 216471761205192.34
25.458766531671188 7.738874299145852e-08 18972711768.2744 1023202467450321.8 499322804115758.1
25.40659692812268 5.24461157614745e-08 12884151012.090338 694845063140513.8 339779235875712.7
25.354640697185825 5.493051365885803e-08 13522132105.773285 729251522123072.8 357333245840304.7
25.30289653249769 6.029786195083199e-08 14873755851.736387 802144884380674.6 393853138230893.25
25.251363138337815 9.633930967593365e-08 23812647184.55595 1284221235917592.8 631836848071445.5
25.200039229520055 7.943402758001711e-08 19674075846.67158 1061027184568358.0 523086401992211.8
25.148923531285735 9.479259301881901e-08 23525777100.99351 1268750269989064.0 626762633374563.8
25.09801477919811 7.696541313505444e-08 19140144362.357834 1032232143623669.2 510954911093713.2
25.047311719038113 6.523971993564148e-08 16256982647.31556 876742605969776.5 434864332561005.8
24.996813106701342 4.9807875635246733e-08 12436619598.281929 670709596768436.9 333342669593908.25
24.94651770809631 3.6259329614694334e-08 9071911696.784264 489250168663967.6 243646583994660.72
24.896424299043908 2.966117992338224e-08 7436017809.9511175 401026055952070.8 200112001920080.75
24.846531665178087 2.61210349027803e-08 6561657841.935046 353871632923843.94 176935816461923.97
24.796838601847732 2.1770035904719352e-08 5479637194.121227 295518024320217.9 148054530184424.66
24.74734391401969 2.3401704711748122e-08 5902117838.012913 318302497228451.5 159787853608690.34
24.698046416183 2.0391298413669705e-08 5153131826.877057 277909518932039.8 139788488022813.25
24.648944932254206 2.5372481200318857e-08 6424710747.134908 346486046349764.06 174628967360275.44
24.60003829548386 2.4050800145971885e-08 6102147781.560229 329090155540101.4 166190528547747.34
24.551325348364088 2.938723538539475e-08 7470897275.619503 402907113113067.56 203870999235211.22
24.50280494253728 2.1439757808449264e-08 5461262442.208354 294527069957675.0 149325224468532.72
24.454475938705844 2.291998244643442e-08 5849852223.289601 315483801271813.1 160265771046087.53
24.40633720654304 2.1981166236715848e-08 5621304331.961845 303158163840891.6 154307505395015.16
24.35838762460484 2.411373617370053e-08 6178811448.756288 333224643767027.7 169944568321178.4
24.31062608024287 3.009387680683818e-08 7726289379.380889 416680464752391.3 212923717488472.53
24.263051469518324 2.108657822683716e-08 5424374513.162458 292537695930394.06 149779300316355.94
24.21566269711692 2.1230407682645262e-08 5472061252.612624 295109452148799.3 151391148952339.4
24.16845867626484 4.877076548221773e-08 12595041199.553501 679253308141818.8 349136200384897.5
24.12143832864565 9.857818332372943e-08 25507423016.494858 1375620864721039.2 708444745331309.0
24.07460058431818 9.695577452398723e-08 25136428102.805214 1355613028427783.5 699496322668745.0
24.027944381635393 1.330209674100076e-07 34553532957.40623 1863479539085397.0 963418921707130.0
23.981468667164144 6.00671199813307e-08 15633276450.528967 843105995278033.5 436728905554005.9
23.93517239560591 4.621421178683103e-08 12051135379.34908 649920349095639.6 337308661180627.75
23.889054529718422 4.923147272534741e-08 12862720734.007957 693689323587841.9 360718448265684.44
23.843114040238195 4.781234208006006e-08 12516013327.331032 674991317824198.9 351670476586396.06
23.797349905803955 4.746586697576978e-08 12449210097.003803 671388605099770.6 350464851862086.9
23.75176111288096 6.496020484291797e-08 17070276035.53957 920603695083213.6 481475732528510.0
23.706346655686158 8.106926424084768e-08 21344234103.565853 1151099182201523.8 603175971473609.2
23.66110553611424 6.06728012541123e-08 16004716620.258669 863137844326260.8 453147368271280.4
23.616036763664496 8.676441820240066e-08 22931032909.107525 1236675586513554.0 650491358506158.0
23.571139355368558 6.669613380303345e-08 17660746595.89251 952447900681707.9 501940043659255.8
23.526412335718902 7.224708560596207e-08 19166976178.72611 1033679189309573.9 545782611955458.25
23.481854736598223 5.771623215234795e-08 15341031065.03871 827345138148763.0 437665578080681.06
23.437465597209567 4.2971551998405175e-08 11443512980.77119 617151141135468.0 327090104801786.3
23.393243964007283 3.15897817130696e-08 8428400219.545649 454545454894785.7 241363636549114.38
23.349188890628735 2.9564766671571937e-08 7902993634.810042 426210163636365.1 226743807054559.6
23.305299437826804 2.0803592820664346e-08 5571506383.626389 300472549668646.3 160151868973389.53
23.261574673403114 2.2470822321378597e-08 6029326882.983801 325162908659666.2 173636993224250.1
23.218013672142057 2.1286864564699995e-08 5722365705.210534 308608425655593.75 165105507725741.34
23.17461551574553 2.5454237133033076e-08 6855458765.125278 369716380539211.8 198167979969024.34
23.131379292768393 2.7955787774992733e-08 7543261782.5849695 406809746694773.3 218456833975097.2
23.088304098554673 2.7706104134582742e-08 7489837634.580682 403928570786602.6 217313571083189.0
23.04538903517446 3.3897222274482774e-08 9180557225.710667 495109445642013.0 266863991201047.06
23.00263321136152 2.4744201277255534e-08 6714054467.28197 362090416036694.5 195528824659816.4
22.96003574245159 2.5783072110418715e-08 7008919601.969026 377992556809284.1 204493973233813.06
22.917595750321365 2.4251863181565063e-08 6604881493.540428 356202693845182.25 193061860064092.7
22.875312363328153 2.9259399504994312e-08 7983390089.27317 430545961891545.8 233786457307097.28
22.833184716250198 2.2840339543316704e-08 6243455787.319664 336710926989616.1 183170744282339.97
22.791211950227677 2.7303975229884536e-08 7477345292.979118 403254856090091.75 219773896569099.5
22.749393212704323 1.807605583782765e-08 4959327989.84706 267457635897479.38 146031869200031.75
22.707727657369702 2.964605071302447e-08 8148583967.418228 439454903627979.75 240381832284491.5
22.666214444102113 2.4621411708492296e-08 6779894435.285452 365641179814736.1 200371366538476.8
22.624852738912146 3.548631037726614e-08 9789580015.20041 527954176988293.4 289846843166575.25
22.583641713886806 4.660671561124523e-08 12880819629.223646 694665400938776.2 382065970516338.25
22.542580547134285 5.407020290503727e-08 14970742623.106298 807375402030854.5 444863846519010.6
22.501668422729324 7.152970879272465e-08 19840869976.50456 1070022428225973.2 590652380380711.1
22.46090453065916 1.3177156371889491e-07 36617056709.75247 1974765823346229.2 1092045500310458.5
22.420288066770084 6.997227968230829e-08 19479320798.04199 1050524002485582.4 581990297376997.5
22.37981823271454 5.323810527197494e-08 14847557321.502308 800731991953567.5 444406255534239.9
22.33949423589884 3.5309925224765793e-08 9865348604.724503 532040393481916.56 295814458775932.06
22.299315289431394 3.351918961658807e-08 9381903402.706184 505968088709473.75 281824225411173.2
22.259280612071553 2.892454706176301e-08 8110440028.690246 437397792725678.0 244067968340916.6
22.21938942817895 3.97525059269039e-08 11166610430.26265 602217726429964.6 336639709074352.3
22.179640967663424 5.639616437959881e-08 15870259599.26294 855886547973416.6 479296466865114.44
22.140034465935454 4.228717533151502e-08 11921183105.552101 642911994737872.4 360673629047949.3
22.100569163857138 5.3064726810134476e-08 14986197411.01955 808208882100540.9 454213391740508.2
22.06124430769369 4.9921215799276376e-08 14123558221.170742 761686563185192.4 428829535073282.75
22.022059149065463 5.519218922035227e-08 15642590308.520142 843608293662916.4 475795077625868.4
21.98301294490045 6.625808617317807e-08 18812245886.696114 1014548507595882.5 573219906791662.9
21.944104957387353 4.587054943215209e-08 13046831248.608103 703618443637903.8 398248039099061.0
21.905334453929072 4.008390619561554e-08 11421131279.511688 615944091124159.0 349240299667380.7
21.866700707096744 2.574844649357996e-08 7349482253.512617 396359174593649.5 225132011169189.9
21.82820299458425 2.4491899695022243e-08 7003150556.388387 377681430927805.56 214900734197909.22
21.789840599163185 1.8894502198438212e-08 5412156868.925469 291878795722432.1 166370913561791.6
21.75161280863834 1.326219575769383e-08 3805510678.673572 205232017641171.16 117187482073114.77
21.713518915803597 1.5074464471686197e-08 4333119397.406863 233686070464496.53 133668432305683.23
21.675558218398344 1.2705686707756483e-08 3658615975.9959316 197309954413157.8 113058603878736.56
21.637730019064314 2.016201391417557e-08 5815823089.31908 313648602684015.2 180034297940623.72
21.600033625302878 1.673928993744305e-08 4836949791.696714 260857753084789.22 149993208023760.94
21.562468349432788 2.177195901491142e-08 6302139439.204988 339875749084708.75 195768431472784.56
21.525033508548354 2.0432182414671814e-08 5924611754.519613 319515599032420.5 184360500641716.53
21.48772842447808 2.06795834730099e-08 6006759658.212979 323945853325087.06 187240703221901.72
