string
20190118an 18 2019_12.07.   full spectra  index number  Nphoton via eV
eV x-axis E [J] Nphoton Nphoton/sr Nphoton/sr @ 0.1bw
43.81066890785845 1.5469653386659763e-09 220388877.9144337 11885620065010.143 3375516098462.952
43.65640598916881 1.5503942605963685e-09 221657865.74169785 11954056854219.807 3406906203452.4688
43.50322561727698 1.5543728169527177e-09 223009163.09887287 12026932614259.16 3439702727678.1196
43.35111643679699 1.6013159359476526e-09 230550311.8654106 12433628405539.457 3568451352389.794
43.20006725060606 1.6010126236035992e-09 231312609.59047872 12474739287460.182 3592724914788.403
43.05006701709701 1.6323804743992672e-09 236666361.67875743 12763468300674.002 3688642338894.749
42.90110484748767 1.62008235848969e-09 235698919.0945173 12711293911930.781 3686275234459.958
42.75317000318599 1.6234162982816787e-09 237001205.40699118 12781526495681.842 3719424210243.292
42.606251893209404 1.624315430360792e-09 237950167.12588856 12832704207342.191 3747149628543.8364
42.46034007165731 1.6194735523312937e-09 238056128.6088926 12838418733140.54 3761656688810.044
42.31542423523527 1.675109030745406e-09 247077589.4216749 13324948074669.92 3917534733952.9556
42.17149422082971 1.636969980360212e-09 242276170.69759223 13066006519780.615 3854471923335.2803
42.02854000313198 1.6650922555234656e-09 247276572.35000896 13335679267223.656 3947361063098.266
41.88655169231059 1.7300118853475243e-09 257788448.70581254 13902587042778.25 4129068351705.031
41.745519531730416 1.7477151350125529e-09 261306222.5010637 14092301347786.135 4199505801640.16
41.605433895717894 1.756563016848952e-09 263513369.36282083 14211333257539.355 4249188644004.156
41.46628528737101 1.7875046609586971e-09 269054974.75973815 14510193240498.846 4353057972149.718
41.32806433641311 1.7867605143951666e-09 269842440.71580267 14552661450584.959 4380351096625.9736
41.19076179708947 1.824640859376621e-09 276481798.9990146 14910723485187.146 4503038492526.386
41.05436854610573 1.802969910019985e-09 274105706.45489025 14782580298080.717 4479121830318.452
40.91887558060703 1.786344897647396e-09 272477469.63873976 14694769132854.22 4467209816387.693
40.78427401619714 1.7907496761596974e-09 274050828.98648417 14779620744287.545 4507784327007.671
40.65055508499649 1.7758918039646429e-09 272671029.24595344 14705207844521.729 4499793600423.695
40.51771013373833 1.845893309069206e-09 284348326.95448923 15334967046814.85 4707834883371.778
40.38573062190204 1.861765948401604e-09 287730641.19450945 15517375988580.785 4779351804482.713
40.254608119882874 1.96255930906561e-09 304295942.74158955 16410746299796.586 5070920606637.312
40.124334307197174 2.041324954964702e-09 317536226.4920324 17124797678885.645 5308687280454.428
39.99490097072234 1.966285769799223e-09 306853432.17091095 16548672260329.838 5146637072962.377
39.86630000297082 1.9964457808291186e-09 312565157.5419933 16856706850454.307 5259292537341.696
39.73852340039719 2.0150213459795663e-09 316487746.7693165 17068252939659.254 5342363170113.461
39.61156326173778 1.9967911073343864e-09 314629635.14156485 16968044575903.22 5327965996833.546
39.485411786381924 1.9056483628311382e-09 301227813.4759808 16245281421956.78 5117263647916.268
39.36006127277436 1.860831746435554e-09 295080367.50469345 15913748325203.744 5028744470764.306
39.235504116847856 1.8693219753392447e-09 297367738.01435333 16037106713716.803 5083762828248.337
39.11173281048556 1.8381641777034317e-09 293336574.23790157 15819705175489.727 5030666245805.696
38.98873994001234 1.8418883196183164e-09 294858104.27794206 15901761621098.758 5072661957130.242
38.86651818471449 1.8814829632282046e-09 302143759.293758 16294678578897.072 5214297145246.872
38.74506031538725 2.0037712854350203e-09 322790528.03734624 17408163302711.918 5588020420170.622
38.62435919290941 2.0193971620191798e-09 326324310.61941195 17598740965070.59 5666794590752.705
38.50440776684447 2.0091133546525288e-09 325673909.30919987 17563664681112.346 5673063691999.213
38.38519907406786 2.0041155387974278e-09 325872665.43199253 17574383641993.96 5694100300006.011
38.266726237419505 2.078660452464616e-09 339040218.2189075 18284512624419.29 5942466602936.2705
38.14898246438129 2.026759857473236e-09 331595257.15345615 17883004256755.184 5829859387702.103
38.03196104577889 1.9724566790297334e-09 323703748.73242223 17457413493192.908 5708574212273.876
37.91565535450739 1.8167476228966187e-09 299064599.63011676 16128618829295.04 5290186976008.779
37.80005884428024 1.8451217701472865e-09 304664275.1487911 16430610546536.514 5405670869810.636
37.68516504840097 1.7702675133863463e-09 293195602.8482277 15812102557818.836 5217993844079.926
37.57096757855732 1.8104071774794132e-09 300755001.1750762 16219782551851.375 5368748024662.902
37.45746012363721 1.746617277519207e-09 291037131.23241967 15695695714654.258 5210970977264.824
37.34463644856601 1.805149704825931e-09 301699064.5547891 16270696095015.355 5418141799640.167
37.23249039316491 1.912803164692242e-09 320654375.4220193 17292960128092.047 5775848682782.7
37.121015871029684 2.155910664734735e-09 362493215.7215932 19549337874860.38 6549028188078.009
37.01020686842959 2.072440135430267e-09 349501832.0560085 18848709731420.812 6333166469757.434
36.90005744322593 1.9958186264839118e-09 337584893.366776 18206026638977.15 6135430977335.192
36.79056172380983 2.1524378601934098e-09 365159983.2927468 19693157229323.117 6656287143511.44
36.68171390805892 2.063211801871474e-09 351061471.49115705 18932821424987.22 6418226463070.62
36.57350826231243 2.126194951954147e-09 362848586.94555944 19568503122172.633 6653291061538.318
36.465939120364446 1.8467958642688401e-09 316097066.60199034 17047183473360.795 5813089564416.167
36.35900088247482 1.7808541965602354e-09 305707010.59027946 16486845495428.37 5638501159436.6
36.25268801439741 1.8744869059824622e-09 322723932.0583111 17404571767094.697 5969768116113.072
36.146995046425396 1.8554902506272362e-09 320387417.6654458 17278563038283.95 5943825685169.465
36.041916572453225 2.032413304875711e-09 351959852.54782784 18981271310545.133 6548538602137.824
35.937447249054806 1.8353451522635063e-09 318756830.1238748 17190625097924.832 5947956283881.931
35.83358179457777 1.859896334267643e-09 323957092.45253474 17471076375057.041 6062463502145.046
35.73031498825334 2.116799111673424e-09 369770086.2657729 19941781084194.938 6939739817299.741
35.62764166932158 2.260631262554222e-09 396033230.49535024 21358158158116.582 7453997197182.74
35.52555673617166 2.4134932984501674e-09 424027652.37846184 22867903412010.266 8003766194203.357
35.42405514549688 2.698663796266842e-09 475487913.9392 25643166497629.53 9000751440667.871
35.323131911464124 2.3828104151295603e-09 421036029.4015815 22706564534942.434 7992710716299.539
35.22278210489746 2.65049149246141e-09 469668824.02789265 25329341714525.98 8941257625227.635
35.123000852475656 2.475978637524565e-09 439991466.8743432 23728835395882.945 8400007730142.934
35.02378333594324 2.5427427248537965e-09 453135761.061193 24437710036953.87 8675387063118.585
34.92512479133495 2.0455336126441997e-09 365559124.544241 19714683003728.914 7018427149327.447
34.827020508213224 2.0260040837790782e-09 363088897.7690465 19581463137090.38 6990582339940.602
34.7294658289185 2.3404049806171133e-09 420612218.9866289 22683708347191.992 8120767588294.917
34.63245614783214 2.2123863359335924e-09 398718741.07877517 21502988327303.004 7719572809501.657
34.535986910651545 3.154334912917896e-09 570065694.370094 30743766743119.22 11067756027522.969
34.44005361367751 2.574152468556638e-09 466508351.37247235 25158896737612.2 9082361722277.879
34.34465180311331 2.542946484786213e-09 462133102.2885603 24922938604001.88 9022103774648.396
34.24977707437542 2.4813967147994576e-09 452196741.6543614 24387068516343.176 8852505871432.791
34.15542507141571 2.3253569768583417e-09 424931487.185844 22916647419528.86 8341659660708.47
34.06159148605468 3.1644966321412328e-09 579867377.5297886 31272373645319.473 11414416380541.44
33.96827205732576 3.3434381578030437e-09 614340029.6226486 33131491261808.67 12126125801821.908
33.87546257083034 3.3763858633663678e-09 622093715.2411742 33549649211689.92 12312721260690.094
33.78315885810328 3.510959802743145e-09 648656204.7339483 34982170040687.984 12873438574973.205
33.69135679598887 3.8706211473019804e-09 717052804.8832247 38670813545776.016 14269530198389.441
33.600052306026825 3.2725996599233057e-09 607913660.1149732 32784915758142.594 12130418830512.74
33.509241353848374 3.4545865625676333e-09 643458376.2305802 34701850020282.508 12874386357524.945
33.41891994858194 2.5587122762106442e-09 477879078.57406384 25772122525863.93 9587229579621.8
33.32908414226855 3.162749305245735e-09 592284495.560328 31942031518302.875 11914377756326.31
33.23973002928659 3.3517754509361186e-09 629370529.1404493 33942089366152.473 12694341422940.95
33.150853745785824 4.3659143867673924e-09 821995561.6821094 44330399218563.79 16623899706961.291
33.062451469130394 5.4201734736549565e-09 1023215497.7196312 55182234083734.16 20748520015483.793
32.97451941735079 8.63989325778175e-09 1635380734.0121427 88196438268778.62 33250057227329.35
32.8870538486045 6.462318402346037e-09 1226457088.3704839 66143097221402.26 25002090749690.055
32.80005106064523 6.488278581818832e-09 1234650235.5605054 66584955429306.516 25235698107707.21
32.71350739030052 4.448652230368974e-09 848770587.7750236 45774382192580.6 17394265233180.994
32.627419212957626 3.860968178017879e-09 738588385.6093724 39832232092903.086 15176080427395.762
32.54178294205747 4.635485954537791e-09 889084216.3369908 47948504938990.31 18316328886692.42
32.45659502859658 5.8555363656644995e-09 1126037102.6010017 60727425572793.984 23258603994381.297
32.3718519606368 4.039322441316248e-09 778807188.6690851 42001240879375.55 16128476497679.518
32.28755026282264 6.1549253759070575e-09 1189807415.583269 64166572405912.695 24704130376276.273
32.20368649590622 6.014877393661989e-09 1165762722.7650998 62869836898562.85 24267757042846.434
32.12025725627952 7.474048201077787e-09 1452331825.2037678 78324570849698.92 30311608918831.957
32.03725917551394 4.724877002719101e-09 920500709.8425795 49642803258923.05 19261407664461.926
31.954688919906943 5.329754562461626e-09 1041026034.8640288 56142760221238.47 21839533726061.953
31.872543190035717 4.388547678420944e-09 859395504.5114688 46347386260421.016 18075480641564.277
31.790818720317677 6.001633094613995e-09 1178302241.5869045 63546095872810.54 24846523486268.64
31.709512278577733 5.479207052603855e-09 1078492488.8904934 58163334226405.016 22800027016750.133
31.628620665622176 9.934636535196746e-09 1960472275.726752 105728695738996.39 41551377425425.75
31.548140714819066 1.0383325647002236e-08 2054242359.6875396 110785736738382.64 43649580274919.3
31.468069291685 2.2583457882480132e-08 4479291407.011903 241569158698100.75 95419817685751.84
31.388403293478206 1.8783225351928246e-08 3734994097.594605 201429043103982.9 79765901069175.78
31.309139648797704 2.092395786818108e-08 4171206379.3253174 224954066224048.72 89306764290948.31
31.230275317188642 1.3902805080843317e-08 2778533235.1624947 149846901003628.4 59639066599441.92
31.151807288753492 9.132409911645244e-09 1829747338.0978463 98678671452913.47 39372789909713.79
31.07373258376915 8.669137747773446e-09 1741291398.0276256 93908223388033.62 37563289355213.336
30.996048252309727 7.2425089625869134e-09 1458383317.8352907 78650929161992.77 31539022593957.793
30.918751373875036 6.724742090729099e-09 1357508822.1302023 73210745693815.78 29430719768913.81
30.8418390570246 7.594921201483988e-09 1536993322.3312616 82890383782341.64 33404824664284.676
30.765308439017097 7.015197702617578e-09 1423205509.1428325 76753782296893.23 31008528047944.918
30.689156685455174 1.0416816616721766e-08 2118551564.6339955 114253946132203.36 46272848183540.42
30.61338098993553 1.2024318313996676e-08 2451535254.517744 132211828867737.72 53678002520297.92
30.537978573704155 1.3245996077886971e-08 2707280847.7022696 146004244268446.28 59423727417258.56
30.462946685316677 8.678384680517634e-09 1778099096.682568 95893270572900.58 39124454393742.24
30.388282600303643 8.671532603712985e-09 1781060531.0592246 96052981372199.92 39285669381229.45
30.313983620840798 9.219427852858403e-09 1898234810.1572173 102372215699854.66 41972608436941.89
30.240047075424116 1.2191882856193168e-08 2516386190.045718 135709253909509.69 55776503356807.53
30.166470318549603 9.674009729524621e-09 2001570985.5753186 107945158089749.89 44473405132977.38
30.093250730397784 1.9249360469922644e-08 3992419577.7115393 215312055171908.7 88923878785997.34
30.02038571652273 1.7342237219436905e-08 3605602360.5832973 194450918616842.47 80502680307373.08
29.94787270754562 4.125858882382428e-08 8598790460.29924 463734637595598.25 192449874602173.0
29.87570915885274 4.076695052947467e-08 8516849604.365582 459315549433593.5 191075268564369.97
29.803892550297803 4.373831947029509e-08 9159633108.767164 493981003469523.44 205990078446793.25
29.7324203859086 3.9514624720269304e-08 8295003467.274029 447351339064574.3 186992859728992.12
29.661290193597814 2.648472693910606e-08 5573069212.819013 300556833386526.3 125933313188945.39
29.590499524878005 1.7824572448459964e-08 3759722570.534116 202762655021826.7 85160315109163.45
29.520045954580674 1.0651868467822068e-08 2252152220.365872 121459058520324.05 51134263637058.12
29.449927080579297 1.0743767758261952e-08 2276991256.3692813 122798633128223.52 51821023180108.52
29.38014052351631 7.612366740252422e-09 1617166771.9307094 87214155336776.62 36891587707457.61
29.310683926534004 8.970789705074443e-09 1910265351.861515 103021025427580.84 43680914781292.4
29.241554955009157 8.917129140491649e-09 1903327699.7755742 102646876343393.7 43624922445943.89
29.17275129629149 1.0537272311181882e-08 2254445748.440681 121582748987663.31 51794251068743.734
29.104270659445735 1.1151816955418624e-08 2391541308.205072 128976342309519.08 55072898166163.234
29.036110774997383 1.7531695580990556e-08 3768551470.8456135 203238799533688.38 86986206200418.78
28.96826939468197 2.0653387579900988e-08 4449976518.225045 239988200377219.03 102954937961825.33
28.90074429119786 1.7476664882518298e-08 3774318154.7563133 203549798049794.06 87526413161413.95
28.833533257962518 1.345005345448238e-08 2911488782.352714 157017222547948.88 67674422918159.2
28.76663410887211 1.2386314372546149e-08 2687460092.260267 144935306621435.84 62612052460459.695
28.700044678064536 2.1312502889465262e-08 4634905216.2370405 249961445236430.78 108233305787376.97
28.633762819685636 1.3995452488464155e-08 3050685907.291735 164524153736233.66 71403482721523.4
28.56778640765871 2.5402973168561572e-08 5550050492.854106 299315428818043.7 130202211535852.25
28.502113335457196 2.5907882699297677e-08 5673405616.084734 305967997412548.6 133402046871872.39
28.43674151588046 3.945219571239233e-08 8659250899.101215 466995282195109.6 204076938319254.88
28.371668880832676 6.433776083794195e-08 14153701566.04722 763312200322967.9 334330743741455.8
28.306893381104747 5.498977849042387e-08 12124915928.679193 653899350149703.4 287061814715718.3
28.242412986159177 7.444411109672671e-08 16451955420.308043 887257529974743.1 390393313188898.94
28.17822568391791 5.664596887979794e-08 12547128365.326527 676669358582981.6 298411187135089.25
28.114329480553014 4.864671642876874e-08 10799776704.622574 582434303912232.5 257435962329200.3
28.050722400280268 2.7904695147580628e-08 6209007820.842586 334853140673748.9 148339941318478.25
27.987402485155485 1.5340682583308875e-08 3421141722.405555 184502916326177.12 81919294848813.73
27.924367794873596 9.307998401107587e-09 2080472240.1335206 112200319889228.44 49929142350705.73
27.86161640657051 1.0252652992961037e-08 2296777499.257915 123865709505732.97 55244106439557.11
27.799146414627526 9.86488084728754e-09 2214875697.6202345 119448727550394.73 53393581215028.4
27.736955930478473 1.0699397680141354e-08 2407628680.9549065 129843937816870.27 58170084141956.57
27.675043082419368 9.442868006611537e-09 2129632119.7312312 114851522875827.81 51568333771247.13
27.61340601542066 1.1966894822285353e-08 2704895368.270859 145875594844469.22 65644017680010.05
27.552042890941948 1.3971536475798745e-08 3165040982.945297 170691347809663.4 76981797862159.08
27.490951886749173 1.3351082331259502e-08 3031207530.166396 163473680626221.97 73890103643052.14
27.43013119673424 3.033341939879502e-08 6902119272.405075 372232791833722.0 168621454700669.0
27.369579030737032 2.6340088693813963e-08 6006729712.496155 323944238346073.06 147070684209119.97
27.30929361436977 3.483739216053524e-08 7962036156.642589 429394339665675.3 195374424547883.62
27.249273188843684 1.8485343257486316e-08 4234104489.393789 228346174964541.9 104125855783823.06
27.18951601079797 2.0781380392872467e-08 4770477917.687172 257272910478560.3 117573720088702.14
27.130020352131016 3.117763484336353e-08 7172689343.727984 386824694561024.7 177165710108943.72
27.070784499833785 1.8050681093156324e-08 4161804991.0458617 224447047311703.1 103021194716072.0
27.011806755825432 3.49175656691486e-08 8068249121.358384 435122427927372.5 200156316846598.84
26.95308543679103 3.7358400724326035e-08 8651048825.846111 466552942602576.3 215080906539782.25
26.89461887402142 3.9598042439786304e-08 9189614585.937092 495597911046719.25 228966234903589.7
26.83640541325514 8.10264595548487e-08 18844798307.518406 1016304066722783.2 470548782892647.1
26.778443414522407 6.015142631315088e-08 14020050438.403238 756104365973662.4 350832425811774.6
26.720731251991108 1.0004828994486578e-07 23369547629.58998 1260324780655702.0 586051023004888.5
26.66326731381478 7.991237801849775e-08 18706376136.582073 1008838928972220.8 470118940901043.94
26.60605000198256 8.761594167425077e-08 20553780058.2607 1108469823813506.6 517655407720921.8
26.549077732171035 5.47815139088451e-08 12878745638.97691 694553550194199.1 325051061490883.2
26.49234893359802 3.718161437646268e-08 8759851635.366999 472420701757251.1 221565309124127.25
26.43586204887819 1.954389681890632e-08 4614308841.89306 248850678293534.84 116959818797966.75
26.37961553388058 1.1862541615878471e-08 2806714654.36683 151366731063680.5 71293730330993.39
26.323607857587838 1.0540129214712974e-08 2499133737.652455 134778825403876.95 63615605590626.36
26.267837501957352 1.1491365129751892e-08 2730462888.389726 147254456758977.2 69651358046998.64
26.212302961784083 1.1910901113327711e-08 2836144897.578087 152953910473730.66 72500153564549.4
26.15700274456513 1.1639053949339753e-08 2777273678.2656875 149778972826547.12 71145012092606.61
26.101935370366043 1.1873151223844595e-08 2839110292.478929 153113834864959.75 72882185395723.56
26.047099371688805 1.389396177753501e-08 3329321288.217675 179551020362601.7 85645836712957.02
25.992493293341447 1.9254838502406595e-08 4623607022.091925 249352131171672.44 119190318700061.81
25.938115692309353 1.3975326349046145e-08 3362888825.167601 181361324922797.8 86872074638022.58
25.883965137628124 2.6143666429476103e-08 6304122770.6787 339982710581961.25 163191701079331.25
25.830040210258062 3.016808934513352e-08 7289734282.83214 393136953554712.9 189098874659811.0
25.776339502960226 3.834474691423705e-08 9284822534.158716 500732496378065.8 241353063254223.62
25.722861620174 5.956466371037467e-08 14453012811.635563 779454120822373.5 376476340357210.7
25.66960517789621 3.059205389792268e-08 7438381037.831498 401153505345066.7 194158296587012.0
25.616568803561712 3.236652762444422e-08 7886133530.103395 425300894526708.44 206270933845443.88
25.5637511359255 3.280981263249585e-08 8010657139.356046 432016479826232.56 209960009195555.38
25.51115082494623 2.308399071550902e-08 5647676541.113202 304580422809739.0 148330665908343.62
25.458766531671188 5.1425882536813565e-08 12607627531.923956 679932091780915.4 331806860789087.44
25.40659692812268 3.9593259146524996e-08 9726659877.438997 524560880289534.3 256510270461583.38
25.354640697185825 4.085029009716974e-08 10056032293.51952 542324006244318.0 265738763059715.12
25.30289653249769 8.398254395044429e-08 20716088665.7175 1117223162274902.9 548556572676952.2
25.251363138337815 6.459702100405549e-08 15966754126.817093 861090518807673.6 423656535253368.6
25.200039229520055 1.2542236533011177e-07 31064383911.38972 1675308973022413.2 825927323700067.6
25.148923531285735 9.807873148829978e-08 24341336193.68187 1312733549036483.8 648490373223988.0
25.09801477919811 1.2918441527216598e-07 32126227313.78381 1732574418397083.2 857624337106551.1
25.047311719038113 8.951282920807633e-08 22305560363.891376 1202943716267269.0 596660083268560.9
24.996813106701342 8.484646496880187e-08 21185469077.288326 1142536949842962.2 567840864071943.9
24.94651770809631 5.223757191231526e-08 13069591872.732613 704845929041642.9 351013272662745.1
24.896424299043908 3.2435289719789416e-08 8131483395.141209 438532666050011.7 218827800358953.0
24.846531665178087 1.9864057156007316e-08 4989892126.995626 269105966453905.0 134552983226954.03
24.796838601847732 1.1730713729034447e-08 2952684852.911562 159238935582959.28 79778706727060.17
24.74734391401969 1.2960228802841524e-08 3268684847.7144823 176280883953107.56 88493003744464.25
24.698046416183 1.382367262299627e-08 3493412038.4475965 188400470170919.75 94765436495970.75
24.648944932254206 1.6491540811050146e-08 4175917154.063604 225208119329091.78 113504892141858.58
24.60003829548386 1.5844731942905894e-08 4020111401.200645 216805481228674.66 109486768020478.17
24.551325348364088 1.725409908940804e-08 4386380691.81532 236558463642864.38 119698582603288.81
24.50280494253728 1.814025378452091e-08 4620793181.091332 249200380115208.66 126344592718403.6
24.454475938705844 1.914464120122559e-08 4886274331.003844 263517836205289.6 133867060792292.52
24.40633720654304 2.459387958073733e-08 6289460729.159304 339191983497518.2 172648719600238.25
24.35838762460484 1.905743801603623e-08 4883204964.557656 263352304606032.38 134309675349071.98
24.31062608024287 2.8120872855634474e-08 7219741167.87901 389362209659413.06 198964089135960.6
24.263051469518324 2.7144185887616348e-08 6982651643.4010935 376575920097049.06 192806871089681.62
24.21566269711692 2.806471544316818e-08 7233579507.175295 390108514304015.9 200125667837967.25
24.16845867626484 5.919040910333646e-08 15285912244.841997 824372568201090.4 423727500055363.6
24.12143832864565 5.224681194571704e-08 13519031175.347925 729084288271561.5 375478408459840.25
24.07460058431818 4.483579553304116e-08 11623977595.780405 626883637028525.9 323471956706723.44
24.027944381635393 4.06827291931488e-08 10567747711.831345 569920929923122.9 294649120770248.3
23.981468667164144 2.934747562265175e-08 7638075534.113707 411923072912834.0 213376151768840.47
23.93517239560591 2.3038429032996594e-08 6007659039.708711 323994357164540.9 168153071368392.12
23.889054529718422 5.350227369893692e-08 13978554106.295593 753866459768094.1 392010559079416.2
23.843114040238195 3.125596495210634e-08 8181989354.215361 441256463395208.9 229894617428896.28
23.797349905803955 3.696537198043158e-08 9695170686.19449 522862661364748.25 272934309232403.72
23.75176111288096 6.946755625470068e-08 18254720157.511856 984481023899520.2 514883575499437.6
23.706346655686158 5.36439724099665e-08 14123595620.183716 761688580122086.9 399124815983980.7
23.66110553611424 1.0315950616534491e-07 27212171331.05862 1467558311678948.0 770468113631436.6
23.616036763664496 7.761301664340698e-08 20512402153.995335 1106238304447200.6 581881348139253.1
23.571139355368558 1.1852792818534816e-07 31385502949.833256 1692626992528203.0 892014425062355.5
23.526412335718902 9.787290255039385e-08 25965443117.76879 1400321988286780.2 739370009815424.4
23.481854736598223 1.0168563056021851e-07 27028140249.60396 1457633475475678.8 771088108526608.4
23.437465597209567 7.95077258450074e-08 21173256502.64405 1141878323039236.8 605195511210773.9
23.393243964007283 5.935995789090938e-08 15837699882.33153 854130595365766.2 453543346139190.25
23.349188890628735 4.0442248132993416e-08 10810666396.35555 583021587353157.8 310167484471898.2
23.305299437826804 2.405052300562501e-08 6441081769.409191 347368939137591.1 185147644560337.28
23.261574673403114 1.5295531955234765e-08 4104067073.6600304 221333228883627.16 118191944223848.97
23.218013672142057 1.2476968180425028e-08 3354076623.3401136 180886080963806.5 96774053315635.7
23.17461551574553 1.3911880017104638e-08 3746815090.3199677 202066551809750.97 108307671770030.23
23.131379292768393 1.6030529643174992e-08 4325490041.104335 233274617621637.3 125268469662821.47
23.088304098554673 1.8402944071127962e-08 4974898759.5470705 268297370890122.44 144343985538883.72
23.04538903517446 1.9832702712868034e-08 5371391812.628116 289680327380181.2 156137696457918.88
23.00263321136152 2.326350578918599e-08 6312284774.05305 340422889197120.4 183828360166446.3
22.96003574245159 2.2783704256560713e-08 6193565711.851091 334020344381067.4 180705006310148.9
22.917595750321365 2.5088167865318893e-08 6832645162.143246 368486037974176.9 199719432582007.9
22.875312363328153 2.3490913000018777e-08 6409465853.881154 345663885944663.7 187695490067942.7
22.833184716250198 2.645964216383368e-08 7232799918.9720335 390066470942849.9 212196160192897.34
22.791211950227677 2.1615093457124873e-08 5919413417.209575 319235251571960.75 173983212106718.2
22.749393212704323 2.4005723436877503e-08 6586185461.315861 355194412765632.2 193936149370045.8
22.707727657369702 2.72464713274953e-08 7489029873.729792 403885008068429.56 220925099413418.62
22.666214444102113 1.9141450708941795e-08 5270900656.767914 284260817513118.8 155774927997190.22
22.624852738912146 2.0463493757335375e-08 5645247629.247108 304449431065123.8 167142737654754.25
22.583641713886806 3.8468825353878354e-08 10631729660.260727 573371490301882.0 315354319666044.44
22.542580547134285 4.461595587665213e-08 12353088326.417212 666204737129755.0 367078810158503.1
22.501668422729324 4.568600365919169e-08 12672357732.85197 683423005579482.1 377249499079857.44
22.46090453065916 5.683826108452216e-08 15794377562.791502 851794213261277.0 471042199933483.44
22.420288066770084 3.362507345931924e-08 9360758228.0532 504827724846687.4 279674559565057.53
22.37981823271454 2.1355908927608313e-08 5955942277.351537 321205260935245.5 178268919819065.22
22.33949423589884 3.233066300266637e-08 9032963369.728811 487149676924413.56 270855220369961.56
22.299315289431394 3.289531373709831e-08 9207282736.049175 496550758220637.5 276578772328891.47
22.259280612071553 3.116360053870014e-08 8738270393.914368 471256820717225.1 262961305960198.97
22.21938942817895 5.0017678257055304e-08 14050131298.634731 757726633300959.2 423569188015238.8
22.179640967663424 2.8390569558234686e-08 7989297038.4898615 430864524946076.0 241284133969803.12
22.140034465935454 5.2327373660696114e-08 14751616724.253159 795557894700999.8 446307978927264.44
22.100569163857138 4.458440441071995e-08 12591239531.721743 679048283369746.6 381625135253801.2
22.06124430769369 6.905148243250891e-08 19535834950.71498 1053571823016834.2 593160936358504.6
22.022059149065463 6.864473254777627e-08 19455315022.851864 1049229365814367.8 591765362319282.9
21.98301294490045 7.870778983831292e-08 22347012736.931942 1205179251750799.5 680926277239189.0
21.944104957387353 8.257241712707029e-08 23485840160.69022 1266596462122279.5 716893597561223.6
21.905334453929072 7.082112002984852e-08 20179103934.521957 1088263459062566.6 617045381288444.4
21.866700707096744 5.888612736191809e-08 16808103282.363443 906464661547869.1 514871927759182.75
21.82820299458425 4.2643600477914755e-08 12193401007.35463 657592765320929.0 374170283467587.44
21.789840599163185 3.4081027794400356e-08 9762197846.776308 526477450696455.0 300092146896988.9
21.75161280863834 1.7123770435642413e-08 4913567288.749139 264989751345839.0 151309148018481.88
21.713518915803597 1.1564398657836195e-08 3324159225.539023 179272629200893.2 102543943902904.17
21.675558218398344 8.564727129226152e-09 2466222269.2696614 133003902764035.98 76211236283790.69
21.637730019064314 8.37296523994013e-09 2415219272.0327787 130253300042742.08 74765394224533.53
21.600033625302878 1.002093089508466e-08 2895626982.1915097 156161792219307.75 89793030526106.22
21.562468349432788 1.134845758291387e-08 3284939221.98013 177157485888487.34 102042711871764.72
21.525033508548354 1.410261108885377e-08 4089259469.729716 220534651586740.16 127248493965555.9
21.48772842447808 1.6394713198412978e-08 4762141460.766347 256823323545740.03 148443881009438.84
