string
integrated and resized binned spectra ROIsize spatial in px50:1600
converted file:an 18 2019_11.53.02_16 binning:0.1
nm muJ
28.1 0.00021617484076472663
28.200000000000003 0.0017737472966625957
28.300000000000004 0.0018823150110565704
28.400000000000006 0.0018736085873403122
28.500000000000007 0.0017796314191895857
28.60000000000001 0.0017932901484281874
28.70000000000001 0.0018053387453567113
28.80000000000001 0.0018099930846255344
28.900000000000013 0.0018255350573665456
29.000000000000014 0.0018431475702028314
29.100000000000016 0.001855610197541655
29.200000000000017 0.0018788007220552803
29.30000000000002 0.0020953704664351184
29.40000000000002 0.0020896722184607025
29.50000000000002 0.0019215306385400172
29.600000000000023 0.0018972995106405473
29.700000000000024 0.0019251968678691016
29.800000000000026 0.0019399475852901475
29.900000000000027 0.0019571182145886067
30.00000000000003 0.0019745411556492828
30.10000000000003 0.0020634609646612225
30.20000000000003 0.0020514120369093296
30.300000000000033 0.0020972047252229295
30.400000000000034 0.002434064055041051
30.500000000000036 0.0023004666950607808
30.600000000000037 0.002159249862402869
30.70000000000004 0.002090119620620291
30.80000000000004 0.0021011865547095085
30.90000000000004 0.0021733658834318338
31.000000000000043 0.0021709873858552437
31.100000000000044 0.002161694883111486
31.200000000000045 0.0021638707637063087
31.300000000000047 0.0022137830477045816
31.40000000000005 0.0022101577498756133
31.50000000000005 0.0023837284760135358
31.60000000000005 0.002902652470124127
31.700000000000053 0.002369217968545196
31.800000000000054 0.002125044175280615
31.900000000000055 0.0021353509694163465
32.00000000000006 0.00208170934593012
32.10000000000006 0.002110731969422057
32.20000000000006 0.0021014968256094827
32.30000000000006 0.002082811473214212
32.40000000000006 0.0021544235989905715
32.500000000000064 0.002078856648214318
32.600000000000065 0.002149737828306561
32.70000000000007 0.0022104537046982106
32.80000000000007 0.0028015733718410314
32.90000000000007 0.002877494566165862
33.00000000000007 0.0022083131744344885
33.10000000000007 0.002030103597736206
33.200000000000074 0.0020285825393412584
33.300000000000075 0.001985520916064247
33.40000000000008 0.002001525330211824
33.50000000000008 0.0019735402316666296
33.60000000000008 0.002014308720876838
33.70000000000008 0.0020339472605213496
33.80000000000008 0.0019736978271349807
33.900000000000084 0.002062093097314288
34.000000000000085 0.002012331051840095
34.10000000000009 0.002496817838183929
34.20000000000009 0.0031778256160299267
34.30000000000009 0.0027678032259842483
34.40000000000009 0.0021164390051782965
34.50000000000009 0.0020617240811651176
34.600000000000094 0.0020361481480369865
34.700000000000095 0.0020758228227272953
34.8000000000001 0.0020081537849767936
34.9000000000001 0.002056199283305212
35.0000000000001 0.0020714238413893703
35.1000000000001 0.002123123719699661
35.2000000000001 0.0020712567883969172
35.300000000000104 0.0022041948111137747
35.400000000000105 0.0021247104138062637
35.50000000000011 0.002247308056785178
35.60000000000011 0.0029757107119884455
35.70000000000011 0.0038093307271048287
35.80000000000011 0.003181522388174235
35.90000000000011 0.0020940034308854247
36.000000000000114 0.002240322102547663
36.100000000000115 0.002254443357918376
36.20000000000012 0.002209662932803399
36.30000000000012 0.00228561123739617
36.40000000000012 0.002291360322008192
36.50000000000012 0.002091832723388692
36.60000000000012 0.0024405338623206454
36.700000000000124 0.0026851358267152912
36.800000000000125 0.002869516592509803
36.90000000000013 0.00277294888361315
37.00000000000013 0.0024437952517147254
37.10000000000013 0.0025373685468322834
37.20000000000013 0.00320807083873017
37.30000000000013 0.005111770260417794
37.400000000000134 0.005656990533912667
37.500000000000135 0.004364113110777155
37.600000000000136 0.0032462204520412163
37.70000000000014 0.004325171716666717
37.80000000000014 0.0031624483313673368
37.90000000000014 0.003019805325037298
38.00000000000014 0.00325918767727808
38.10000000000014 0.0031853044353863462
38.200000000000145 0.003609066285081262
38.300000000000146 0.0043764809959537234
38.40000000000015 0.00608827551982915
38.50000000000015 0.005323030332261619
38.60000000000015 0.004004159494053925
38.70000000000015 0.0037037387573029684
38.80000000000015 0.003424425824663503
38.900000000000155 0.0034416093722765564
39.000000000000156 0.005071102131636307
39.10000000000016 0.008006314297058684
39.20000000000016 0.009966330732950465
39.30000000000016 0.010394373635406975
39.40000000000016 0.005976422865184962
39.50000000000016 0.01152328801234729
39.600000000000165 0.004285884482235
39.700000000000166 0.005081554927303516
39.80000000000017 0.0048497561980957735
39.90000000000017 0.004525901649835746
40.00000000000017 0.00621724683533771
40.10000000000017 0.008538982166259628
40.20000000000017 0.010989278773137821
40.300000000000175 0.009724818616647805
40.400000000000176 0.007938994093593926
40.50000000000018 0.006596195496617089
40.60000000000018 0.004421828196401986
40.70000000000018 0.005572221421085912
40.80000000000018 0.005402157124759918
40.90000000000018 0.00593844275076099
41.000000000000185 0.009803068721119024
41.100000000000186 0.013768336960149946
41.20000000000019 0.023223839810066618
41.30000000000019 0.011430930879057041
41.40000000000019 0.019712788919966664
41.50000000000019 0.012144349635775377
41.60000000000019 0.008442142514175037
41.700000000000195 0.008630893089070614
41.800000000000196 0.007042513136463087
41.9000000000002 0.005220073326921512
42.0000000000002 0.011107502761378897
42.1000000000002 0.012347290256986677
42.2000000000002 0.014431690639849499
42.3000000000002 0.015704715904926485
42.400000000000205 0.011081463669649707
42.500000000000206 0.008876410521107273
42.60000000000021 0.006911278563103521
42.70000000000021 0.0054409100214078115
42.80000000000021 0.006698768468176956
42.90000000000021 0.006307048407337852
43.00000000000021 0.007596198453607745
43.100000000000215 0.010077134217751622
43.200000000000216 0.01666142040796799
43.30000000000022 0.024306130976147623
43.40000000000022 0.028459494698017024
43.50000000000022 0.02272063687917856
43.60000000000022 0.02670714906994728
43.70000000000022 0.011712264001838458
43.800000000000225 0.01681888669927276
43.900000000000226 0.01450981855301106
44.00000000000023 0.009290299132520266
44.10000000000023 0.007016033079706517
44.20000000000023 0.014056617769785057
44.30000000000023 0.019407465079202733
44.40000000000023 0.021115433770277095
44.500000000000234 0.0191322917897369
44.600000000000236 0.01507475573355232
44.70000000000024 0.012606118724748733
44.80000000000024 0.009712133896419079
44.90000000000024 0.007027568573076962
45.00000000000024 0.005829183294460093
45.10000000000024 0.006756772174054324
45.200000000000244 0.007216480027273078
45.300000000000246 0.008201442469386583
45.40000000000025 0.008116712621198426
45.50000000000025 0.014300232286985712
45.60000000000025 0.022651492096293507
45.70000000000025 0.04526883199773129
45.80000000000025 0.03359372061797444
45.900000000000254 0.039095766550588856
46.000000000000256 0.03255885739866485
46.10000000000026 0.011744961126581518
46.20000000000026 0.027054278527262086
46.30000000000026 0.02272503180551554
46.40000000000026 0.014075170906623559
46.50000000000026 0.008848697368177165
46.600000000000264 0.012118130147270739
46.700000000000266 0.023690454199508073
46.80000000000027 0.024736798142945153
46.90000000000027 0.02739820119393193
47.00000000000027 0.024271355821016742
47.10000000000027 0.01839761881580802
47.20000000000027 0.010937817769475888
47.300000000000274 0.012191168751904331
47.400000000000276 0.006992650653881706
47.50000000000028 0.007623806568995869
47.60000000000028 0.006244098155198913
47.70000000000028 0.006309514027574213
47.80000000000028 0.007504661348394042
47.90000000000028 0.00848592672278819
48.000000000000284 0.007857897463816049
48.100000000000286 0.010917239492500537
48.20000000000029 0.019402573803130378
48.30000000000029 0.04648918785529994
48.40000000000029 0.06463706744143641
48.50000000000029 0.0571544808356052
48.60000000000029 0.06837298499739566
48.700000000000294 0.02423574638802242
48.800000000000296 0.01552692949116627
48.9000000000003 0.03756968929662672
49.0000000000003 0.03630010923725787
49.1000000000003 0.013477218181018605
49.2000000000003 0.0110415976160569
49.3000000000003 0.009655326590875195
49.400000000000304 0.023625556268481587
49.500000000000306 0.03114753677850485
49.60000000000031 0.033338235426965776
49.70000000000031 0.02634152860464184
49.80000000000031 0.030222962536944436
49.90000000000031 0.018015375868052557
50.00000000000031 0.014267151509268678
50.100000000000314 0.01096305306513065
50.200000000000315 0.011045091829457612
50.30000000000032 0.007626874155485838
50.40000000000032 0.008618526819977455
50.50000000000032 0.006774725408079756
50.60000000000032 0.00697688861388333
50.70000000000032 0.00820305005752488
50.800000000000324 0.008441175591710641
50.900000000000325 0.009046054357253454
51.00000000000033 0.009569649214353753
51.10000000000033 0.011761950515747174
51.20000000000033 0.02244763050879447
51.30000000000033 0.052118268556681065
51.40000000000033 0.07183350040851802
51.500000000000334 0.08086857370648674
51.600000000000335 0.09265719926254172
51.70000000000034 0.040579064238739394
51.80000000000034 0.019684213859953968
51.90000000000034 0.03279272472418475
52.00000000000034 0.04236540891650537
52.10000000000034 0.02345840135208063
52.200000000000344 0.011145333513385541
52.300000000000345 0.00904253577003422
52.40000000000035 0.011708005863762425
52.50000000000035 0.020803764294088346
52.60000000000035 0.02951075938580671
52.70000000000035 0.028036033254600707
52.80000000000035 0.026075658995390556
52.900000000000354 0.019763980263579794
53.000000000000355 0.021951653276752716
53.10000000000036 0.013118070713499429
53.20000000000036 0.011269287368751593
53.30000000000036 0.00897197627999638
53.40000000000036 0.010362675421845146
53.50000000000036 0.00930168124895107
53.600000000000364 0.008372683429651055
53.700000000000365 0.008629951244160083
53.80000000000037 0.0069134301109471715
53.90000000000037 0.008169052999590663
54.00000000000037 0.008227400564610604
54.10000000000037 0.008592981512092372
54.20000000000037 0.00787505362030665
54.300000000000374 0.009550341324377562
54.400000000000375 0.009807250083979313
54.50000000000038 0.012700799025044899
54.60000000000038 0.02142647008528618
54.70000000000038 0.053579961964033744
54.80000000000038 0.07875772605871957
54.90000000000038 0.10175928558515712
55.000000000000384 0.12105343704116116
55.100000000000385 0.06103250184838943
55.20000000000039 0.02636782698943626
55.30000000000039 0.0265073430369845
55.40000000000039 0.04578329338035848
55.50000000000039 0.033344479087037415
55.60000000000039 0.02104487475506924
55.700000000000394 0.011579897483079648
55.800000000000395 0.008927535154963947
55.9000000000004 0.009507194380485052
56.0000000000004 0.016157860951276894
56.1000000000004 0.02126959986886172
56.2000000000004 0.021990714778111643
56.3000000000004 0.01929529405528675
56.400000000000404 0.0144507546995883
56.500000000000405 0.01250237499728122
56.600000000000406 0.01007156943353076
56.70000000000041 0.007842362253895164
56.80000000000041 0.004581130330594794
56.90000000000041 0.004539682694493922
57.00000000000041 0.004232464327013048
57.10000000000041 0.004777084167464268
57.200000000000415 0.005264685418594581
57.300000000000416 0.003925594476739667
57.40000000000042 0.0058416125562615814
57.50000000000042 0.004838013290393287
57.60000000000042 0.007501999036571761
57.70000000000042 0.0056221425526272574
57.80000000000042 0.007106217927497264
