string
20190118an 18 2019_12.28.   full spectra  index number  Nphoton via eV
eV x-axis E [J] Nphoton Nphoton/sr Nphoton/sr @ 0.1bw
43.81066890785845 2.489315016540764e-09 354641005.5600007 19125866474967.254 5431746078890.815
43.65640598916881 2.492008911932582e-09 356279296.735653 19214219873985.973 5476052664085.719
43.50322561727698 2.4985741540813406e-09 358475730.5100914 19332674024612.7 5529144771039.231
43.35111643679699 2.5154268300666484e-09 362159913.0613068 19531362789981.73 5605501120724.709
43.20006725060606 2.540183017106108e-09 367002954.1689046 19792549049056.395 5700254126128.036
43.05006701709701 2.546307560540004e-09 369169660.82303053 19909400009626.504 5753816602782.001
42.90110484748767 2.5659762775340483e-09 373313018.2349289 20132852174987.08 5838527130746.303
42.75317000318599 2.5848419751868954e-09 377358946.41091514 20351049960488.59 5922155538501.982
42.606251893209404 2.598019790071817e-09 380590636.33141786 20525335699980.086 5993398024394.052
42.46034007165731 2.6070432903967933e-09 383224926.3559999 20667403533300.53 6055549235256.84
42.31542423523527 2.683293065180308e-09 395784137.08487254 21344724496374.43 6275349001934.081
42.17149422082971 2.6513674522793823e-09 392409855.4996892 21162748757428.926 6243010883441.531
42.02854000313198 2.663663574356622e-09 395570633.62438804 21333210208367.258 6314630221676.811
41.88655169231059 2.6842329785131623e-09 399976590.54052633 21570824422040.76 6406534853345.936
41.745519531730416 2.7129337479216194e-09 405619002.41251826 21875120920101.05 6518786034189.945
41.605433895717894 2.722846552016131e-09 408471806.7597848 22028973278315.715 6586663010216.226
41.46628528737101 2.7472318095388644e-09 413512983.38891894 22300845029111.414 6690253508733.522
41.32806433641311 2.775865362334286e-09 419220303.1329569 22608642022812.266 6805201248866.338
41.19076179708947 2.8523536467287847e-09 432207721.0845773 23309056294436.19 7039335000919.522
41.05436854610573 2.8225645891315842e-09 429114793.55187577 23142254040664.688 7012102974321.392
40.91887558060703 2.8418980194661775e-09 433484699.58702147 23377924022494.27 7106888902838.273
40.78427401619714 2.859383863371861e-09 437591321.9920929 23599395060956.055 7197815493591.548
40.65055508499649 2.8541463505083118e-09 438226597.63070655 23633655614158.973 7231898617932.721
40.51771013373833 2.9116952412786236e-09 448528453.0753362 24189236916347.297 7426095733318.0205
40.38573062190204 2.93762637907842e-09 454001816.0541681 24484416570873.9 7541200303828.895
40.254608119882874 2.954276873491617e-09 458062318.00801784 24703400323381.71 7633350699925.198
40.124334307197174 3.0174775903166683e-09 469380656.5305003 25313800778787.742 7847278241424.0205
39.99490097072234 3.0192901458251e-09 471182550.46968323 25410977310386.074 7902813943529.757
39.86630000297082 3.0007222022999284e-09 469795482.0050852 25336172406752.188 7904885790906.612
39.73852340039719 2.994419611923875e-09 470316166.99769115 25364253061521.3 7939011208256.337
39.61156326173778 3.0487949642565895e-09 480391385.81002045 25907611800893.266 8134990105480.385
39.485411786381924 2.9795281626372077e-09 470977107.38612413 25399897720257.594 8000967781880.958
39.36006127277436 2.940618564946982e-09 466306966.4937766 25148036007353.64 7946779378323.628
39.235504116847856 2.996457896724538e-09 476670107.42893285 25706922449360.223 8149094416447.367
39.11173281048556 2.9357128363102585e-09 468484783.23921645 25265486137561.953 8034424591744.643
38.98873994001234 2.8825701247318127e-09 461455319.18177485 24886385613805.79 7938757010803.638
38.86651818471449 2.9694651129843754e-09 476860736.9100801 25717203138692.402 8229505004381.267
38.74506031538725 2.8672189767401974e-09 461884614.3908778 24909537597696.316 7995961568860.655
38.62435919290941 2.9120074676696993e-09 470565596.1483761 25377704829805.773 8171620955197.423
38.50440776684447 2.8812697861772808e-09 467049005.90396184 25188054353951.65 8135741556326.275
38.38519907406786 2.854885388481823e-09 464209319.7908471 25034909464954.703 8111310666645.277
38.266726237419505 2.926230640171106e-09 477283278.09678835 25739990876687.887 8365497034923.565
38.14898246438129 2.8554812599713783e-09 467181170.5791039 25195182023594.594 8213629339691.715
38.03196104577889 2.8975324717196163e-09 475519758.24936336 25644883868194.76 8385877024899.387
37.91565535450739 2.8348526704039136e-09 466660348.5259976 25167093977122.92 8254806824496.328
37.80005884428024 2.847936661180597e-09 470247857.12597907 25360569095299.67 8343627232353.781
37.68516504840097 2.775647026471691e-09 459708771.1695759 24792193900073.508 8181423987023.804
37.57096757855732 2.8393460950834346e-09 471688109.05411744 25438242194676.3 8420058166438.008
37.45746012363721 2.7133089156841936e-09 452116014.8430922 24382714901873.676 8095061347421.456
37.34463644856601 2.783328870183373e-09 465184529.70283484 25087502747370.79 8354138414874.555
37.23249039316491 2.6988036125866984e-09 452416224.91769135 24398905296416.902 8149234369003.184
37.121015871029684 2.7080884562109045e-09 455335978.90114826 24556368263056.0 8226383368123.486
37.01020686842959 2.649899702315564e-09 446886153.6170167 24100667349773.54 8097824229523.961
36.90005744322593 2.721800300033166e-09 460381846.25578856 24828492985697.3 8367202136179.846
36.79056172380983 2.6901581534208418e-09 456383956.31534374 24612885912674.758 8319155438484.352
36.68171390805892 2.690609992894829e-09 457815093.17544675 24690067434452.004 8369932860279.168
36.57350826231243 2.7322324198336087e-09 466272705.5354477 25146188306427.832 8549704024184.979
36.465939120364446 2.6279882542533127e-09 449805738.85075146 24258121215703.46 8272019334555.073
36.35900088247482 2.732511800396451e-09 469071536.29722023 25297129857451.137 8651618411248.438
36.25268801439741 2.6648795163312244e-09 458803096.05113316 24743350644179.61 8486969270953.024
36.146995046425396 2.684716571437134e-09 463569888.97980195 25000424822399.85 8600146138905.239
36.041916572453225 2.758871318519451e-09 477763031.82777977 25765864099625.883 8889223114370.594
35.937447249054806 2.5723325222621123e-09 446754420.9924717 24093562980713.152 8336372791326.665
35.83358179457777 2.7040096300860978e-09 470984904.68893534 25400318230492.152 8813910425981.145
35.73031498825334 2.6897500488136887e-09 469855217.76647836 25339393969341.61 8818109101330.756
35.62764166932158 2.544284784810978e-09 445725642.79694885 24038080749128.406 8389290181445.873
35.52555673617166 2.6079965200342315e-09 458200005.15909725 24710825821351.707 8648789037472.843
35.42405514549688 2.5959119785775563e-09 457383677.4966593 24666801093170.723 8658047183702.832
35.323131911464124 2.597266795263532e-09 458929880.37609726 24750188150368.59 8712066228929.528
35.22278210489746 2.5223544665935734e-09 446962859.3323071 24104804105663.33 8508995849299.121
35.123000852475656 2.6979540978378854e-09 479437408.33489287 25856163588409.758 9153081910297.459
35.02378333594324 2.7758480849562377e-09 494676878.7389701 26678031538049.0 9470701196007.352
34.92512479133495 2.5757966963991533e-09 460322910.12927276 24825314547590.535 8837811978942.172
34.827020508213224 2.7184593408334276e-09 487186779.9259619 26274088881853.06 9379849730820.652
34.7294658289185 2.6194469891567085e-09 470761009.2064213 25388243498479.285 9088991172455.79
34.63245614783214 2.578345404493883e-09 464672293.91571516 25059877760089.13 8996496115871.855
34.535986910651545 2.731579470799635e-09 493663415.8190987 26623375262607.35 9584415094538.69
34.44005361367751 2.4592377339648896e-09 445682590.64631736 24035758937291.848 8676908976362.238
34.34465180311331 2.5826552508799167e-09 469349430.0299114 25312116726827.082 9162986255111.117
34.24977707437542 2.6258217451790306e-09 478516002.8033201 25806471987918.355 9367749331614.594
34.15542507141571 2.4544999517055932e-09 448530838.5575149 24189365565919.434 8804929065994.637
34.06159148605468 2.3925311381893326e-09 438411197.113984 23643611104396.027 8629918053104.423
33.96827205732576 2.38933205886781e-09 439027808.66379756 23676865099235.215 8665732626320.041
33.87546257083034 2.4269227413805296e-09 447156647.93224066 24115255166957.97 8850298646273.498
33.78315885810328 2.4166638712817365e-09 446483042.51119435 24078927480261.383 8861045312736.207
33.69135679598887 2.4299469434769924e-09 450160376.1329464 24277246881376.54 8958304099226.744
33.600052306026825 2.447702448262116e-09 454681876.43528485 24521092374969.41 9072804178738.668
33.509241353848374 2.8612224929291424e-09 532937168.01995873 28741417250951.297 10663065800103.043
33.41891994858194 2.7322511047412776e-09 510290137.93625927 27520057998511.098 10237461575446.576
33.32908414226855 2.7879036175821943e-09 522087566.3688395 28156295876850.117 10502298362064.512
33.23973002928659 3.005663283928028e-09 564380257.3037752 30437149886981.74 11383494057731.102
33.150853745785824 2.7092979527446857e-09 510094952.6588161 27509531614094.938 10316074355285.521
33.062451469130394 2.9949105745739835e-09 565376538.0542477 30490879524294.914 11464570701134.75
32.97451941735079 2.9956482420120243e-09 567023836.3710538 30579718680392.84 11528553942508.035
32.8870538486045 2.5745862183726847e-09 488620232.020418 26351395264721.95 9960827410064.896
32.80005106064523 2.852645461435385e-09 542828016.1707379 29274832840491.668 11095161646546.361
32.71350739030052 3.059375585956327e-09 583706677.8540556 31479427945888.24 11962182619437.781
32.627419212957626 2.553730941854614e-09 488518922.36869067 26345931613194.957 10037799944627.07
32.54178294205747 2.399646733050901e-09 460251213.3709858 24821447925840.13 9481793107669.959
32.45659502859658 2.7024678983315108e-09 519692634.81196016 28027136697693.07 10734393355217.0
32.3718519606368 2.781614284991993e-09 536313016.03901196 28923477468015.707 11106615347717.555
32.28755026282264 2.6110325032571575e-09 504738180.39532036 27220639722175.54 10479946293037.535
32.20368649590622 2.67125634215768e-09 517724778.5497046 27921009781956.418 10777509775835.7
32.12025725627952 2.7934951313908462e-09 542822547.2623605 29274537901074.766 11329246167715.363
32.03725917551394 2.6813656625717537e-09 522383756.0902439 28172269452872.137 10930840547714.266
31.954688919906943 3.8176453342047415e-09 745675647.5759265 40214449670454.18 15643420921806.81
31.872543190035717 3.704916110441837e-09 725522082.2965904 39127563516614.016 15259749771479.537
31.790818720317677 4.0789353912511544e-09 800818483.7411346 43188314804525.18 16886631088569.154
31.709512278577733 4.579739258378971e-09 901446932.7074255 48615228918625.6 19057169736100.707
31.628620665622176 4.164838135659014e-09 821877042.9015287 44324007474979.086 17419334937666.85
31.548140714819066 4.38317622104368e-09 867169784.4555855 46766654866755.47 18426062017500.195
31.468069291685 5.503865839327651e-09 1091658287.5721793 58873368609554.266 23254980600774.434
31.388403293478206 3.9106794244043135e-09 777628138.6218537 41937654454181.87 16607311163855.717
31.309139648797704 3.794671404028517e-09 756470533.3304645 40796620204365.8 16196258221133.396
31.230275317188642 5.501655645350512e-09 1099528690.0834913 59297821126820.016 23600532808473.5
31.151807288753492 4.3663927941141164e-09 874839792.4990423 47180300066834.45 18824939726667.574
31.07373258376915 3.3629915389765113e-09 675493735.2291477 36429523890698.99 14571809556279.553
30.996048252309727 3.877264509029465e-09 780742959.1062177 42105637399592.73 16884360597235.984
30.918751373875036 4.558834345862127e-09 920281812.9887612 49630998104041.68 19951661237824.664
30.8418390570246 4.603649928482345e-09 931646163.3658035 50243879988760.12 20248283635470.93
30.765308439017097 4.007913045959862e-09 813103802.4840189 43850864713292.19 17715749344170.074
30.689156685455174 3.860490013044026e-09 785138824.8747154 42342707395481.69 17148796495169.365
30.61338098993553 4.269264920240103e-09 870423851.8587333 46942147428747.484 19058511856070.203
30.537978573704155 4.167841293813425e-09 851843594.4459152 45940110109946.92 18697624814748.688
30.462946685316677 4.152200476807603e-09 850737111.6690528 45880437253409.35 18719218399390.445
30.388282600303643 6.549886112941522e-09 1345292022.969275 72551891060989.47 29673723443944.453
30.313983620840798 7.1144559868646935e-09 1464831465.1554976 78998679147819.84 32389458450607.28
30.240047075424116 8.088901566000975e-09 1669537054.5644896 90038496056565.48 37005821879247.78
30.166470318549603 1.0587486041064925e-08 2190570969.2748675 118137968270570.86 48672842927475.664
30.093250730397784 8.273412917056827e-09 1715949771.74231 92541543977044.12 38219657662518.82
30.02038571652273 8.462316803924752e-09 1759389463.8944106 94884256012001.39 39282081988968.72
29.94787270754562 1.3211539351705315e-08 2753445083.3595357 148493891526539.28 61624964983513.72
29.87570915885274 6.885132142906576e-09 1438411119.932111 77573824190150.45 32270710863101.754
29.803892550297803 6.3348381580453165e-09 1326635180.1769855 71545723476035.97 29834566689507.285
29.7324203859086 1.0782919140314725e-08 2263575885.876123 122075139283062.53 51027408220320.16
29.661290193597814 9.302002858367165e-09 1957381167.897753 105561991622240.89 44230474489715.73
29.590499524878005 6.436757614578283e-09 1357700048.882699 73221058594121.6 30752844609529.715
29.520045954580674 5.703208027316605e-09 1205844088.3616922 65031433652791.19 27378233567825.996
29.449927080579297 8.149883090596776e-09 1727253693.0491846 93151166908880.31 39309792435546.125
29.38014052351631 8.221093407643858e-09 1746484311.8343248 94188278357780.05 39841641745342.15
29.310683926534004 7.281390325304867e-09 1550519866.0427308 83619873223318.3 35454826246685.44
29.241554955009157 6.543680381573432e-09 1396723982.8535235 75325627831047.16 32013391828196.188
29.17275129629149 6.3228810751460995e-09 1352778208.3255606 72955622663614.17 31079095254699.137
29.104270659445735 6.469945099271534e-09 1387499546.3594387 74828151966929.03 31951620889877.88
29.036110774997383 6.7792647053216e-09 1457246839.5009623 78589638638524.58 33636365337288.582
28.96826939468197 6.33776604977608e-09 1365534345.8984592 73643563934168.38 31593088927757.73
28.90074429119786 6.2560114526872784e-09 1351068854.439155 72863436837166.28 31331277839982.4
28.833533257962518 1.0290289477340708e-08 2227505078.8333573 120129832822928.66 51775957946677.08
28.76663410887211 1.2164832234535637e-08 2639405086.6186347 142343689727319.66 61492473962201.51
28.700044678064536 1.3574884886566164e-08 2952178122.714217 159211607513330.25 68938626053273.555
28.633762819685636 2.1043969480299395e-08 4587100072.680238 247383303458831.5 107364353701129.86
28.56778640765871 1.642446143656921e-08 3588422098.7056956 193524383361402.62 84183106762212.25
28.502113335457196 1.5878928219417767e-08 3477227436.2618318 187527631058965.94 81762047141709.88
28.43674151588046 2.4281972258287298e-08 5329581441.8633 287425485001607.3 125604936945697.47
28.371668880832676 1.2821497724477642e-08 2820608769.3836975 152116043705011.5 66626827142794.22
28.306893381104747 9.752666208278843e-09 2150404331.5330687 115971772771026.31 50911608246480.3
28.242412986159177 1.6179022901036717e-08 3575522087.518118 192828682955552.47 84844620500445.69
28.17822568391791 1.9608817807180846e-08 4343369157.319572 234238842243330.72 103299329429306.89
28.114329480553014 1.3162364465069451e-08 2922100556.0725546 157589517810048.5 69654566872039.69
28.050722400280268 7.883194073493829e-09 1754070897.2693024 94597424558460.33 41906659079400.04
27.987402485155485 1.1422033686030106e-08 2547239719.340494 137373191447250.34 60993697002572.52
27.924367794873596 1.3129602889992603e-08 2934656105.3723507 158266641311456.84 70428655383596.98
27.86161640657051 1.410279114173254e-08 3159277251.7808976 170380508535807.2 75989706806970.28
27.799146414627526 1.053011527882326e-08 2364234985.222153 127503706378801.05 56994156751326.15
27.736955930478473 1.0919452421511527e-08 2457146431.630377 132514440868440.06 59366469509059.81
27.675043082419368 1.0872943829015608e-08 2452154408.8186564 132245219993696.06 59378103777170.04
27.61340601542066 1.047894229461918e-08 2368571203.977542 127737559598314.83 57481901819240.7
27.552042890941948 9.78561756294543e-09 2216784151.3924055 119551650876936.05 53917794545498.77
27.490951886749173 1.0189683123738688e-08 2313448711.372927 124764791596886.23 56393685801792.44
27.43013119673424 9.852309091407933e-09 2241811632.3608336 120901388362738.3 54768328928318.16
27.369579030737032 1.0788553217677127e-08 2460277333.18478 132683291069451.73 60238214145532.234
27.30929361436977 1.0903049053147578e-08 2491876268.429474 134387428512009.55 61146279972964.77
27.249273188843684 1.7575262370715528e-08 4025648659.5661707 217104106775286.8 98999472689523.14
27.18951601079797 1.8644496251285073e-08 4279944641.389757 230818344320374.53 105483983354411.23
27.130020352131016 2.4896318218078296e-08 5727617161.405116 308891637829036.94 141472370125694.44
27.070784499833785 3.520694793467247e-08 8117391852.297721 437772706083100.25 200937672092143.56
27.011806755825432 2.9428709623057278e-08 6799963170.649416 366723491072811.1 168692805893499.44
26.95308543679103 3.117935206920575e-08 7220172488.093333 389385470852275.06 179506702062894.28
26.89461887402142 3.260565509176841e-08 7566874147.149532 408083166645483.6 188534422990217.88
26.83640541325514 1.880063136883124e-08 4372572961.302825 235813809736621.06 109181793908055.2
26.778443414522407 1.3730549220777635e-08 3200306367.135868 172593217640401.78 80083252985145.34
26.720731251991108 2.6285393691249053e-08 6139812686.140689 331121432026757.9 153971465892439.03
26.66326731381478 2.833859037959701e-08 6633669826.451165 357755254893271.5 166713948780260.62
26.60605000198256 2.0639920403852163e-08 4841908633.226048 261125184485765.56 121945461154855.88
26.549077732171035 1.206211952001778e-08 2835718805.138115 152930931215875.16 71571675809029.12
26.49234893359802 1.42709603934623e-08 3362185796.323714 181323410424515.22 85040679489088.61
26.43586204887819 1.903895801281971e-08 4495092924.047729 242421337944693.8 113938028834011.33
26.37961553388058 2.0221139902336702e-08 4784385296.985727 258022938465484.38 121528804017242.94
26.323607857587838 1.71267386269319e-08 4060862010.9489393 219003170465396.38 103369496459661.3
26.267837501957352 1.582078641069017e-08 3759176535.752692 202733207247439.47 95892807028042.22
26.212302961784083 1.6647381216876724e-08 3963964174.2514043 213777449081418.72 101330510864593.97
26.15700274456513 1.4662668831064587e-08 3498758951.963826 188688830378457.28 89627194429763.08
26.101935370366043 1.5683274305704163e-08 3750187684.94023 202248436570311.78 96270255807472.0
26.047099371688805 1.491653265856025e-08 3574353414.937174 192765656189370.16 91949218002325.28
25.992493293341447 1.3555972684803162e-08 3255155346.4812694 175551235012340.72 83913490335900.55
25.938115692309353 1.3777653583161718e-08 3315322741.998596 178796075723847.9 85643320271725.55
25.883965137628124 1.5844039561535548e-08 3820534156.861639 206042237083677.06 98900273800158.84
25.830040210258062 1.5754794782917974e-08 3806945356.5360947 205309390129978.2 98753816652516.42
25.776339502960226 1.4889101254297505e-08 3605256885.6033845 194432287076121.94 93716362370689.19
25.722861620174 2.1499672232322743e-08 5216768111.554094 281341437589540.1 135887914355749.4
25.66960517789621 2.4813131495520753e-08 6033250576.158082 325374514284970.44 157481264913925.47
25.616568803561712 2.4857588005105128e-08 6056573646.674018 326632332544789.7 158416681284215.53
25.5637511359255 3.3267222052553717e-08 8122335620.34701 438039324568023.06 212887111740065.66
25.51115082494623 6.36276411193572e-08 15566993616.694475 839531347649513.8 408851766305315.2
25.458766531671188 3.7029532968930476e-08 9078202187.763578 489589416209079.9 238919635110031.53
25.40659692812268 5.1035733411316306e-08 12537670077.889803 676159271086723.2 330641883561409.1
25.354640697185825 4.5397774567088076e-08 11175477236.872458 602695915236729.2 295320998465996.56
25.30289653249769 3.168775929077234e-08 7816462805.32897 421543537203784.9 206977876767048.9
25.251363138337815 1.6288356178214314e-08 4026070772.0754247 217126871394614.06 106826420726148.4
25.200039229520055 3.470365109474708e-08 8595337345.908934 463548410386346.1 228529366320473.6
25.148923531285735 3.9096451740884654e-08 9703019822.584671 523285966995481.4 258503267695753.84
25.09801477919811 3.258064824909899e-08 8102318762.490127 436959811075175.2 216295106482210.4
25.047311719038113 1.8374169347347146e-08 4578630204.625861 246926521634595.47 122475554730758.4
24.996813106701342 1.7611127150558643e-08 4397354560.399685 237150286759672.25 117863692519555.38
24.94651770809631 2.4813199492158352e-08 6208144416.887625 334806577110884.94 166733675401224.0
24.896424299043908 2.6407668728862018e-08 6620366940.7065 357037827375033.9 178161875860139.6
24.846531665178087 2.5930656959416457e-08 6513834509.909566 351292510238177.5 175646255119090.75
24.796838601847732 2.1232986601128616e-08 5344458944.902321 288227831972612.3 144402143818274.38
24.74734391401969 2.3081551325359063e-08 5821372309.600254 313947873339336.94 157601832416354.72
24.698046416183 2.0726815995821463e-08 5237921245.186193 282482230681799.2 142088562032942.2
24.648944932254206 1.9458584736711613e-08 4927219277.254418 265726006051798.5 133925907050102.11
24.60003829548386 1.9247699639306155e-08 4883509361.072173 263368720776189.88 133001203991972.81
24.551325348364088 1.930505179322828e-08 4907779073.338825 264677591631281.47 133926861365427.8
24.50280494253728 1.622035026399038e-08 4131743953.8092556 222825849042827.0 112972705464706.84
24.454475938705844 1.7673998061939204e-08 4510923038.387196 243275059450084.97 123583730200648.16
24.40633720654304 1.6870604756797262e-08 4314366334.384704 232674713701642.47 118431429274137.03
24.35838762460484 1.9143345695178964e-08 4905217619.402994 264539451864050.88 134915120450661.4
24.31062608024287 1.8104333033251706e-08 4648098911.729535 250672984100647.47 128093894875431.2
24.263051469518324 1.8835493608027637e-08 4845298766.406086 261308015104665.28 133789703733583.42
24.21566269711692 2.036725030093202e-08 5249585540.700572 283111288672936.7 145236091089221.7
24.16845867626484 1.9522341536217298e-08 5041641104.6503525 271896800061196.1 139754955231455.84
24.12143832864565 2.4657176710342724e-08 6380124034.92711 344081475274015.0 177201959766111.16
24.07460058431818 2.881919498341109e-08 7471567590.871189 402943263360215.8 207918723893873.97
24.027944381635393 2.8039284803002e-08 7283485982.749957 392799981373848.9 203077590370275.6
23.981468667164144 5.39780495293029e-08 14048513909.343636 757639407145115.6 392457212901156.0
23.93517239560591 5.173529094836508e-08 13490849913.974325 727564466723355.2 377605958229411.06
23.889054529718422 3.8721597196661166e-08 10116802596.867332 545601361906103.94 283712708191179.3
23.843114040238195 5.164788248072428e-08 13520056900.261347 729139605838979.2 379881734642095.7
23.797349905803955 5.394705836574342e-08 14149078200.832224 763062861232505.4 398318813563375.3
23.75176111288096 2.902579360202662e-08 7627412969.76083 411348038500860.56 215135024135945.28
23.706346655686158 2.058768184144704e-08 5420405686.279392 292323656234369.8 153177595866812.53
23.66110553611424 3.5735178871468226e-08 9426487641.747698 508372526406827.75 266895576363580.72
23.616036763664496 3.812343308323832e-08 10075670611.8927 543383105020572.75 285819513240833.8
23.571139355368558 3.2662660329405565e-08 8648881641.758772 466436065893929.25 245811806726098.66
23.526412335718902 2.142459166050646e-08 5683892084.388433 306533534926333.44 161849706441105.0
23.481854736598223 2.0083847786507636e-08 5338306422.793549 287896025118661.94 152296997287767.1
23.437465597209567 2.433540389944889e-08 6480624912.639616 349501509442684.2 185235800004616.0
23.393243964007283 2.650012738628457e-08 7070440736.478426 381310404958731.2 202475825033072.12
23.349188890628735 2.825437231540749e-08 7552710530.231493 407319319708073.6 216693878084707.9
23.305299437826804 2.5131004990946078e-08 6730450645.761647 362974665504143.56 193465496713709.78
23.261574673403114 2.5061612142347786e-08 6724482516.023045 362652802970775.4 193656596786381.06
23.218013672142057 2.2167807983312715e-08 5959182188.520152 321379990048433.75 171938294675910.7
23.17461551574553 2.178152188130642e-08 5866305256.706673 316371116938387.5 169574918678981.53
23.131379292768393 2.0304597086645117e-08 5478754254.655091 295470407202992.1 158667608668009.6
23.088304098554673 2.0099056411225213e-08 5433411655.320116 293025070970259.3 157647488181997.2
23.04538903517446 1.7809331440584413e-08 4823391873.174603 260126571593458.53 140208222088875.23
23.00263321136152 1.6228032001347615e-08 4403289867.108912 237470379139935.53 128234004735566.1
22.96003574245159 2.0091191915899034e-08 5461628010.936804 294546785158619.44 159349810770805.6
22.917595750321365 1.8663670664651876e-08 5082963401.681924 274125320517302.94 148575923720381.22
22.875312363328153 2.0381412785846174e-08 5561042659.543859 299908238755650.3 162850173644309.7
22.833184716250198 1.5362944220394253e-08 4199493743.128532 226479609899334.66 123204907785230.52
22.791211950227677 1.7929528389975197e-08 4910100949.893201 264802810938282.4 144317531961363.56
22.749393212704323 2.0090642869009187e-08 5512048004.730693 297265946377576.25 162307206722165.53
22.707727657369702 1.9509326230747717e-08 5362379781.3028965 289194306572964.6 158189285695402.8
22.666214444102113 1.776159684495291e-08 4890936110.269608 263769246973855.3 144545547341673.72
22.624852738912146 1.6603120850042933e-08 4580289647.910683 247016015771456.94 135611792658530.89
22.583641713886806 1.8695665703039957e-08 5166969922.914212 278655810457624.9 153260695751698.22
22.542580547134285 2.6468225114224297e-08 7328416846.731955 395223112629546.9 217767935058885.12
22.501668422729324 3.2923131227423266e-08 9132199430.527275 492501499242129.25 271860827581643.3
22.46090453065916 3.2165266961878375e-08 8938175818.722122 482037763706198.94 266566883329526.47
22.420288066770084 3.1980987337842896e-08 8903067252.06598 480144351079160.7 265999970497848.1
22.37981823271454 2.9467740737804696e-08 8218248329.923958 443211917832370.4 245982614396971.03
22.33949423589884 2.6304271143699684e-08 7349231213.998242 396345635978101.4 220368173603814.28
22.299315289431394 3.6093808514799504e-08 10102530186.291897 544831647703115.3 303471227770631.25
22.259280612071553 5.4798686629422824e-08 15365546108.981462 828667239794444.6 462396319805277.9
22.21938942817895 3.5097951232962603e-08 9859130617.815994 531705056097094.25 297223126358277.5
22.179640967663424 1.603646901624528e-08 4512770135.045128 243374673774125.66 136289817313510.69
22.140034465935454 2.5881038087346856e-08 7296126818.172512 393481704374385.9 220743236154032.25
22.100569163857138 2.8418318883345457e-08 8025718070.667297 432828719123808.4 243249740147582.56
22.06124430769369 2.9071762679604945e-08 8224894490.718933 443570346727909.8 249730105207824.56
22.022059149065463 2.2349826032887572e-08 6334395809.221478 341615342127336.06 192671052959810.88
21.98301294490045 1.4610226044766594e-08 4148190518.1502695 223712815830724.2 126397740944356.8
21.944104957387353 1.7691380791326927e-08 5031909636.938485 271371979893351.34 153596540619639.75
21.905334453929072 1.8335368978807722e-08 5224307609.724795 281748044363828.3 159751141154282.66
21.866700707096744 2.036847194142914e-08 5813854560.1975765 313542439480833.06 178092105625110.78
21.82820299458425 2.141164278119324e-08 6122389848.214943 330181814592342.4 187873452503032.2
21.789840599163185 1.9714631593680717e-08 5647075412.597729 304548003818305.44 173592362176439.6
21.75161280863834 1.9396081505428305e-08 5565593861.070076 300153686042699.56 171387754730390.28
21.713518915803597 1.514114568890376e-08 4352286756.639479 234719770311985.56 134259708618446.92
21.675558218398344 1.5990354877514907e-08 4604439662.517906 248318431305771.47 142286461138203.44
21.637730019064314 1.4161209755746452e-08 4084864290.876 220297618636314.62 126450833097243.89
21.600033625302878 1.395789618874078e-08 4033244140.8782296 217513732732550.72 125070396321222.61
21.562468349432788 1.2466786410221413e-08 3608652131.95519 194615393449485.97 112098466626899.53
21.525033508548354 1.1767380659605635e-08 3412125066.2750664 184016646102207.66 106177604800979.52
21.48772842447808 1.0772172680348152e-08 3128972707.408278 168746177874184.4 97535290811279.33
