string
integrated and resized binned spectra ROIsize spatial in px50:1600
converted file:an 18 2019_11.36.48_7 binning:0.1
nm muJ
28.1 0.00015361134229035101
28.200000000000003 0.001247059029236057
28.300000000000004 0.001244523313348132
28.400000000000006 0.0012513319224925462
28.500000000000007 0.0012477364765236187
28.60000000000001 0.001264040964082525
28.70000000000001 0.0012693490821001178
28.80000000000001 0.00126281722272251
28.900000000000013 0.0012675200521038408
29.000000000000014 0.0012813673332867097
29.100000000000016 0.0012857034848850046
29.200000000000017 0.0012862355097122515
29.30000000000002 0.0013200702149868803
29.40000000000002 0.0012995965898808138
29.50000000000002 0.0013127660100993076
29.600000000000023 0.0013182406679115705
29.700000000000024 0.0013228794244223845
29.800000000000026 0.0013356452370861037
29.900000000000027 0.0013417298427824658
30.00000000000003 0.0013570812625938527
30.10000000000003 0.0014066853653986718
30.20000000000003 0.0013797777072355733
30.300000000000033 0.0013696178394542304
30.400000000000034 0.0013692481467647993
30.500000000000036 0.0013696206381286584
30.600000000000037 0.0014066834730839255
30.70000000000004 0.0014042691758869839
30.80000000000004 0.0014075713026324404
30.90000000000004 0.0014369886815027428
31.000000000000043 0.0014559228599821555
31.100000000000044 0.0014394432462350446
31.200000000000045 0.0014212379907834931
31.300000000000047 0.001442772081215854
31.40000000000005 0.001402023660772712
31.50000000000005 0.001381648064398595
31.60000000000005 0.0014073213154100746
31.700000000000053 0.0013794449596058295
31.800000000000054 0.0013570935238105793
31.900000000000055 0.0013787416810891976
32.00000000000006 0.0013348597359690777
32.10000000000006 0.0013488885199057499
32.20000000000006 0.0013355115223705942
32.30000000000006 0.0013599814853057222
32.40000000000006 0.0013841019532440718
32.500000000000064 0.0013080106366158172
32.600000000000065 0.0013153711332542937
32.70000000000007 0.0012733165632303337
32.80000000000007 0.0012802158380728443
32.90000000000007 0.0012599238667942616
33.00000000000007 0.001269414203629385
33.10000000000007 0.0012324303651341621
33.200000000000074 0.0012410965710989265
33.300000000000075 0.0012007874176105258
33.40000000000008 0.0012201981503455251
33.50000000000008 0.0011951379325054322
33.60000000000008 0.0012224880715287776
33.70000000000008 0.001265117095211196
33.80000000000008 0.0012227361732366241
33.900000000000084 0.0011930278111093047
34.000000000000085 0.0011496834447195542
34.10000000000009 0.0011772236055567736
34.20000000000009 0.0011703570330246138
34.30000000000009 0.0012092981458738815
34.40000000000009 0.0012046898019570018
34.50000000000009 0.0011689314682510144
34.600000000000094 0.0012191162042276698
34.700000000000095 0.00118198474475741
34.8000000000001 0.0011422202154621557
34.9000000000001 0.0011795405455727952
35.0000000000001 0.0011704260031506035
35.1000000000001 0.0011703938654925043
35.2000000000001 0.0012364370040049836
35.300000000000104 0.0013062491941393526
35.400000000000105 0.0011590120356635375
35.50000000000011 0.0011032819153514787
35.60000000000011 0.001121061975408501
35.70000000000011 0.001091836778685713
35.80000000000011 0.001086268685627018
35.90000000000011 0.001114224427239402
36.000000000000114 0.0011435126439438413
36.100000000000115 0.001135649246667789
36.20000000000012 0.0010460071269777827
36.30000000000012 0.0010773377403183715
36.40000000000012 0.0010196700693313055
36.50000000000012 0.0010412842765720248
36.60000000000012 0.001060526659372999
36.700000000000124 0.0010745894492994428
36.800000000000125 0.00106451930069229
36.90000000000013 0.0013306565673101049
37.00000000000013 0.0013872771492318987
37.10000000000013 0.0010488610790940788
37.20000000000013 0.0011610278772456665
37.30000000000013 0.0013782944886302228
37.400000000000134 0.001212593747795052
37.500000000000135 0.0013865572518469967
37.600000000000136 0.0015289493350707636
37.70000000000014 0.0017154946196196626
37.80000000000014 0.0013171287496922498
37.90000000000014 0.0014811143142760181
38.00000000000014 0.0012087116146580709
38.10000000000014 0.0014112827739453727
38.200000000000145 0.0013235118600962634
38.300000000000146 0.0014451149602599386
38.40000000000015 0.0011554976367548796
38.50000000000015 0.0011597044741613724
38.60000000000015 0.0011853345611626232
38.70000000000015 0.0016280027258222972
38.80000000000015 0.0025742810189398366
38.900000000000155 0.0018684317806260317
39.000000000000156 0.0015318761428042506
39.10000000000016 0.001990484059580286
39.20000000000016 0.002206374758941346
39.30000000000016 0.003370906332751041
39.40000000000016 0.0049049954550664295
39.50000000000016 0.0038346526522534904
39.600000000000165 0.0027707919265721717
39.700000000000166 0.0030041971789239686
39.80000000000017 0.002439871789622675
39.90000000000017 0.003192828582651068
40.00000000000017 0.002551696900601936
40.10000000000017 0.003027925811867391
40.20000000000017 0.0021734523874088587
40.300000000000175 0.0017659406684554244
40.400000000000176 0.0020758052906198273
40.50000000000018 0.001828493410753215
40.60000000000018 0.002089466817380112
40.70000000000018 0.0032769338221843463
40.80000000000018 0.0069900370588963385
40.90000000000018 0.005686902560944841
41.000000000000185 0.003944580360463603
41.100000000000186 0.005144784918054859
41.20000000000019 0.006332594643725336
41.30000000000019 0.00828727444377165
41.40000000000019 0.011708366994009513
41.50000000000019 0.006928090551124721
41.60000000000019 0.006639053762025592
41.700000000000195 0.005491717178452422
41.800000000000196 0.005859814620064989
41.9000000000002 0.006001231474566696
42.0000000000002 0.00429634124168154
42.1000000000002 0.006193461608980479
42.2000000000002 0.004078778186553551
42.3000000000002 0.002861058506973016
42.400000000000205 0.0031654877532161863
42.500000000000206 0.0033020642893888457
42.60000000000021 0.003614315632602262
42.70000000000021 0.0040796161325228905
42.80000000000021 0.005385373255722649
42.90000000000021 0.005187444580678165
43.00000000000021 0.011420489876626897
43.100000000000215 0.015415325390378714
43.200000000000216 0.010412822995896107
43.30000000000022 0.013164451817743913
43.40000000000022 0.01701904657231103
43.50000000000022 0.021249134485565868
43.60000000000022 0.020161300859347885
43.70000000000022 0.013962614434156802
43.800000000000225 0.010999310577329708
43.900000000000226 0.008986378308938824
44.00000000000023 0.01169818754024702
44.10000000000023 0.010739742640012864
44.20000000000023 0.008928700019613142
44.30000000000023 0.00997591267482411
44.40000000000023 0.0067440188288781875
44.500000000000234 0.006140724922713326
44.600000000000236 0.004975016478723792
44.70000000000024 0.005904897169196981
44.80000000000024 0.0054195428674476045
44.90000000000024 0.0060087446173402665
45.00000000000024 0.005956743015718965
45.10000000000024 0.0068706029014288916
45.200000000000244 0.00870886213045219
45.300000000000246 0.008348611322177025
45.40000000000025 0.009087806770123306
45.50000000000025 0.019465745296867485
45.60000000000025 0.02441129322787434
45.70000000000025 0.03515575793201228
45.80000000000025 0.023786094495837847
45.900000000000254 0.02529043895624625
46.000000000000256 0.02428824852653853
46.10000000000026 0.025210672735490106
46.20000000000026 0.01747208462043611
46.30000000000026 0.012514481737820847
46.40000000000026 0.01612977324120929
46.50000000000026 0.017263414882169207
46.600000000000264 0.013329012005619766
46.700000000000266 0.011720445540974176
46.80000000000027 0.010313764296529217
46.90000000000027 0.011343865794490744
47.00000000000027 0.008013231842945986
47.10000000000027 0.007813499380240167
47.20000000000027 0.007473311578452998
47.300000000000274 0.00797683975653719
47.400000000000276 0.008788400158264684
47.50000000000028 0.00861820327963646
47.60000000000028 0.009470485481279208
47.70000000000028 0.010979554333136443
47.80000000000028 0.009990837046471072
47.90000000000028 0.012049718402089297
48.000000000000284 0.01275108914485313
48.100000000000286 0.011002449590344696
48.20000000000029 0.013421461471354219
48.30000000000029 0.022807334998522635
48.40000000000029 0.05377482605154257
48.50000000000029 0.05023320908900662
48.60000000000029 0.07748614430645247
48.700000000000294 0.036977821774196735
48.800000000000296 0.03399099848686712
48.9000000000003 0.03353129028506497
49.0000000000003 0.021122995943690725
49.1000000000003 0.022294806950993357
49.2000000000003 0.025016761996168306
49.3000000000003 0.026691871534533586
49.400000000000304 0.017844690431111674
49.500000000000306 0.017681855072924465
49.60000000000031 0.01902605381005273
49.70000000000031 0.014317785549859742
49.80000000000031 0.012343593711114037
49.90000000000031 0.013387994710673779
50.00000000000031 0.011377625429313767
50.100000000000314 0.013381449784448262
50.200000000000315 0.012122222108116198
50.30000000000032 0.012471178281539727
50.40000000000032 0.012795807034700978
50.50000000000032 0.012542453508872271
50.60000000000032 0.012957422147340615
50.70000000000032 0.014473022879766886
50.800000000000324 0.014453828472448775
50.900000000000325 0.015639318225661423
51.00000000000033 0.014285601911024615
51.10000000000033 0.014557268517856832
51.20000000000033 0.018823214855332424
51.30000000000033 0.02179986256687508
51.40000000000033 0.02615284469330677
51.500000000000334 0.03399004951858363
51.600000000000335 0.0512215409205552
51.70000000000034 0.05935527797911434
51.80000000000034 0.05971165226648533
51.90000000000034 0.03617140888088506
52.00000000000034 0.023821602904080617
52.10000000000034 0.022098716428924664
52.200000000000344 0.026505258729679085
52.300000000000345 0.030232251688333732
52.40000000000035 0.025372135890610596
52.50000000000035 0.019230343463304194
52.60000000000035 0.01577208703682106
52.70000000000035 0.015503867935932374
52.80000000000035 0.015087413474871875
52.900000000000354 0.014567910991438759
53.000000000000355 0.013459886035695
53.10000000000036 0.012857162185353944
53.20000000000036 0.01323694798619777
53.30000000000036 0.011655205900532355
53.40000000000036 0.011815742146208903
53.50000000000036 0.01127326276941946
53.600000000000364 0.011509504541808173
53.700000000000365 0.010794222635066604
53.80000000000037 0.012590119355842786
53.90000000000037 0.012820031954435018
54.00000000000037 0.014643334911852128
54.10000000000037 0.01425160975616511
54.20000000000037 0.014744771440140985
54.300000000000374 0.015009092598183347
54.400000000000375 0.013299193387846754
54.50000000000038 0.013718846336746375
54.60000000000038 0.013118329794204945
54.70000000000038 0.016681121402540428
54.80000000000038 0.020663174749882413
54.90000000000038 0.02164660022393088
55.000000000000384 0.030627980730501367
55.100000000000385 0.037997827824660414
55.20000000000039 0.0325598870989014
55.30000000000039 0.058728093875689835
55.40000000000039 0.05029396481755468
55.50000000000039 0.036683576442124666
55.60000000000039 0.03228734641238844
55.700000000000394 0.03539991393935772
55.800000000000395 0.024483365956296608
55.9000000000004 0.018285248599919514
56.0000000000004 0.0199954900078502
56.1000000000004 0.015769948891580052
56.2000000000004 0.016313068604686395
56.3000000000004 0.01541902680626882
56.400000000000404 0.013260796001930548
56.500000000000405 0.012995652241888419
56.600000000000406 0.00934779685342446
56.70000000000041 0.011645089609554314
56.80000000000041 0.00909855146518847
56.90000000000041 0.010062381683969945
57.00000000000041 0.009724527524933269
57.10000000000041 0.00868885651160211
57.200000000000415 0.009549815352427788
57.300000000000416 0.008781877398095536
57.40000000000042 0.008331996907605983
57.50000000000042 0.01002194990368764
57.60000000000042 0.008668195955077843
57.70000000000042 0.009176708359581932
57.80000000000042 0.00979371057815275
