string
20190118an 18 2019_16.51.   full spectra  index number  Nphoton via eV
eV x-axis E [J] Nphoton Nphoton/sr Nphoton/sr @ 0.1bw
43.81066890785845 1.362404071231015e-09 194095301.95653078 10467601801368.664 2972798911588.7637
43.65640598916881 1.3757884812720699e-09 196694702.90316755 10607788059135.934 3023219596853.585
43.50322561727698 1.3974080533048136e-09 200489095.7151956 10812420487813.576 3092352259514.6826
43.35111643679699 1.434872940713388e-09 206586593.27769572 11141259856029.514 3197541578680.4434
43.20006725060606 1.4068077582032028e-09 203254096.1542625 10961537562183.795 3156922817908.819
43.05006701709701 1.4193929487204311e-09 205786929.1102434 11098133793753.219 3207360666394.6475
42.90110484748767 1.4381855365420192e-09 209235521.04865387 11284117106192.05 3272393960795.7227
42.75317000318599 1.536754648990271e-09 224349542.7580692 12099219580474.672 3520872897918.012
42.606251893209404 1.5335278534994892e-09 224650460.256575 12115448126542.871 3537710852950.4395
42.46034007165731 1.4647726782280923e-09 215315719.46271962 11612023527574.715 3402322893579.2705
42.31542423523527 1.489893818107874e-09 219758455.30994457 11851621236991.875 3484376643675.6104
42.17149422082971 1.4602073511519982e-09 216114803.39042833 11655118297395.582 3438259897731.6953
42.02854000313198 1.4839617247332852e-09 220377560.20629272 11885009698551.35 3517962870771.2563
41.88655169231059 1.5378302189040783e-09 229151527.72176862 12358191672789.521 3670382926818.39
41.745519531730416 1.555984667586835e-09 232640015.30419248 12546326565977.254 3738805316661.1255
41.605433895717894 1.5265525262070553e-09 229008009.29519862 12350451692865.484 3692785056166.6826
41.46628528737101 1.5317719111344778e-09 230562113.70488036 12434264881305.99 3730279464391.852
41.32806433641311 1.5803032199194716e-09 238662582.0855814 12871124900889.287 3874208595167.588
41.19076179708947 1.7543110397337072e-09 265824953.86797205 14335997512089.709 4329471248650.9644
41.05436854610573 1.8320017237497976e-09 278519416.1723136 15020612622011.8 4551245624469.57
40.91887558060703 1.6207996676527356e-09 247226273.50124452 13332966639382.455 4053221858372.2754
40.78427401619714 1.5857931676346673e-09 242684914.57910898 13088050166109.682 3991855300663.426
40.65055508499649 1.5819701795021746e-09 242896237.32609543 13099446847764.145 4008430735415.8696
40.51771013373833 1.633044188893201e-09 251560250.35308424 13566698952550.797 4164976578432.7583
40.38573062190204 1.6449857796055014e-09 254227881.61320594 13710564885947.22 4222853984871.595
40.254608119882874 1.671690340615746e-09 259196542.912055 13978525869226.822 4319364493591.2295
40.124334307197174 1.723734440173005e-09 268133757.08541054 14460511771189.486 4482758649068.638
39.99490097072234 1.7352910037215286e-09 270804991.0576465 14604571999632.918 4542021891885.658
39.86630000297082 1.7145135739111462e-09 268425624.4188444 14476252239889.225 4516590698845.397
39.73852340039719 1.769765161728116e-09 277966776.6119269 14990808650460.205 4692123107594.145
39.61156326173778 2.0151366068841315e-09 317520291.96021 17123938326122.715 5376916634402.466
39.485411786381924 2.0924529329116255e-09 330756205.6443381 17837754026586.027 5618892518374.469
39.36006127277436 1.74274596302294e-09 276354979.55211824 14903884084864.73 4709627370817.183
39.235504116847856 1.7054230150694556e-09 271295042.28761184 14631000568927.69 4638027180350.178
39.11173281048556 1.6385471989473308e-09 261481443.2227862 14101751039375.012 4484356830521.221
38.98873994001234 1.6195706625585717e-09 259268453.04342315 13982403998233.854 4460386875436.369
38.86651818471449 1.666418026589227e-09 267606891.451552 14432097793094.89 4618271293790.195
38.74506031538725 1.6275286188130878e-09 262181031.378796 14139479980612.883 4538773073776.813
38.62435919290941 1.6749664122157493e-09 270666053.24454886 14597079053188.572 4700259455126.699
38.50440776684447 1.6568149688393938e-09 268566931.1064058 14483872940248.033 4678290959700.054
38.38519907406786 1.6859950735515168e-09 274145725.5768403 14784738538021.562 4790255286318.959
38.266726237419505 1.708244241116388e-09 278623427.6947889 15026221986015.209 4883522145454.944
38.14898246438129 1.75736094249202e-09 287519289.2183955 15505977730593.125 5054948740173.283
38.03196104577889 2.1456910184560085e-09 352133577.21872115 18990640319787.777 6209939384570.381
37.91565535450739 2.301339168786881e-09 378835820.9210211 20430698123666.918 6701268984562.757
37.80005884428024 1.8228503520387546e-09 300986845.5263387 16232285968082.729 5340422083499.339
37.68516504840097 1.6095934080332889e-09 266584403.79223043 14376954811494.086 4744395087792.785
37.57096757855732 1.5735314506315089e-09 261403875.97368562 14097567820779.674 4666294948678.156
37.45746012363721 1.5407132109149016e-09 256727537.697011 13845371881592.588 4596663464688.396
37.34463644856601 1.5675797800303328e-09 261993424.69258446 14129362311268.28 4705077649652.383
37.23249039316491 1.5180361651551578e-09 254477275.75470734 13724014766178.818 4583820931903.69
37.121015871029684 1.5569894208725857e-09 261791043.22304964 14118447834649.26 4729680024607.345
37.01020686842959 1.620026213928459e-09 273205541.65450203 14734034214836.607 4950635496185.132
36.90005744322593 1.5991434376919464e-09 270488840.8835416 14587521952060.385 4915994897844.265
36.79056172380983 1.6285327471095255e-09 276279748.52327216 14899826859135.256 5036141478387.888
36.68171390805892 1.5618172968582796e-09 265747742.39759046 14331833480717.979 4858491549963.359
36.57350826231243 1.8087335747657874e-09 308671799.43286306 16646737201803.91 5659890648613.009
36.465939120364446 2.328339359991576e-09 398517917.4302911 21492157864311.684 7328825831730.455
36.35900088247482 2.743306763269232e-09 470924633.443323 25397067789122.46 8685797183880.032
36.25268801439741 1.99415768405967e-09 343327236.31735694 18515712441815.59 6350889367542.3125
36.146995046425396 1.6547579656315699e-09 285726983.0929087 15409318271870.361 5300805485523.214
36.041916572453225 1.6153820592904128e-09 279741148.1376958 15086500892323.922 5204842807851.557
35.937447249054806 1.5269977219311412e-09 265204042.32896334 14302511617899.062 4948669019793.024
35.83358179457777 1.5859218534066218e-09 276236165.9736523 14897476442766.027 5169424325640.026
35.73031498825334 1.5740544813452087e-09 274961501.1383471 14828733491279.389 5160399254965.155
35.62764166932158 1.5260642335140304e-09 267346629.39196435 14418061803679.867 5031903569484.31
35.52555673617166 1.5687548599148535e-09 275615200.9347428 14863987663314.107 5202395682159.784
35.42405514549688 1.6088272886852176e-09 283465444.06295234 15287352980669.555 5365860896214.957
35.323131911464124 1.6722649345892094e-09 295484602.4242567 15935548802235.094 5609313178386.614
35.22278210489746 1.7307791479705465e-09 306695195.7368563 16540138535064.691 5838668902877.8125
35.123000852475656 1.684763132307325e-09 299389255.90280205 16146127612611.943 5715729174864.88
35.02378333594324 1.948845712190069e-09 347298873.9098117 18729903720007.75 6649115820602.722
34.92512479133495 2.4549501356051686e-09 438726314.16284144 23660605435299.52 8423175534966.574
34.827020508213224 3.3669639567458404e-09 603408078.8241198 32541928780297.492 11617468574565.102
34.7294658289185 2.8291270517314714e-09 508444229.4726725 27420507754049.594 9816541775949.977
34.63245614783214 1.7804488224712204e-09 320874479.0729991 17304830365806.508 6212434101324.438
34.535986910651545 1.6370081585660855e-09 295847529.94387394 15955121562213.398 5743843762396.85
34.44005361367751 1.4870700620195401e-09 269498645.2753049 14534120487789.979 5246817496092.11
34.34465180311331 1.46261429350286e-09 265802872.75093508 14334806672650.824 5189200015499.436
34.24977707437542 1.4565383635011807e-09 265431923.13488662 14314801279269.197 5196272864374.847
34.15542507141571 1.4616265796653795e-09 267094971.82092416 14404489856201.518 5243234307657.33
34.06159148605468 1.423984665069118e-09 260933206.5610527 14072184517104.303 5136347348742.995
33.96827205732576 1.4319549440521362e-09 263114554.90635985 14189825107260.697 5193475989257.387
33.87546257083034 1.487618730379284e-09 274091380.6342369 14781807703460.621 5424923427170.001
33.78315885810328 1.5448244563494543e-09 285409126.0324038 15392176171543.463 5664320831128.006
33.69135679598887 1.6298712719890033e-09 301942174.8348969 16283807085236.836 6008724814451.589
33.600052306026825 1.8900228914310645e-09 351088080.73941725 18934256467526.703 7005674892984.869
33.509241353848374 1.7496787084547858e-09 325898743.67795455 17575790047464.145 6520618107609.266
33.41891994858194 2.277396023784904e-09 425338918.92148465 22938620301545.766 8533166752175.397
33.32908414226855 3.1329829877162635e-09 586710190.8459486 31641408054048.785 11802245204159.541
33.23973002928659 4.986849429375548e-09 936392103.2458372 50499829557537.18 18886936254518.793
33.150853745785824 3.792235496235562e-09 713985770.3593266 38505407707594.49 14439527890347.822
33.062451469130394 2.03704449982798e-09 384551437.6799097 20738942577181.17 7797842409020.027
32.97451941735079 1.6455720901573206e-09 311478025.5239301 16798077584542.693 6332875249372.56
32.8870538486045 1.5496540949071294e-09 294102538.88623315 15861013815378.682 5995463222213.142
32.80005106064523 1.4545352680993158e-09 276782553.144699 14926943221602.2 5657311480987.243
32.71350739030052 1.425030666455551e-09 271885518.06950146 14662845056124.791 5571881121327.538
32.627419212957626 1.3820274508910123e-09 264376544.10958013 14257884459155.236 5432253978938.033
32.54178294205747 1.365019193795736e-09 261810095.4470142 14119475325226.73 5393639574236.059
32.45659502859658 1.3622169721060685e-09 261958385.4655398 14127472638141.555 5410822020408.495
32.3718519606368 1.3436348127110453e-09 259061381.2806717 13971236573082.701 5364954844063.527
32.28755026282264 1.5586952295786816e-09 301311068.7005973 16249771394307.393 6256161986808.317
32.20368649590622 2.1953595541856204e-09 425489692.2807707 22946751541567.305 8857446095045.408
32.12025725627952 2.202018570273235e-09 427888817.8479161 23076136904609.14 8930464982083.287
32.03725917551394 2.2111204726894052e-09 430770571.0617966 23231550481489.387 9013841586817.781
31.954688919906943 2.9153469938873356e-09 569435625.173997 30709786974492.32 11946107133077.615
31.872543190035717 2.540451415797765e-09 497488619.5042907 26829669328368.33 10463571038063.695
31.790818720317677 3.305492099940802e-09 648968154.0851601 34998993536969.266 13684606472954.828
31.709512278577733 5.052349682011926e-09 994472581.7048059 53632122378708.16 21023791972453.01
31.628620665622176 6.534027632857626e-09 1289406006.7187138 69537946063460.84 27328412802940.22
31.548140714819066 5.0523483847248665e-09 999559141.3235874 53906441643994.914 21239138007732.312
31.468069291685 2.567858958686891e-09 509319194.07204366 27467694784978.152 10849739440066.604
31.388403293478206 1.741958928042068e-09 346383871.38455087 18680557435037.793 7397500744274.831
31.309139648797704 1.641004808691261e-09 327135514.6879554 17642489376719.754 7004068282557.818
31.230275317188642 2.1291823047510134e-09 425525910.9992296 22948704824922.242 9133584520318.717
31.151807288753492 1.7598578274764405e-09 352600814.72575533 19015838540048.633 7587319577479.657
31.07373258376915 1.7393753072287829e-09 349372607.5810752 18841740627413.875 7536696250965.527
30.996048252309727 1.981087766790414e-09 398920507.4069715 21513869629216.0 8627061721315.259
30.918751373875036 1.944007243592792e-09 392432445.4168189 21163967036567.35 8507914748700.036
30.8418390570246 1.7932934787301373e-09 362910954.395401 19571866612291.805 7887462244753.832
30.765308439017097 2.1173414116905185e-09 429554816.4993005 23165984573813.492 9359057767820.666
30.689156685455174 3.4835162354249205e-09 708470643.4344357 38207975714383.79 15474230164324.787
30.61338098993553 8.879907806981439e-09 1810448332.887369 97637871909238.48 39640975995148.17
30.537978573704155 1.0966410967863458e-08 2241368199.624662 120877473938941.61 49197131893150.0
30.462946685316677 5.9461635849578934e-09 1218299083.1088371 65703134225329.78 26806878763933.734
30.388282600303643 5.53304960229911e-09 1136442277.6693814 61288578924737.14 25067028780217.29
30.313983620840798 3.955827358536617e-09 814485379.6560004 43925373470322.28 18009403122832.773
30.240047075424116 4.598952510521653e-09 949216845.5567235 51191470696515.33 21039694456267.44
30.166470318549603 6.8267469493391605e-09 1412466908.93431 76174647254706.17 31383954668939.242
30.093250730397784 1.1155853591284958e-08 2313783273.6584744 124782834613628.84 51535310695428.164
30.02038571652273 1.196219532954649e-08 2487044732.01594 134126862703585.12 55528521159284.445
29.94787270754562 5.826219407795905e-09 1214254808.3088331 65485025606754.18 27176285626802.945
29.87570915885274 3.404964099295697e-09 711349923.5366836 38363255915816.4 15959114460979.209
29.803892550297803 3.5840102367292374e-09 750559674.538956 40477846305616.375 16879261909442.19
29.7324203859086 3.4650885816195356e-09 727399589.453821 39228817885488.484 16397645876134.191
29.661290193597814 3.526416912947142e-09 742049014.6753739 40018864570247.945 16767904254932.674
29.590499524878005 2.4528950597813542e-09 517387160.11717755 27902801946543.242 11719176817547.646
29.520045954580674 2.853764090238079e-09 603378754.7833098 32540347328406.016 13699486225259.387
29.449927080579297 3.2866092889353243e-09 696550854.6341133 37565138914829.86 15852488622057.65
29.38014052351631 2.7279383534071423e-09 579521640.4483317 31253727969405.75 13220326931059.025
29.310683926534004 2.4120910087120407e-09 513637486.8840008 27700581254468.297 11745046451894.053
29.241554955009157 3.0391392430609006e-09 648692848.7472656 34984146260287.027 14868262160622.52
29.17275129629149 4.466403348374291e-09 955585443.9557759 51534930591742.695 21953880432082.035
29.104270659445735 5.193834447857295e-09 1113833707.9675393 60069293849045.96 25649588473541.97
29.036110774997383 1.5585969454591632e-08 3350305042.733205 180682678802306.88 77332186527387.48
28.96826939468197 3.3774443619525536e-08 7277037747.031177 392452226620667.5 168362005220263.7
28.90074429119786 2.888609725332531e-08 6238336777.421356 336434857673704.75 144666988799697.2
28.833533257962518 1.2310842968180363e-08 2664887639.6262856 143717969347060.75 61942444788576.99
28.76663410887211 7.2750399134304304e-09 1578466269.2140164 85127028817651.23 36774876449224.984
28.700044678064536 5.418559071351715e-09 1178393163.6068263 63550999317097.57 27517582704303.867
28.633762819685636 8.211211733114678e-09 1789854807.2417793 96527258597265.67 41892830231212.125
28.56778640765871 1.1551345113526796e-08 2523741934.2630234 136105950793171.08 59206088595030.9
28.502113335457196 1.974039831356958e-08 4322826683.903092 233130982189164.78 101645108234476.75
28.43674151588046 1.9870642757972387e-08 4361351201.389385 235208617786582.25 102786165972732.4
28.371668880832676 1.0202628471938129e-08 2244482193.6654754 121045412314072.23 53017890593562.984
28.306893381104747 6.3925297082459025e-09 1409514411.8022478 76015418442949.39 33370768696454.613
28.242412986159177 4.411216295839782e-09 974867357.2607613 52574808365241.31 23132915680706.887
28.17822568391791 6.308084268612235e-09 1397245816.8299043 75353770450760.86 33231012768784.906
28.114329480553014 4.601243530761688e-09 1021495515.9117022 55089475091169.61 24349547990296.355
28.050722400280268 2.9543305263195585e-09 657361108.8119174 35451627408737.51 15705070942071.51
27.987402485155485 4.305381852783283e-09 960147725.3346319 51780975417651.77 22990753085434.89
27.924367794873596 3.9697379663211405e-09 887293839.516826 47851949528122.7 21294117540014.207
27.86161640657051 3.7063044747263907e-09 830278439.0337603 44777096593578.44 19970585080736.055
27.799146414627526 3.0512281621365026e-09 685065659.5683875 36945739849797.44 16514745712860.057
27.736955930478473 3.883076683993858e-09 873788139.6896887 47123584202356.35 21111365722655.17
27.675043082419368 4.307666048463018e-09 971499757.4316878 52393192974854.42 23524543645709.836
27.61340601542066 4.502163227943197e-09 1017630775.8454325 54881048819787.91 24696471968904.14
27.552042890941948 7.612625925936627e-09 1724525651.502753 93004043035619.17 41944823409064.73
27.490951886749173 8.714961674677662e-09 1978630405.9816537 106707967648464.16 48232001377105.67
27.43013119673424 2.6270035385074116e-08 5977529771.183204 322369479167431.25 146033374062840.22
27.369579030737032 6.935314356243475e-08 15815648646.214483 852941367411382.8 387235380804775.1
27.30929361436977 6.198766345306687e-08 14167191832.407467 764039733318511.9 347638078659925.3
27.249273188843684 3.026776978032148e-08 6932892623.397457 373892405338195.94 170494936834204.2
27.18951601079797 1.2609988882704821e-08 2894690938.2331543 156111311165279.78 71342869202532.9
27.130020352131016 1.0892750713816348e-08 2505973187.5558457 135147678423024.94 61897636717743.46
27.070784499833785 7.762427239302535e-09 1789722407.7272031 96520118262681.02 44302734282570.7
27.011806755825432 1.2382312690385255e-08 2861126815.975472 154301190760178.2 70978547749684.62
26.95308543679103 1.8256669135235414e-08 4227679264.208882 227999661174451.34 105107843801419.42
26.89461887402142 2.2805579943821775e-08 5292546731.60126 285428195031451.75 131867826104533.83
26.83640541325514 2.025912801154084e-08 4711784068.576368 254107538444882.22 117651790299980.1
26.778443414522407 1.4345534772186117e-08 3343646749.535929 180323595603675.66 83670148360104.38
26.720731251991108 7.363684299773964e-09 1720029108.6200879 92761543501091.23 43134117728006.48
26.66326731381478 6.45585922781439e-09 1511226846.1384792 81500792123544.58 37979369129570.89
26.60605000198256 8.311978076607387e-09 1949902791.3305135 105158681149305.89 49109104096727.2
26.549077732171035 4.792318356614395e-09 1126640078.595407 60759944199167.7 28435653885210.31
26.49234893359802 6.645601972252542e-09 1565679389.6901498 84437429627002.67 39601154495060.05
26.43586204887819 6.999601353018883e-09 1652604018.136086 89125293723310.17 41888888049957.7
26.37961553388058 6.070061177049769e-09 1436195565.0148501 77454338832137.27 36480993589936.59
26.323607857587838 6.8644112479782844e-09 1627596909.8174558 87776654938937.44 41430581131176.15
26.267837501957352 4.1133634440759585e-09 977376151.8924817 52710108204761.09 24931881180852.867
26.212302961784083 4.394423933818187e-09 1046371126.6772038 56431022183934.516 26748304515185.355
26.15700274456513 7.002483717270782e-09 1670910178.3623416 90112548921292.31 42803460737611.875
26.101935370366043 6.32717087745912e-09 1512954364.1616676 81593957545835.28 38838723791819.05
26.047099371688805 6.16102102567604e-09 1476326103.8407047 79618587509302.52 37978066241935.53
25.992493293341447 6.498033089497904e-09 1560353332.4173586 84150194201204.75 40223792828176.67
25.938115692309353 7.427449789755487e-09 1787270456.061083 96387883976645.11 46169796424814.3
25.883965137628124 1.1287433258219547e-08 2721782165.3901763 146786303481740.12 70457425671230.89
25.830040210258062 2.3412110545713457e-08 5657238114.288271 305096080528304.9 146751214734110.06
25.776339502960226 6.406596644969265e-08 15512975748.5478 836618152285079.5 403249949401401.44
25.722861620174 9.368714601790627e-08 22732631015.36704 1225975729281677.2 592146277243056.9
25.66960517789621 5.8872496647852374e-08 14314699633.32275 771994861067675.9 373645512756754.6
25.616568803561712 2.749917172449089e-08 6700197892.80076 361343127964607.1 175251417062826.22
25.5637511359255 2.2330464233732347e-08 5452079069.842445 294031808690910.56 142899459023786.84
25.51115082494623 2.0018959142408518e-08 4897792904.158651 264139035357917.5 128635710219306.45
25.458766531671188 1.2613339044719102e-08 3092300467.4903417 166768436008432.38 81382996772115.19
25.40659692812268 1.8158739519297467e-08 4460958428.645004 240580457191967.56 117643843566872.64
25.354640697185825 2.093307555086232e-08 5153052358.782145 277905233200416.9 136173564268203.92
25.30289653249769 2.1036986511073628e-08 5189222156.452654 279855878246610.53 137409236219079.48
25.251363138337815 1.5165223953659197e-08 3748460817.271923 202155306221801.12 99460410661124.56
25.200039229520055 1.0355471630445208e-08 2564824427.1663675 138321538560545.64 68192518510350.48
25.148923531285735 8.65587243084252e-09 2148228241.6539497 115854415771093.84 57232081390917.27
25.09801477919811 9.660762664639756e-09 2402486838.1751575 129566637118702.38 64135485373757.29
25.047311719038113 8.334289770950099e-09 2076808489.0262504 112002732996070.06 55553355566050.32
24.996813106701342 6.851014471293152e-09 1710642338.28722 92255312937780.81 45850890530076.39
24.94651770809631 1.3511947395801885e-08 3380624929.607986 182317836888404.34 90794282770427.17
24.896424299043908 1.306748023882907e-08 3275999674.9325886 176675374174113.0 88161011712881.25
24.846531665178087 4.947442143039586e-09 1242807670.3783376 67024887661220.16 33512443830610.457
24.796838601847732 7.85033309533775e-09 1975971808.3941355 106564588902993.8 53388859040398.266
24.74734391401969 7.566347015721684e-09 1908299939.6906233 102915030322222.42 51663345221758.14
24.698046416183 7.1413643010669765e-09 1804710564.3102162 97328432803352.8 48956201700085.484
24.648944932254206 7.359555292915661e-09 1863554991.3791893 100501925539027.77 50652970471668.35
24.60003829548386 8.385424288140731e-09 2127542447.9334512 114738826421796.12 57943107343005.7
24.551325348364088 1.0717128281848715e-08 2724535446.5401945 146934788532305.94 74349002997346.45
24.50280494253728 9.482775686587158e-09 2415508942.2062273 130268922018126.48 66046343463186.36
24.454475938705844 6.9505457113729174e-09 1773983264.5062144 95671302849472.73 48601021847534.11
24.40633720654304 5.523600802080356e-09 1412565683.839772 76179974206816.4 38775606871269.88
24.35838762460484 9.662120945815964e-09 2475784884.15194 133519616662098.03 68095004497667.7
24.31062608024287 1.183734680114759e-08 3039115480.427996 163900158101817.94 83752980790029.19
24.263051469518324 9.514548549377332e-09 2447550953.9904356 131996954674717.89 67582440793452.93
24.21566269711692 2.3794602886022682e-08 6132973347.485238 330752585007235.5 169676076108717.84
24.16845867626484 5.8008471011825745e-08 14980676950.486673 807911162464692.8 415266337506855.2
24.12143832864565 9.511336794778214e-08 24610890858.07488 1327270690647461.5 683544405683417.4
24.07460058431818 7.905612919637967e-08 20495826240.23327 1105344361816925.1 570357690697540.5
24.027944381635393 4.1685239523325144e-08 10828159843.906115 583965012779979.5 301909911607243.06
23.981468667164144 2.4009374924935454e-08 6248762979.190184 336997145000171.06 174564521110082.44
23.93517239560591 2.3904869769485522e-08 6233598079.019263 336179298639406.2 174477055993847.03
23.889054529718422 1.8059110899722564e-08 4718308987.08853 254459428717769.8 132318902933242.75
23.843114040238195 1.480270337605703e-08 3874958319.8628597 208977344017883.78 108877196233313.88
23.797349905803955 1.744144873787693e-08 4574492652.684353 246703382559514.28 128779165696068.88
23.75176111288096 1.789906089237726e-08 4703524426.202938 253662094137290.75 132665275233800.11
23.706346655686158 1.6748893336080454e-08 4409714380.518932 237816854543851.8 124616031780980.58
23.66110553611424 1.4781499060257851e-08 3899172261.574327 210283207154818.22 110398683756277.97
23.616036763664496 8.036611212309435e-09 2124001981.5181696 114547888298860.08 60252189245203.05
23.571139355368558 7.449371364458187e-09 1972550018.4901338 106380051030093.31 56062286892858.7
23.526412335718902 6.2316642230931444e-09 1653245369.222053 89159881926708.75 47076417657302.5
23.481854736598223 5.7447951419798664e-09 1526972178.3425765 82349941309956.45 43563118952965.516
23.437465597209567 5.6395776935099316e-09 1501844302.5782204 80994789510999.22 42927238440828.05
23.393243964007283 1.4330186395279414e-08 3823405532.1165037 206197090974973.0 109490655307703.03
23.349188890628735 1.6951404067472726e-08 4531300379.757304 244374013897115.44 130006975393273.06
23.305299437826804 6.909671109381571e-09 1850510968.2996032 99798458540555.3 53192578402116.32
23.261574673403114 6.069402852624313e-09 1628530245.1157136 87826989914337.89 46899612614253.29
23.218013672142057 6.95011424618469e-09 1868339758.952328 100759969093729.23 53906583465144.71
23.17461551574553 5.659612396029915e-09 1524274296.840878 82204443974459.98 44061581970312.06
23.131379292768393 6.100679362006871e-09 1646135742.9675667 88776458238250.86 47672958073941.56
23.088304098554673 8.623210885565625e-09 2331127072.5001884 125718189453071.38 67636385925751.4
23.04538903517446 7.888003260982061e-09 2136348068.5127356 115213715452642.06 62100192628974.55
23.00263321136152 8.311682193968692e-09 2255279382.015803 121627707027475.03 65678961794836.984
22.96003574245159 1.1154273141917433e-08 3032198930.185287 163527147044620.6 88468186551135.56
22.917595750321365 7.863675850301824e-09 2141635333.5829558 115498858806527.8 62600381473139.336
22.875312363328153 5.593021688352612e-09 1526048882.4544253 82300147762124.11 44688980234831.08
22.833184716250198 5.876037705038995e-09 1606227505.7889483 86624198337215.69 47123563895442.45
22.791211950227677 5.2430167745595794e-09 1435829269.1884124 77434584418640.38 42201848508158.91
22.749393212704323 4.672856633804408e-09 1282040114.529418 69140701897465.38 37750823236018.17
22.707727657369702 9.117597411824696e-09 2506084497.0736094 135153681369499.72 73929063709112.22
22.666214444102113 1.0428552925203983e-08 2871666693.314879 154869608634861.66 84868545531904.78
22.624852738912146 7.697438680048313e-09 2123486242.1399162 114520074362147.42 62871520824819.414
22.583641713886806 2.2776372927038572e-08 6294765628.3750305 339478077864702.06 186712942825591.66
22.542580547134285 5.262398728898193e-08 14570320198.143202 785780533661547.8 432965074047522.4
22.501668422729324 7.953418223328549e-08 22061146270.71904 1189762411123965.5 656748850940399.9
22.46090453065916 6.909471296656617e-08 19200235252.86614 1035472858403419.4 572616490697087.6
22.420288066770084 3.818698981160886e-08 10630733030.697098 573317741852999.5 317618028986553.44
22.37981823271454 2.0166562444878275e-08 5624245835.7286 303316799778069.0 168340823876832.06
22.33949423589884 1.511894854479582e-08 4224129532.4717674 227808223370695.97 126661372194101.16
22.299315289431394 1.291864348725203e-08 3615882921.925338 195005351523452.03 108617980798561.36
22.259280612071553 8.775896011425638e-09 2460760341.266731 132709339800243.95 74051811608532.56
22.21938942817895 1.2302501625513601e-08 3455813407.6475544 186372767843639.0 104182377224594.84
22.179640967663424 1.7731801485194894e-08 4989848083.257909 269103591165561.47 150698011052714.78
22.140034465935454 1.61917824206227e-08 4564627491.154476 246171352255019.53 138102128615067.06
22.100569163857138 1.7425573927400535e-08 4921218040.200401 265402358033717.47 149156125214950.62
22.06124430769369 1.3692756098804088e-08 3873912821.901937 208920960085718.7 117622500528264.95
22.022059149065463 1.0312024601464733e-08 2922637756.7319107 157618489158313.44 88896827885285.7
21.98301294490045 6.199741637641332e-09 1760254043.8077157 94930882994554.34 53635948891922.195
21.944104957387353 4.15455144867283e-09 1181667373.4128342 63727578163251.73 36069809240401.16
21.905334453929072 3.6048547454503373e-09 1027133410.8615994 55393527990640.04 31408130370691.332
21.866700707096744 3.751502361824646e-09 1070806350.9429791 57748819137096.016 32801329269870.098
21.82820299458425 9.927252746682794e-09 2838573016.468358 153084859452987.4 87105285028744.9
21.789840599163185 1.0941401560662416e-08 3134064130.946286 169020759451691.75 96341832887467.34
21.75161280863834 4.280424567127002e-09 1228243173.0815475 66239421157893.59 37822709481159.195
21.713518915803597 4.707814004503551e-09 1353250075.3584762 72981070555211.56 41745172357578.27
21.675558218398344 5.769307202934063e-09 1661278133.8451614 89593090667936.55 51336840952726.34
21.637730019064314 4.911133029207818e-09 1416638287.601951 76399610612476.5 43853376491561.266
21.600033625302878 5.058598380542891e-09 1461721881.542475 78830978628018.14 45327812711112.586
21.562468349432788 4.931386580065562e-09 1427445542.9073765 76982448238954.77 44341890185636.21
21.525033508548354 5.625941458568643e-09 1631324457.6233084 87977682401910.08 50763122745904.836
21.48772842447808 5.97209527680722e-09 1734703265.6895483 93552923979781.3 54073590060314.0
