string
integrated and resized binned spectra ROIsize spatial in px50:1600
converted file:an 18 2019_15.34.39_66 binning:0.1
nm muJ
28.1 0.00017931144555941727
28.200000000000003 0.0014702417857458735
28.300000000000004 0.0014822885171499299
28.400000000000006 0.0014861933192602697
28.500000000000007 0.0014860431048309365
28.60000000000001 0.0014953346755373974
28.70000000000001 0.0014989742056389366
28.80000000000001 0.0015104751188264624
28.900000000000013 0.0015254779177224856
29.000000000000014 0.0015395897698148237
29.100000000000016 0.0015499509056018477
29.200000000000017 0.0015558527703493277
29.30000000000002 0.0016178208898420562
29.40000000000002 0.0015999085543561894
29.50000000000002 0.0015906051763398912
29.600000000000023 0.0015938129994278452
29.700000000000024 0.0016082147780203792
29.800000000000026 0.0016165414098003744
29.900000000000027 0.001634052676446193
30.00000000000003 0.001648071246947414
30.10000000000003 0.001721685232588447
30.20000000000003 0.0017201070281245873
30.300000000000033 0.0017033579063418759
30.400000000000034 0.0017515384750448361
30.500000000000036 0.0017419575146658908
30.600000000000037 0.0017883722306075147
30.70000000000004 0.0017684453281504445
30.80000000000004 0.0017737257155032618
30.90000000000004 0.0018152815113244602
31.000000000000043 0.0018232346851733087
31.100000000000044 0.0018111525147786027
31.200000000000045 0.001807493293587179
31.300000000000047 0.0018650866011687118
31.40000000000005 0.0018194239869211131
31.50000000000005 0.0018308041569112153
31.60000000000005 0.0018942399068052152
31.700000000000053 0.0018176275355462563
31.800000000000054 0.001785532712411849
31.900000000000055 0.001835453069379748
32.00000000000006 0.0017582834311678443
32.10000000000006 0.001782306977427393
32.20000000000006 0.0017495233545911136
32.30000000000006 0.0017389701005132477
32.40000000000006 0.0017848305422782386
32.500000000000064 0.001730526712910465
32.600000000000065 0.0017860602751276653
32.70000000000007 0.0017568169631617782
32.80000000000007 0.001845152286718997
32.90000000000007 0.0018021387741781886
33.00000000000007 0.001769908356922996
33.10000000000007 0.0017004926427341895
33.200000000000074 0.0017449829595564859
33.300000000000075 0.0016586631188568648
33.40000000000008 0.0016829574534028937
33.50000000000008 0.0016423692872585356
33.60000000000008 0.0016844879149666722
33.70000000000008 0.0016647940907708093
33.80000000000008 0.0016533130330032993
33.900000000000084 0.0016748144386226937
34.000000000000085 0.0016546778542910296
34.10000000000009 0.0017595227388416568
34.20000000000009 0.0018911765469270985
34.30000000000009 0.001847334830902762
34.40000000000009 0.0017976090783371364
34.50000000000009 0.001697067452441003
34.600000000000094 0.0017524659277153795
34.700000000000095 0.001696836243674756
34.8000000000001 0.0016382446891798842
34.9000000000001 0.0016774912081329197
35.0000000000001 0.0016783009954573944
35.1000000000001 0.0016639774548727036
35.2000000000001 0.0016396409766342066
35.300000000000104 0.0016667902529887775
35.400000000000105 0.0016951285859970455
35.50000000000011 0.0016416071117676574
35.60000000000011 0.0018150208174597545
35.70000000000011 0.001976040681384233
35.80000000000011 0.0018497192783083927
35.90000000000011 0.0017528666408374433
36.000000000000114 0.0016137158664250855
36.100000000000115 0.001644226127591661
36.20000000000012 0.0015758213233857197
36.30000000000012 0.0015593952380293452
36.40000000000012 0.001538350206135456
36.50000000000012 0.0015054745663003494
36.60000000000012 0.0015274320352476611
36.700000000000124 0.0015212036525117023
36.800000000000125 0.0015232395055118772
36.90000000000013 0.001545076863590601
37.00000000000013 0.0015424089850849022
37.10000000000013 0.0015389806694623286
37.20000000000013 0.0018029443500039086
37.30000000000013 0.00232969989186899
37.400000000000134 0.001972735918122662
37.500000000000135 0.0018800343119393743
37.600000000000136 0.0016069483380985966
37.70000000000014 0.0016139640510549555
37.80000000000014 0.0014951106859438631
37.90000000000014 0.0014369961283464796
38.00000000000014 0.0014005415529904888
38.10000000000014 0.0013772277524105284
38.200000000000145 0.00134395152785604
38.300000000000146 0.0013481744999999964
38.40000000000015 0.001341047395549993
38.50000000000015 0.001384727340086685
38.60000000000015 0.001399051434738477
38.70000000000015 0.0013818970069223399
38.80000000000015 0.001449295084879177
38.900000000000155 0.0015231801930737617
39.000000000000156 0.0018642490401101846
39.10000000000016 0.0022874640488364057
39.20000000000016 0.0020800515597687993
39.30000000000016 0.002184478001360631
39.40000000000016 0.0019402421580497937
39.50000000000016 0.002050972754299898
39.600000000000165 0.0017616300867674044
39.700000000000166 0.0016010645885427249
39.80000000000017 0.001474309878191623
39.90000000000017 0.0013690687846994731
40.00000000000017 0.0012974991248417796
40.10000000000017 0.0012927427179804608
40.20000000000017 0.0012713686512683107
40.300000000000175 0.00132320451335781
40.400000000000176 0.0016432875837680307
40.50000000000018 0.0016942840013658184
40.60000000000018 0.0016916740094837467
40.70000000000018 0.001713261289156598
40.80000000000018 0.0015909311662491037
40.90000000000018 0.00213000869299751
41.000000000000185 0.0028087702674415805
41.100000000000186 0.003154344135324572
41.20000000000019 0.003015250642320495
41.30000000000019 0.002407244225515374
41.40000000000019 0.0035510219896715397
41.50000000000019 0.004480895049863021
41.60000000000019 0.002629991638449967
41.700000000000195 0.0022037393921458684
41.800000000000196 0.0016963788397778093
41.9000000000002 0.0014234372842552325
42.0000000000002 0.0013717604199483045
42.1000000000002 0.0013452008995616875
42.2000000000002 0.0013194488759923542
42.3000000000002 0.0013033956750868412
42.400000000000205 0.0015924001629380072
42.500000000000206 0.0024774744056014673
42.60000000000021 0.002703360601968432
42.70000000000021 0.002808338078432375
42.80000000000021 0.0023488565768498585
42.90000000000021 0.001950676787318894
43.00000000000021 0.002211603936991721
43.100000000000215 0.0029832412451834362
43.200000000000216 0.0041790925520264754
43.30000000000022 0.004868037513022629
43.40000000000022 0.003973512853340119
43.50000000000022 0.003260835738174057
43.60000000000022 0.008713261997553151
43.70000000000022 0.008582381799007492
43.800000000000225 0.00433236344702418
43.900000000000226 0.0034424394522191613
44.00000000000023 0.0025684566107067636
44.10000000000023 0.001644878701659461
44.20000000000023 0.0019168332840916922
44.30000000000023 0.0015730153041816585
44.40000000000023 0.0016327634907905785
44.500000000000234 0.0016923445889607074
44.600000000000236 0.00149005830986923
44.70000000000024 0.002213762078545733
44.80000000000024 0.0030101555889790322
44.90000000000024 0.003864079333008173
45.00000000000024 0.00512307751453139
45.10000000000024 0.004503271210641853
45.200000000000244 0.003017987694179034
45.300000000000246 0.0031156477690280327
45.40000000000025 0.0036320961710101193
45.50000000000025 0.005337520210927151
45.60000000000025 0.00671025097437586
45.70000000000025 0.007413532510763553
45.80000000000025 0.006307645597743402
45.900000000000254 0.004190482834990007
46.000000000000256 0.010881218104477076
46.10000000000026 0.015697943534546926
46.20000000000026 0.009759284712916793
46.30000000000026 0.006523601698400797
46.40000000000026 0.005684008204067408
46.50000000000026 0.003194436193388858
46.600000000000264 0.003116628442661652
46.700000000000266 0.0036270213232465773
46.80000000000027 0.0025352518348309445
46.90000000000027 0.002600304471685452
47.00000000000027 0.002631283338051426
47.10000000000027 0.002092399381429111
47.20000000000027 0.002401745345786269
47.300000000000274 0.002978059054649655
47.400000000000276 0.0031526224248980437
47.50000000000028 0.005328792911996648
47.60000000000028 0.008763278659168205
47.70000000000028 0.00740301476965985
47.80000000000028 0.00550219848968474
47.90000000000028 0.004527275919012814
48.000000000000284 0.004830444181969333
48.100000000000286 0.006269665478290249
48.20000000000029 0.008929048152265771
48.30000000000029 0.01090560732686235
48.40000000000029 0.011470847597790386
48.50000000000029 0.009201719170582089
48.60000000000029 0.007668046211325157
48.700000000000294 0.015146386140522277
48.800000000000296 0.02364163077626453
48.9000000000003 0.01926112387759955
49.0000000000003 0.010286541619698816
49.1000000000003 0.010496143142318677
49.2000000000003 0.010115639676039987
49.3000000000003 0.008279108370483524
49.400000000000304 0.007052957648777896
49.500000000000306 0.00538935009800328
49.60000000000031 0.0047625921498434705
49.70000000000031 0.004409791780139618
49.80000000000031 0.0045268018235795245
49.90000000000031 0.004083233045330019
50.00000000000031 0.0035517992203892832
50.100000000000314 0.003827838665755399
50.200000000000315 0.004128401890387007
50.30000000000032 0.004691378211377343
50.40000000000032 0.00611085235806316
50.50000000000032 0.00907802198564036
50.60000000000032 0.010271350743484205
50.70000000000032 0.008961627138485936
50.800000000000324 0.007823968054379947
50.900000000000325 0.0071867318836394585
51.00000000000033 0.006519171176522806
51.10000000000033 0.008045118303363224
51.20000000000033 0.010656933256102414
51.30000000000033 0.012346818307171848
51.40000000000033 0.01485441993134688
51.500000000000334 0.012826513041303264
51.600000000000335 0.009513456150660725
51.70000000000034 0.012772798848678761
51.80000000000034 0.021713465816739417
51.90000000000034 0.025345589366081916
52.00000000000034 0.018871998130472564
52.10000000000034 0.013450912153705774
52.200000000000344 0.011252051042382916
52.300000000000345 0.01326710146950078
52.40000000000035 0.012902382563574838
52.50000000000035 0.010819606521466973
52.60000000000035 0.009354192709252692
52.70000000000035 0.007060352746220146
52.80000000000035 0.006235609515167956
52.900000000000354 0.005803594050985316
53.000000000000355 0.005632461576275431
53.10000000000036 0.005083534512850599
53.20000000000036 0.004437410332310075
53.30000000000036 0.004358058354143065
53.40000000000036 0.003997079454616051
53.50000000000036 0.0038590654662901103
53.600000000000364 0.0044060641386164095
53.700000000000365 0.005450874203242791
53.80000000000037 0.007414935624674279
53.90000000000037 0.009936010219390017
54.00000000000037 0.010967595503847332
54.10000000000037 0.011073353276525099
54.20000000000037 0.009413492228987448
54.300000000000374 0.008486729356799118
54.400000000000375 0.008077296873210675
54.50000000000038 0.009825348407651235
54.60000000000038 0.010574972624905025
54.70000000000038 0.012347896254994613
54.80000000000038 0.014833894029417012
54.90000000000038 0.014262830842349692
55.000000000000384 0.009116583912730496
55.100000000000385 0.008956730259072076
55.20000000000039 0.01484881475466876
55.30000000000039 0.02196061388896277
55.40000000000039 0.022845958332551777
55.50000000000039 0.015440093037520218
55.60000000000039 0.011010658002535471
55.700000000000394 0.010784534286776616
55.800000000000395 0.01108142508515356
55.9000000000004 0.009850604583026737
56.0000000000004 0.009503131357738647
56.1000000000004 0.00965227750158278
56.2000000000004 0.009830310787534165
56.3000000000004 0.010015948390603557
56.400000000000404 0.0078103729521198165
56.500000000000405 0.006514325063341181
56.600000000000406 0.005332611796156802
56.70000000000041 0.004469404203488688
56.80000000000041 0.003834065971337255
56.90000000000041 0.004008409126914122
57.00000000000041 0.003798895630112471
57.10000000000041 0.002995122283383463
57.200000000000415 0.0027073774080801235
57.300000000000416 0.0027911627406613333
57.40000000000042 0.003107588250767394
57.50000000000042 0.0031525582700844147
57.60000000000042 0.0034528263258158023
57.70000000000042 0.004777556676230495
57.80000000000042 0.006769685002245183
