string
20190118an 18 2019_16.45.   full spectra  index number  Nphoton via eV
eV x-axis E [J] Nphoton Nphoton/sr Nphoton/sr @ 0.1bw
43.81066890785845 2.1628363948886153e-09 308129131.44715476 16617470999441.025 4719361763841.352
43.65640598916881 2.2864914700515815e-09 326896733.41107434 17629611850582.758 5024439377415.826
43.50322561727698 2.725813511749224e-09 391078242.87002134 21090934599020.504 6032007295319.864
43.35111643679699 3.2298721588858463e-09 465022558.5095792 25078767605730.562 7197606302844.61
43.20006725060606 2.5809684075011537e-09 372895584.21213925 20110339867451.25 5791777881825.751
43.05006701709701 2.011757541630462e-09 291669341.4460854 15729790948823.775 4545909584210.024
42.90110484748767 1.9440201723282307e-09 282827259.31467956 15252935538550.723 4423351306179.747
42.75317000318599 2.0584871814349928e-09 300516844.5279979 16206938712135.344 4716219165231.229
42.606251893209404 2.1670664194342674e-09 317459162.81959355 17120641618289.074 4999227352540.298
42.46034007165731 2.5316917497422395e-09 372148551.5506711 20070052233726.777 5880525304481.736
42.31542423523527 2.5347762805488577e-09 373877999.35778505 20163321729683.836 5928016588527.047
42.17149422082971 2.6885755381758225e-09 397916757.07890636 21459737155960.504 6330622461008.347
42.02854000313198 2.875339260090802e-09 427005791.55305815 23028515104691.586 6816440470988.819
41.88655169231059 3.796538890257801e-09 565720894.3245173 30509450732761.324 9061306867629.873
41.745519531730416 4.0565275572109845e-09 606503812.4411829 32708882366808.227 9747246945308.602
41.605433895717894 2.832036513299886e-09 424852098.45583415 22912365968072.37 6850797424453.459
41.46628528737101 2.1949830885142977e-09 330388575.97245306 17817927678514.387 5345378303554.395
41.32806433641311 2.1409337928627812e-09 323330852.35689515 17437303110649.67 5248628236305.432
41.19076179708947 2.3850992101478742e-09 361406200.58136046 19490714912195.555 5886195903482.884
41.05436854610573 2.5099607924694095e-09 381589605.22323835 20579210309340.15 6235500723730.058
40.91887558060703 3.019769282079335e-09 460616028.8292693 24841122502760.855 7551701240839.316
40.78427401619714 3.1587662951334093e-09 483407889.60091203 26070292505666.04 7951439214228.088
40.65055508499649 3.319766453911351e-09 509718066.0574855 27489206037807.25 8411697047569.105
40.51771013373833 3.430081187051423e-09 528382567.9762369 28495786681114.76 8748206511101.525
40.38573062190204 4.337151005291413e-09 670294373.3509067 36149121175053.51 11133929321916.088
40.254608119882874 5.770211962654468e-09 894674663.2746166 48249998956850.945 14909249677667.43
40.124334307197174 4.63040535671719e-09 720277994.21376 38844748707038.33 12041872099181.605
39.99490097072234 2.8978012126446365e-09 452223304.21474326 24388501040995.24 7584823823749.22
39.86630000297082 2.4308695063901395e-09 380578885.4998689 20524701975081.805 6403707016225.466
39.73852340039719 2.420916105145177e-09 380239288.6624618 20506387443863.64 6418499269929.456
39.61156326173778 2.840046765587817e-09 447499427.6365428 24133741350879.254 7577994784175.992
39.485411786381924 2.8619339296704142e-09 452388864.99845386 24397429770028.53 7685190377558.811
39.36006127277436 3.4993495669455176e-09 554907426.8641486 29926278083417.414 9456703874359.758
39.235504116847856 3.997802312032078e-09 635961833.3496478 34297559834103.45 10872326467411.03
39.11173281048556 4.117707209816575e-09 657108946.6836406 35438028250377.77 11269292983620.05
38.98873994001234 4.049859729552747e-09 648320503.3272351 34964065590893.414 11153536923494.424
38.86651818471449 5.157072808063468e-09 828164482.8217994 44663090475814.22 14292188952260.025
38.74506031538725 7.256613900001827e-09 1168978839.8361077 63043282790897.92 20236893775878.582
38.62435919290941 6.914812577570163e-09 1117398543.4256005 60261546199753.25 19404217876320.46
38.50440776684447 3.994441731301731e-09 647492313.5264453 34919401135014.086 11278966566609.402
38.38519907406786 2.8118214031259147e-09 457207041.01979643 24657275049599.555 7988957116070.21
38.266726237419505 2.468597624752165e-09 402640977.942451 21714515413459.9 7057217509374.469
38.14898246438129 2.470985487556413e-09 404274371.7996432 21802604699030.133 7107649131883.717
38.03196104577889 3.108568163215802e-09 510153241.0426372 27512675119297.457 8996644764009.945
37.91565535450739 3.252495722024549e-09 535410818.0172314 28874821732700.195 9470941528325.676
37.80005884428024 3.757908956099106e-09 620501381.9189249 33463774329689.484 11009581754468.09
37.68516504840097 4.849781137284159e-09 803231428.852226 43318445458574.3 14295087001328.725
37.57096757855732 5.007784120311635e-09 831921204.0938675 44865691270157.75 14850543810422.482
37.45746012363721 4.723016691335274e-09 786991658.8489357 42442631134236.22 14090953536565.373
37.34463644856601 5.2697219326226055e-09 880741455.0082458 47498578008081.3 15817026476691.227
37.23249039316491 8.418782552600275e-09 1411289729.6738687 76111161721450.5 25421128014964.273
37.121015871029684 8.972440828362747e-09 1508619527.6765382 81360178872456.89 27255659922272.152
37.01020686842959 5.5868433748107294e-09 942180167.9694521 50811981145528.32 17072825664897.625
36.90005744322593 3.6628036372548066e-09 619548870.2720907 33412405169644.28 11259980542169.928
36.79056172380983 2.84784425579218e-09 483135323.0201844 26055592930752.8 8806790410594.746
36.68171390805892 2.269278550544937e-09 386124326.380357 20823768806503.52 7059257625404.642
36.57350826231243 2.4498333402642433e-09 418079520.3892342 22547119361610.312 7666020582947.071
36.465939120364446 3.5865324586831378e-09 613869898.3449376 33106136979866.547 11289192710134.756
36.35900088247482 3.861592673941532e-09 662893096.3288211 35749968697338.39 12226489294489.941
36.25268801439741 3.989007650929359e-09 686773660.5734679 37037852715061.54 12703983481265.238
36.146995046425396 5.671664612647705e-09 979326072.1776472 52815267829356.72 18168452133298.06
36.041916572453225 6.229899230920192e-09 1078852617.9406145 58182756064315.43 20073050842188.066
35.937447249054806 5.969729543348376e-09 1036803384.6863974 55915031779795.7 19346600995809.113
35.83358179457777 5.907731222379627e-09 1029009732.7100573 55494718435554.9 19256667297138.35
35.73031498825334 9.083540354792152e-09 1586745516.8831894 85573530443101.3 29779588594198.836
35.62764166932158 1.2287911258869366e-08 2152682426.5854807 116094630932114.92 40517026195308.4
35.52555673617166 1.0880130641921425e-08 1911534727.1224942 103089483111174.94 36081319088910.164
35.42405514549688 5.802707984315465e-09 1022401352.2830395 55138327043467.14 19353552792256.76
35.323131911464124 3.6112115766468964e-09 638091127.1439793 34412393111016.973 12113162375077.676
35.22278210489746 2.5898423014525537e-09 458921747.7590608 24749749556565.016 8736661593467.415
35.123000852475656 2.4371916912063426e-09 433098868.8739044 23357116088314.844 8268419095263.819
35.02378333594324 2.567476312446204e-09 457543471.25849724 24675418805461.547 8759773675938.81
34.92512479133495 3.689342013694974e-09 659325580.5399518 35557571795808.33 12658495559307.682
34.827020508213224 4.536647377279254e-09 813032070.8488643 43846996210624.73 15653377647191.541
34.7294658289185 4.090875448329269e-09 735202759.4241364 39649644537212.15 14194572744322.27
34.63245614783214 5.51247337529394e-09 993464120.0448273 53577735822299.05 19234407160205.055
34.535986910651545 7.903802560560224e-09 1428411002.394776 77034515678854.55 27732425644387.76
34.44005361367751 7.1494257429074326e-09 1295675705.8193173 69876072298037.18 25225262099591.08
34.34465180311331 6.948270238690723e-09 1262718543.294619 68098685363196.305 24651724101476.29
34.24977707437542 8.469524854503617e-09 1543441852.616739 83238154421568.97 30215450055030.28
34.15542507141571 1.492205596296735e-08 2726829254.741297 147058494106917.06 53529291854917.586
34.06159148605468 1.831257537828389e-08 3355625331.55135 180969603134092.56 66053905143942.81
33.96827205732576 1.3102827891272819e-08 2407579053.340217 129841261388828.56 47521901668310.99
33.87546257083034 7.048242668247116e-09 1298627480.6397746 70035262155372.17 25702941211021.363
33.78315885810328 4.243158258872073e-09 783931200.2760699 42277579938522.48 15558149417376.305
33.69135679598887 3.2250096824153385e-09 597449905.4663119 32220603196708.54 11889402579583.861
33.600052306026825 2.6114835608662338e-09 485105633.07137924 26161852179860.03 9679885306548.195
33.509241353848374 2.5798370006075947e-09 480525729.2834253 25914856973599.867 9614411937205.65
33.41891994858194 3.0598362543710756e-09 571471729.5185193 30819594524132.387 11464889162977.748
33.32908414226855 4.795386737948843e-09 898026666.3538294 48430773211129.49 18064678407750.297
33.23973002928659 6.469621758134153e-09 1214815648.8580537 65515271859415.24 24502711675421.152
33.150853745785824 6.202817934977769e-09 1167839852.2718356 62981856944113.734 23618196354042.47
33.062451469130394 7.937035759155391e-09 1498346507.5788991 80806152666796.19 30383113402715.0
32.97451941735079 1.1699649651285317e-08 2214539122.595166 119430575986172.48 45025327146786.77
32.8870538486045 1.1104637955417952e-08 2107504008.0454688 113658149005322.45 42962780324011.88
32.80005106064523 9.555699805799499e-09 1818347789.3867743 98063891314394.03 37166214808155.4
32.71350739030052 1.0409314746184988e-08 1986021774.222136 107106585743434.75 40700502582506.06
32.627419212957626 1.731739163584558e-08 3312750517.889714 178657355118844.84 68068452300278.48
32.54178294205747 2.4755783137777854e-08 4748148579.614098 256068684425271.12 97818237450443.55
32.45659502859658 2.165015747028852e-08 4163389835.925398 224532518340361.16 85995954524362.77
32.3718519606368 1.2665549479919255e-08 2441998906.1806197 131697531530162.19 50571852107580.11
32.28755026282264 6.165339547801212e-09 1191820577.1067743 64275142644231.04 24745929918028.836
32.20368649590622 4.116989605577022e-09 797926989.7089428 43032375903197.23 16610497098634.934
32.12025725627952 2.8484071522656047e-09 553492865.8577322 29849990501030.56 11551946323898.244
32.03725917551394 2.3656875239592752e-09 460883329.6225613 24855538092613.703 9643948779934.008
31.954688919906943 2.7481157757699216e-09 536771447.14065695 28948200756920.746 11260850094442.268
31.872543190035717 3.1067111005438703e-09 608377474.5689768 32809929372409.86 12795872455239.904
31.790818720317677 5.2044547317061125e-09 1021791998.9328008 55105464484907.86 21546236613598.73
31.709512278577733 9.26933987829891e-09 1824518281.5217237 98396667295760.11 38571493579936.89
31.628620665622176 8.552485638672489e-09 1687722638.2431078 91019248535138.5 35770564674309.57
31.548140714819066 8.100443498159714e-09 1602595809.0777402 86428340144600.7 34052766016969.977
31.468069291685 1.1420490428687576e-08 2265184760.7787147 122161906256084.45 48253952971154.4
31.388403293478206 1.6910291152651094e-08 3362566144.0128675 181343922658021.12 71812193372575.06
31.309139648797704 1.4896145336640367e-08 2969557520.9525485 160148882235966.28 63579106247679.305
31.230275317188642 1.3621083297361995e-08 2722229968.741052 146810453613737.3 58430560538265.305
31.151807288753492 1.484634319708276e-08 2974577051.2019587 160419586592800.8 64007415050529.66
31.07373258376915 2.4430833829843656e-08 4907200927.275059 264646412088461.34 105858564835384.22
30.996048252309727 3.614363899411483e-08 7278041411.777627 392506354478487.94 157395048145867.16
30.918751373875036 3.275817045090502e-08 6612819463.404443 356630790284458.1 143365577694351.5
30.8418390570246 2.127846685185322e-08 4306148884.646128 232231544852015.0 93589312575364.83
30.765308439017097 1.0927625306307333e-08 2216937739.613842 119559933923084.88 48302213304926.37
30.689156685455174 4.842977336370446e-09 984955153.8599997 53118845427393.79 21513132398093.586
30.61338098993553 3.4505662305077495e-09 703506389.4051604 37940252416109.766 15403742480939.533
30.537978573704155 3.491938583654731e-09 713699324.1801647 38489959602922.375 15665413558389.65
30.462946685316677 2.9908180502766427e-09 612783492.4715068 33047546875092.72 13483399125037.418
30.388282600303643 2.847447648197827e-09 584842017.2336147 31540657045278.285 12900128731518.715
30.313983620840798 3.266242189300354e-09 672503187.9512745 36268243026312.31 14869979640788.574
30.240047075424116 5.139180965747121e-09 1060719182.0074502 57204815924983.75 23511179345167.92
30.166470318549603 1.1785399969825721e-08 2438421636.171186 131504608581397.98 54179898735536.49
30.093250730397784 1.598056215995234e-08 3314453450.5403395 178749194646652.12 73823417389066.55
30.02038571652273 1.2082164050391187e-08 2511987275.333765 135472019483437.8 56085416066143.45
29.94787270754562 1.2671108458084702e-08 2640812728.618587 142419604166184.75 59104135728966.59
29.87570915885274 1.780742755133573e-08 3720248395.4670434 200633804184766.4 83463662540860.67
29.803892550297803 2.2882869659790883e-08 4792106626.359371 258439351436049.8 107769209548833.8
29.7324203859086 2.3523354437485247e-08 4938078192.623316 266311629716722.84 111318261221590.19
29.661290193597814 2.0403110521455713e-08 4293340360.0613637 231540778338529.88 97015586123836.98
29.590499524878005 2.2830208043475243e-08 4815557215.705307 259704046814074.22 109075699661906.38
29.520045954580674 3.467950668478981e-08 7332378184.849282 395436748454807.9 166478871099479.62
29.449927080579297 4.8675876414986765e-08 10316170964.12056 556353341264487.3 234781110013605.5
29.38014052351631 4.70806732358128e-08 10001790895.660297 539398755873924.6 228165673734676.9
29.310683926534004 3.0874331614462104e-08 6574467564.614494 354562464050835.6 150334484757547.84
29.241554955009157 1.7688546733302827e-08 3775553817.359403 203616437602424.16 86536985981033.36
29.17275129629149 7.608187573808315e-09 1627769086.9685369 87785940490100.42 37396810648782.18
29.104270659445735 4.750951243242894e-09 1018856048.0238895 54947128014560.26 23462423662216.63
29.036110774997383 3.6131867416182713e-09 776677883.0183214 41886406963042.055 17927382180182.03
28.96826939468197 2.3049172730110404e-09 496617211.18001735 26782674088128.387 11489767183806.896
28.90074429119786 2.1036863464861983e-09 454319037.5755335 24501524396436.934 10535655490468.184
28.833533257962518 2.679594232658628e-09 580042940.0555766 31281841770475.86 13482473803073.748
28.76663410887211 3.9396142073291175e-09 854778559.8406521 46098393431301.0 19914505962321.844
28.700044678064536 4.809997459442616e-09 1046047122.2212633 56413548553236.266 24427066523551.855
28.633762819685636 7.181797809686932e-09 1565466310.2239497 84425938205099.38 36640857181012.1
28.56778640765871 1.516277809557516e-08 3312769079.5868187 178658356155202.22 77716384927514.9
28.502113335457196 1.7331920522319876e-08 3795409156.747859 204687240369180.12 89243636800963.33
28.43674151588046 1.2206121235991442e-08 2679087041.3860693 144483746168760.22 63139397075745.734
28.371668880832676 1.400187105633377e-08 3080279787.74093 166120158138075.7 72760629264476.25
28.306893381104747 2.1262351699181862e-08 4688220863.50983 252836769676580.2 110995341888018.14
28.242412986159177 3.10843809478768e-08 6869567546.5567875 370477270186920.4 163009998882249.94
28.17822568391791 3.234149940208379e-08 7163668528.402508 386338200030765.9 170375146213564.5
28.114329480553014 2.70598056907812e-08 6007391260.596719 323979915778856.6 143199122774251.03
28.050722400280268 3.144211962348874e-08 6996111787.411371 377301828587715.25 167144710064366.28
27.987402485155485 4.7208242895008535e-08 10527959791.391083 567775158729925.9 252092170476059.7
27.924367794873596 6.303220136742557e-08 14088608477.181376 759801715899077.1 338111763575083.0
27.86161640657051 6.905087180921155e-08 15468629318.130915 834226539658515.1 372065036687699.1
27.799146414627526 5.147260073708785e-08 11556694321.070518 623255035406252.0 278595000826604.8
27.736955930478473 3.431083285123267e-08 7720784637.5690775 416383592830585.1 186539849588097.94
27.675043082419368 1.5566381475449405e-08 3510656503.3944616 189330467911832.97 85009380092413.73
27.61340601542066 7.490779545553025e-09 1693152250.3040617 91312068693159.14 41090430911920.92
27.552042890941948 3.4832839990980344e-09 789085483.2952498 42555551541505.51 19192553745219.203
27.490951886749173 3.811314623714691e-09 865314534.1024506 46666600812161.125 21093303567096.773
27.43013119673424 4.840343685176373e-09 1101380262.9797547 59397676855366.36 26907147615479.832
27.369579030737032 4.4103238385809074e-09 1005753000.716192 54240477826642.82 24625176933296.31
27.30929361436977 3.0525643852354673e-09 697659224.7124974 37624913553948.51 17119335667046.691
27.249273188843684 5.025708299843499e-09 1151148441.1377172 62081685515471.88 28309248595052.992
27.18951601079797 5.478628749419149e-09 1257648768.9563715 67825271331735.32 30996148998603.062
27.130020352131016 4.8612186920255065e-09 1118366152.0509675 60313729543130.516 27623688130752.902
27.070784499833785 5.507780106524744e-09 1269885973.7546678 68485226445018.02 31434718938263.355
27.011806755825432 1.3588263325358132e-08 3139780552.6996894 169329047318735.06 77891361766621.05
26.95308543679103 2.8205713628433707e-08 6531569902.255635 352248983800382.9 162386781531972.4
26.89461887402142 2.8615002250876682e-08 6640753579.198854 358137283217886.9 165459424846667.66
26.83640541325514 2.5821486385499917e-08 6005454336.872353 323875457061608.4 149954336619524.2
26.778443414522407 3.415361468014795e-08 7960499522.931112 429311468675784.5 199200521465561.3
26.720731251991108 4.352184796374726e-08 10165949857.584345 548251884353725.8 254937126224476.88
26.66326731381478 4.522800410669841e-08 10587246653.214838 570972512068044.4 266073190623702.47
26.60605000198256 3.794276029604256e-08 8900973213.615059 480031419130576.44 224174672733985.38
26.549077732171035 3.59834529500993e-08 8459454744.670672 456220232181317.6 213511068660855.3
26.49234893359802 3.8679595959313676e-08 9112770588.412613 491453697566004.75 230491784158431.75
26.43586204887819 4.9641871834272294e-08 11720432739.463423 632085483882056.4 297080177424580.1
26.37961553388058 6.918983128744379e-08 16370531686.708523 882866330332562.2 415830041586636.1
26.323607857587838 8.124147735982172e-08 19262886899.265354 1038851675304685.8 490337990743784.2
26.267837501957352 8.339696545516849e-08 19815950203.348385 1068678499445885.2 505484930237921.4
26.212302961784083 6.119559777294457e-08 14571490496.531206 785843648107858.0 372489889203130.2
26.15700274456513 2.9545628110112962e-08 7050082903.232723 380212502589088.0 180600938729808.47
26.101935370366043 1.5373282892633196e-08 3676062476.321444 198250847965933.3 94367403631787.78
26.047099371688805 1.062152315285521e-08 2545167729.140794 137261448565644.39 65473710965809.32
25.992493293341447 6.737461509480084e-09 1617846565.8080006 87250816768262.94 41705890415230.516
25.938115692309353 4.758713866846783e-09 1145091376.4229484 61755026699518.055 29580657789069.977
25.883965137628124 4.183430938403957e-09 1008766781.4113339 54403011674270.23 26113445603648.086
25.830040210258062 5.903738245957591e-09 1426563101.03267 76934857956942.94 37005666677288.4
25.776339502960226 4.0785630072565165e-09 987585960.6391386 53260725408530.766 25671669646911.395
25.722861620174 3.4734983461905164e-09 842823798.0623811 45453670531448.49 21954122866689.87
25.66960517789621 4.486706361037709e-09 1090931378.1160367 58834166224664.73 28475736452737.688
25.616568803561712 4.868391151757459e-09 1186187877.3346617 63971369921827.18 31026114412084.723
25.5637511359255 5.740969989569267e-09 1401682562.1315186 75593045088751.81 36738219913134.49
25.51115082494623 5.641551827376522e-09 1380249208.3633697 74437139663678.23 36250887016211.48
25.458766531671188 1.419489294492499e-08 3480036010.602967 187679098083341.03 91587399864670.62
25.40659692812268 3.056718919805228e-08 7509274536.82167 404976807147090.94 198033658694928.3
25.354640697185825 3.698120447871137e-08 9103587406.762033 490958446584559.44 240569638826433.5
25.30289653249769 3.411166378702134e-08 8414370633.545692 453788836273905.94 222810318610477.62
25.251363138337815 2.6440556129217115e-08 6535438509.850353 352457618648414.0 173409148375016.9
25.200039229520055 3.171779528413674e-08 7855805995.493676 423665323996604.3 208867004730330.44
25.148923531285735 3.547958299288934e-08 8805379561.261778 474876032691616.06 234588760149645.7
25.09801477919811 4.314189290084507e-08 10728741970.612059 578603385274878.1 286408675711062.94
25.047311719038113 4.94837498852761e-08 12330777385.35094 665001503231039.5 329840745602593.06
24.996813106701342 5.174063682901809e-08 12919214277.028791 696736032636075.4 346277808220124.4
24.94651770809631 5.21572159291167e-08 13049487188.182951 703761679036173.4 350473316160021.3
24.896424299043908 6.212022747029963e-08 15573457260.316887 839879933354285.2 419100086743782.9
24.846531665178087 9.068019371295277e-08 22779051687.628693 1228479206221555.2 614239603110784.6
24.796838601847732 1.1245854926223802e-07 28306432384.003815 1526572047990515.0 764812596043224.8
24.74734391401969 1.1192879944878263e-07 28229437639.318085 1522419704682644.8 764254691750724.5
24.698046416183 8.408795231821212e-08 21250059439.933323 1146020322132546.2 576448222032659.4
24.648944932254206 5.694897717816478e-08 14420375477.913366 777693982324333.8 391957767091451.5
24.60003829548386 3.821932625117705e-08 9696973717.33419 522959899225817.56 264094749109031.78
24.551325348364088 2.136941387587929e-08 5432586421.049885 292980565906785.06 148248166348832.56
24.50280494253728 8.674890460897654e-09 2209719619.3933387 119170659131469.58 60419524179651.63
24.454475938705844 6.285097609746871e-09 1604141378.026648 86511693013787.36 43947940051005.75
24.40633720654304 5.488270616995503e-09 1403530598.0609853 75692710067910.4 38527589424566.73
24.35838762460484 5.426145674261758e-09 1390374796.0597692 74983214807910.66 38241439552033.15
24.31062608024287 4.256579722996997e-09 1092832502.6839597 58936694285628.69 30116650779956.34
24.263051469518324 5.602902908575743e-09 1441307518.463165 77730027592167.53 39797774127188.23
24.21566269711692 7.020944094040897e-09 1809623098.5317426 97593366841158.89 50065397189516.29
24.16845867626484 4.4709214626631076e-09 1154614643.9456954 62268618585932.43 32006069953169.51
24.12143832864565 4.805644361527213e-09 1243475984.881545 67060930007568.25 34536378953896.367
24.07460058431818 9.810105148470956e-09 2543334875.6807866 137162602380362.1 70775902828267.73
24.027944381635393 1.2942269395430172e-08 3361884526.9725657 181307162902957.6 93735803220827.11
23.981468667164144 8.122987411762614e-09 2114116805.5288954 114014778610221.92 59059655320092.87
23.93517239560591 8.956909322749531e-09 2335665213.2659936 125962932370474.12 65374761900274.29
23.889054529718422 1.2774345966866224e-08 3337556965.806605 179995172244158.7 93597489566964.25
23.843114040238195 1.636109367448042e-08 4282903902.4404793 230977937911734.06 120339505652009.5
23.797349905803955 2.620573830821856e-08 6873165133.856128 370671288851543.06 193490412780509.12
23.75176111288096 3.744015073323674e-08 9838542063.93004 530594710913198.75 277501033807596.78
23.706346655686158 3.8469243318042224e-08 10128333380.798227 546223219588539.0 286220967064399.56
23.66110553611424 3.8715858315160606e-08 10212753132.149685 550775995118961.25 289157397437450.5
23.616036763664496 4.866634301536312e-08 12862064154.546816 693653914114861.9 364861958824433.4
23.571139355368558 6.11716795586383e-08 16197903385.534971 873556448547086.8 460364248384310.9
23.526412335718902 6.475416843145168e-08 17179123467.596724 926473860740963.5 489178198471231.6
23.481854736598223 6.012441418676425e-08 15981128209.681334 861865716219285.6 455926963879986.94
23.437465597209567 5.86620088668174e-08 15621950539.986408 842495186461939.8 446522448824812.06
23.393243964007283 6.363482618214634e-08 16978268094.28228 915641686822649.4 486205735702792.94
23.349188890628735 7.575475091766718e-08 20250094342.351597 1092091987179356.6 580992937179451.9
23.305299437826804 8.395115526020163e-08 22483347058.22639 1212531791316593.8 646279444771748.8
23.261574673403114 8.73215997781923e-08 23429960037.862408 1263582834958320.2 674753233867697.8
23.218013672142057 9.889899453034437e-08 26586170680.990704 1433797960623277.5 767081908933447.4
23.17461551574553 1.084555606817217e-07 29209778325.558094 1575289690868807.8 844355274305710.0
23.131379292768393 9.837586656058236e-08 26544589640.17917 1431555486058905.5 768745296013646.0
23.088304098554673 7.502861847136449e-08 20282612364.687992 1093845691188439.9 588488981859372.0
23.04538903517446 4.4786307676098545e-08 12129703644.130863 654157552684134.5 352590920896751.2
23.00263321136152 2.3444397701327298e-08 6361367714.221497 343069942823584.56 185257769124736.97
22.96003574245159 1.2110974158926635e-08 3292270363.2023745 177552855927280.12 96056095056654.02
22.917595750321365 8.145031799092541e-09 2218261310.1255713 119631314368325.73 64840172387633.86
22.875312363328153 5.745052715307128e-09 1567530355.566802 84537252618849.52 45903728172032.914
22.833184716250198 4.877938551813155e-09 1333394962.178617 71910279987934.36 39119192313433.9
22.791211950227677 3.996659019624867e-09 1094507274.3592916 59027015085920.445 32169723221826.566
22.749393212704323 3.4276137659276752e-09 940396568.8232284 50715791256088.78 27690822025825.992
22.707727657369702 3.5739123030385496e-09 982334030.7754483 52977487690009.695 28978685766433.684
22.666214444102113 4.436535406971042e-09 1221670068.0609252 65884932176136.266 36104942832522.93
22.624852738912146 4.9983893837820475e-09 1378901675.0248113 74364466897980.6 40826092326991.66
22.583641713886806 3.96892501884273e-09 1096902165.689001 59156172095617.484 32535894652590.58
22.542580547134285 4.452703831472195e-09 1232846918.5692537 66487702152200.96 36634723885863.54
22.501668422729324 6.20412143205159e-09 1720895677.1861057 92808277732117.03 51230169308126.336
22.46090453065916 3.7417882622548115e-09 1039778758.9980922 56075494362820.086 31009748382639.33
22.420288066770084 2.74237936330254e-09 763440716.9559019 41172523721545.41 22809578141735.562
22.37981823271454 3.33933037515094e-09 931304728.2054055 50225466316383.68 27875133805593.562
22.33949423589884 4.40726517342039e-09 1231359371.4086416 66407478410662.22 36922557996326.51
22.299315289431394 8.087433714738018e-09 2263644281.2421646 122078827860011.92 67997907118025.75
22.259280612071553 1.744623190071522e-08 4891921635.116138 263822396542932.22 147212897270949.1
22.21938942817895 2.8801988432032167e-08 8090573837.755636 436326404732680.5 243906460245569.88
22.179640967663424 3.9055209334407124e-08 10990398330.437084 592714569604612.1 331920158978583.56
22.140034465935454 5.055797301657372e-08 14252804758.206688 768656857006117.1 431216496780435.2
22.100569163857138 5.048920994926567e-08 14258836573.932985 768982154138637.4 432167970625918.25
22.06124430769369 4.185594156699218e-08 11841755417.180838 638628442248488.6 359547812985915.4
22.022059149065463 4.026533886930902e-08 11412016962.24929 615452554014128.9 347115240463956.7
21.98301294490045 3.339938367966872e-08 9482879064.81039 511413728103533.4 288948756378490.94
21.944104957387353 3.121713178491921e-08 8879000916.826227 478846448391313.06 271027089789488.28
21.905334453929072 3.6592039624621945e-08 10426191656.53107 562286781107982.4 318816604888210.06
21.866700707096744 3.9488034165588794e-08 11271227815.567688 607859764747402.9 345264346376520.2
21.82820299458425 3.440861881457659e-08 9838711614.71532 530603854823883.5 301913593394772.6
21.789840599163185 3.483259776328719e-08 9977478171.543222 538087565380395.5 306709912266835.2
21.75161280863834 4.678734992387092e-08 13425360552.292818 724032611220426.4 413422621006884.75
21.713518915803597 6.548561965836336e-08 18823687523.08466 1015165557531991.6 580674698908261.0
21.675558218398344 7.780575885629681e-08 22404250862.1243 1208266116277302.5 692336484626876.8
21.637730019064314 7.632329998804846e-08 22015797241.932884 1187316728149533.8 681519801957828.6
21.600033625302878 6.727931659573954e-08 19440888927.154163 1048451363339347.6 602859533920153.5
21.562468349432788 5.8717353853580306e-08 16996401253.234165 916619612024320.5 527972896525987.94
21.525033508548354 4.314493323229477e-08 12510507854.142181 674694406459070.1 389298672526904.4
21.48772842447808 2.9979269782906395e-08 8708022023.251865 469625519515992.6 271443550280245.78
