string
20190118an 18 2019_15.05.   full spectra  index number  Nphoton via eV
eV x-axis E [J] Nphoton Nphoton/sr Nphoton/sr @ 0.1bw
43.81066890785845 1.641132127755361e-09 233804377.58045152 12609120876491.5 3580990328923.662
43.65640598916881 1.648759165312925e-09 235720969.17125425 12712483077359.543 3623057677047.282
43.50322561727698 1.6596789967365718e-09 238117663.9466789 12841737347275.797 3672736881320.878
43.35111643679699 1.6896423449870449e-09 243267153.4910031 13119450437118.48 3765282275452.972
43.20006725060606 1.7095032281759529e-09 246987217.32917026 13320074288087.97 3836181394969.1973
43.05006701709701 1.6999199933115028e-09 246458400.03083023 13291555056303.893 3841259411271.7856
42.90110484748767 1.68286190698254e-09 244832449.64835966 13203867198942.477 3829121487693.351
42.75317000318599 1.6867716716907317e-09 246250404.07701114 13280337789327.684 3864578296694.2275
42.606251893209404 1.6946836139704224e-09 248258584.2826089 13388639384089.084 3909482700153.9253
42.46034007165731 1.7148805356492346e-09 252080573.19350907 13594760076374.104 3983264702377.4707
42.31542423523527 1.773050977824807e-09 261523968.5787828 14104044441062.467 4146589065672.3643
42.17149422082971 1.7486615194763099e-09 258806833.27603123 13957508743892.348 4117465079448.241
42.02854000313198 1.7630719552692451e-09 261827168.10988334 14120396057644.268 4179637233062.7705
41.88655169231059 1.7937567480561858e-09 267287047.76736164 14414848553721.043 4281210020455.036
41.745519531730416 1.8242638523183534e-09 272751254.7925171 14709534425676.762 4383441258851.5625
41.605433895717894 1.866945757189234e-09 280072597.55307835 15104376031302.29 4516208433359.266
41.46628528737101 1.8273546612884095e-09 275053191.75299394 14833678386046.914 4450103515814.14
41.32806433641311 1.8094649630803098e-09 273271341.11904424 14737582794254.184 4436012421070.409
41.19076179708947 1.8653549005172227e-09 282651063.09349465 15243433238063.91 4603516837895.165
41.05436854610573 1.8452115101752975e-09 280527701.40223163 15128919880757.613 4584062723869.552
40.91887558060703 1.867685619709566e-09 284884656.04225975 15363891391034.838 4670622982874.602
40.78427401619714 1.895340821396409e-09 290057136.53374314 15642844387652.559 4771067538233.998
40.65055508499649 1.893752667924763e-09 290767426.22919166 15681150465237.248 4798432042362.647
40.51771013373833 1.9507977238397556e-09 300508196.37033707 16206472315113.898 4975387000739.565
40.38573062190204 1.9620061528755424e-09 303222480.1829264 16352854230800.086 5036679103086.249
40.254608119882874 2.016522116009928e-09 312662906.805428 16861978489467.191 5210351353245.533
40.124334307197174 2.1446342225928597e-09 333606394.50938654 17991465331276.46 5577354252695.575
39.99490097072234 2.0837218588118257e-09 325180202.12862945 17537038945607.191 5454019112083.621
39.86630000297082 1.9877281173994687e-09 311200313.1422847 16783100495468.045 5236327354585.983
39.73852340039719 1.9468362173792887e-09 305778303.04211503 16490690312844.018 5161586067920.288
39.61156326173778 1.972685760070458e-09 310831412.79033697 16763205619344.57 5263646564474.13
39.485411786381924 1.9298037344871173e-09 305046078.13044214 16451201264282.96 5182128398249.014
39.36006127277436 1.976784924485259e-09 313467578.7384787 16905374621630.135 5342098380435.04
39.235504116847856 2.0398632093805956e-09 324497072.43297297 17500197612711.748 5547562643229.744
39.11173281048556 1.983148770254183e-09 316473399.67057353 17067479197507.164 5427458384807.238
38.98873994001234 1.9734359995358455e-09 315916872.6677008 17037465575337.756 5434951518532.464
38.86651818471449 2.0088540960534206e-09 322598046.49670166 17397782731408.69 5567290474050.576
38.74506031538725 2.00888345768526e-09 323614055.5487281 17452576320310.604 5602276998819.801
38.62435919290941 2.1676222734854765e-09 350276734.7514537 18890500402132.38 6082741129486.599
38.50440776684447 2.1125576839992148e-09 342442061.8159707 18467974788653.273 5965155856734.929
38.38519907406786 1.9441029932693832e-09 316114521.35696703 17048124812088.701 5523592439116.707
38.266726237419505 1.921326700166305e-09 313378273.4557923 16900558368333.445 5492681469708.371
38.14898246438129 1.8117783128978323e-09 296422436.70614296 15986126408800.02 5211477209268.729
38.03196104577889 1.837253301902695e-09 301515256.33986205 16260783278052.336 5317276131922.923
37.91565535450739 1.8592853444557577e-09 306066962.8130547 16506257797001.605 5414052557416.533
37.80005884428024 1.95655811078371e-09 323064508.94068855 17422939152351.023 5732146981123.617
37.68516504840097 1.955707268558915e-09 323908543.3494316 17468458111379.482 5764591176754.909
37.57096757855732 2.0036035822992327e-09 332849872.25236785 17950665921602.35 5941670420050.485
37.45746012363721 1.955619849499841e-09 325863025.6927315 17573863768761.398 5834522771228.349
37.34463644856601 1.9827728452033433e-09 331385652.4050289 17871700227136.25 5951276175636.43
37.23249039316491 2.020334057100549e-09 338680407.4676667 18265107952436.637 6100546056113.79
37.121015871029684 2.208621719079701e-09 371356013.195594 20027310468059.95 6709149006799.86
37.01020686842959 2.2059789584602916e-09 372022175.34684473 20063236737599.42 6741247543833.449
36.90005744322593 2.0095133981865304e-09 339901310.2914219 18330951506960.684 6177530657845.644
36.79056172380983 1.8391121876741258e-09 312004443.02918273 16826467394964.219 5687345979498.1
36.68171390805892 1.6866379151416011e-09 286986332.58364475 15477235263497.154 5246782754325.497
36.57350826231243 1.6792468364823331e-09 286574070.35531133 15455001871959.91 5254700636466.071
36.465939120364446 1.6601566469990778e-09 284151950.07162577 15324376398859.5 5225612352011.211
36.35900088247482 1.7873518840052258e-09 306822423.9735844 16546999981511.543 5659073993677.046
36.25268801439741 1.9163811290901036e-09 329936715.65721273 17793558753547.64 6103190652466.423
36.146995046425396 2.0109875626592213e-09 347237131.5019937 18726573938540.7 6441941434857.769
36.041916572453225 2.1314400076209976e-09 369108639.958792 19906109141161.445 6867607653700.439
35.937447249054806 2.1388998093689016e-09 371477224.51341105 20033847420762.758 6931711207583.843
35.83358179457777 2.1876343923701828e-09 381042568.90235287 20549708521712.145 7130748857034.411
35.73031498825334 2.2989565011051747e-09 401589994.55687106 21657835651151.332 7536926806600.558
35.62764166932158 2.4628159782415007e-09 431453366.2055616 23268373771928.64 8120662446403.153
35.52555673617166 2.7421696436812986e-09 481772937.66687965 25982119192673.324 9093741717435.396
35.42405514549688 2.3319316377552383e-09 410871969.8314812 22158414594203.383 7777603522565.305
35.323131911464124 2.0474494033937726e-09 361778663.43541175 19510801914831.42 6867802274020.491
35.22278210489746 1.7944068950175686e-09 317970074.0815391 17148195173640.344 6053312896295.017
35.123000852475656 1.6741046498793713e-09 297495200.2566603 16043980780135.357 5679569196168.167
35.02378333594324 1.6397444954401468e-09 292214726.49376893 15759203682929.262 5594517307439.862
34.92512479133495 1.6047457516577044e-09 286785535.3077098 15466406222783.139 5506040615310.762
34.827020508213224 1.784366311063138e-09 319783954.1821879 17246018121530.502 6156828469385.805
34.7294658289185 1.95585780506986e-09 351502281.9665315 18956594429689.44 6786460805828.974
34.63245614783214 2.1606264071931865e-09 389390508.80283636 20999914734120.047 7538969389548.979
34.535986910651545 2.617781770802256e-09 473097379.9802739 25514244481885.477 9185128013478.812
34.44005361367751 2.7166207962197295e-09 492327593.03462946 26551334049635.844 9585031591918.408
34.34465180311331 2.8075695740185766e-09 510223414.0177966 27516459563092.754 9960958361839.264
34.24977707437542 2.832487073934928e-09 516177609.9614874 27837570643874.29 10105038143726.617
34.15542507141571 2.9096102884757263e-09 531696870.337574 28674527727487.86 10437528092805.537
34.06159148605468 3.855162842790353e-09 706426148.4413412 38097715655243.36 13905666214163.621
33.96827205732576 3.622217340663896e-09 665564309.3531436 35894027796056.3 13137214173356.533
33.87546257083034 2.631487091594767e-09 484847303.49723905 26147920409805.016 9596286790398.357
33.78315885810328 2.341581478348916e-09 432611433.9544417 23330828617213.867 8585744931134.721
33.69135679598887 1.966040518743346e-09 364219285.43992406 19642425189755.48 7248054895018.803
33.600052306026825 1.7114537241612162e-09 317917315.189304 17145349875120.33 6343779453794.512
33.509241353848374 1.6061136789634627e-09 299158026.9273742 16133657383733.043 5985586889365.021
33.41891994858194 1.57119760988036e-09 293445446.38655776 15825576674119.033 5887114522772.537
33.32908414226855 1.7901652248555626e-09 335242222.7758066 18079685905065.223 6743722842588.954
33.23973002928659 2.403482526208734e-09 451307401.5376947 24339106210643.81 9102825722780.73
33.150853745785824 2.66798132424831e-09 502316035.7495371 27090012935221.906 10158754850708.137
33.062451469130394 3.5921177950257965e-09 678116782.6767687 36570985409401.51 13750690513934.803
32.97451941735079 4.904535106602761e-09 928342744.9060457 50065725913563.695 18874778669413.406
32.8870538486045 5.623824171945953e-09 1067322683.5942347 57560944200157.805 21758036907659.65
32.80005106064523 5.373219921870837e-09 1022466461.4194994 55141838393341.266 20898756751076.375
32.71350739030052 4.727826883277997e-09 902035087.2168751 48646948219095.73 18485840323256.766
32.627419212957626 4.8892802453620065e-09 935300535.180168 50440961054614.46 19218006161807.71
32.54178294205747 6.806592356203973e-09 1305501492.2474024 70405979094738.12 26895084014187.21
32.45659502859658 7.262892384359931e-09 1396675861.31701 75323032626128.67 28848721495808.77
32.3718519606368 4.6328853088029395e-09 893249903.9614638 48173161377566.234 18498493968984.64
32.28755026282264 3.875746924446384e-09 749219876.7642685 40405590720558.836 15556152427415.08
32.20368649590622 3.1624511923140193e-09 612924831.4268967 33055169315662.523 12759295355846.352
32.12025725627952 2.4201902820366122e-09 470283208.65575767 25362475610980.688 9815278061449.031
32.03725917551394 2.2460820857282476e-09 437581793.7880127 23598881202840.023 9156365906701.826
31.954688919906943 1.9876308124510373e-09 388230902.41960263 20937376909949.867 8144639617970.568
31.872543190035717 2.038812930810134e-09 399254330.97004116 21531872806494.91 8397430394533.054
31.790818720317677 2.417417967876382e-09 474612320.5961166 25595945558415.977 10008014713340.533
31.709512278577733 2.7542187978597025e-09 542123022.1334825 29236812358903.805 11460830444689.973
31.628620665622176 4.138293470330944e-09 816638795.8595 44041507674002.79 17308312515883.164
31.548140714819066 5.894314157072609e-09 1166134072.49346 62889863870088.37 24778606364812.85
31.468069291685 9.661178118833243e-09 1916235872.933939 103343016926101.56 40820491685810.99
31.388403293478206 1.2227191716977752e-08 2431344353.134821 131122929169719.89 51924679951208.13
31.309139648797704 1.5546755900082043e-08 3099257214.948361 167143614910184.16 66356015119343.83
31.230275317188642 1.0597182017931235e-08 2117890761.229189 114218308861023.8 45458886926685.805
31.151807288753492 8.90553933406355e-09 1784292103.4512403 96227260773354.58 38394677048569.76
31.07373258376915 1.040856094158835e-08 2090673624.1547337 112750482745724.67 45100193098289.734
30.996048252309727 1.6229358778682323e-08 3268014747.963799 176244745327975.25 70674142876515.16
30.918751373875036 1.442743805958039e-08 2912435032.061426 157068254000310.75 63141438108124.63
30.8418390570246 9.330301135065409e-09 1888184243.06144 101830186432911.89 41037565132464.71
30.765308439017097 9.362738134953432e-09 1899461862.543863 102438390901641.38 41385109924263.18
30.689156685455174 4.129157028060499e-09 839779791.1095437 45289506575176.97 18342250162945.906
30.61338098993553 3.805443225479953e-09 775859219.8503569 41842256280540.64 16987956049898.363
30.537978573704155 2.944930215711571e-09 601899103.9960718 32460549439998.816 13211443622079.725
30.462946685316677 3.3785937507491125e-09 692234179.2189423 37332339671899.766 15231594586134.639
30.388282600303643 3.889870762183786e-09 798947037.6298102 43087387309173.17 17622741409451.684
30.313983620840798 3.1620596850171742e-09 651052523.1816198 35111404015166.746 14395675646218.875
30.240047075424116 3.489058164255376e-09 720136330.4059772 38837108747108.4 15962051695061.28
30.166470318549603 4.202051226297472e-09 869412379.1078209 46887598483550.16 19317690575222.85
30.093250730397784 5.600875876495583e-09 1161651398.060348 62648112264057.74 25873670365055.574
30.02038571652273 1.0311073519430017e-08 2143762108.1631088 115613556221673.38 47864012275772.95
29.94787270754562 1.4541714557290071e-08 3030669733.8959136 163444677156519.56 67829541019955.52
29.87570915885274 2.3522099923309845e-08 4914132276.851238 265020221276927.84 110248412051199.14
29.803892550297803 3.040121290901889e-08 6366590204.665914 343351592867828.56 143177614225885.88
29.7324203859086 2.8013993324583657e-08 5880763727.471615 317150865407817.44 132569061740467.73
29.661290193597814 1.9427015401472554e-08 4087944787.1914463 220463750471838.88 92374311447693.8
29.590499524878005 1.7755667818820205e-08 3745188573.0416102 201978833379571.22 84831110019416.17
29.520045954580674 2.1929933533072132e-08 4636702813.988353 250058390073683.9 105274582221024.4
29.449927080579297 3.4566802273182185e-08 7325950104.995055 395090080711780.7 166728014060365.66
29.38014052351631 2.0132013446286988e-08 4276833251.509634 230650546388195.66 97565181122209.67
29.310683926534004 1.9758385008374143e-08 4207406430.3265157 226906342838938.88 96208289363705.95
29.241554955009157 1.4176846967465955e-08 3025994701.1566525 163192551625248.8 69356834440733.23
29.17275129629149 6.075665684754536e-09 1299886561.4782133 70103164658522.2 29863948144529.977
29.104270659445735 5.127191229967296e-09 1099541865.73835 59298531692748.93 25320473032803.145
29.036110774997383 3.7179491743422923e-09 799197246.1972917 43100881111574.81 18447177115754.055
28.96826939468197 3.983975426951846e-09 858386888.3753504 46292991373080.12 19859693299051.055
28.90074429119786 5.587147601652611e-09 1206618812.455138 65073214691458.125 27981482317327.793
28.833533257962518 5.366541711211351e-09 1161677613.03675 62649526043430.26 27001945724715.742
28.76663410887211 4.568688672904544e-09 991268920.9315267 53459348257215.71 23094438447116.97
28.700044678064536 5.001081143609899e-09 1087602765.3607888 58654653415639.12 25397464928972.312
28.633762819685636 4.916884166172028e-09 1071767364.855879 57800646826197.234 25085480722568.895
28.56778640765871 6.318642129998654e-09 1380499150.0431323 74450619072767.2 32386019296654.543
28.502113335457196 1.1133422803346227e-08 2438038808.183373 131483962584846.55 57327007686993.6
28.43674151588046 1.3530702341914653e-08 2969815603.5176625 160162800684770.84 69991143899242.11
28.371668880832676 2.835244098350623e-08 6237270043.642231 336377328489250.5 147333269878289.9
28.306893381104747 3.36512970981144e-08 7419908925.014078 400157300287790.2 175669054826339.0
28.242412986159177 4.823758445238087e-08 10660381020.102058 574916664362581.0 252963332319543.38
28.17822568391791 4.4120351673362894e-08 9772693925.382956 527043506495965.56 232426186364716.4
28.114329480553014 3.498289248365725e-08 7766350024.025251 418840944021164.3 185127697257349.97
28.050722400280268 3.1385148317009406e-08 6983435236.54339 376618179445447.3 166841853494341.6
27.987402485155485 3.5654653266631555e-08 7951381643.284519 428819739445600.94 190395964313826.12
27.924367794873596 4.955349703714752e-08 11075923151.754787 597326941798388.5 265810489100277.94
27.86161640657051 3.5234150372691126e-08 7893079365.606732 425675484944373.56 189851266285191.3
27.799146414627526 3.382843372176054e-08 7595203317.583499 409610964961448.44 183096101337774.12
27.736955930478473 2.511800330721363e-08 5652170989.308323 304822809377312.56 136560618601032.95
27.675043082419368 9.907903208172797e-09 2234510627.12508 120507643564243.95 54107931960346.0
27.61340601542066 1.0133466231746757e-08 2290482726.039903 123526231018557.52 55586803958349.945
27.552042890941948 4.859327321466319e-09 1100807355.628181 59366779837432.91 26774417706682.547
27.490951886749173 4.927194636627109e-09 1118662076.569684 60329688816713.96 27269019345154.64
27.43013119673424 5.705461484274412e-09 1298230679.200632 70013862567554.82 31716279743101.004
27.369579030737032 6.634446740728035e-09 1512953461.4233682 81593908860962.69 37043634622877.766
27.30929361436977 6.825933894751123e-09 1560057429.7414806 84134236105610.33 38281077428052.97
27.249273188843684 8.940395249609647e-09 2047815241.2991583 110439120847417.4 50360239106418.445
27.18951601079797 7.648073933286481e-09 1755656608.0709214 94682942286484.45 43270104624923.42
27.130020352131016 6.793970661714211e-09 1563012756.1536622 84293617501058.6 38606476815483.62
27.070784499833785 6.747979170574145e-09 1555829015.3503726 83906196798882.5 38512944330687.17
27.011806755825432 8.339878676021377e-09 1927059275.483728 103926725376976.3 47806293673410.88
26.95308543679103 1.4174023089106083e-08 3282264856.7684097 177013256791618.25 81603111380933.95
26.89461887402142 1.4666254878558865e-08 3403633650.78011 183558702219820.0 84804120425558.84
26.83640541325514 2.5868646578534383e-08 6016422659.2050905 324466981067861.06 150228212234419.2
26.778443414522407 3.869072972458886e-08 9018006978.144897 486343075477044.06 225663187021345.4
26.720731251991108 5.1748718406606234e-08 12087604298.283009 651887125816553.0 303127513504690.44
26.66326731381478 7.601472777681544e-08 17793990430.166576 959633769611090.1 447189336638757.56
26.60605000198256 5.2192060899406074e-08 12243709535.213573 660305915157798.5 308362862378700.4
26.549077732171035 5.8337787031925913e-08 13714800244.023026 739642156675685.5 346152529324218.7
26.49234893359802 3.9883932525847735e-08 9396507855.306654 506755710011007.94 237668427995137.47
26.43586204887819 5.995281205261894e-08 14154842983.162722 763373757195977.6 358785665882125.94
26.37961553388058 5.3813003560768387e-08 12732325885.991678 686657101106279.2 323415494621057.0
26.323607857587838 4.4194064671346706e-08 10478702468.84489 565118700623945.6 266736026694487.4
26.267837501957352 5.0286041712049176e-08 11948464707.92914 644383297480944.8 304793299708497.5
26.212302961784083 2.79625172315645e-08 6658249431.774878 359080838348254.06 170204317377074.94
26.15700274456513 1.9000746124061085e-08 4533897025.260985 244514051553245.5 116144174487786.25
26.101935370366043 1.3181856409123738e-08 3152048137.8156147 169990640849147.56 80915545044197.27
26.047099371688805 1.0396021292704599e-08 2491132159.1893907 134347298539035.47 64083661403116.93
25.992493293341447 7.118675776117288e-09 1709386412.2691953 92187580574781.1 44065663514746.24
25.938115692309353 6.976570878017465e-09 1678775268.477073 90536714939856.36 43367086456192.41
25.883965137628124 6.63884271931696e-09 1600849661.645535 86334170034234.52 41440401616429.99
25.830040210258062 7.913114931305734e-09 1912103366.534066 103120149958176.88 49600792129881.52
25.776339502960226 9.710872304650344e-09 2351397081.9058485 126811355463941.47 61123073333618.75
25.722861620174 1.1971928309384437e-08 2904917487.26818 156662831176437.97 75668147458220.39
25.66960517789621 1.180066735436601e-08 2869302616.1422195 154742113439348.66 74895182904644.64
25.616568803561712 1.2853459910749962e-08 3131757053.3408628 168896338255222.8 81914724053779.2
25.5637511359255 1.0155237000598083e-08 2479444874.9799333 133717000762578.1 64986462370614.92
25.51115082494623 1.2592471813939293e-08 3080845445.429558 166150664180111.5 80915373455714.69
25.458766531671188 1.0616563199601828e-08 2602768642.694533 140367878347291.72 68499524633478.516
25.40659692812268 1.6296516221861353e-08 4003476195.041263 215908340946530.78 105579178722854.02
25.354640697185825 1.4825423877194946e-08 3649544248.512372 196820714179153.06 96442149947784.75
25.30289653249769 2.0454542006371044e-08 5045549776.042287 272107595558514.9 133604829419224.7
25.251363138337815 4.155680429254008e-08 10271793747.169664 553960068313455.5 272548353610215.75
25.200039229520055 4.828660787356632e-08 11959539439.518726 644980560161536.5 317975416159644.4
25.148923531285735 9.64815637089369e-08 23944948543.829094 1291356276965424.2 637930000820885.1
25.09801477919811 7.366445436273406e-08 18319245404.4644 987960884485664.0 489040637820400.75
25.047311719038113 8.95756763274736e-08 22321221138.193947 1203788305227681.5 597078999392925.4
24.996813106701342 7.747993482597874e-08 19346106687.764187 1043339736577776.2 518539849079147.2
24.94651770809631 5.501318480751083e-08 13764037008.846367 742297506099206.2 369664158037412.06
24.896424299043908 6.471103829899241e-08 16222970041.471851 874908298747448.4 436579241074971.06
24.846531665178087 5.610680880671213e-08 14094146091.942436 760100360666178.0 380050180333093.3
24.796838601847732 5.4120831291345315e-08 13622509462.950693 734664894802449.5 368067112296016.0
24.74734391401969 5.9231851720881326e-08 14938799242.469147 805652688573451.2 404437649663892.0
24.698046416183 3.707961826856145e-08 9370475442.607635 505351776338655.3 254191943498338.6
24.648944932254206 3.0583331148305834e-08 7744179797.017132 417645298862174.75 210493230626529.25
24.60003829548386 2.135441758082025e-08 5418023977.432512 292195210158835.7 147558581130208.62
24.551325348364088 1.7574526263378173e-08 4467840498.076568 240951608691528.9 121921513997913.06
24.50280494253728 1.0737159641244585e-08 2735033073.0702267 147500927811660.94 74782970400507.83
24.454475938705844 1.0334911984570265e-08 2637772868.7940555 142255663865443.72 72265877243648.33
24.40633720654304 8.041069874108917e-09 2056365000.389978 110900211212605.0 56448207507216.43
24.35838762460484 8.745249872156275e-09 2240849350.0582795 120849492269107.47 61633241057242.734
24.31062608024287 9.20852363290347e-09 2364192516.682105 127501416041210.03 65153223597058.5
24.263051469518324 1.0090118497010701e-08 2595612290.490786 139981934718239.1 71670750575735.62
24.21566269711692 1.1232647087473996e-08 2895174403.1690683 156137384534305.5 80098478266101.56
24.16845867626484 1.0619454931072797e-08 2742472279.268015 147902125818061.72 76021692670484.3
24.12143832864565 1.3343164856825676e-08 3452586960.992946 186198764874616.28 95892363910423.83
24.07460058431818 1.2883197070636893e-08 3340054354.57809 180129856963158.1 92947006192990.75
24.027944381635393 1.6841192541311364e-08 4374668992.780504 235926849169571.34 121974181020665.81
23.981468667164144 1.2807048621583765e-08 3333206780.6615934 179760565814218.38 93115973091761.83
23.93517239560591 1.7703345865885976e-08 4616446098.471068 248965941005101.97 129213323381644.39
23.889054529718422 9.965099555291952e-09 2603584365.257332 140411870442317.72 73014172630006.56
23.843114040238195 1.4849048341322946e-08 3887090212.543449 209631619625779.66 109218073825027.61
23.797349905803955 1.5700614346257396e-08 4117911651.0895767 222079869952112.0 115925692115004.64
23.75176111288096 1.8473986152497158e-08 4854603581.72258 261809825816138.06 136926538901837.16
23.706346655686158 3.580564487245904e-08 9427050726.850372 508402893708744.2 266403116303386.72
23.66110553611424 3.341220198423288e-08 8813715756.69991 475325605522617.9 249545942899370.78
23.616036763664496 7.88455443651467e-08 20838147826.405304 1123805839327927.9 591121871486516.0
23.571139355368558 6.869681605938403e-08 18190515569.49828 981018456519617.5 516996726585834.06
23.526412335718902 8.167596677405303e-08 21668435431.02742 1168583430223677.5 617012051158105.4
23.481854736598223 9.665363951347206e-08 25690632098.285847 1385501370303868.8 732930224890722.1
23.437465597209567 6.766777979259207e-08 18020226880.919567 971834750549658.2 515072417791300.44
23.393243964007283 4.9633571979868874e-08 13242624237.535828 714177602066448.2 379228306697257.56
23.349188890628735 5.736231339111708e-08 15333589560.978384 826943816218136.4 439934110228074.44
23.305299437826804 4.3606562587490505e-08 11678475151.795845 629822702063933.9 335695500200079.0
23.261574673403114 5.673725595456987e-08 15223629011.03806 821013619871124.2 438421273011150.94
23.218013672142057 4.9111241339292874e-08 13202154893.507593 711995081551113.9 380917368629842.9
23.17461551574553 3.846385915498424e-08 10359273350.30529 558677862315345.2 299451334201035.3
23.131379292768393 3.425221088341251e-08 9242214721.525717 498434647786298.0 267659405861246.8
23.088304098554673 2.8169451805303923e-08 7615095188.122143 410683737861070.4 220947850969252.6
23.04538903517446 2.207393118527565e-08 5978395126.357431 322416147959974.2 173782303750427.44
23.00263321136152 1.6033869583432755e-08 4350606127.804796 234629133633817.56 126699732162262.38
22.96003574245159 1.3785761697847152e-08 3747547808.822598 202106067477779.6 109339382505473.6
22.917595750321365 9.069105644785321e-09 2469928499.420967 133203780561267.69 72196449064208.55
22.875312363328153 9.538480631801248e-09 2602562357.0862474 140356753319621.72 76213717052550.66
22.833184716250198 9.95995221866891e-09 2722574294.6221437 146829023183308.75 79874988611715.08
22.791211950227677 8.946990954202414e-09 2450183174.2254725 132138910883838.52 72015706431691.83
22.749393212704323 8.607460608652888e-09 2361533992.8673487 127358041274320.73 69537490535782.94
22.707727657369702 1.0020084536749165e-08 2754144253.435358 148531597920621.8 81246784062575.6
22.666214444102113 8.405926141969146e-09 2314704475.4424043 124832515225965.61 68408218343829.64
22.624852738912146 8.7237500200845e-09 2406613929.3234334 129789212040931.97 71254277410472.19
22.583641713886806 8.685893865020666e-09 2400543156.208089 129461813927956.97 71203997660378.44
22.542580547134285 1.202029844993995e-08 3328132403.405682 179486903546407.8 98897283854072.89
22.501668422729324 1.2081281222625925e-08 3351098920.062812 180725492779160.97 99760472014092.44
22.46090453065916 1.5961143322154677e-08 4435327878.681153 239198196064226.5 132276602423516.48
22.420288066770084 1.231407373658659e-08 3428068854.3346434 184876498056019.72 102421579923032.27
22.37981823271454 1.727784211181566e-08 4818611591.011887 259868769937915.56 144227167315546.34
22.33949423589884 1.1350898199680256e-08 3171362357.8575063 171032260931986.12 95093937078179.94
22.299315289431394 1.3123950285454063e-08 3673347573.3886633 198104432660960.7 110344168992153.66
22.259280612071553 1.599970375040608e-08 4486315290.171721 241947958242835.7 135006960699495.83
22.21938942817895 7.967313728700233e-09 2238044785.092823 120698241471233.73 67470316982420.07
22.179640967663424 2.2944748182355484e-08 6456806311.2005625 348216967092528.0 195001501571816.12
22.140034465935454 1.7909309165711105e-08 5048815679.567775 272283726445156.1 152751170535733.78
22.100569163857138 2.6664008399771922e-08 7530277034.644981 406109476417456.75 228233525746612.8
22.06124430769369 4.7124657440709264e-08 13332364453.876783 719017311429615.6 404806746334891.94
22.022059149065463 4.300272604648067e-08 12187848229.919004 657293302827494.9 370713422794694.25
21.98301294490045 5.9358591204702374e-08 16853315236.30359 908902952046076.4 513530167906023.5
21.944104957387353 7.674572445350264e-08 21828570365.786617 1177219542044265.8 666306260797066.9
21.905334453929072 4.938194519086119e-08 14070427071.405724 758821188735718.8 430251614013131.0
21.866700707096744 3.658481535087595e-08 10442550436.444403 563169013662623.8 319879999760366.0
21.82820299458425 3.956027547186211e-08 11311763016.813114 610045836956767.8 347116081228381.2
21.789840599163185 2.8961849139852872e-08 8295856070.343801 447397320133353.56 255016472476019.62
21.75161280863834 3.2565460479106414e-08 9344471298.22125 503949367182544.3 287755088661247.6
21.713518915803597 3.479192811041188e-08 10000857997.414974 539348444468883.9 308507310236181.3
21.675558218398344 2.690963745826551e-08 7748658673.676127 417886845653422.2 239449162559404.84
21.637730019064314 2.678458850920729e-08 7726134351.104475 416672104043764.7 239169787721119.6
21.600033625302878 2.1449389850511044e-08 6197970293.672978 334257884435609.2 192198283550484.4
21.562468349432788 2.3406433381647685e-08 6775256505.1485405 365391055234870.56 210465247815277.2
21.525033508548354 1.4200313665572216e-08 4117589768.604559 222062510759766.6 128130068708392.2
21.48772842447808 1.218468299205398e-08 3539261916.967946 190873164080325.3 110324688838428.86
