string
20190118an 18 2019_15.38.   full spectra  index number  Nphoton via eV
eV x-axis E [J] Nphoton Nphoton/sr Nphoton/sr @ 0.1bw
43.81066890785845 1.2865168021907757e-09 183283999.56096992 9884545914440.193 2807211039701.0747
43.65640598916881 1.2702314855119524e-09 181603355.50273725 9793908415262.828 2791263898349.7617
43.50322561727698 1.2526340219869097e-09 179718058.54153284 9692233940567.723 2771978907002.3687
43.35111643679699 1.2652193786380114e-09 182160631.62484518 9823962437595.336 2819477219589.8374
43.20006725060606 1.263296478693024e-09 182519738.3610992 9843329141896.805 2834878792866.1772
43.05006701709701 1.277163953672271e-09 185166234.78610826 9986055269044.1 2885969972753.7153
42.90110484748767 1.2894585816619989e-09 187597866.4431686 10117193692576.94 2933986170847.3374
42.75317000318599 1.2928744080112259e-09 188745667.6779926 10179094862528.738 2962116604995.764
42.606251893209404 1.295548697150352e-09 189788278.3383886 10235323081949.172 2988714339929.092
42.46034007165731 1.3146644847103833e-09 193250415.9757565 10422036916875.557 3053656816644.4297
42.31542423523527 1.3916053619969769e-09 205260966.2760206 11069768503839.107 3254511940128.697
42.17149422082971 1.3542242517048679e-09 200429005.97155166 10809179834884.47 3188708051290.918
42.02854000313198 1.3294536830395226e-09 197432153.53359473 10647558931844.688 3151677443826.078
41.88655169231059 1.3474184401236633e-09 200778337.06171882 10828019336468.732 3215921742931.128
41.745519531730416 1.3448478019508475e-09 201072298.2976917 10843872729787.297 3231474073476.5312
41.605433895717894 1.359908409898609e-09 204008648.52549356 11002230735489.422 3289666989911.2505
41.46628528737101 1.3533496408023103e-09 203706016.2136159 10985909709163.537 3295772912749.11
41.32806433641311 1.3799170088992723e-09 208399598.41662195 11239035617043.89 3382949720730.135
41.19076179708947 1.429416842631694e-09 216594809.95362708 11681005155629.447 3527663556999.989
41.05436854610573 1.440231950038651e-09 218958615.96485144 11808485727347.354 3577971175386.2437
40.91887558060703 1.452419495447898e-09 221542653.658216 11947843441528.014 3632144406224.5244
40.78427401619714 1.5146552211902958e-09 231798181.80175927 12500926302304.227 3812782522202.763
40.65055508499649 1.4458116144801723e-09 221990405.122626 11971990775276.842 3663429177234.7515
40.51771013373833 1.4663782263051555e-09 225886400.52149928 12182102653536.023 3739905514635.2573
40.38573062190204 1.4766528070862211e-09 228212498.659869 12307549631478.912 3790725286495.371
40.254608119882874 1.480576077529003e-09 229564167.17252493 12380445408013.984 3825557631076.4463
40.124334307197174 1.5023426854098943e-09 233695387.92083856 12603243040470.766 3907005342545.8477
39.99490097072234 1.4858506177425299e-09 231877974.58053073 12505229544198.207 3889126388245.489
39.86630000297082 1.4812306957870226e-09 231902669.34894288 12506561338423.568 3902047137588.1187
39.73852340039719 1.4766450677967885e-09 231928099.03353217 12507932766838.021 3914982956020.3843
39.61156326173778 1.5267683031752392e-09 240569257.54992783 12973952322903.283 4073821029391.5806
39.485411786381924 1.5107562683808992e-09 238806810.47757167 12878903169402.68 4056854498361.7505
39.36006127277436 1.555041053166791e-09 246589777.03508025 13298640246684.512 4202370317952.2407
39.235504116847856 1.622464641497859e-09 258098201.8161578 13919292095312.473 4412415594214.149
39.11173281048556 1.5159908496395e-09 241923745.33424488 13047000143371.52 4148946045592.1133
38.98873994001234 1.4622287757419161e-09 234080427.2678498 12624008296104.184 4027058646457.027
38.86651818471449 1.5106958559115886e-09 242599765.17218468 13083458040095.7 4186706572830.47
38.74506031538725 1.455860622330378e-09 234526775.8085366 12648079969871.834 4060033670328.9287
38.62435919290941 1.4488132588656247e-09 234120853.89030486 12626188512635.795 4065632701068.708
38.50440776684447 1.4233350763057594e-09 230720231.63052124 12442792215386.635 4019021885569.83
38.38519907406786 1.403741578949394e-09 228250817.4076834 12309616169873.22 3988315639038.9004
38.266726237419505 1.4418928625042767e-09 235180146.98942596 12683316419600.904 4122077836370.295
38.14898246438129 1.4051845149605522e-09 229900211.84221718 12398568370055.582 4041933288638.0596
38.03196104577889 1.4512264530889882e-09 238163630.21754393 12844216318249.637 4200058736067.4805
37.91565535450739 1.4711234660506158e-09 242169547.84254742 13060256326044.426 4283764074942.5767
37.80005884428024 1.6030231492409682e-09 264689243.66506544 14274748414115.97 4696392228244.261
37.68516504840097 1.5284698313764822e-09 253148538.43106908 13652355673649.229 4505277372303.995
37.57096757855732 1.4451883411819583e-09 240082798.31034243 12947717470430.053 4285694482712.425
37.45746012363721 1.3964224931857306e-09 232684516.3139805 12548726515102.885 4166177203013.8467
37.34463644856601 1.4093902042088917e-09 235554815.79490864 12703522389676.705 4230272955762.3843
37.23249039316491 1.3516719200154722e-09 226588664.89160028 12219975923581.234 4081471958476.1016
37.121015871029684 1.3427624000082728e-09 225771071.26511306 12175882921684.043 4078920778764.019
37.01020686842959 1.2973928994836332e-09 218795798.97821566 11799704971886.39 3964700870553.8525
36.90005744322593 1.3251077384380173e-09 224136777.08187965 12087745081334.812 4073570092409.761
36.79056172380983 1.3053315829991614e-09 221448836.15670934 11942783843290.078 4036660939032.184
36.68171390805892 1.2933408251852401e-09 220065692.14913878 11868190586476.266 4023316608815.425
36.57350826231243 1.315101098123631e-09 224430301.98437038 12103574943093.89 4115215480651.6895
36.465939120364446 1.3704234357271658e-09 234561294.19451573 12649941553926.746 4313630069889.121
36.35900088247482 1.5416593505593538e-09 264646073.95617896 14272420262337.182 4881167729719.4
36.25268801439741 1.687733713581678e-09 290571280.3733773 15670572276620.85 5375006290880.583
36.146995046425396 1.5107773597843934e-09 260865858.3924747 14068552415741.625 4839582031014.944
36.041916572453225 1.442920100213195e-09 249875330.224917 13475830843992.889 4649161641177.371
35.937447249054806 1.4555260512009395e-09 252791072.9332507 13633077481693.15 4717044808665.781
35.83358179457777 1.4466626932156177e-09 251979979.3240756 13589335027141.72 4715499254418.373
35.73031498825334 1.3621611570858547e-09 237947212.74487635 12832544876932.37 4465725617172.402
35.62764166932158 1.2891550763119918e-09 225843222.61582112 12179774059702.479 4250741146836.1953
35.52555673617166 1.3077124757993716e-09 229752554.71200675 12390605188945.09 4336711816130.654
35.42405514549688 1.292199019986802e-09 227677496.2697314 12278696836350.49 4309822589558.9766
35.323131911464124 1.2782513537521417e-09 225863489.24101675 12180867043202.166 4287665199207.0566
35.22278210489746 1.2672313476013075e-09 224554222.67606214 12110258012918.373 4274921078560.1685
35.123000852475656 1.3112677928847891e-09 233017616.11048505 12566690659493.703 4448608493460.967
35.02378333594324 1.3624004087396757e-09 242789937.04320994 13093714050414.586 4648268487897.157
34.92512479133495 1.4832266400277813e-09 265068747.18541393 14295215121414.818 5089096583223.642
34.827020508213224 1.7675210011941268e-09 316765033.8148071 17083207090262.672 6098704931223.195
34.7294658289185 1.8540777049121907e-09 333210595.64277804 17970119812413.676 6433302892844.241
34.63245614783214 1.5478083995345829e-09 278947761.7312978 15043713391065.117 5400693107392.292
34.535986910651545 1.4231270924569538e-09 257193974.81096926 13870526936480.975 4993389697133.174
34.44005361367751 1.6360796748964563e-09 296503350.5874336 15990490111996.418 5772566930430.628
34.34465180311331 1.4284475045619406e-09 259593696.00932035 13999944422043.135 5067979880779.456
34.24977707437542 1.2914826025787115e-09 235353025.69971618 12692639806004.443 4607428249579.727
34.15542507141571 1.2705328150933568e-09 232174846.2747647 12521239899163.082 4557731323295.343
34.06159148605468 1.2250428945859441e-09 224478801.28233582 12106190520769.553 4418759540080.822
33.96827205732576 1.1542389907310643e-09 212085638.28298262 11437824547822.209 4186243784502.9053
33.87546257083034 1.1668771069214376e-09 214995247.596161 11594740410189.275 4255269730539.427
33.78315885810328 1.1558365253029135e-09 213542898.78513646 11516414923290.572 4238040691770.9395
33.69135679598887 1.1573430743648167e-09 214403855.6354016 11562846513266.688 4266690363394.837
33.600052306026825 1.2233209918187222e-09 227242442.98473915 12255234318176.32 4534436697725.231
33.509241353848374 1.4667697106864965e-09 273203533.69320244 14733925925047.494 5466286518192.678
33.41891994858194 1.8497992436786987e-09 345478609.03896475 18631736440073.727 6931005955707.729
33.32908414226855 2.23864851614698e-09 419229182.9528902 22609120913430.39 8433202100709.067
33.23973002928659 2.6690541866006995e-09 501174398.5583089 27028444193480.36 10108638128361.594
33.150853745785824 2.032507739729495e-09 382671805.522785 20637573606600.754 7739090102475.223
33.062451469130394 1.880380371758074e-09 354976523.78517675 19143961045741.723 7198129353198.802
32.97451941735079 2.7393197056542894e-09 518505326.0804999 27963104879864.746 10542090539708.95
32.8870538486045 2.1295434771754775e-09 404157382.8406263 21796295459054.71 8238999683522.681
32.80005106064523 2.1245651655723264e-09 404282098.7199652 21803021413521.758 8263345115724.761
32.71350739030052 1.7838262019359844e-09 340341104.5641832 18354669707635.21 6974774488901.526
32.627419212957626 2.1265944547337557e-09 406809352.66707987 21939316767930.996 8358879688581.537
32.54178294205747 1.4337792635304546e-09 274998247.30745167 14830715220162.238 5665333214101.395
32.45659502859658 1.4008530083454522e-09 269388210.4356467 14528164712895.443 5564287085039.242
32.3718519606368 1.2402256607945525e-09 239123435.73243392 12895978838183.664 4952055873862.314
32.28755026282264 1.366049903662337e-09 264070838.58343792 14241397693716.414 5482938112080.794
32.20368649590622 1.422008715800805e-09 275604080.3216423 14863387926233.664 5737267739526.472
32.12025725627952 1.4592534931151793e-09 283557214.5206834 15292302181391.957 5918120944198.39
32.03725917551394 1.9963644586679616e-09 388931796.5845059 20975176284531.09 8138368398397.971
31.954688919906943 3.503290296691453e-09 684274737.9455127 36903085274849.5 14355300171916.578
31.872543190035717 4.86047488431165e-09 951811526.6031008 51331402409036.22 20019246939524.22
31.790818720317677 4.633590453390758e-09 909714061.448664 49061076967659.34 19182881094354.586
31.709512278577733 4.159753736145868e-09 818779636.7241684 44156963686928.16 17309529765275.355
31.628620665622176 3.1469442552360678e-09 621008825.4150409 33491140867676.2 13162018360996.799
31.548140714819066 5.847547776592002e-09 1156881788.2968006 62390886173320.54 24582009152286.344
31.468069291685 8.157459641582281e-09 1617982466.0037 87258145895341.08 34466967628660.47
31.388403293478206 5.390408496663443e-09 1071868304.9072262 57806090545095.44 22891211855857.375
31.309139648797704 9.972318014814248e-09 1987988925.5230072 107212674640450.78 42563431832259.42
31.230275317188642 5.226642230091274e-09 1044566118.8635124 56333677720407.46 22420803732721.348
31.151807288753492 6.232372332749775e-09 1248702894.0019562 67342818351968.56 26869784522436.35
31.07373258376915 2.9538338547040884e-09 593309926.7825164 31997333246888.57 12798933298755.389
30.996048252309727 3.3366865138182028e-09 671889806.9351286 36235163254855.65 14530300465196.514
30.918751373875036 2.4805163339781523e-09 500736349.6446482 27004820120401.3 10855937688401.273
30.8418390570246 2.5976901373829293e-09 525697671.99996907 28350989657825.848 11425448832104.156
30.765308439017097 2.808138682171739e-09 569700044.4353375 30724047162701.02 12412515053731.232
30.689156685455174 2.635939301630891e-09 536092122.6918748 28911564641815.918 11709183679934.957
30.61338098993553 3.2653810061182836e-09 665750560.3967003 35904072355298.016 14577053376250.02
30.537978573704155 4.205757588772946e-09 859593110.4925873 46358043193912.28 18867723579922.594
30.462946685316677 6.338559271982355e-09 1298696350.8407757 70038976340274.09 28575902346830.957
30.388282600303643 8.408619669267313e-09 1727060405.3553038 93140742861557.92 38094563830376.88
30.313983620840798 1.1198978119289031e-08 2305814465.2254634 124353075043627.36 50984760767889.016
30.240047075424116 1.300344910846489e-08 2683892237.6031165 144742891444665.75 59489328383756.61
30.166470318549603 1.0830583482056025e-08 2240868291.497977 120850513785065.34 49790411679447.4
30.093250730397784 9.319076499911993e-09 1932825951.4166436 104237723462838.34 43050179790151.78
30.02038571652273 1.997100076231232e-08 4152145226.7472887 223926094124514.72 92705402967549.44
29.94787270754562 1.2594858624426352e-08 2624921338.220808 141562578029656.75 58748469882307.47
29.87570915885274 2.1192059124894562e-08 4427350538.349823 238767976367095.12 99327478168709.0
29.803892550297803 2.0401652248947888e-08 4272492671.784776 230416457980651.0 96083662977932.39
29.7324203859086 1.2800870187626705e-08 2687188941.870953 144920683422033.22 60576845670409.91
29.661290193597814 1.1035759503168016e-08 2322208254.915707 125237195683143.33 52474384991233.25
29.590499524878005 4.646949910545427e-09 980177365.4508408 52861178260521.98 22201694869418.254
29.520045954580674 4.977072615345249e-09 1052315391.936477 56751597700747.984 23892422632015.69
29.449927080579297 4.4186445221586794e-09 936469883.5957493 50504024268705.58 21312698241393.016
29.38014052351631 5.143264791743047e-09 1092632187.1050804 58925891222941.52 24925651987305.004
29.310683926534004 4.387068285687375e-09 934194738.4697436 50381325197788.94 21361681883861.59
29.241554955009157 4.211258122810262e-09 898877218.190397 48476643656456.43 20602573553994.723
29.17275129629149 5.371758962359557e-09 1149285962.885143 61981241658690.53 26404008946601.742
29.104270659445735 4.856310248602882e-09 1041450609.47671 56165657622338.43 23982735804737.895
29.036110774997383 6.84203719439357e-09 1470740192.435821 79317338093708.0 33947820704107.09
28.96826939468197 1.0091847671198482e-08 2174388341.312125 117265235628893.55 50306786084794.53
28.90074429119786 1.1060726998174892e-08 2388711060.9858704 128823706462121.45 55394193778713.805
28.833533257962518 1.2327505659409788e-08 2668494557.5290623 143912491213153.9 62026283712863.13
28.76663410887211 1.649810703761244e-08 3579596232.41078 193048402474714.34 83396909869075.81
28.700044678064536 2.4722380945927217e-08 5376463430.802251 289953840850112.2 125550013088101.4
28.633762819685636 2.0849574079782468e-08 4544726358.126305 245098079827325.12 106372566645056.12
28.56778640765871 2.5594001274824073e-08 5591786380.550248 301566254308542.7 131181320624219.34
28.502113335457196 2.7435343402482608e-08 6007894707.006588 324007066753113.7 141267081104358.8
28.43674151588046 1.842039033152176e-08 4043039396.4086127 218041992991305.8 95284350937196.89
28.371668880832676 3.6879322935438655e-08 8113103782.098869 437541449525700.7 191643154892254.53
28.306893381104747 3.157765446870426e-08 6962683178.01272 375499016420541.1 164844068208616.72
28.242412986159177 1.53176241017389e-08 3385155187.620005 182562154687182.88 80327348062362.92
28.17822568391791 1.6219666931524165e-08 3592669470.700056 193753445055792.34 85445269269602.8
28.114329480553014 7.863377407121883e-09 1745703027.3654542 94146143516641.22 41612595434354.375
28.050722400280268 6.0690291694191094e-09 1350405348.5820708 72827653822148.28 32262650643213.316
27.987402485155485 6.64362015168466e-09 1481600702.2707253 79903047748530.48 35476953200343.68
27.924367794873596 7.644546509547498e-09 1708666688.171183 92148765697816.53 41006200735527.59
27.86161640657051 6.158534751858523e-09 1379621845.7971504 74403305864188.64 33183874415428.254
27.799146414627526 5.592196671952897e-09 1255567167.6892989 67713010123177.984 30267715525061.664
27.736955930478473 6.760415960602774e-09 1521260527.790525 82041910754838.58 36754776018166.86
27.675043082419368 7.307628744124865e-09 1648075656.851626 88881078215460.95 39907604118742.31
27.61340601542066 6.323572141267449e-09 1429326592.2240674 77083893637258.45 34687752136765.72
27.552042890941948 7.87553268741289e-09 1784083215.2830262 96215995389062.22 43393413920467.555
27.490951886749173 1.1443152293325836e-08 2598034267.166257 140112552446517.28 63330873705825.65
27.43013119673424 1.40508382631033e-08 3197152299.0601077 172423118063860.44 78107672482925.5
27.369579030737032 1.6749035695429235e-08 3819536507.142486 205988433617585.56 93518748862385.62
27.30929361436977 1.8167765763292457e-08 4152216883.117162 223929958568109.22 101888131148490.4
27.249273188843684 2.4602035639608772e-08 5635144995.628199 303904593839277.2 138580494790699.7
27.18951601079797 2.4968130397565714e-08 5731568955.273684 309104758930888.8 141260874831416.28
27.130020352131016 2.9957226066821186e-08 6891923561.766795 371682934943999.9 170230784204346.56
27.070784499833785 4.288150621362728e-08 9886854998.014484 533200237944270.25 244738909216420.7
27.011806755825432 4.3623843502633686e-08 10079970647.019676 543615006849145.4 250062903150616.22
26.95308543679103 2.8915753539796908e-08 6695993159.740068 361116365797173.4 166474644632492.72
26.89461887402142 3.882747960169121e-08 9010788182.912054 485953764281866.6 224510639098227.7
26.83640541325514 4.6732613435173544e-08 10868877640.802341 586160932412460.6 271392511706968.4
26.778443414522407 2.1203158561362584e-08 4942016685.293015 266524033482030.1 123667151535660.3
26.720731251991108 1.7974340810712266e-08 4198494686.095125 226425730536479.7 105287964699460.73
26.66326731381478 1.887539142054792e-08 4418466580.437037 238288862586834.8 111042609965462.44
26.60605000198256 1.0817942210453977e-08 2537775667.621357 136862793081989.17 63914924369290.7
26.549077732171035 1.076525170643661e-08 2530834374.118561 136488447615399.92 63876593484006.766
26.49234893359802 1.0132383088580339e-08 2387152200.2781186 128739636765492.73 60378889643009.68
26.43586204887819 8.815314043686226e-09 2081293301.5741167 112244599911093.9 52754961958216.56
26.37961553388058 7.99415392242759e-09 1891441959.9007668 102005875809789.88 48044767506410.95
26.323607857587838 8.513220452650667e-09 2018540381.8003914 108860321314738.69 51382071660553.78
26.267837501957352 8.96498202542385e-09 2130169082.5334773 114880481396407.14 54338467700502.48
26.212302961784083 8.600235169523916e-09 2047831046.6975477 110439973235986.23 52348547313858.25
26.15700274456513 7.553490446175873e-09 1802389634.6305375 97203264561509.95 46171550666715.09
26.101935370366043 9.213180878122958e-09 2203057652.0425286 118811377784940.05 56554215825633.58
26.047099371688805 1.0303749499975756e-08 2469021659.048901 133154874462992.73 63514875118844.57
25.992493293341447 1.1122664574996766e-08 2670852317.2967916 144039645709646.6 68850950649212.445
25.938115692309353 1.5659636217722936e-08 3768185037.508237 203219037704196.7 97341919060312.94
25.883965137628124 2.0779445091482665e-08 5010627461.785155 270224227563818.25 129707629230624.7
25.830040210258062 2.326384995970665e-08 5621412833.335206 303164015343528.7 145821891380232.75
25.776339502960226 2.505936405242609e-08 6067891087.299463 327242684576413.44 157730973965828.6
25.722861620174 2.9285482824280284e-08 7105948931.606815 383225369636096.3 185097853534236.62
25.66960517789621 2.532223299185985e-08 6157037325.793663 332050360585264.56 160712374523267.8
25.616568803561712 2.6423593079061888e-08 6438132189.664449 347209867661166.3 168396785815657.75
25.5637511359255 4.158784911160095e-08 10153852572.33533 547599475132133.06 266133344914224.72
25.51115082494623 5.213055778363639e-08 12754143419.057314 687833725404328.6 334975024271909.7
25.458766531671188 4.762177381605094e-08 11675007935.012114 629635714309540.6 307262228583056.5
25.40659692812268 6.235217538570295e-08 15317718613.431839 826087892569016.6 403956979466250.9
25.354640697185825 5.7852081532002505e-08 14241328488.71612 768037939299292.0 376338590256652.06
25.30289653249769 2.8184277796254098e-08 6952254246.441222 374936581875223.75 184093861700726.44
25.251363138337815 2.2982167613701457e-08 5680612106.961282 306356645031117.94 150727469355307.6
25.200039229520055 3.056833561109053e-08 7571109908.952917 408311602199751.75 201297619884481.97
25.148923531285735 2.08512977938305e-08 5174908381.994651 279083933280448.84 137867463040534.28
25.09801477919811 1.6143311709306754e-08 4014599597.6203413 216508228464159.53 107171573089758.33
25.047311719038113 1.6225926594333613e-08 4043312990.014661 218056747953917.72 108156146985142.36
24.996813106701342 1.244182198881802e-08 3106621296.5519648 167540761430899.9 83267758431156.03
24.94651770809631 9.583037138552657e-09 2397630282.5169244 129304722016975.92 64393751564455.29
24.896424299043908 1.1281729146780344e-08 2828314284.1654434 152531603791200.22 76113270291807.92
24.846531665178087 1.2732565336196038e-08 3198446673.233013 172492923944205.7 86246461972103.83
24.796838601847732 1.0864485273028861e-08 2734650409.2887363 147480290670792.16 73887625626064.62
24.74734391401969 1.0090395452401278e-08 2544887380.034511 137246329277437.22 68897657297276.805
24.698046416183 1.0407211219672345e-08 2630030235.307322 141838101959431.1 71344565285592.42
24.648944932254206 9.675877934709255e-09 2450084265.0860195 132133576692459.98 66595322652997.68
24.60003829548386 1.060439273956329e-08 2690537164.57568 145101253799894.47 73276133168945.02
24.551325348364088 1.1275303675832819e-08 2866436206.361453 154587527337149.6 78221288832597.33
24.50280494253728 9.960913776442572e-09 2537303116.172481 136837308279690.34 69376515297799.05
24.454475938705844 1.41438515672711e-08 3609926042.9211383 194684095744634.38 98899520638278.25
24.40633720654304 2.204537423481884e-08 5637724420.595727 304043702788151.4 154758244719170.38
24.35838762460484 2.6223527245098564e-08 6719416236.522672 362379577416680.2 184813584482500.66
24.31062608024287 2.132099935212854e-08 5473944480.782406 295211015053123.56 150852828692146.53
24.263051469518324 2.2028018108333882e-08 5666553326.81019 305598451963325.06 156466407405216.34
24.21566269711692 2.5960107020278882e-08 6691124252.666507 360853784580934.94 185117991490026.2
24.16845867626484 2.539627106944167e-08 6558582324.308052 353705769590069.5 181804765569297.1
24.12143832864565 2.987172177643639e-08 7729404396.51204 416848458303006.1 214676956026040.2
24.07460058431818 3.3460665324063913e-08 8674899585.091482 467839219230213.44 241405037122793.16
24.027944381635393 3.24104377071357e-08 8418936873.505416 454035094586941.2 234736143901443.66
23.981468667164144 2.973779211947742e-08 7739660655.890384 417401580599434.0 216214018750499.16
23.93517239560591 4.991133673995244e-08 13015223083.147844 701913808407815.2 364293266563646.2
23.889054529718422 7.329322455621485e-08 19149341406.480812 1032728142211262.8 537018633949866.56
23.843114040238195 5.991189856857782e-08 15683358905.4143 845806952950322.2 440665422487103.44
23.797349905803955 3.2122038263773266e-08 8424875148.574558 454355347051499.5 237173491160887.2
23.75176111288096 3.0202693353445475e-08 7936679291.679887 428026838429503.8 223858036498625.5
23.706346655686158 3.080614266360812e-08 8110762161.186527 437415165401185.2 229205546670225.12
23.66110553611424 1.9559517058853632e-08 5159552901.554055 278255808884337.2 146084299664274.9
23.616036763664496 2.066014572884782e-08 5460285350.0383215 294474375164673.6 154893521336625.12
23.571139355368558 2.014655382240653e-08 5334689757.112262 287700977552756.06 151618415170301.2
23.526412335718902 1.4690716551731415e-08 3897411388.068735 210188242864115.06 110979392232253.4
23.481854736598223 1.1268208901592618e-08 2995100968.309584 161526445901198.9 85447489881731.38
23.437465597209567 1.3363330176685075e-08 3558713503.0380692 191922192342908.9 101718761941738.08
23.393243964007283 1.5614325527853844e-08 4166023871.338506 224674572442429.5 119302197966921.75
23.349188890628735 1.3507287611339667e-08 3610649432.8808517 194723108322316.9 103592693627478.69
23.305299437826804 1.083808825483743e-08 2902598527.9885225 156537769198696.34 83434630982905.7
23.261574673403114 1.207645481632692e-08 3240330622.2552156 174751734414185.16 93317426177168.61
23.218013672142057 1.252859429146056e-08 3367954829.140935 181634535617659.9 97174476555447.28
23.17461551574553 1.0226108736052897e-08 2754145268.675922 148531652672765.97 79612965832605.3
23.131379292768393 8.85883406661565e-09 2390363848.4743433 128912841650439.89 69226195966287.46
23.088304098554673 1.2020970083872416e-08 3249649019.6171007 175254277608316.56 94286801353272.92
23.04538903517446 1.1660042812569216e-08 3157948737.752773 170308861485653.16 91796476340767.77
23.00263321136152 7.535941606691181e-09 2044791094.3922315 110276027947736.4 59549055091778.08
22.96003574245159 8.446651495883576e-09 2296153886.8200436 123832077951479.89 66993154171747.45
22.917595750321365 1.5577002486700448e-08 4242323762.0542073 228789442124740.38 124003877631611.8
22.875312363328153 2.0267463916826914e-08 5529951854.981825 298231504911198.9 161939707166772.62
22.833184716250198 2.33058181396242e-08 6370695359.677066 343572984769417.5 186903703714551.7
22.791211950227677 1.63199531181573e-08 4469309820.356492 241030849561292.84 131361813010904.3
22.749393212704323 1.7124637429820506e-08 4698297819.149568 253380222083431.56 138345601257561.22
22.707727657369702 1.9077382971327844e-08 5243654830.292918 282791444172215.8 154686919962193.4
22.666214444102113 2.0607158529909865e-08 5674506445.777495 306027365397032.5 167702996237575.0
22.624852738912146 2.382709424717305e-08 6573161401.751569 354492022403876.56 194616120299729.72
22.583641713886806 3.143160448231185e-08 8686834562.014727 468482875128536.1 257665581320702.5
22.542580547134285 2.738524942475786e-08 7582318888.790882 408916104917543.8 225312773809571.62
22.501668422729324 1.8961047269800533e-08 5259404516.640966 283640828178556.94 156569737154556.5
22.46090453065916 2.307732837165325e-08 6412793609.22722 345843352513425.8 191251373939923.38
22.420288066770084 3.731037503591679e-08 10386695527.423828 560156746284766.25 310326837441752.44
22.37981823271454 4.343447128271757e-08 12113425126.697258 653279648702461.8 362570205029874.4
22.33949423589884 4.0593068219535025e-08 11341422174.414492 611645361769608.4 340074821143886.7
22.299315289431394 3.851660712696197e-08 10780663005.238987 581403497952059.1 323841748359292.7
22.259280612071553 2.947108368697236e-08 8263688842.328643 445662534538224.06 248679694272317.06
22.21938942817895 2.8986548412439984e-08 8142417346.842096 439122336440621.8 245469386070309.1
22.179640967663424 2.5586983169218013e-08 7200348990.477747 388316385319247.56 217457175778779.12
22.140034465935454 1.9258634833713003e-08 5429204254.3819475 292798164923613.6 164259770522148.56
22.100569163857138 1.7359658944476406e-08 4902602756.45496 264398431737189.12 148591918636301.7
22.06124430769369 1.5625031182906686e-08 4420586199.396806 238403174097818.5 134220987017077.9
22.022059149065463 1.300287924473414e-08 3685280756.747589 198747991831970.03 112093867393227.22
21.98301294490045 1.2908790511909354e-08 3665112520.3823643 197660314463280.62 111678077671751.45
21.944104957387353 1.3299609960672232e-08 3782770622.485155 204005641470693.8 115467193072414.86
21.905334453929072 1.2113641348718597e-08 3451547048.370483 186142682160967.72 105542900785263.4
21.866700707096744 9.850248395809103e-09 2811595868.346492 151629975994038.56 86125826364612.75
21.82820299458425 7.908614764610063e-09 2261368884.353912 121956115211502.61 69393029555341.055
21.789840599163185 8.034789849031303e-09 2301491863.352814 124119956185557.95 70748375025770.28
21.75161280863834 9.352818054813713e-09 2683737265.952838 144734533789898.94 82643418794036.56
21.713518915803597 8.01783926137233e-09 2304709059.0845094 124293460250298.22 71095859263165.9
21.675558218398344 6.555282344007479e-09 1887600510.1171494 101798705588411.38 58330658302158.24
21.637730019064314 6.7411712726374375e-09 1944521003.8712752 104868440182445.6 60194484664723.44
21.600033625302878 7.051081783112399e-09 2037465668.4673996 109880966136174.7 63181555528303.45
21.562468349432788 7.717211602022103e-09 2233834059.878772 120471156145667.53 69391385939901.78
21.525033508548354 5.974844368768513e-09 1732493987.1921082 93433777110452.6 53911289392734.04
21.48772842447808 3.971518466462649e-09 1153599487.9844406 62213871004401.164 35959617440544.14
