string
integrated and resized binned spectra ROIsize spatial in px50:1600
converted file:an 18 2019_16.39.29_88 binning:0.1
nm muJ
28.1 0.00025013598132349535
28.200000000000003 0.002061832018371679
28.300000000000004 0.002079429822355139
28.400000000000006 0.002098467076418349
28.500000000000007 0.002086082709374194
28.60000000000001 0.002124923971331668
28.70000000000001 0.002127734721775071
28.80000000000001 0.002118671076602816
28.900000000000013 0.002142030351792092
29.000000000000014 0.002138684632124038
29.100000000000016 0.0021438123317442637
29.200000000000017 0.002174206881562007
29.30000000000002 0.0022836333038830114
29.40000000000002 0.002268246970156614
29.50000000000002 0.0022700550417974886
29.600000000000023 0.002309175113531445
29.700000000000024 0.0023558242629880713
29.800000000000026 0.0023107833578981927
29.900000000000027 0.002312854139698299
30.00000000000003 0.002338410068083743
30.10000000000003 0.0024106441002051844
30.20000000000003 0.0023715701120165856
30.300000000000033 0.0024424865917316418
30.400000000000034 0.002498553224503984
30.500000000000036 0.002566672863770937
30.600000000000037 0.00262654216115598
30.70000000000004 0.002606787673685839
30.80000000000004 0.0027005959985357607
30.90000000000004 0.0027075564842601605
31.000000000000043 0.0026242145777464836
31.100000000000044 0.00259597177823496
31.200000000000045 0.002584173065186
31.300000000000047 0.002635411706602717
31.40000000000005 0.0025695901565321003
31.50000000000005 0.002578268482169863
31.60000000000005 0.0027086239732573196
31.700000000000053 0.0027597404385210395
31.800000000000054 0.0027084738389924847
31.900000000000055 0.0027326655622774676
32.00000000000006 0.002779582596246126
32.10000000000006 0.002807954966118721
32.20000000000006 0.0026292677648507056
32.30000000000006 0.0025515935457067914
32.40000000000006 0.002625171988960638
32.500000000000064 0.0025140767018951423
32.600000000000065 0.0025559365263756076
32.70000000000007 0.0025189601993634617
32.80000000000007 0.0025828271367460912
32.90000000000007 0.0026208667586923302
33.00000000000007 0.0027959131103942538
33.10000000000007 0.002669220318627271
33.200000000000074 0.002685367236558278
33.300000000000075 0.0027043770635014385
33.40000000000008 0.0028454424336659904
33.50000000000008 0.0026545259995495144
33.60000000000008 0.002564933806049918
33.70000000000008 0.002497153698961916
33.80000000000008 0.0024465445028622893
33.900000000000084 0.002469271955662023
34.000000000000085 0.0024467484401512244
34.10000000000009 0.0025253901895662266
34.20000000000009 0.0025340686385631815
34.30000000000009 0.0026175903453555106
34.40000000000009 0.0027742979453521575
34.50000000000009 0.0027624061903595894
34.600000000000094 0.0027527171558233855
34.700000000000095 0.002846561889432328
34.8000000000001 0.002968919279950028
34.9000000000001 0.003011055756834174
35.0000000000001 0.002680344470437971
35.1000000000001 0.0025491499988778326
35.2000000000001 0.0024851731022708986
35.300000000000104 0.0025374051270834913
35.400000000000105 0.0024618497697824347
35.50000000000011 0.002514502666683223
35.60000000000011 0.002518319911883786
35.70000000000011 0.00254665141601621
35.80000000000011 0.0025997004117889293
35.90000000000011 0.0028214777367507517
36.000000000000114 0.0028695900496659974
36.100000000000115 0.0028290978251022487
36.20000000000012 0.002706032566854575
36.30000000000012 0.003008288819123354
36.40000000000012 0.0032041469797179922
36.50000000000012 0.0028847926594446596
36.60000000000012 0.002601782300649628
36.700000000000124 0.002527976788353569
36.800000000000125 0.002415824154864583
36.90000000000013 0.002394780765559008
37.00000000000013 0.002367577116317162
37.10000000000013 0.002355814948485275
37.20000000000013 0.002572286034714592
37.30000000000013 0.002706869336995461
37.400000000000134 0.002592399623955336
37.500000000000135 0.002596179332475175
37.600000000000136 0.002852371869843294
37.70000000000014 0.0030486376118314864
37.80000000000014 0.002999118925189882
37.90000000000014 0.0029628965033792064
38.00000000000014 0.003361411570000653
38.10000000000014 0.0038991881602970617
38.200000000000145 0.0035934353937162908
38.300000000000146 0.002882437995329557
38.40000000000015 0.0023634526335559484
38.50000000000015 0.0023850726647630755
38.60000000000015 0.00232263454825986
38.70000000000015 0.002364541715036756
38.80000000000015 0.0023014952671218743
38.900000000000155 0.0022523338498682487
39.000000000000156 0.0023198091828335993
39.10000000000016 0.002674595385500758
39.20000000000016 0.002576257668593431
39.30000000000016 0.0026139795871683424
39.40000000000016 0.0027712056733622233
39.50000000000016 0.0031382632931688187
39.600000000000165 0.0033222854608350775
39.700000000000166 0.0032311795507465406
39.80000000000017 0.003227787029854349
39.90000000000017 0.004024225148604679
40.00000000000017 0.0047548755628268775
40.10000000000017 0.004266268052793215
40.20000000000017 0.0032733937293298087
40.300000000000175 0.002536405386487366
40.400000000000176 0.0021890902115601937
40.50000000000018 0.002186990360417767
40.60000000000018 0.0020620249907663465
40.70000000000018 0.0019270599511011944
40.80000000000018 0.002049595143614663
40.90000000000018 0.0021018934061837057
41.000000000000185 0.00212261110786996
41.100000000000186 0.0026368993783831116
41.20000000000019 0.002766629807160455
41.30000000000019 0.0026638139578868507
41.40000000000019 0.002506767413114556
41.50000000000019 0.002758984727377999
41.60000000000019 0.0033614279206982665
41.700000000000195 0.003561155085285967
41.800000000000196 0.0034353164521326307
41.9000000000002 0.003543981744983912
42.0000000000002 0.004777817511264579
42.1000000000002 0.005641215083135894
42.2000000000002 0.00540571062153163
42.3000000000002 0.003832970581852053
42.400000000000205 0.002738644112688756
42.500000000000206 0.0018502407668637443
42.60000000000021 0.0018136297868301858
42.70000000000021 0.0018905236384002349
42.80000000000021 0.0015651567399511607
42.90000000000021 0.0014081754282857866
43.00000000000021 0.0015988942244428456
43.100000000000215 0.0019233366641651175
43.200000000000216 0.002046781256659541
43.30000000000022 0.0022015635324271854
43.40000000000022 0.002860259990919997
43.50000000000022 0.002694139759344861
43.60000000000022 0.0020749192643803637
43.70000000000022 0.0023138312677252804
43.800000000000225 0.002763175450638455
43.900000000000226 0.003694993176418627
44.00000000000023 0.004641859507127362
44.10000000000023 0.0044737101438628605
44.20000000000023 0.004677993152442973
44.30000000000023 0.005526985848330605
44.40000000000023 0.0069003521208395166
44.500000000000234 0.006917468924180977
44.600000000000236 0.005542630668194957
44.70000000000024 0.003882670909649441
44.80000000000024 0.002266712671428456
44.90000000000024 0.0017819797740294841
45.00000000000024 0.001417190471163782
45.10000000000024 0.001272477445143731
45.200000000000244 0.0014285622726838935
45.300000000000246 0.0013736518961987448
45.40000000000025 0.00168226789164629
45.50000000000025 0.0020159240447152945
45.60000000000025 0.002268969621896401
45.70000000000025 0.002412555045830929
45.80000000000025 0.0021228458911784895
45.900000000000254 0.0024067246251410733
46.000000000000256 0.0028668841347565823
46.10000000000026 0.002833679408267114
46.20000000000026 0.003251994877862404
46.30000000000026 0.003231126328537214
46.40000000000026 0.003546694884596235
46.50000000000026 0.0045647424957174386
46.600000000000264 0.004724055882154037
46.700000000000266 0.004425972267571553
46.80000000000027 0.0047575805255924905
46.90000000000027 0.005585169749044586
47.00000000000027 0.007267027549147584
47.10000000000027 0.008698586855499364
47.20000000000027 0.007975850168483985
47.300000000000274 0.006084289092651243
47.400000000000276 0.003388649246026806
47.50000000000028 0.002546941825890074
47.60000000000028 0.0018222972926373873
47.70000000000028 0.001496315525504177
47.80000000000028 0.0014234055560789956
47.90000000000028 0.0020228966822799658
48.000000000000284 0.0017842961894950979
48.100000000000286 0.0019375094826030962
48.20000000000029 0.0020552494717104744
48.30000000000029 0.0012906919803521472
48.40000000000029 0.0015551137196999107
48.50000000000029 0.0020498263390495088
48.60000000000029 0.002847461131880531
48.700000000000294 0.002778827574952799
48.800000000000296 0.0033563643655671735
48.9000000000003 0.004137077868169883
49.0000000000003 0.003741385366525668
49.1000000000003 0.0027181796165590376
49.2000000000003 0.0027862913676006055
49.3000000000003 0.0035389287603784588
49.400000000000304 0.004454942765098883
49.500000000000306 0.005750465528254496
49.60000000000031 0.0067576367200360725
49.70000000000031 0.007339929491606224
49.80000000000031 0.008255413513237447
49.90000000000031 0.009237862256848679
50.00000000000031 0.0101706738395887
50.100000000000314 0.009633011528934697
50.200000000000315 0.007901708208098237
50.30000000000032 0.006366521098006621
50.40000000000032 0.004126455186053861
50.50000000000032 0.0032041974022729773
50.60000000000032 0.002741017054976675
50.70000000000032 0.0022852025020326616
50.800000000000324 0.0021066795134050964
50.900000000000325 0.0018794834281503632
51.00000000000033 0.0020471424985976823
51.10000000000033 0.0022185396780946428
51.20000000000033 0.002349655680180837
51.30000000000033 0.003626864998197279
51.40000000000033 0.004108389890886263
51.500000000000334 0.00417269450291612
51.600000000000335 0.0044226771065819705
51.70000000000034 0.00447171398952404
51.80000000000034 0.00416114786447413
51.90000000000034 0.0034488927837992775
52.00000000000034 0.003691302891025246
52.10000000000034 0.004083216435963836
52.200000000000344 0.0030145400650933704
52.300000000000345 0.0030634933126374997
52.40000000000035 0.004114102825271905
52.50000000000035 0.005353890884844329
52.60000000000035 0.005995337730113986
52.70000000000035 0.006550343601055247
52.80000000000035 0.008024527973483513
52.900000000000354 0.008265076771833142
53.000000000000355 0.007601428326762194
53.10000000000036 0.007609592533790461
53.20000000000036 0.008573764738256216
53.30000000000036 0.009584427650312519
53.40000000000036 0.01048710420774324
53.50000000000036 0.011033903317178205
53.600000000000364 0.010205242191183088
53.700000000000365 0.008359477153489309
53.80000000000037 0.00648660370485979
53.90000000000037 0.004380324926015745
54.00000000000037 0.003297139459129354
54.10000000000037 0.0027856523997279873
54.20000000000037 0.002199828274935028
54.300000000000374 0.0021848670227301047
54.400000000000375 0.0017733476513504996
54.50000000000038 0.0016103115514271712
54.60000000000038 0.0016271483521893173
54.70000000000038 0.0018603573325935603
54.80000000000038 0.0019622392548158014
54.90000000000038 0.002262553706932324
55.000000000000384 0.0024729546545886128
55.100000000000385 0.002092980332682785
55.20000000000039 0.0016732373512329413
55.30000000000039 0.0016831735958106947
55.40000000000039 0.0021544955178664235
55.50000000000039 0.0025904998418170943
55.60000000000039 0.002715202842882389
55.700000000000394 0.0025406914544118535
55.800000000000395 0.0030758923510403164
55.9000000000004 0.0033514908141116825
56.0000000000004 0.0029691312157680244
56.1000000000004 0.002651568746749236
56.2000000000004 0.0026202837143545514
56.3000000000004 0.002895475307393035
56.400000000000404 0.003040609119722653
56.500000000000405 0.003405021309155026
56.600000000000406 0.0037263909404174063
56.70000000000041 0.004092573086001642
56.80000000000041 0.004644850924772634
56.90000000000041 0.004840699298552125
57.00000000000041 0.004659036896537245
57.10000000000041 0.005614291743239908
57.200000000000415 0.0057937045705843
57.300000000000416 0.005460024258448802
57.40000000000042 0.004856555938712379
57.50000000000042 0.004371555473980867
57.60000000000042 0.0034337277557297766
57.70000000000042 0.0028286147405817215
57.80000000000042 0.002048806351829356
