string
20190118an 18 2019_14.50.   full spectra  index number  Nphoton via eV
eV x-axis E [J] Nphoton Nphoton/sr Nphoton/sr @ 0.1bw
43.81066890785845 1.8492136796846046e-09 263448777.87705177 14207849824679.447 4035029350209.049
43.65640598916881 1.8498886768198173e-09 264476195.75545183 14263258694066.236 4065028727808.667
43.50322561727698 1.8616691333986683e-09 267097617.04412895 14404632513663.623 4119724898907.796
43.35111643679699 1.8758862842650216e-09 270081723.5078619 14565566023544.469 4180317448757.227
43.20006725060606 1.884976910077364e-09 272339469.1956831 14687326738979.828 4229950100826.0376
43.05006701709701 1.9028849430470625e-09 275884735.9589809 14878523745727.266 4299893362515.1357
42.90110484748767 1.914849236815197e-09 278583303.4852934 15024058078680.207 4356976842817.2974
42.75317000318599 1.9316760733554823e-09 282003795.53024447 15208525957760.123 4425681053708.049
42.606251893209404 1.9358750965442493e-09 283591348.1750477 15294143016787.299 4465889760901.792
42.46034007165731 1.950871152532731e-09 286770249.083824 15465581833408.07 4531415477188.403
42.31542423523527 2.0143864339629166e-09 297120805.35187954 16023789581583.918 4710994136985.671
42.17149422082971 1.9719623482576878e-09 291855985.28237784 15739856691463.062 4643257723981.602
42.02854000313198 1.9919082469751687e-09 295810782.92439 15953139787469.406 4722129377091.0205
41.88655169231059 2.0142293676539026e-09 300139593.50393915 16186593482450.754 4807418264287.746
41.745519531730416 2.0283931558557634e-09 303271249.80803806 16355484387277.469 4873934347408.561
41.605433895717894 2.0339000308329747e-09 305118487.0289398 16455106291909.643 4920076781280.854
41.46628528737101 2.0600264868659544e-09 310074925.41633064 16722408090918.896 5016722427275.743
41.32806433641311 2.072831776685994e-09 313045862.22265095 16882631358314.395 5081672038852.518
41.19076179708947 2.145225912856264e-09 325058992.6219443 17530502090579.115 5294211631354.736
41.05436854610573 2.1350070849247962e-09 324585353.3368287 17504958621035.555 5304002462173.767
40.91887558060703 2.1464077923906526e-09 327399129.2799722 17656706168937.01 5367638675356.863
40.78427401619714 2.158532832055199e-09 330335233.2794262 17815050895490.844 5433590523124.67
40.65055508499649 2.153500660512891e-09 330649221.0127804 17831984322163.906 5456587202582.212
40.51771013373833 2.218538107540891e-09 341751929.03328294 18430755777752.82 5658242023769.659
40.38573062190204 2.2149384233569047e-09 342312444.4326576 18460984495012.055 5685983224463.513
40.254608119882874 2.2187518122371716e-09 344018736.8073824 18553005213469.89 5732878610962.384
40.124334307197174 2.280032808685609e-09 354668183.8123012 19127332204018.246 5929472983245.5205
39.99490097072234 2.282920729914276e-09 356266658.74708897 19213538304517.133 5975410412704.593
39.86630000297082 2.2994522991339773e-09 360004101.8096792 19415099420835.363 6057511019300.579
39.73852340039719 2.271540903464238e-09 356777789.80661196 19241103713599.508 6022465462356.774
39.61156326173778 2.318705826094599e-09 365352973.27052623 19703565220751.484 6186919479315.89
39.485411786381924 2.259715008366967e-09 357195495.415518 19263630667833.598 6068043660367.443
39.36006127277436 2.2801908998800576e-09 361580013.88696074 19500088701527.203 6162028029682.501
39.235504116847856 2.3225171396822212e-09 369461054.56312865 19925114937334.758 6316261435135.255
39.11173281048556 2.274225816282645e-09 362923844.3898007 19572561772490.11 6224074643651.81
38.98873994001234 2.224644770073166e-09 356131548.5900587 19206251784396.055 6126794319222.025
38.86651818471449 2.251264031874787e-09 361526195.5847796 19497186268798.65 6239099606015.339
38.74506031538725 2.196943666883167e-09 353908957.302761 19086386953418.156 6126730212047.334
38.62435919290941 2.227074629488377e-09 359883933.1036331 19408618696411.863 6249575220244.592
38.50440776684447 2.197194857075417e-09 356161605.7952965 19207872776004.402 6204142906649.341
38.38519907406786 2.184412756023188e-09 355189305.9199879 19155436432498.625 6206361404129.519
38.266726237419505 2.2855725550519485e-09 372788647.0833549 20104572724864.01 6533986135580.806
38.14898246438129 2.2193091985474498e-09 363097977.1391541 19581952789492.758 6383716609374.544
38.03196104577889 2.23274970676698e-09 366420949.9481701 19761161434992.82 6461899789242.421
37.91565535450739 2.2247602942968996e-09 366229760.42542166 19750850542495.418 6478278977938.505
37.80005884428024 2.289997233477995e-09 378121573.6100811 20392178611018.99 6709026763025.399
37.68516504840097 2.275927639798944e-09 376944146.20609057 20328679695327.805 6708464299457.803
37.57096757855732 2.265437490754182e-09 376347190.6593143 20296485753002.65 6718136784243.998
37.45746012363721 2.14315424559108e-09 357111698.9700965 19259111507327.39 6394025020432.217
37.34463644856601 2.132215848896184e-09 356362425.4105318 19218703021481.742 6399828106153.483
37.23249039316491 2.0794739620387003e-09 348594375.4234399 18799770398083.08 6279123312959.7
37.121015871029684 2.127980636350622e-09 357797081.5218961 19296074337244.062 6464184902976.546
37.01020686842959 2.073417439905688e-09 349666647.28941226 18857598252764.09 6336153012928.774
36.90005744322593 2.1237388673570695e-09 359222100.4263652 19372925916344.855 6528676033808.104
36.79056172380983 2.1238974001953036e-09 360318108.8355026 19432033887955.48 6568027454129.176
36.68171390805892 2.161133655011708e-09 367723158.7805423 19831389840225.164 6722841155836.281
36.57350826231243 2.2000306982035657e-09 375449123.0196617 20248052770092.617 6884337941831.1
36.465939120364446 2.1225868487443713e-09 363301374.81745434 19592922070471.27 6681186426030.858
36.35900088247482 2.3091287724528337e-09 396392279.31071144 21377521738731.72 7311112434646.374
36.25268801439741 2.409642902561403e-09 414859890.3994123 22373484016800.43 7674105017762.021
36.146995046425396 2.4531085562555583e-09 423578143.4723491 22843661299048.61 7858219486872.438
36.041916572453225 2.305491598678155e-09 399249739.7917997 21531625203254.926 7428410695122.67
35.937447249054806 2.130624585604434e-09 370040010.32376707 19956338147283.08 6904892998959.874
35.83358179457777 2.168032682953244e-09 377628339.4784794 20365578387147.484 7066855700340.472
35.73031498825334 2.1165470830860615e-09 369726061.00519127 19939406792327.363 6938913563729.825
35.62764166932158 2.1156479895997105e-09 370634044.4772426 19988374538232.86 6975942713843.317
35.52555673617166 2.136614275925786e-09 375382660.4950171 20244468431699.67 7085563951094.677
35.42405514549688 2.1400355642325133e-09 377061065.4058668 20334985173172.223 7137579795783.375
35.323131911464124 2.1298051274881446e-09 376330692.77480894 20295596018507.14 7144049798514.337
35.22278210489746 2.142824719617859e-09 379709940.22176486 20477839567456.863 7228677367312.244
35.123000852475656 2.299325639368288e-09 408599511.140735 22035860403323.902 7800694582777.006
35.02378333594324 2.407798655538591e-09 429087719.1762808 23140793913706.992 8214981839365.945
34.92512479133495 2.465878612900751e-09 440679352.02449286 23765933191472.32 8460672216164.091
34.827020508213224 2.8667070604266056e-09 513754890.7875446 27706912872492.2 9891367895478.777
34.7294658289185 3.1803704208440874e-09 571568882.7315465 30824834018017.305 11035290578450.445
34.63245614783214 3.124375114799996e-09 563078379.3035959 30366939323601.43 10901731217172.742
34.535986910651545 2.567866905541445e-09 464076539.41963357 25027748590688.86 9009989492648.03
34.44005361367751 2.1742167673872155e-09 394028827.76750296 21250060283550.914 7671271762361.774
34.34465180311331 2.289377687600066e-09 416051701.99630666 22437758675139.855 8122468640400.373
34.24977707437542 2.2530192189691783e-09 410578422.88021857 22142583543349.246 8037757826235.975
34.15542507141571 2.5235654878159675e-09 461151748.49295187 24870013980607.383 9052685088941.049
34.06159148605468 2.3507091102995904e-09 430747662.4497069 23230315015062.535 8479064980497.701
33.96827205732576 2.253630726577035e-09 414093367.9579682 22332145295007.734 8173565177972.786
33.87546257083034 2.2034542034963166e-09 405982925.91182643 21894747393480.46 8035372293407.259
33.78315885810328 2.176215636028883e-09 402059794.033034 21683172038963.887 7979407310338.727
33.69135679598887 2.2024749159305156e-09 408019993.704051 22004606902064.42 8119699946860.686
33.600052306026825 2.482931646253628e-09 461226004.32119834 24874018613556.66 9203386887015.95
33.509241353848374 2.9087810771150196e-09 541795527.4218216 29219150497956.3 10840304834741.9
33.41891994858194 3.578014111335182e-09 668249456.0045217 36038838338308.375 13406447861851.3
33.32908414226855 4.84386720838533e-09 907105549.3779682 48920399344992.2 18247308955681.08
33.23973002928659 7.006109191395822e-09 1315553119.1008158 70948065514640.44 26534576502475.363
33.150853745785824 6.457611945697606e-09 1215811371.500357 65568971397833.59 24588364274187.406
33.062451469130394 4.8104948717035115e-09 908120916.8585336 48975158333805.836 18414659533510.773
32.97451941735079 3.4853763381360114e-09 659720802.5730691 35578886205915.62 13413240099630.111
32.8870538486045 3.9882813380104755e-09 756919670.7551432 40820842283253.016 15430278383069.639
32.80005106064523 3.077572838835262e-09 585629297.895746 31583115262422.324 11970000684458.082
32.71350739030052 4.89186385096526e-09 933332151.1973524 50334805678793.35 19127226157941.875
32.627419212957626 4.943928659939654e-09 945754567.0286608 51004749263323.164 19432809469325.723
32.54178294205747 5.7351204310581075e-09 1099993636.9247375 59322895810977.28 22661346199791.0
32.45659502859658 3.2654531725617957e-09 627956381.7026106 33865824087608.86 12970610625554.863
32.3718519606368 3.0944382233279394e-09 596627471.1248062 32176249133998.76 12355679667454.994
32.28755026282264 2.434993223680166e-09 470708061.8345778 25385388035213.043 9773374393556.977
32.20368649590622 2.7144987824140373e-09 526105734.9005983 28372996578707.707 10951976679381.705
32.12025725627952 2.954432898830638e-09 574095431.1456015 30961091322875.36 11981942341952.16
32.03725917551394 3.4757399309139503e-09 677143779.9953874 36518511163411.55 14169182331403.521
31.954688919906943 4.895610635213477e-09 956227546.3319986 51569559312387.97 20060558572519.094
31.872543190035717 8.971498017348321e-09 1756860271.281565 94747856104928.11 36951663880922.13
31.790818720317677 1.4609734313039559e-08 2868333071.7921567 154689825701918.0 60483721849449.26
31.709512278577733 1.8826259111267187e-08 3705641865.780364 199846070865521.66 78339659779282.31
31.628620665622176 1.4180910717352535e-08 2798419671.160666 150919380817302.0 59311316661199.92
31.548140714819066 1.0786248433880411e-08 2133956806.159462 115084754154432.6 45343393136842.84
31.468069291685 6.60658633615883e-09 1310376185.9336922 70668872384258.11 27914204591782.555
31.388403293478206 1.0743167594648217e-08 2136250127.6364393 115208433479905.92 45622539658041.914
31.309139648797704 6.111540288561743e-09 1218340048.271589 65705343485456.59 26085021363726.55
31.230275317188642 1.3439966593882732e-08 2686033044.6574645 144858345634193.22 57653621562406.79
31.151807288753492 1.131661211548413e-08 2267368755.3368425 122279689557073.16 48789596133273.82
31.07373258376915 1.3989643987204143e-08 2809973430.476869 151542477567258.12 60616991026903.07
30.996048252309727 8.191001635453452e-09 1649375955.655028 88951203612416.0 35669432648577.34
30.918751373875036 6.815235458620182e-09 1375776518.2885096 74195926516257.2 29826762459535.26
30.8418390570246 3.768035862396587e-09 762541941.5380726 41124052568004.55 16572993184906.326
30.765308439017097 3.7922720116480265e-09 769355711.4052246 41491520657219.22 16762574345516.592
30.689156685455174 3.562103614367599e-09 724453589.1601224 39069939449636.09 15823325477101.955
30.61338098993553 4.263655250073904e-09 869280144.2638798 46880467029688.63 19033469614052.312
30.537978573704155 5.066913684928663e-09 1035600365.2355115 55850152679455.63 22731012140538.797
30.462946685316677 6.620982084171596e-09 1356561468.1089222 73159654685637.2 29849139111739.066
30.388282600303643 1.2274458722590447e-08 2521071530.257612 135961935325018.81 55608431547932.25
30.313983620840798 2.4575165761113826e-08 5059905653.328238 272881811139334.56 111881542567131.12
30.240047075424116 3.9035692318620305e-08 8056907881.095009 434510792376104.75 178583935666576.0
30.166470318549603 3.534470336685328e-08 7312886252.01085 394385544282244.1 162486844244286.12
30.093250730397784 2.708529133404149e-08 5617633248.596049 302960181517438.0 125122554966700.56
30.02038571652273 1.6284684108622875e-08 3385727845.862694 182593038270620.06 75593517844036.98
29.94787270754562 1.661941580071327e-08 3463687879.7076025 186797439832552.2 77520937530509.05
29.87570915885274 1.9728790553087408e-08 4121650990.186024 222281533321948.06 92469117861928.0
29.803892550297803 1.4317310365844101e-08 2998316159.4616284 161699841858523.1 67428834055004.77
29.7324203859086 2.6200395092208556e-08 5500048897.651236 296618831925996.8 123986671745066.72
29.661290193597814 1.9520136858855773e-08 4107539942.104256 221520521433298.66 92817098480545.4
29.590499524878005 2.6013037560856938e-08 5486908857.33731 295910186697216.9 124282278412825.62
29.520045954580674 1.3580169280340212e-08 2871290467.9638886 154849318719948.47 65191563181100.47
29.449927080579297 1.0895121853430089e-08 2309068639.1895223 124528573352472.45 52551057954741.555
29.38014052351631 7.625905912852876e-09 1620043025.8995457 87369272338176.94 36957202199049.945
29.310683926534004 6.233117749574347e-09 1327297736.6027875 71581455288018.66 30350537042118.605
29.241554955009157 5.213151370237649e-09 1112727566.2118802 60009639383855.97 25504096738139.7
29.17275129629149 4.3218620018422806e-09 924660873.1048177 49867161767443.49 21243410912930.586
29.104270659445735 5.2400966626811895e-09 1123754781.654697 60604339508329.67 25878052970056.11
29.036110774997383 6.720129726529203e-09 1444535392.951083 77904107564550.83 33342958037627.816
28.96826939468197 7.96208668776021e-09 1715510284.1862721 92517842317669.12 39690154354279.42
28.90074429119786 1.3398400791746004e-08 2893562798.905225 156050470366238.3 67101702257484.39
28.833533257962518 2.4540655612424114e-08 5312234911.850296 286489982869503.75 123477182616743.78
28.76663410887211 4.259311522078123e-08 9241433239.786474 498392502306325.2 215305560996330.44
28.700044678064536 6.206133215877997e-08 13496696922.046309 727879797138929.2 315171952161163.5
28.633762819685636 5.474318447551851e-08 11932751837.59799 643535898970393.2 279294580153142.84
28.56778640765871 3.440596131119576e-08 7517026501.789358 405394872301898.75 176346769451330.38
28.502113335457196 2.3092220043242352e-08 5056821215.449888 272715466734466.62 118903943496228.5
28.43674151588046 3.311382814463415e-08 7268060521.2560625 391968082884329.56 171290052220445.28
28.371668880832676 2.3500815193249466e-08 5169958053.745679 278816961002531.94 122121828919107.48
28.306893381104747 2.7533749571072994e-08 6071026432.825216 327411774441765.44 143733768979934.3
28.242412986159177 3.603309005277773e-08 7963219420.190113 429458153325855.2 188961587463382.06
28.17822568391791 3.002998846634844e-08 6651666968.502085 358725844673924.1 158198097501197.53
28.114329480553014 3.7489421959596404e-08 8322810164.214463 448850960271526.5 198392124440009.72
28.050722400280268 2.1056536043132154e-08 4685240110.318735 252676017009421.2 111935475535179.23
27.987402485155485 1.3427116499203308e-08 2994395341.7694907 161488391308595.56 71700845741008.64
27.924367794873596 1.2514953463484047e-08 2797273070.464128 150857544392640.78 67131607254723.9
27.86161640657051 6.53463389016087e-09 1463874774.1793137 78947084595634.88 35210399729653.28
27.799146414627526 7.614395022739736e-09 1709593734.4832623 92198761506826.1 41212846393552.766
27.736955930478473 8.861900663928958e-09 1994146478.5302575 107544752811849.03 48180049259707.28
27.675043082419368 8.273816071026301e-09 1865978052.9886775 100632601778033.22 45184038198337.305
27.61340601542066 7.778217890669595e-09 1758122374.9617436 94815921630589.88 42667164733764.73
27.552042890941948 7.2524198790506675e-09 1642926401.2933304 88603377744535.62 39960123362786.02
27.490951886749173 7.647862592424636e-09 1736358004.8905673 93642164424381.34 42326258319820.26
27.43013119673424 9.837349028257763e-09 2238407593.4416575 120717807804305.84 54685166935348.26
27.369579030737032 1.878342736852608e-08 4283469679.5662947 231008450395043.34 104877836479351.67
27.30929361436977 3.510386782059268e-08 8022938787.656573 432678831787245.9 196868868463198.25
27.249273188843684 5.476750815407457e-08 12544606227.64823 676533339150061.1 308499202652404.06
27.18951601079797 6.28352282376561e-08 14424165435.294207 777898375549243.8 355499557626004.6
27.130020352131016 7.473884173562254e-08 17194328446.430626 927293868552730.0 424700591797136.94
27.070784499833785 6.054214954142899e-08 13958732018.466225 752797450265143.5 345534029671701.8
27.011806755825432 3.0733786359627234e-08 7101521541.954758 382986599550318.44 176173835793153.06
26.95308543679103 4.9900826009435115e-08 11555486152.71894 623189878624579.0 287290534045923.7
26.89461887402142 3.570606008508612e-08 8286392719.115041 446886959545690.7 206461775310113.97
26.83640541325514 3.308487799436872e-08 7694743868.337057 414979208488592.3 192135373530217.62
26.778443414522407 5.5761715573745395e-08 12996899870.766409 700925633583399.8 325229493982693.1
26.720731251991108 3.7888043439202834e-08 8849990701.813717 477281921193271.7 221936093354866.44
26.66326731381478 4.003186145133651e-08 9370901934.40246 505374777133804.8 235504646144347.56
26.60605000198256 4.38011673300066e-08 10275293997.788652 554148837589760.6 258787507154425.34
26.549077732171035 1.8781680762430462e-08 4415440026.252229 238125639862134.66 111442799455478.33
26.49234893359802 1.6250048774671692e-08 3828451742.0984507 206469234175579.38 96834070828336.44
26.43586204887819 1.5227960605733063e-08 3595317449.642849 193896251135445.8 91131238033663.72
26.37961553388058 7.49783095823247e-09 1774010385.6215596 95672765497115.31 45061872549141.234
26.323607857587838 8.715035468780919e-09 2066392045.2194645 111440971918616.55 52600138745584.06
26.267837501957352 8.226385491660875e-09 1954671184.576019 105415841632960.81 49861693092392.2
26.212302961784083 6.278803673949869e-09 1495067151.79103 80629296296722.3 38218286444646.93
26.15700274456513 9.360423519924126e-09 2233554202.2965727 120456063365460.98 57216630098591.33
26.101935370366043 1.3271959867534428e-08 3173593694.7902446 171152597417522.6 81468636370743.8
26.047099371688805 1.3265655421025365e-08 3178764250.437975 171431446606898.56 81772800031486.8
25.992493293341447 1.1980452911963722e-08 2876830475.8657804 155148092549654.2 74160788238736.19
25.938115692309353 1.2191065587048864e-08 2933541386.1279955 158206524260438.03 75780925120751.94
25.883965137628124 1.514806196797839e-08 3652710404.70119 196991465670257.72 94555903521717.83
25.830040210258062 2.687974373742274e-08 6495147478.341764 350284714566002.2 168486947706241.78
25.776339502960226 4.149696350705218e-08 10048102357.571817 541896343075894.2 261194037362576.56
25.722861620174 6.852316914083884e-08 16626741087.668013 896683758987336.1 433098255590888.25
25.66960517789621 6.640663210127009e-08 16146605738.095984 870789955276381.1 421462338353767.9
25.616568803561712 7.823138486255711e-08 19061147195.9414 1027971809276839.6 498566327499243.75
25.5637511359255 5.602931946932745e-08 13679799791.837029 737754574685509.8 358548723297168.56
25.51115082494623 6.278926807544833e-08 15361879179.111347 828469481469915.4 403464637475850.75
25.458766531671188 6.959860544611618e-08 17062872836.024193 920204438925017.6 449059766195409.6
25.40659692812268 4.708899517699734e-08 11568096436.870811 623869953988450.9 305072407500353.8
25.354640697185825 4.3793288522758076e-08 10780504191.689562 581394933102836.6 284883517220389.2
25.30289653249769 7.415512743236838e-08 18291946428.926872 986488644804272.1 484365924598875.44
25.251363138337815 6.020035886518797e-08 14880010152.267925 802482180167076.0 394821232642195.06
25.200039229520055 4.2800889591177006e-08 10600846687.190617 571705964854940.9 281851040673491.94
25.148923531285735 5.719580178095818e-08 14194945416.719374 765536490149869.0 378175026134014.9
25.09801477919811 4.306414102234818e-08 10709406244.105095 577560605343706.0 285892499645132.75
25.047311719038113 1.7184352592663256e-08 4282141648.9811883 230936829417076.3 114544667390868.97
24.996813106701342 2.0479675815420514e-08 5113607724.965512 275777975529410.62 137061653838115.06
24.94651770809631 1.6136822030850545e-08 4037356070.4573207 217735489988060.38 108432274014056.22
24.896424299043908 1.0068159403089064e-08 2524073985.8692737 136123858408433.77 67925805345807.57
24.846531665178087 9.606904119554787e-09 2413274128.9697194 130148398054772.48 65074199027386.98
24.796838601847732 1.0302093518487364e-08 2593093326.455234 139846086440561.39 70062889306719.125
24.74734391401969 8.71430645471466e-09 2197825509.1161003 118529207180244.19 59501662004485.445
24.698046416183 9.126471295427319e-09 2306371509.3306165 124383116553235.08 62564707626276.01
24.648944932254206 9.59642375212002e-09 2429965218.1250362 131048552119027.62 66048470267987.78
24.60003829548386 9.211000551640084e-09 2337006928.7093687 126035291375820.6 63647822144787.93
24.551325348364088 1.0919914286263027e-08 2776088217.260015 149715040656971.97 75755810572427.47
24.50280494253728 1.5118781892412695e-08 3851145915.8570275 207693135896647.6 105300419899594.33
24.454475938705844 1.8003411822985514e-08 4594999098.5212965 247809299638488.88 125887124216357.42
24.40633720654304 1.9716491267928982e-08 5042152749.400993 271924393173752.03 138409516125440.97
24.35838762460484 2.2383179797666203e-08 5735380307.603591 309310305990050.1 157748256054920.25
24.31062608024287 2.2379158232935952e-08 5745615750.488081 309862305648442.1 158339638186354.34
24.263051469518324 3.4671433634967835e-08 8918983389.394253 481002711823026.44 246273388453379.97
24.21566269711692 5.255436828712947e-08 13545699482.4747 730522515868550.0 374758050640579.44
24.16845867626484 5.620935741498635e-08 14516056195.597538 782854064215503.8 402386989006771.94
24.12143832864565 6.45665736675518e-08 16706809272.954803 901001853614521.0 464015954611461.1
24.07460058431818 5.0640199335783186e-08 13128807809.180202 708039457358816.4 365348359997153.8
24.027944381635393 5.3344402882694523e-08 13856744684.610289 747297251193729.2 386352678867149.9
23.981468667164144 6.487865981516668e-08 16885544453.364283 910641080723898.6 471712079814962.8
23.93517239560591 5.761016288748442e-08 15022821884.008892 810184047885456.5 420485520852540.44
23.889054529718422 4.7806867394938025e-08 12490513698.40976 673616117296726.4 350280380994304.2
23.843114040238195 6.236878739153503e-08 16326507764.351446 880492110635727.8 458736389641199.06
23.797349905803955 8.525966444271573e-08 22361657820.118202 1205969064268652.5 629515851548248.5
23.75176111288096 5.297741954014656e-08 13921433551.3211 750785935828982.5 392661044438549.1
23.706346655686158 4.249303463851613e-08 11187732953.895838 603356868718332.5 316158999208411.9
23.66110553611424 5.3047188491705953e-08 13993176543.066841 754655050959865.4 396193901753923.6
23.616036763664496 4.119319680453516e-08 10886980759.239422 587137237522642.1 308834186936923.3
23.571139355368558 2.5167373498329464e-08 6664173475.943849 359400323337274.56 189403970398742.1
23.526412335718902 1.5357492313278144e-08 4074305376.676401 219728174099625.25 116016475924602.81
23.481854736598223 1.8630246305089543e-08 4951937724.577789 267059077285985.84 141274251884281.8
23.437465597209567 1.2366035996756102e-08 3293129683.9084196 177599199279643.0 94127575618207.42
23.393243964007283 9.48140502565726e-09 2529712833.273189 136427962673956.31 72443248179865.75
23.349188890628735 9.516813502359617e-09 2543950959.205165 137195827898674.84 72988180442099.31
23.305299437826804 9.688214023186227e-09 2594645393.2949557 139929789742411.3 74582577932705.72
23.261574673403114 8.171782376222705e-09 2192636587.045473 118249367485691.34 63145162237354.945
23.218013672142057 7.974745369331362e-09 2143782578.714004 115614660202930.34 61853843208567.24
23.17461551574553 9.068731910288572e-09 2442434921.0716653 131721045907959.72 70602480606668.83
23.131379292768393 8.381277775503696e-09 2261505661.7985873 121963491648808.6 65494395015411.38
23.088304098554673 8.627500906853523e-09 2332286801.15562 125780733871407.77 67670034822816.375
23.04538903517446 9.667044485716138e-09 2618174857.6908116 141198738869013.34 76106120250398.78
23.00263321136152 1.0950906369453333e-08 2971402511.9169106 160248382999495.28 86534126819728.06
22.96003574245159 1.122203733084547e-08 3050620076.821933 164520603484695.66 89005646485216.14
22.917595750321365 1.2102705261343418e-08 3296115164.594248 177760206901620.0 96346032140680.0
22.875312363328153 1.5665685688601154e-08 4274362494.920632 230517297948583.38 125170892786074.3
22.833184716250198 2.1789944792113416e-08 5956328129.8725 321226070045526.8 174746982104755.9
22.791211950227677 2.4215937106849272e-08 6631668898.6295805 357647344421155.5 194917802709529.28
22.749393212704323 3.222007139319044e-08 8839865473.347816 476735865422418.1 260297782520654.56
22.707727657369702 3.73448763166032e-08 10264701472.86759 553577580419560.9 302806936489482.9
22.666214444102113 3.6929762563392646e-08 10169193166.677727 548426796717734.94 300537884601320.9
22.624852738912146 5.277627132686356e-08 14559347691.138048 785188783975002.5 431068642402279.6
22.583641713886806 4.513010450913057e-08 12472724765.223854 672656756265397.0 369961215945979.3
22.542580547134285 3.7141183017355755e-08 10283502960.901943 554591548753842.75 305579943363374.1
22.501668422729324 4.7873290704273373e-08 13279066170.43997 716142923424912.6 395310893730534.25
22.46090453065916 4.389400106016801e-08 12197389790.917677 657807881285040.2 363767758350625.1
22.420288066770084 3.301297000635356e-08 9190357040.953926 495637951807074.1 274583425301111.9
22.37981823271454 3.5716055821957875e-08 9960838827.854544 537190201960397.75 298140562088027.4
22.33949423589884 6.767175410810665e-08 18907019505.70607 1019659669458486.6 566930776218892.6
22.299315289431394 6.391618342792694e-08 17889915169.479553 964807011641714.9 537397505484428.1
22.259280612071553 5.1020619281805226e-08 14306176412.309101 771535201906755.4 430516642663948.8
22.21938942817895 2.941300421580993e-08 8262210192.875835 445582790652000.25 249080779974469.66
22.179640967663424 3.68649075904516e-08 10374032702.389744 559473837379702.3 313305348932634.0
22.140034465935454 3.379517062839876e-08 9527200953.625011 513804017196155.94 288244053647045.8
22.100569163857138 2.6799246376910312e-08 7568470070.672745 408169235147802.0 229391110153066.88
22.06124430769369 1.5701248323453357e-08 4442149320.501274 239566077903531.5 134875701859694.36
22.022059149065463 1.4985954742578867e-08 4247324734.38004 229059145648724.75 129189358145876.28
21.98301294490045 1.1229987266797729e-08 3188460367.166264 171954360288519.0 97154213563011.42
21.944104957387353 1.1754863941518104e-08 3343402860.743534 180310442628117.38 102055710527516.34
21.905334453929072 7.628456253977883e-09 2173580586.4704704 117221673234799.83 66464688724128.18
21.866700707096744 6.448718275404567e-09 1840683496.5676713 99268460855051.77 56384485765668.65
21.82820299458425 5.607865438977056e-09 1603498563.1231048 86477025866388.9 49205427717972.5
21.789840599163185 6.514126365181148e-09 1865911754.757837 100629026300040.81 57358544991025.08
21.75161280863834 4.62770343487689e-09 1327892843.757927 71613549546181.28 40891336790871.62
21.713518915803597 4.541115497441149e-09 1305332981.1341624 70396891253792.34 40267021797166.58
21.675558218398344 5.316861832253304e-09 1530996009.0366304 82566947373456.72 47310860844989.5
21.637730019064314 4.573732927086868e-09 1319313719.1036618 71150875489777.47 40840602531132.04
21.600033625302878 4.541469438003566e-09 1312293396.8072371 70772267983178.97 40694054090329.84
21.562468349432788 4.959811116554615e-09 1435673346.0336864 77426175449031.98 44597477058640.68
21.525033508548354 4.90412026009328e-09 1422021786.4569764 76689943875283.4 44250097616040.9
21.48772842447808 5.109394017598769e-09 1484116055.9584513 80038701319365.58 46262369362593.65
