string
integrated and resized binned spectra ROIsize spatial in px50:1600
converted file:an 18 2019_12.33.00_31 binning:0.1
nm muJ
28.1 0.00017442047126394088
28.200000000000003 0.0014384004080848442
28.300000000000004 0.001432445960450717
28.400000000000006 0.001437667712400045
28.500000000000007 0.001441865372904367
28.60000000000001 0.0014512946116653168
28.70000000000001 0.0014555722752083453
28.80000000000001 0.0014612398687994276
28.900000000000013 0.0014774075288669568
29.000000000000014 0.001489871278358627
29.100000000000016 0.0014921638901005568
29.200000000000017 0.0014964979157273304
29.30000000000002 0.0015402696285372872
29.40000000000002 0.0015199432958786943
29.50000000000002 0.0015184371600883732
29.600000000000023 0.0015300717787953288
29.700000000000024 0.0015377946569874765
29.800000000000026 0.0015496597447638412
29.900000000000027 0.0015632982259031656
30.00000000000003 0.0015705605943225284
30.10000000000003 0.0016275468123560749
30.20000000000003 0.0016139941962673887
30.300000000000033 0.001610181957682337
30.400000000000034 0.001618134817631918
30.500000000000036 0.0016166899638319126
30.600000000000037 0.0016647746092179107
30.70000000000004 0.0016587434881139783
30.80000000000004 0.0016636351878308495
30.90000000000004 0.001704774081890876
31.000000000000043 0.0017080857981330087
31.100000000000044 0.00169550930644727
31.200000000000045 0.0016808439281844356
31.300000000000047 0.0017165604275615103
31.40000000000005 0.0016759296013638587
31.50000000000005 0.0016510307230451309
31.60000000000005 0.0016768364278479918
31.700000000000053 0.001645328493000297
31.800000000000054 0.001626422312426367
31.900000000000055 0.0016651557127469446
32.00000000000006 0.001614305927030026
32.10000000000006 0.0016328113273075054
32.20000000000006 0.0016005784104843029
32.30000000000006 0.0015817385254123513
32.40000000000006 0.001625300649260437
32.500000000000064 0.0015736754651846261
32.600000000000065 0.0015972969977149944
32.70000000000007 0.0015426360193302592
32.80000000000007 0.00157009515618409
32.90000000000007 0.001533227489285828
33.00000000000007 0.0015505139861197027
33.10000000000007 0.00149723186778313
33.200000000000074 0.0015264502813021092
33.300000000000075 0.001481188005914973
33.40000000000008 0.0014954400454927806
33.50000000000008 0.001462919378067714
33.60000000000008 0.001489887465493479
33.70000000000008 0.0014716946169078954
33.80000000000008 0.0014506643726152
33.900000000000084 0.0014517079143751247
34.000000000000085 0.0014251747795977203
34.10000000000009 0.001438072265810926
34.20000000000009 0.0014608584918359667
34.30000000000009 0.0014921159520515732
34.40000000000009 0.001498908312030575
34.50000000000009 0.0014569254577476095
34.600000000000094 0.001506019989219725
34.700000000000095 0.0014847723163135202
34.8000000000001 0.0014309941467206175
34.9000000000001 0.0014619506803393214
35.0000000000001 0.0014568932594188557
35.1000000000001 0.0014457290443421428
35.2000000000001 0.0014277236633284233
35.300000000000104 0.0014501711376692858
35.400000000000105 0.0014304695440541537
35.50000000000011 0.0013870027384492141
35.60000000000011 0.0013978438079741947
35.70000000000011 0.0013878573427242365
35.80000000000011 0.001378991766904565
35.90000000000011 0.001368471035800322
36.000000000000114 0.0013615761247698578
36.100000000000115 0.0013894784575338177
36.20000000000012 0.0013544213451171384
36.30000000000012 0.0013340108875488817
36.40000000000012 0.0013111482811212802
36.50000000000012 0.0012596222392089033
36.60000000000012 0.0012900270997446381
36.700000000000124 0.0012874951843890364
36.800000000000125 0.0013073473604693045
36.90000000000013 0.0013023079024749302
37.00000000000013 0.0013288391296032455
37.10000000000013 0.0012848232380481476
37.20000000000013 0.0013583194211251924
37.30000000000013 0.0015474440542282625
37.400000000000134 0.0013716818035375835
37.500000000000135 0.0013045167759347664
37.600000000000136 0.0013120162592248413
37.70000000000014 0.0014309724584178544
37.80000000000014 0.0013409725612145513
37.90000000000014 0.0012481600870727226
38.00000000000014 0.0012227497271759635
38.10000000000014 0.0011949288681993365
38.200000000000145 0.001152563646972499
38.300000000000146 0.001151265618269641
38.40000000000015 0.0011947619451893527
38.50000000000015 0.001208538490268371
38.60000000000015 0.0012759752761807462
38.70000000000015 0.0012424184448444852
38.80000000000015 0.0013201003835996202
38.900000000000155 0.001286223667405641
39.000000000000156 0.0012278861982945866
39.10000000000016 0.0012356265778977085
39.20000000000016 0.0013503463095128109
39.30000000000016 0.0013121828477517348
39.40000000000016 0.0017669579126576975
39.50000000000016 0.002151186979461364
39.600000000000165 0.001613462246352171
39.700000000000166 0.0016101964610693554
39.80000000000017 0.0015160553742318427
39.90000000000017 0.001444891179704109
40.00000000000017 0.0013190389307326236
40.10000000000017 0.0014199394375850403
40.20000000000017 0.0013351282284412686
40.300000000000175 0.0015601423378412843
40.400000000000176 0.00150720439416551
40.50000000000018 0.0013116817176758839
40.60000000000018 0.0016483110652851332
40.70000000000018 0.0016090712989957642
40.80000000000018 0.0017708878523148236
40.90000000000018 0.002166947698123284
41.000000000000185 0.0015226619041761767
41.100000000000186 0.001815043739091865
41.20000000000019 0.001766469542160397
41.30000000000019 0.002499788174422899
41.40000000000019 0.0037340425552607674
41.50000000000019 0.004264717420857366
41.60000000000019 0.0029707025063516186
41.700000000000195 0.002527331434100714
41.800000000000196 0.001981380760392298
41.9000000000002 0.0020773012488000896
42.0000000000002 0.0020074912738149418
42.1000000000002 0.002166814082725121
42.2000000000002 0.001812576076826663
42.3000000000002 0.0022388783580357973
42.400000000000205 0.0020117459515628087
42.500000000000206 0.0018301376960749524
42.60000000000021 0.0018763396764814335
42.70000000000021 0.0016472994684231617
42.80000000000021 0.0019776847117130084
42.90000000000021 0.0023833023055682663
43.00000000000021 0.002043740628219701
43.100000000000215 0.003789187779710377
43.200000000000216 0.00361293865238019
43.30000000000022 0.002479889204570282
43.40000000000022 0.002988891606094985
43.50000000000022 0.006376638384385985
43.60000000000022 0.006608017534110434
43.70000000000022 0.007056861394419491
43.800000000000225 0.006240324052088973
43.900000000000226 0.004240959914239396
44.00000000000023 0.0038527205646186214
44.10000000000023 0.003156995952448128
44.20000000000023 0.003588817299702432
44.30000000000023 0.0034908894375701716
44.40000000000023 0.003231092457359887
44.500000000000234 0.002955429351670774
44.600000000000236 0.0034650012806777234
44.70000000000024 0.002981902443657037
44.80000000000024 0.0025825952656861615
44.90000000000024 0.0027924242644453705
45.00000000000024 0.0025420271552973697
45.10000000000024 0.0021880922914432653
45.200000000000244 0.0022926236176019866
45.300000000000246 0.002891211850508887
45.40000000000025 0.003052073857806145
45.50000000000025 0.0039995343800622975
45.60000000000025 0.005639744764185634
45.70000000000025 0.006212637699565105
45.80000000000025 0.006619480924630849
45.900000000000254 0.0075962103991522225
46.000000000000256 0.013784731351910872
46.10000000000026 0.011341225020588151
46.20000000000026 0.009574902047669804
46.30000000000026 0.008178118165151942
46.40000000000026 0.007282334734376246
46.50000000000026 0.005445170431950358
46.600000000000264 0.004211172732454493
46.700000000000266 0.00642510226269046
46.80000000000027 0.006018610119973931
46.90000000000027 0.0052339785568542895
47.00000000000027 0.004726160784741369
47.10000000000027 0.005609575710310921
47.20000000000027 0.00411926622122041
47.300000000000274 0.00469763908580786
47.400000000000276 0.0035133681825975367
47.50000000000028 0.004299769000861313
47.60000000000028 0.003471502397812658
47.70000000000028 0.003641917402941282
47.80000000000028 0.0037993870655970725
47.90000000000028 0.003405963230184273
48.000000000000284 0.0039000673701996874
48.100000000000286 0.005362185822495165
48.20000000000029 0.005296635634623093
48.30000000000029 0.006587516025695204
48.40000000000029 0.009705432430042344
48.50000000000029 0.012677777203705826
48.60000000000029 0.016035312862401455
48.700000000000294 0.021449705636979087
48.800000000000296 0.016945071751917885
48.9000000000003 0.018317471478681523
49.0000000000003 0.01424750233821846
49.1000000000003 0.013404395576364305
49.2000000000003 0.012027613828815599
49.3000000000003 0.009479034588593005
49.400000000000304 0.009155964627212599
49.500000000000306 0.011100124635473009
49.60000000000031 0.00944029121483942
49.70000000000031 0.008909143140018632
49.80000000000031 0.007108096523702786
49.90000000000031 0.008157046533235323
50.00000000000031 0.006776885065802389
50.100000000000314 0.0061097184258769735
50.200000000000315 0.006990097595534962
50.30000000000032 0.005508044373266581
50.40000000000032 0.005965049642316579
50.50000000000032 0.0051586726930266495
50.60000000000032 0.005026137741419678
50.70000000000032 0.004973974907245862
50.800000000000324 0.004575664936904188
50.900000000000325 0.004804631894237354
51.00000000000033 0.0048414496449216285
51.10000000000033 0.005031470362550139
51.20000000000033 0.0051422283314823914
51.30000000000033 0.006457747497172118
51.40000000000033 0.007731007042610416
51.500000000000334 0.008230218714642351
51.600000000000335 0.011599621198366727
51.70000000000034 0.02172857774055383
51.80000000000034 0.018576459150912404
51.90000000000034 0.026019725782545702
52.00000000000034 0.01834407526015867
52.10000000000034 0.011701763459770684
52.200000000000344 0.010961340643541281
52.300000000000345 0.01773892431957346
52.40000000000035 0.012301524676483957
52.50000000000035 0.012181985035564922
52.60000000000035 0.013064657263884491
52.70000000000035 0.013985636005008264
52.80000000000035 0.009956034050810426
52.900000000000354 0.00888777446046788
53.000000000000355 0.00879767543751291
53.10000000000036 0.0077431606430875205
53.20000000000036 0.00750231379977455
53.30000000000036 0.006578031624966778
53.40000000000036 0.007326836337123442
53.50000000000036 0.006199938411435614
53.600000000000364 0.00615099523717301
53.700000000000365 0.006131532501453953
53.80000000000037 0.00612115455919436
53.90000000000037 0.006051151093317982
54.00000000000037 0.005833083657332346
54.10000000000037 0.0055368196154575704
54.20000000000037 0.005741785310686505
54.300000000000374 0.006042507815719185
54.400000000000375 0.005473409495811352
54.50000000000038 0.005935673271839207
54.60000000000038 0.0052937653666404304
54.70000000000038 0.006476655417600722
54.80000000000038 0.0052423846176610925
54.90000000000038 0.005994510916217911
55.000000000000384 0.009207353068359781
55.100000000000385 0.01945646994046282
55.20000000000039 0.016413137364442446
55.30000000000039 0.01675059542324354
55.40000000000039 0.01893573935007484
55.50000000000039 0.021154144889583438
55.60000000000039 0.014928103516700686
55.700000000000394 0.012096667366880396
55.800000000000395 0.008886408983330152
55.9000000000004 0.008781037494277076
56.0000000000004 0.011659137720013342
56.1000000000004 0.011495728569118426
56.2000000000004 0.011618512858589919
56.3000000000004 0.010949658095457964
56.400000000000404 0.008762857224167904
56.500000000000405 0.009299431190183035
56.600000000000406 0.007156396825245578
56.70000000000041 0.006355734308008725
56.80000000000041 0.00464542699284166
56.90000000000041 0.005577319052229927
57.00000000000041 0.004289521895043675
57.10000000000041 0.005019970894033742
57.200000000000415 0.0039548433357341
57.300000000000416 0.0036089244831181816
57.40000000000042 0.00377851755137214
57.50000000000042 0.0033193329262605938
57.60000000000042 0.0034289207395754103
57.70000000000042 0.002901384053032231
57.80000000000042 0.0029739576464324537
