string
integrated and resized binned spectra ROIsize spatial in px50:1600
converted file:an 18 2019_12.23.59_27 binning:0.1
nm muJ
28.1 0.0002284150298425576
28.200000000000003 0.0018473452219417215
28.300000000000004 0.0018467637421667566
28.400000000000006 0.0018490364742682083
28.500000000000007 0.0018586241355458275
28.60000000000001 0.001886920120088779
28.70000000000001 0.0019060290873984403
28.80000000000001 0.0019100213532354077
28.900000000000013 0.001916209484927416
29.000000000000014 0.0019244204675705544
29.100000000000016 0.001947131567205697
29.200000000000017 0.0019414045970121648
29.30000000000002 0.0020043089310582073
29.40000000000002 0.001970382754495898
29.50000000000002 0.00197669626331203
29.600000000000023 0.001989544536236583
29.700000000000024 0.0020126714892381367
29.800000000000026 0.002047193595758777
29.900000000000027 0.00204792683547418
30.00000000000003 0.002065831792678829
30.10000000000003 0.002115166744114921
30.20000000000003 0.002119290872350518
30.300000000000033 0.0020650002748230597
30.400000000000034 0.0020819511237102537
30.500000000000036 0.0020734284396043074
30.600000000000037 0.0021257679642778513
30.70000000000004 0.0021458740708525698
30.80000000000004 0.002166180680297654
30.90000000000004 0.0022298965748188226
31.000000000000043 0.002248933382036887
31.100000000000044 0.0022286227813129544
31.200000000000045 0.002262297625806671
31.300000000000047 0.002244127845358857
31.40000000000005 0.0021881414213931155
31.50000000000005 0.0021202853393060823
31.60000000000005 0.0021266918922046244
31.700000000000053 0.0021210405586640653
31.800000000000054 0.0020944423972891714
31.900000000000055 0.0020880444553131716
32.00000000000006 0.0020395420309245764
32.10000000000006 0.0020773098584293947
32.20000000000006 0.0020788616265754586
32.30000000000006 0.002159665376685267
32.40000000000006 0.0023135165785050232
32.500000000000064 0.002235079061300433
32.600000000000065 0.0021391745671736624
32.70000000000007 0.0020985584816632027
32.80000000000007 0.0020130161700551586
32.90000000000007 0.0019752095416401146
33.00000000000007 0.0020489757203753216
33.10000000000007 0.001967010988357528
33.200000000000074 0.0019171016102074389
33.300000000000075 0.001906850365030733
33.40000000000008 0.0019766864992735605
33.50000000000008 0.001849720583940971
33.60000000000008 0.0019493330972305699
33.70000000000008 0.002153643497226737
33.80000000000008 0.0024836891029883
33.900000000000084 0.002377945347600265
34.000000000000085 0.002119067419890791
34.10000000000009 0.0021676215637725016
34.20000000000009 0.001968171801100545
34.30000000000009 0.0019510055646198147
34.40000000000009 0.002127588714521103
34.50000000000009 0.0020184259999206293
34.600000000000094 0.001927812287817053
34.700000000000095 0.001875843186516042
34.8000000000001 0.0020327918994428617
34.9000000000001 0.0020092302305445278
35.0000000000001 0.0018518868067189628
35.1000000000001 0.0019903402606295303
35.2000000000001 0.002645701755193118
35.300000000000104 0.0035598448597859793
35.400000000000105 0.003353457207737622
35.50000000000011 0.0027047773137629846
35.60000000000011 0.002817930342651658
35.70000000000011 0.002634910677755996
35.80000000000011 0.0022297102217553435
35.90000000000011 0.002785054421631647
36.000000000000114 0.0029045488480283193
36.100000000000115 0.002431438279341674
36.20000000000012 0.00205534296746174
36.30000000000012 0.002912085017359978
36.40000000000012 0.0029541488403013716
36.50000000000012 0.0027335533011868885
36.60000000000012 0.0020881895737346855
36.700000000000124 0.002568920701412859
36.800000000000125 0.0047403471112243715
36.90000000000013 0.005274074530945431
37.00000000000013 0.009629460594517348
37.10000000000013 0.005577104215370093
37.20000000000013 0.006112550173737632
37.30000000000013 0.0081208475902363
37.400000000000134 0.0046601558914124664
37.500000000000135 0.005027030996343748
37.600000000000136 0.008625002328590122
37.70000000000014 0.009395897811198392
37.80000000000014 0.004295156212306241
37.90000000000014 0.0051627597312930585
38.00000000000014 0.009738371669922828
38.10000000000014 0.009938671230787453
38.200000000000145 0.006664488270873761
38.300000000000146 0.004488552243450289
38.40000000000015 0.006542959765789266
38.50000000000015 0.008811028682402383
38.60000000000015 0.012979509710075358
38.70000000000015 0.014216967965078639
38.80000000000015 0.02630070746866651
38.900000000000155 0.019166991423772112
39.000000000000156 0.02116540761430299
39.10000000000016 0.029041250072948308
39.20000000000016 0.014276067102973843
39.30000000000016 0.01680168169083476
39.40000000000016 0.025116602213975554
39.50000000000016 0.030962469594736797
39.600000000000165 0.011151287472217487
39.700000000000166 0.012467744510453974
39.80000000000017 0.02786620449111772
39.90000000000017 0.02551877856848924
40.00000000000017 0.027924139045020616
40.10000000000017 0.012749834188982416
40.20000000000017 0.013580152624949523
40.300000000000175 0.01794042011584707
40.400000000000176 0.026034486718269034
40.50000000000018 0.024657240659121334
40.60000000000018 0.023694214635158008
40.70000000000018 0.027181326986296966
40.80000000000018 0.06649571671709424
40.90000000000018 0.06207864586589027
41.000000000000185 0.0646797127499333
41.100000000000186 0.07048168171942928
41.20000000000019 0.0449301820146467
41.30000000000019 0.04637359805001526
41.40000000000019 0.05063694457794169
41.50000000000019 0.06986087077713879
41.60000000000019 0.030591026880021455
41.700000000000195 0.02888110832908033
41.800000000000196 0.05418451765801462
41.9000000000002 0.05077665437910749
42.0000000000002 0.06628475262580526
42.1000000000002 0.03198668094526543
42.2000000000002 0.020962699699484895
42.3000000000002 0.032426453913560194
42.400000000000205 0.03800304803854356
42.500000000000206 0.05087972838366947
42.60000000000021 0.03344613649415402
42.70000000000021 0.03323125830212441
42.80000000000021 0.030781973634430644
42.90000000000021 0.039297967092705034
43.00000000000021 0.10742480367594891
43.100000000000215 0.11841050876916
43.200000000000216 0.13299770850440254
43.30000000000022 0.1341546803836349
43.40000000000022 0.10894923154922799
43.50000000000022 0.06455633417908989
43.60000000000022 0.07154007435414286
43.70000000000022 0.11939367194768168
43.800000000000225 0.06696920270376797
43.900000000000226 0.0533182447269437
44.00000000000023 0.05873404564904141
44.10000000000023 0.08086005436699728
44.20000000000023 0.10709255112700684
44.30000000000023 0.07990478318502925
44.40000000000023 0.036152706354994284
44.500000000000234 0.034273545431767485
44.600000000000236 0.057245046010898394
44.70000000000024 0.06313515897032447
44.80000000000024 0.07638611388877636
44.90000000000024 0.04724445878869714
45.00000000000024 0.04452186425823668
45.10000000000024 0.03639859192421283
45.200000000000244 0.05128164229815996
45.300000000000246 0.048558439449114386
45.40000000000025 0.06749334704736024
45.50000000000025 0.20185419250697692
45.60000000000025 0.13041799756309927
45.70000000000025 0.17079024969544812
45.80000000000025 0.2965058718644375
45.900000000000254 0.10066615258021715
46.000000000000256 0.11169328653804347
46.10000000000026 0.1159792476566803
46.20000000000026 0.18009178801841913
46.30000000000026 0.08231455462432478
46.40000000000026 0.08297027991021183
46.50000000000026 0.07351231566113602
46.600000000000264 0.10271887765242826
46.700000000000266 0.146754892592533
46.80000000000027 0.12151260355848156
46.90000000000027 0.0613026019631462
47.00000000000027 0.04379264977733844
47.10000000000027 0.07303355428578903
47.20000000000027 0.08242383756102034
47.300000000000274 0.09335522051386945
47.400000000000276 0.08275657790858083
47.50000000000028 0.056242288143202285
47.60000000000028 0.05695135713992519
47.70000000000028 0.04145836131265307
47.80000000000028 0.07225120720164842
47.90000000000028 0.05815083460953154
48.000000000000284 0.07628541316544867
48.100000000000286 0.08475795086348764
48.20000000000029 0.11235128348806704
48.30000000000029 0.17419148436539897
48.40000000000029 0.1893616663752376
48.50000000000029 0.2356246688073783
48.60000000000029 0.36172402686505134
48.700000000000294 0.18385907209848207
48.800000000000296 0.1514764485623881
48.9000000000003 0.2242918017414665
49.0000000000003 0.20761787142866225
49.1000000000003 0.1301633667242944
49.2000000000003 0.11892587086353146
49.3000000000003 0.07935961902720677
49.400000000000304 0.12383625775069554
49.500000000000306 0.18020664751214785
49.60000000000031 0.18303718524027818
49.70000000000031 0.09315394016949857
49.80000000000031 0.05911410440879155
49.90000000000031 0.07394917202997571
50.00000000000031 0.11028826401163921
50.100000000000314 0.09926320069153119
50.200000000000315 0.12194532556749858
50.30000000000032 0.08239547628979024
50.40000000000032 0.06008362444475505
50.50000000000032 0.058799479058943505
50.60000000000032 0.04536105346051667
50.70000000000032 0.0787970104137937
50.800000000000324 0.061784591899794794
50.900000000000325 0.07793944724561457
51.00000000000033 0.08088559655013824
51.10000000000033 0.09271995463587843
51.20000000000033 0.09447493968386632
51.30000000000033 0.06507619078504065
51.40000000000033 0.08141799282924693
51.500000000000334 0.1993708650275579
51.600000000000335 0.14066389758838246
51.70000000000034 0.30167955888879316
51.80000000000034 0.25497797299987424
51.90000000000034 0.27662971608900505
52.00000000000034 0.17962440031103463
52.10000000000034 0.25339910065560334
52.200000000000344 0.18586003419799435
52.300000000000345 0.19612735239120085
52.40000000000035 0.084838739266738
52.50000000000035 0.07040839109671994
52.60000000000035 0.12418681249365728
52.70000000000035 0.18030120547811296
52.80000000000035 0.16532130307337092
52.900000000000354 0.09686071395387744
53.000000000000355 0.06518868456258929
53.10000000000036 0.06973988195869638
53.20000000000036 0.11065070133810344
53.30000000000036 0.10342535449498312
53.40000000000036 0.10404019855449277
53.50000000000036 0.102778027168217
53.600000000000364 0.06015845223886861
53.700000000000365 0.06740841437316461
53.80000000000037 0.0524909719369247
53.90000000000037 0.0488957000694219
54.00000000000037 0.07238046043454144
54.10000000000037 0.061155899122783734
54.20000000000037 0.0667998260864141
54.300000000000374 0.07050259527018723
54.400000000000375 0.08167260040003979
54.50000000000038 0.09188670358572447
54.60000000000038 0.0820022366596997
54.70000000000038 0.052485539310055354
54.80000000000038 0.05513459500387325
54.90000000000038 0.08583027990786264
55.000000000000384 0.11044537900726559
55.100000000000385 0.13481086382738275
55.20000000000039 0.09325067535653984
55.30000000000039 0.13653108537587316
55.40000000000039 0.24903380879171746
55.50000000000039 0.21052326049136288
55.60000000000039 0.15098163322983701
55.700000000000394 0.21502026533581112
55.800000000000395 0.2129589116851201
55.9000000000004 0.2003476275514938
56.0000000000004 0.09350930940319795
56.1000000000004 0.05443594921059978
56.2000000000004 0.0787307623428615
56.3000000000004 0.12575595300701123
56.400000000000404 0.15297983979306318
56.500000000000405 0.09702891932257324
56.600000000000406 0.06022678259412815
56.70000000000041 0.043891861510844635
56.80000000000041 0.05558482759122166
56.90000000000041 0.08418294732360034
57.00000000000041 0.07457020434483173
57.10000000000041 0.06690887768577171
57.200000000000415 0.0764896830288416
57.300000000000416 0.04123377966949829
57.40000000000042 0.04078122091325028
57.50000000000042 0.04520689888154491
57.60000000000042 0.03219748490304251
57.70000000000042 0.035811737647211336
57.80000000000042 0.04948410101183059
