string
20190118an 18 2019_13.52.   full spectra  index number  Nphoton via eV
eV x-axis E [J] Nphoton Nphoton/sr Nphoton/sr @ 0.1bw
43.81066890785845 1.4193610952091346e-09 202209701.34876803 10905213123430.596 3097080527054.355
43.65640598916881 1.4190891292344573e-09 202885340.63739362 10941650497047.588 3118370391658.4014
43.50322561727698 1.4180064851479037e-09 203444396.39748776 10971800495643.316 3137934941753.9883
43.35111643679699 1.4418479481645796e-09 207590823.67785355 11195418219677.264 3213085029047.3477
43.20006725060606 1.4360751269376683e-09 207482614.6168953 11189582481511.56 3222599754675.213
43.05006701709701 1.4513553658108769e-09 210420915.53797165 11348045688525.764 3279585203983.912
42.90110484748767 1.462689139627591e-09 212800446.45564026 11476374307864.416 3328148549280.709
42.75317000318599 1.472879604273452e-09 215024477.70276883 11596316796188.822 3374528187690.835
42.606251893209404 1.4616366869783804e-09 214118937.39541912 11547480810686.46 3371864396720.3716
42.46034007165731 1.4619666108734689e-09 214903238.79571778 11589778355592.627 3395805058188.519
42.31542423523527 1.5399376677317927e-09 227139893.4751704 12249703800846.582 3601412917448.8945
42.17149422082971 1.4836868062810664e-09 219589828.92356905 11842527179340.867 3493545517905.5547
42.02854000313198 1.491569031025613e-09 221507292.57910478 11945936410849.416 3535997177611.4844
41.88655169231059 1.518685326055834e-09 226298754.12536266 12204340972975.45 3624689268973.6123
41.745519531730416 1.5286037938741531e-09 228546217.33030918 12325547151875.527 3673013051258.813
41.605433895717894 1.5532595645587563e-09 233014504.7037058 12566522860650.15 3757390335334.2964
41.46628528737101 1.5479178896709733e-09 232992404.34550908 12565330983531.338 3769599295059.457
41.32806433641311 1.581835759936733e-09 238894031.31194425 12883607007948.96 3877965709392.55
41.19076179708947 1.605841616863478e-09 243327872.91061005 13122725048609.068 3963062964679.822
41.05436854610573 1.5842178993698396e-09 240848815.09777322 12989028922191.957 3935675763424.158
40.91887558060703 1.596193882474032e-09 243473066.55179298 13130555373221.12 3991688833459.229
40.78427401619714 1.607701506786224e-09 246037699.49714226 13268866585125.67 4047004308463.302
40.65055508499649 1.5825431061942504e-09 242984204.68450204 13104190946513.764 4009882429633.2534
40.51771013373833 1.628065606518183e-09 250793330.8556322 13525338817441.334 4152279016954.1543
40.38573062190204 1.644996476756564e-09 254229534.82753012 13710654044154.883 4222881445599.5547
40.254608119882874 1.6667312801595224e-09 258427637.7535365 13937058646984.666 4306551121918.403
40.124334307197174 1.7358884588659555e-09 270024363.0974944 14562472564151.904 4514366494886.987
39.99490097072234 1.7077074359824304e-09 266500371.3720118 14372422924815.805 4469823529617.539
39.86630000297082 1.7006611811885463e-09 266256882.6702581 14359291526232.748 4480098956184.577
39.73852340039719 1.7403398047978028e-09 273345106.0120899 14741560950961.424 4614108577651.024
39.61156326173778 1.712114383726605e-09 269773799.51959 14548959615961.035 4568373319411.709
39.485411786381924 1.6371601908002964e-09 258787609.61546412 13956472007701.658 4396288682425.921
39.36006127277436 1.6610418009005433e-09 263398787.1226192 14205153812432.498 4488828604728.601
39.235504116847856 1.6880592642785744e-09 268532853.983913 14482035153628.803 4590805143700.43
39.11173281048556 1.6516236575928117e-09 263568201.10260808 14214290345178.178 4520144329766.628
38.98873994001234 1.601317354040803e-09 256346377.97023684 13824815854721.396 4410116257655.898
38.86651818471449 1.6635891243138123e-09 267152603.43254066 14407597941536.36 4610431341291.466
38.74506031538725 1.5855188229062743e-09 255413610.2154782 13774511487065.158 4421618187347.992
38.62435919290941 1.656736453069159e-09 267720184.56501538 14438207715316.693 4649102884331.954
38.50440776684447 1.6852597197004637e-09 273177777.57298213 14732536891888.541 4758609416079.937
38.38519907406786 1.634154764226582e-09 265716401.29413334 14330143248199.738 4642966412416.688
38.266726237419505 1.7534616156671368e-09 285998614.20819706 15423967396929.23 5012789404002.001
38.14898246438129 1.7400977605343131e-09 284694884.91640323 15353656992989.96 5005292179714.652
38.03196104577889 1.6581157518122919e-09 272116640.3299378 14675309529841.018 4798826216257.841
37.91565535450739 1.5939896830877211e-09 262395216.80348045 14151031047097.51 4641538183447.988
37.80005884428024 1.615882477914496e-09 266812560.46323407 14389259350327.936 4734066326257.998
37.68516504840097 1.6202752353100487e-09 268353551.54207492 14472365333987.344 4775880560215.559
37.57096757855732 1.626204939022109e-09 270154291.4933957 14569479630769.568 4822497757784.814
37.45746012363721 1.5206368481063816e-09 253382232.96850634 13664958870822.936 4536766345112.876
37.34463644856601 1.5529026506155087e-09 259540400.32404378 13997070174157.78 4661024367994.586
37.23249039316491 1.5346930097780045e-09 257269559.9832311 13874603261241.797 4634117489254.725
37.121015871029684 1.582138114090147e-09 266019525.79644573 14346490818462.695 4806074424184.843
37.01020686842959 1.5717500638684172e-09 265064122.9461192 14294965735185.045 4803108487022.206
36.90005744322593 1.6493708715322125e-09 278984614.3331185 15045700859887.469 5070401189781.989
36.79056172380983 1.6200828174347039e-09 274846222.2710414 14822516476921.469 5010010569199.627
36.68171390805892 1.7492945434674284e-09 297647539.60019404 16052196474027.58 5441694604695.31
36.57350826231243 1.908147828421473e-09 325637469.22154325 17561699459268.48 5970977816150.945
36.465939120364446 1.6869665240922375e-09 288740721.1800465 15571849821638.846 5310000789178.97
36.35900088247482 1.7176366337004561e-09 294854885.69650936 15901588042302.861 5438343110467.673
36.25268801439741 1.7848958790103753e-09 307299354.5863122 16572720953068.264 5684443286902.025
36.146995046425396 1.8625363624072798e-09 321604069.4678614 17344177334303.625 5966397003000.232
36.041916572453225 1.7262942298836096e-09 298948182.0190885 16122340402240.77 5562207438772.855
35.937447249054806 1.7178104464952258e-09 298343781.27906525 16089744939026.35 5567051748903.06
35.83358179457777 1.5907001652811813e-09 277068453.2324598 14942361875446.414 5184999570780.121
35.73031498825334 1.8105806638621886e-09 316278745.85519516 17056981474955.62 5935829553284.473
35.62764166932158 1.6876677630603439e-09 295657468.4597056 15944871505081.686 5564760155273.548
35.52555673617166 1.6047861015576427e-09 281945544.928606 15205384490158.92 5321884571555.466
35.42405514549688 1.7162013259130671e-09 302384087.0755894 16307639508382.018 5723981467442.027
35.323131911464124 1.8923552856575907e-09 334373960.5263753 18032860333324.992 6347566837330.24
35.22278210489746 1.8647787622451718e-09 330440014.9281485 17820701792570.062 6290707732777.207
35.123000852475656 2.1593031829299394e-09 383716951.5459345 20693938558685.29 7325654249774.915
35.02378333594324 2.5647714050326178e-09 457061436.5376916 24649422568247.33 8750545011727.762
34.92512479133495 2.703557758403068e-09 483155202.73414487 26056665048045.52 9276172757104.145
34.827020508213224 2.638243884875262e-09 472811023.37093824 25498801207733.547 9103072031160.012
34.7294658289185 2.8872139217215172e-09 518883468.61412185 27983498188853.758 10018092351609.871
34.63245614783214 2.803794100780034e-09 505302910.23306495 27251095725011.637 9783143365279.023
34.535986910651545 2.142260754103746e-09 387159067.76692367 20879572634276.75 7516646148339.664
34.44005361367751 2.100625460770664e-09 380692026.8031516 20530803710147.582 7411620139363.176
34.34465180311331 1.7558948086521393e-09 319101137.2317616 17209193655053.264 6229728103129.086
34.24977707437542 2.930036452016565e-09 533954497.73434436 28796282063461.152 10453050389036.656
34.15542507141571 2.598654787853341e-09 474873430.0472971 25610027247843.7 9322049918215.066
34.06159148605468 2.1141470044984572e-09 387399647.3118272 20892547141398.867 7625779706610.475
33.96827205732576 1.7054209310447838e-09 313362561.48538464 16899711018355.963 6185294232718.248
33.87546257083034 1.934233751145548e-09 356379486.55409384 19219623132660.543 7053601689686.357
33.78315885810328 2.3003344335813315e-09 424990967.46703607 22919855204015.53 8434506715077.733
33.69135679598887 2.6976120396061993e-09 499746734.66420454 26951449969513.914 9945085038749.305
33.600052306026825 3.141893250645007e-09 583633815.3671074 31475498456137.88 11645934428770.996
33.509241353848374 3.5333873262158686e-09 658135968.0362799 35493415735044.14 13168057237701.514
33.41891994858194 7.1126171336362144e-09 1328391219.9404929 71640427081978.39 26650238874497.125
33.32908414226855 9.790491867938426e-09 1833454370.750027 98878592529191.7 36881715013386.46
33.23973002928659 8.124983402486799e-09 1525646684.3124287 82278457128949.4 30772142966226.895
33.150853745785824 6.852771236313227e-09 1290210261.2330513 69581319684141.91 26092994881553.01
33.062451469130394 5.690721094453645e-09 1074289235.4547668 57936651855467.08 21784181097655.36
32.97451941735079 5.14105456562838e-09 973111743.1990618 52480127717489.88 19785008149493.574
32.8870538486045 6.286988780317618e-09 1193181993.528359 64348564127612.35 24323757240237.47
32.80005106064523 7.486176467788131e-09 1424539563.591169 76825728143112.95 29116950966239.86
32.71350739030052 1.0841850664473543e-08 2068546491.0551121 111557161650582.47 42391721427222.23
32.627419212957626 6.290282307675146e-09 1203306849.5887172 64894599814554.125 24724842529344.61
32.54178294205747 4.7996455042143805e-09 920569947.5008546 49646537260875.58 18964977233652.527
32.45659502859658 3.554233583361743e-09 683489715.7575171 36860748857706.25 14117666812502.223
32.3718519606368 2.9022184033614766e-09 559566261.0408256 30177530022688.895 11588171528712.04
32.28755026282264 3.6546365936829923e-09 706477082.1506811 38100462521253.32 14668678070682.46
32.20368649590622 4.313063800725658e-09 835928759.7602003 45081819617877.29 17401582372501.477
32.12025725627952 6.077243907295557e-09 1180909528.3621888 63686707415029.95 24646755769615.35
32.03725917551394 6.539481668127219e-09 1274022056.88094 68708286306574.45 26658815086950.586
31.954688919906943 9.480021091574798e-09 1851670400.903293 99860986992756.9 38845923940182.77
31.872543190035717 2.421427398009883e-08 4741805200.346722 255726584603293.88 99733367995285.06
31.790818720317677 3.648280019634807e-08 7162677986.647054 386284779898700.9 151037348940390.34
31.709512278577733 2.6384246656239615e-08 5193308369.36814 280076248596865.06 109789889449968.05
31.628620665622176 1.9223227961563547e-08 3793455888.9098077 204581900210330.1 80400686782660.05
31.548140714819066 1.3925234182508435e-08 2754975322.8183184 148576417672993.2 58539108563154.67
31.468069291685 1.964273668456054e-08 3896017257.3752403 210113057092942.5 82994657551714.08
31.388403293478206 1.815284064728724e-08 3609643785.9769907 194668873566316.7 77088873932260.0
31.309139648797704 2.1767104987530917e-08 4339288377.248377 234018764887549.06 92905449660357.98
31.230275317188642 3.120696668279802e-08 6236841672.781572 336354226355672.4 133868982089552.7
31.151807288753492 1.769441470518513e-08 3545209700.314377 191193929328343.47 76286377802011.6
31.07373258376915 1.449222949253026e-08 2910923241.479988 156986722805820.03 62794689122327.82
30.996048252309727 8.01334743428892e-09 1613602727.8053842 87021945662815.7 34895800210787.652
30.918751373875036 7.356948507231012e-09 1485130934.060984 80093433915915.6 32197560434197.92
30.8418390570246 6.579398085455182e-09 1331480690.0600631 71807042876708.61 28938238279314.43
30.765308439017097 6.624697587348119e-09 1343982949.931845 72481292467687.12 29282442156945.645
30.689156685455174 7.664478627577716e-09 1558786507.0498528 84065694968745.19 34046606462340.375
30.61338098993553 1.0465479666374981e-08 2133716996.4713855 115071821165856.4 46719159393334.57
30.537978573704155 1.2639911385551586e-08 2583406322.147763 139323664193775.33 56704731326867.445
30.462946685316677 1.8135383835179217e-08 3715727154.583844 200389972681704.1 81759108854132.78
30.388282600303643 3.359548587075729e-08 6900232823.958154 372131055259152.0 152201601600991.94
30.313983620840798 6.620047691083857e-08 13630352308.923578 735087861189611.2 301386023087751.25
30.240047075424116 9.321762318904905e-08 19239976501.468117 1037616112574238.4 426460222268004.7
30.166470318549603 6.735810648067438e-08 13936520154.981878 751599559641945.6 309659018572484.56
30.093250730397784 3.9788124940100585e-08 8252268391.954981 445046627168500.3 183804257020588.7
30.02038571652273 2.851355762516858e-08 5928217298.671794 319710046811845.5 132359959380104.52
29.94787270754562 5.8006207889006196e-08 12089197455.68478 651973045141341.1 270568813733656.2
29.87570915885274 2.7592827205510345e-08 5764570477.22198 310884538179081.4 129327967882494.52
29.803892550297803 6.053743953020786e-08 12677687258.13692 683710428035929.2 285107248490985.25
29.7324203859086 4.98307652353061e-08 10460592080.272327 564142003433778.1 235811357435319.34
29.661290193597814 3.347968894852149e-08 7044989520.290665 379937815340494.56 159193944627655.7
29.590499524878005 2.543386485474135e-08 5364744429.454596 289321832561501.3 121515169675825.2
29.520045954580674 1.4471518475834512e-08 3059750743.812964 165013022339142.84 69470482404781.44
29.449927080579297 1.7578223680136224e-08 3725458565.631603 200914789793641.12 84786041292913.61
29.38014052351631 9.078117541305674e-09 1928550021.3556495 104007121625710.86 43995012447677.0
29.310683926534004 1.1216977947846148e-08 2388575034.1739135 128816370506601.05 54618141094796.49
29.241554955009157 9.32638272594503e-09 1990681339.4003272 107357877105776.69 45627097769956.73
29.17275129629149 1.1270039263447054e-08 2411220983.1832633 130037671456466.7 55396048040453.92
29.104270659445735 1.3017145503141399e-08 2791566729.451392 150549800182131.7 64284764677768.586
29.036110774997383 1.4315725990671298e-08 3077257986.207795 165957191724912.8 71029678058262.81
28.96826939468197 2.2305682132508937e-08 4805979712.948019 259187530009678.53 111191450374150.33
28.90074429119786 4.521658140870217e-08 9765121964.293789 526635148989431.94 226453114065462.22
28.833533257962518 7.843955209275423e-08 16979551552.244314 915710903989370.8 394671399619379.4
28.76663410887211 1.0883428559374232e-07 23613787798.82484 1273496706043272.5 550150577010688.56
28.700044678064536 1.2559184139428302e-07 27312900967.765343 1472990682869872.8 637804965682669.2
28.633762819685636 1.339312147152193e-07 29193916353.54122 1574434251271953.0 683304465052008.4
28.56778640765871 6.751666138524407e-08 14751063873.92433 795528079362660.4 346054714522765.94
28.502113335457196 7.399067711797023e-08 16202756820.046284 873818195324681.8 380984733161564.6
28.43674151588046 8.149559512005141e-08 17887237771.519756 964662618988083.2 421557564497775.8
28.371668880832676 4.784304855604411e-08 10525020181.81545 567616624946887.2 248616081726733.56
28.306893381104747 1.0149209612870987e-07 22378397708.954815 1206871850110321.5 529816742198428.44
28.242412986159177 5.9314050888495786e-08 13108251366.551981 706930843942026.5 311049571334501.2
28.17822568391791 4.9225208576489644e-08 10903423898.173616 588024019577605.4 259318592633719.03
28.114329480553014 4.654215901306113e-08 10332556061.170092 557236993108001.25 246298750953730.38
28.050722400280268 1.9974511633596207e-08 4444481414.134457 239691848219812.16 106183488761382.14
27.987402485155485 2.604457265385391e-08 5808227480.39049 313238969844364.0 139078102610882.5
27.924367794873596 1.485467090099359e-08 3320233751.0241632 179060927507504.56 79682112740838.05
27.86161640657051 1.4702930257971974e-08 3293719139.119677 177630988727244.2 79223420972351.2
27.799146414627526 1.6211994873946454e-08 3639937877.822519 196302640520882.62 87747280312837.73
27.736955930478473 1.4499261325788165e-08 3262691832.215985 175957679325301.8 78829040337733.44
27.675043082419368 1.3389403827456553e-08 3019686861.5593257 162852368465398.25 73120713440964.44
27.61340601542066 1.5448429786540784e-08 3491831991.274381 188315257883605.84 84741866047621.2
27.552042890941948 1.592487586896862e-08 3607540578.010821 194555447103783.03 87744506643807.16
27.490951886749173 1.851939047945501e-08 4204611617.4403195 226755617972818.28 102493539323713.6
27.43013119673424 3.152186930375126e-08 7172541241.1730385 386816707358061.44 175227968433194.5
27.369579030737032 6.437030756669027e-08 14679337019.62672 791659834527861.0 359413564875655.75
27.30929361436977 1.1043370945384116e-07 25239466362.230045 1361169904143440.0 619332306385269.5
27.249273188843684 1.403544526713517e-07 32148465402.25888 1733773723339728.2 790600817842855.0
27.18951601079797 1.3270511759673264e-07 30463175260.312336 1642885659858319.0 750798746555252.2
27.130020352131016 1.664642378225404e-07 38296563249.27067 2065341975892200.8 945926624958598.0
27.070784499833785 1.4885521325714702e-07 34320387484.529224 1850905953082708.2 849565832464965.4
27.011806755825432 1.520940543683854e-07 35143707672.77721 1895307789699742.2 871841583261914.1
26.95308543679103 1.3451872419162754e-07 31150371225.9966 1679946287579750.8 774455238574245.5
26.89461887402142 6.398639531371237e-08 14849479303.69462 800835644870746.0 369986067930293.4
26.83640541325514 1.1675043280330196e-07 27153332017.47981 1464385094714908.5 678010298853000.5
26.778443414522407 1.0746587729351368e-07 25048068057.746304 1350847752001696.5 626793356928778.8
26.720731251991108 6.867709794240077e-08 16041780547.287735 865136709963009.4 402288570132790.5
26.66326731381478 7.891515573611453e-08 18472940271.343235 996249682046371.1 464252351833598.1
26.60605000198256 4.770244563825401e-08 11190492930.328876 603505714846966.1 281837168833540.94
26.549077732171035 2.5989219405486003e-08 6109881275.566107 329507224551925.9 154209381090300.34
26.49234893359802 3.2754700750156546e-08 7716887062.167219 416173395742421.7 195185322603175.03
26.43586204887819 1.9832147614599446e-08 4682364778.105474 252520949718499.3 118684846367700.12
26.37961553388058 1.5528762684887326e-08 3674154089.6697974 198147928259216.44 93327674210090.78
26.323607857587838 1.862831333284004e-08 4416895218.008895 238204118669709.44 112432344012096.56
26.267837501957352 1.6220819614745913e-08 3854228412.1368017 207859375590682.53 98317484654396.27
26.212302961784083 1.731746742931026e-08 4123520665.7585225 222382365331756.53 105409241167254.16
26.15700274456513 1.970695836391598e-08 4702411122.15881 253602053408327.62 120460975368950.06
26.101935370366043 2.163271495143948e-08 5172819120.635039 278971258961436.75 132790319265648.86
26.047099371688805 1.9582982538777708e-08 4692544984.438176 253069970457653.3 120714375908295.0
25.992493293341447 1.7444375986884166e-08 4188866050.415768 225906456122488.28 107983286026551.56
25.938115692309353 2.055925197966583e-08 4947181697.903032 266802583734178.0 127798437608674.84
25.883965137628124 3.763995244349349e-08 9076266403.810818 489485018959961.94 234952809100767.12
25.830040210258062 8.946417392223458e-08 21617877362.570637 1165856822608154.2 560777131674504.7
25.776339502960226 1.5139598998168726e-07 36659125759.96998 1977034616363884.5 952930685087376.1
25.722861620174 1.5987531115014547e-07 38792797211.99554 2092103981307883.0 1010486222971719.0
25.66960517789621 1.6554400635123707e-07 40251609188.40152 2170778028119718.5 1050656565609942.2
25.616568803561712 1.4900934570982808e-07 36306260935.249825 1958004539707482.2 949632201758084.2
25.5637511359255 1.273180481294675e-07 31085250093.962864 1676434290781723.2 814747065319942.1
25.51115082494623 2.2167888030346422e-07 54235449467.105255 2924929572314195.0 1424440701717020.0
25.458766531671188 2.305943819201363e-07 56532779503.047424 3048825080243347.5 1487826639158757.0
25.40659692812268 1.5389423958405278e-07 37806357895.20671 2038905094651305.8 997024591284492.9
25.354640697185825 1.6974745223815545e-07 41786382847.935265 2253548705005172.5 1104238865452531.6
25.30289653249769 1.5041589323585653e-07 37103293546.88018 2000988681606599.2 982485442668795.2
25.251363138337815 8.99635236178361e-08 22236713700.743423 1199230800766887.0 590021553977299.0
25.200039229520055 1.0205130078473145e-07 25275881043.143616 1363133755796132.2 672024941607507.8
25.148923531285735 9.963665007867403e-08 24727982917.138016 1333585490830774.2 658791232470366.9
25.09801477919811 5.2706841358801544e-08 13107401252.055145 706884997082526.2 349908073555848.4
25.047311719038113 3.4735292364596935e-08 8655632577.481153 466800145324065.9 231532872080734.9
24.996813106701342 4.2986510754474165e-08 10733380520.50013 578853543278058.4 287690211009190.75
24.94651770809631 2.4678313849820918e-08 6174396671.150115 332986553851624.4 165827303818112.22
24.896424299043908 2.0249612676733888e-08 5076550592.314906 273779476314968.47 136615958681167.5
24.846531665178087 2.099911304561668e-08 5275020507.506197 284483001958464.56 142241500979233.9
24.796838601847732 1.6969737081233396e-08 4271375706.1202908 230356219779706.53 115408466109629.45
24.74734391401969 1.7476924228836576e-08 4407835562.202981 237715529463902.7 119333195790884.89
24.698046416183 1.891464015888546e-08 4779962129.892568 257784396103225.22 129665551239919.72
24.648944932254206 1.6981981847513354e-08 4300104527.498787 231905571357933.25 116880407964394.58
24.60003829548386 1.8644678909720932e-08 4730511473.894203 255117511482167.94 128834343298491.83
24.551325348364088 2.280105174868119e-08 5796541020.498361 312608716523519.2 158180010560899.97
24.50280494253728 2.3392109378470226e-08 5958577029.369411 321347353683964.56 162923108317760.75
24.454475938705844 2.1043337914062853e-08 5370877458.990603 289652588176767.75 147143514793803.97
24.40633720654304 1.982697552915554e-08 5070407194.572745 273448161540091.7 139185114223907.86
24.35838762460484 3.565833196324474e-08 9136954480.672552 492757940129490.06 251306549466031.47
24.31062608024287 6.477751978064759e-08 16630953410.101267 896910930451280.9 458321485460605.75
24.263051469518324 1.1401636029528957e-07 29329909870.449505 1581768411183162.2 809865426525747.6
24.21566269711692 1.2651245366990154e-07 32608130095.679863 1758563540117244.5 902143096080178.5
24.16845867626484 1.434926317392383e-07 37056945707.5063 1998489132560181.8 1027223414135941.1
24.12143832864565 1.3016610313417116e-07 33680899191.94902 1816418210536184.0 935455378426100.1
24.07460058431818 9.179498381429452e-08 23798458855.850025 1283456056268093.5 662263325034344.5
24.027944381635393 1.2021453075224857e-07 31226932348.970715 1684075245574510.0 870666901962003.4
23.981468667164144 1.6428519689092e-07 42757433692.90197 2305917688033265.0 1194465362401189.0
23.93517239560591 1.6550340956856388e-07 43157806166.95415 2327509862539094.0 1207977618657756.8
23.889054529718422 2.0388796644716358e-07 53269866373.19091 2872855466288215.5 1493884842469899.5
23.843114040238195 2.3545432354033242e-07 61635747658.50105 3324029261477555.0 1731819245229749.2
23.797349905803955 1.9378181809013837e-07 50824533924.87267 2740978156106365.5 1430790597487549.8
23.75176111288096 9.738491524749659e-08 25590858110.627224 1380120537473721.0 721803041098740.0
23.706346655686158 7.899003481897653e-08 20796806419.95455 1121576288296693.1 587705975067477.8
23.66110553611424 1.0727205762587682e-07 28297010325.65808 1526063914337004.5 801183555026915.9
23.616036763664496 5.825396853554804e-08 15395984866.26867 830308808587708.6 436742433317153.94
23.571139355368558 4.079182281734771e-08 10801436378.44505 582523810482039.8 306990048124032.4
23.526412335718902 4.406253101845551e-08 11689682363.262308 630427109413066.6 332865513770101.1
23.481854736598223 3.736395794334727e-08 9931376636.102396 535601299558596.6 283333087466488.2
23.437465597209567 2.5623455551265936e-08 6823638723.218745 368000318766346.0 195040168946156.4
23.393243964007283 2.388334481632402e-08 6372262731.08772 343657513450102.7 182482139641991.8
23.349188890628735 1.8911967494633946e-08 5055380967.222081 272637793834649.7 145043306320042.16
23.305299437826804 1.5805189790245538e-08 4232860956.7531204 228279110979075.44 121672766151848.02
23.261574673403114 1.6158470300552018e-08 4335608994.528178 233820334978109.5 124860058878302.1
23.218013672142057 1.560429237304063e-08 4194768433.752398 226224772938114.84 121030253521890.48
23.17461551574553 1.389990473303212e-08 3743589848.65467 201892613826063.56 108214441010773.78
23.131379292768393 1.4254765132791521e-08 3846338579.73759 207433875215341.25 111391990990640.23
23.088304098554673 1.532022191464367e-08 4141541304.7264204 223354222306246.44 120164571600758.8
23.04538903517446 1.556322748033672e-08 4215068106.2601676 227319538686525.94 122525231352038.42
23.00263321136152 1.582715309555853e-08 4294515985.984437 231604180099963.84 125066257253981.36
22.96003574245159 1.587777623633873e-08 4316245039.456829 232776032674327.47 125931833676805.2
22.917595750321365 1.7531439034629166e-08 4774605413.5326805 257495507226199.6 139562564916603.02
22.875312363328153 2.4385307530426565e-08 6653500268.488292 358824714940461.4 194841820212660.44
22.833184716250198 3.2770299788348944e-08 8957831711.64088 483097810281514.75 262805208793127.94
22.791211950227677 5.316845786083595e-08 14560477541.217045 785249717035220.8 427961095784194.3
22.749393212704323 7.286058802339547e-08 19989955595.565685 1078062648050520.6 588622205835616.5
22.707727657369702 7.34918829982528e-08 20200153650.54485 1089398674820693.9 595901075126886.2
22.666214444102113 9.442666951734195e-08 26001874254.121243 1402286727384866.5 768453126606912.2
22.624852738912146 9.540321397797526e-08 26318808211.264565 1419379044546934.2 779239095456272.9
22.583641713886806 5.883470373502099e-08 16260300619.99832 876921544957381.4 482306849726574.0
22.542580547134285 6.870544301971118e-08 19022889669.214977 1025908572549105.2 565275623474569.5
22.501668422729324 9.660859915296256e-08 26797238332.964355 1445180884948281.8 797739848491416.2
22.46090453065916 1.0091944065435148e-07 28043781050.061275 1512407204490467.2 836361184083223.5
22.420288066770084 8.603277638049948e-08 23950342305.13547 1291647163684462.0 715572528681173.4
22.37981823271454 1.3511554815328216e-07 37682329902.30235 2032216238049117.0 1127880012117285.0
22.33949423589884 1.9985606164769179e-07 55838399723.908455 3011377027901633.0 1674325627513231.2
22.299315289431394 1.883053733645976e-07 52706012386.49534 2842446698289465.5 1583242810947211.5
22.259280612071553 1.4119797587708658e-07 39591897950.1476 2135199657719612.2 1191441409007486.2
22.21938942817895 1.0704743618990455e-07 30069978976.6477 1621680498859104.5 906519398862245.0
22.179640967663424 8.820404818944215e-08 24821211830.120975 1338613346361758.0 749623473962586.2
22.140034465935454 6.482760302097557e-08 18275558011.34671 985604813883819.9 552924300588827.4
22.100569163857138 3.384018826343127e-08 9556927402.196545 515407171025635.9 289658830116410.06
22.06124430769369 3.769247568335238e-08 10663840339.032898 575103226184052.0 323783116341635.94
22.022059149065463 3.802825644477769e-08 10777982249.228151 581258924198005.4 327830033247663.7
21.98301294490045 3.414822155371116e-08 9695491940.14967 522879986660342.94 295427192463088.25
21.944104957387353 2.485230466338486e-08 7068671055.745103 381214965692323.1 215767670581858.94
21.905334453929072 2.090430485027134e-08 5956276038.486412 321223260745758.3 182133588842835.84
21.866700707096744 1.8289911257136434e-08 5220562655.543552 281546078171249.4 159918172401267.5
21.82820299458425 1.3446318604204591e-08 3844805620.9192057 207351202413233.25 117982834173123.05
21.789840599163185 1.1504165139614076e-08 3295262596.9030166 177714227740813.1 101297109812266.67
21.75161280863834 1.1514221119950737e-08 3303939425.2012424 178182170975961.66 101742019627279.36
21.713518915803597 9.560592555492455e-09 2748169869.0337653 148209398071919.72 84775775697132.52
21.675558218398344 8.785466850029224e-09 2529784506.214634 136431828011259.25 78175437450449.58
21.637730019064314 9.960899114290536e-09 2873265900.2153897 154955854210431.03 88944660316786.92
21.600033625302878 8.678613458653606e-09 2507753776.768805 135243705986109.61 77765130942016.72
21.562468349432788 8.95850842216031e-09 2593141444.23472 139848681442862.6 80552840511085.7
21.525033508548354 9.507846403081179e-09 2756939881.2440352 148682366735688.84 85789725606497.06
21.48772842447808 9.086140896082904e-09 2639234230.9342504 142334475443142.72 82269326806137.11
