string
integrated and resized binned spectra ROIsize spatial in px50:1600
converted file:an 18 2019_16.45.43_91 binning:0.1
nm muJ
28.1 0.00026800942281323005
28.200000000000003 0.002186068291700826
28.300000000000004 0.0021628363948886153
28.400000000000006 0.0022864914700515817
28.500000000000007 0.0027258135117492243
28.60000000000001 0.0032298721588858463
28.70000000000001 0.002580968407501154
28.80000000000001 0.0020117575416304617
28.900000000000013 0.0019440201723282308
29.000000000000014 0.002058487181434993
29.100000000000016 0.0021670664194342673
29.200000000000017 0.0025316917497422396
29.30000000000002 0.002534776280548858
29.40000000000002 0.002688575538175823
29.50000000000002 0.002875339260090802
29.600000000000023 0.0037965388902578014
29.700000000000024 0.004056527557210985
29.800000000000026 0.002832036513299886
29.900000000000027 0.0021949830885142976
30.00000000000003 0.0021409337928627813
30.10000000000003 0.0023850992101478743
30.20000000000003 0.0025099607924694094
30.300000000000033 0.0030197692820793354
30.400000000000034 0.0031587662951334094
30.500000000000036 0.0033197664539113513
30.600000000000037 0.003430081187051423
30.70000000000004 0.004337151005291413
30.80000000000004 0.005770211962654468
30.90000000000004 0.00463040535671719
31.000000000000043 0.0028978012126446365
31.100000000000044 0.0024308695063901395
31.200000000000045 0.0024209161051451772
31.300000000000047 0.0028400467655878173
31.40000000000005 0.0028619339296704145
31.50000000000005 0.0034993495669455176
31.60000000000005 0.003997802312032078
31.700000000000053 0.0041177072098165755
31.800000000000054 0.0040498597295527475
31.900000000000055 0.005157072808063468
32.00000000000006 0.007256613900001827
32.10000000000006 0.006914812577570164
32.20000000000006 0.0039944417313017315
32.30000000000006 0.002811821403125915
32.40000000000006 0.0024685976247521653
32.500000000000064 0.002470985487556413
32.600000000000065 0.0031085681632158023
32.70000000000007 0.0032524957220245493
32.80000000000007 0.0037579089560991056
32.90000000000007 0.004849781137284159
33.00000000000007 0.005007784120311635
33.10000000000007 0.004723016691335274
33.200000000000074 0.005269721932622606
33.300000000000075 0.008418782552600276
33.40000000000008 0.008972440828362746
33.50000000000008 0.0055868433748107295
33.60000000000008 0.0036628036372548067
33.70000000000008 0.0028478442557921804
33.80000000000008 0.002269278550544937
33.900000000000084 0.002449833340264243
34.000000000000085 0.003586532458683138
34.10000000000009 0.003861592673941532
34.20000000000009 0.003989007650929359
34.30000000000009 0.005671664612647705
34.40000000000009 0.006229899230920192
34.50000000000009 0.005969729543348376
34.600000000000094 0.005907731222379627
34.700000000000095 0.009083540354792153
34.8000000000001 0.012287911258869367
34.9000000000001 0.010880130641921426
35.0000000000001 0.005802707984315465
35.1000000000001 0.0036112115766468965
35.2000000000001 0.0025898423014525536
35.300000000000104 0.0024371916912063426
35.400000000000105 0.0025674763124462043
35.50000000000011 0.0036893420136949744
35.60000000000011 0.004536647377279254
35.70000000000011 0.0040908754483292694
35.80000000000011 0.00551247337529394
35.90000000000011 0.007903802560560225
36.000000000000114 0.007149425742907433
36.100000000000115 0.006948270238690723
36.20000000000012 0.008469524854503618
36.30000000000012 0.014922055962967352
36.40000000000012 0.018312575378283888
36.50000000000012 0.01310282789127282
36.60000000000012 0.007048242668247117
36.700000000000124 0.004243158258872073
36.800000000000125 0.0032250096824153387
36.90000000000013 0.002611483560866234
37.00000000000013 0.002579837000607595
37.10000000000013 0.0030598362543710757
37.20000000000013 0.004795386737948843
37.30000000000013 0.006469621758134154
37.400000000000134 0.006202817934977769
37.500000000000135 0.007937035759155392
37.600000000000136 0.011699649651285317
37.70000000000014 0.011104637955417954
37.80000000000014 0.0095556998057995
37.90000000000014 0.010409314746184988
38.00000000000014 0.01731739163584558
38.10000000000014 0.024755783137777855
38.200000000000145 0.02165015747028852
38.300000000000146 0.012665549479919255
38.40000000000015 0.006165339547801212
38.50000000000015 0.004116989605577022
38.60000000000015 0.002848407152265605
38.70000000000015 0.0023656875239592753
38.80000000000015 0.0027481157757699216
38.900000000000155 0.0031067111005438704
39.000000000000156 0.005204454731706113
39.10000000000016 0.009269339878298909
39.20000000000016 0.00855248563867249
39.30000000000016 0.008100443498159714
39.40000000000016 0.011420490428687577
39.50000000000016 0.016910291152651094
39.600000000000165 0.014896145336640368
39.700000000000166 0.013621083297361995
39.80000000000017 0.014846343197082761
39.90000000000017 0.024430833829843658
40.00000000000017 0.03614363899411483
40.10000000000017 0.032758170450905025
40.20000000000017 0.02127846685185322
40.300000000000175 0.010927625306307334
40.400000000000176 0.004842977336370446
40.50000000000018 0.0034505662305077496
40.60000000000018 0.0034919385836547313
40.70000000000018 0.0029908180502766428
40.80000000000018 0.0028474476481978274
40.90000000000018 0.003266242189300354
41.000000000000185 0.005139180965747121
41.100000000000186 0.011785399969825722
41.20000000000019 0.01598056215995234
41.30000000000019 0.012082164050391187
41.40000000000019 0.012671108458084702
41.50000000000019 0.01780742755133573
41.60000000000019 0.022882869659790885
41.700000000000195 0.02352335443748525
41.800000000000196 0.020403110521455714
41.9000000000002 0.022830208043475245
42.0000000000002 0.034679506684789814
42.1000000000002 0.04867587641498677
42.2000000000002 0.0470806732358128
42.3000000000002 0.030874331614462104
42.400000000000205 0.017688546733302828
42.500000000000206 0.007608187573808316
42.60000000000021 0.004750951243242894
42.70000000000021 0.0036131867416182716
42.80000000000021 0.0023049172730110405
42.90000000000021 0.0021036863464861983
43.00000000000021 0.002679594232658628
43.100000000000215 0.0039396142073291176
43.200000000000216 0.004809997459442617
43.30000000000022 0.007181797809686932
43.40000000000022 0.01516277809557516
43.50000000000022 0.017331920522319876
43.60000000000022 0.012206121235991442
43.70000000000022 0.01400187105633377
43.800000000000225 0.021262351699181864
43.900000000000226 0.031084380947876807
44.00000000000023 0.03234149940208379
44.10000000000023 0.0270598056907812
44.20000000000023 0.031442119623488744
44.30000000000023 0.04720824289500854
44.40000000000023 0.06303220136742557
44.500000000000234 0.06905087180921154
44.600000000000236 0.051472600737087856
44.70000000000024 0.034310832851232674
44.80000000000024 0.015566381475449406
44.90000000000024 0.007490779545553025
45.00000000000024 0.0034832839990980346
45.10000000000024 0.0038113146237146915
45.200000000000244 0.004840343685176373
45.300000000000246 0.004410323838580908
45.40000000000025 0.0030525643852354675
45.50000000000025 0.005025708299843499
45.60000000000025 0.005478628749419149
45.70000000000025 0.004861218692025507
45.80000000000025 0.005507780106524744
45.900000000000254 0.013588263325358133
46.000000000000256 0.028205713628433708
46.10000000000026 0.028615002250876685
46.20000000000026 0.025821486385499918
46.30000000000026 0.03415361468014795
46.40000000000026 0.043521847963747265
46.50000000000026 0.045228004106698416
46.600000000000264 0.037942760296042564
46.700000000000266 0.0359834529500993
46.80000000000027 0.038679595959313674
46.90000000000027 0.049641871834272294
47.00000000000027 0.0691898312874438
47.10000000000027 0.08124147735982172
47.20000000000027 0.08339696545516849
47.300000000000274 0.06119559777294458
47.400000000000276 0.029545628110112965
47.50000000000028 0.015373282892633197
47.60000000000028 0.01062152315285521
47.70000000000028 0.006737461509480084
47.80000000000028 0.004758713866846783
47.90000000000028 0.004183430938403957
48.000000000000284 0.0059037382459575915
48.100000000000286 0.004078563007256517
48.20000000000029 0.0034734983461905166
48.30000000000029 0.004486706361037709
48.40000000000029 0.00486839115175746
48.50000000000029 0.005740969989569267
48.60000000000029 0.005641551827376522
48.700000000000294 0.01419489294492499
48.800000000000296 0.03056718919805228
48.9000000000003 0.03698120447871137
49.0000000000003 0.034111663787021344
49.1000000000003 0.026440556129217117
49.2000000000003 0.03171779528413674
49.3000000000003 0.035479582992889336
49.400000000000304 0.04314189290084507
49.500000000000306 0.0494837498852761
49.60000000000031 0.05174063682901809
49.70000000000031 0.0521572159291167
49.80000000000031 0.06212022747029964
49.90000000000031 0.09068019371295277
50.00000000000031 0.11245854926223803
50.100000000000314 0.11192879944878263
50.200000000000315 0.08408795231821213
50.30000000000032 0.056948977178164786
50.40000000000032 0.03821932625117705
50.50000000000032 0.02136941387587929
50.60000000000032 0.008674890460897654
50.70000000000032 0.006285097609746872
50.800000000000324 0.005488270616995503
50.900000000000325 0.005426145674261758
51.00000000000033 0.004256579722996997
51.10000000000033 0.005602902908575743
51.20000000000033 0.007020944094040897
51.30000000000033 0.004470921462663108
51.40000000000033 0.004805644361527213
51.500000000000334 0.009810105148470957
51.600000000000335 0.012942269395430172
51.70000000000034 0.008122987411762615
51.80000000000034 0.008956909322749531
51.90000000000034 0.012774345966866224
52.00000000000034 0.016361093674480423
52.10000000000034 0.02620573830821856
52.200000000000344 0.03744015073323674
52.300000000000345 0.038469243318042225
52.40000000000035 0.038715858315160605
52.50000000000035 0.04866634301536312
52.60000000000035 0.06117167955863831
52.70000000000035 0.06475416843145168
52.80000000000035 0.06012441418676425
52.900000000000354 0.058662008866817404
53.000000000000355 0.06363482618214635
53.10000000000036 0.07575475091766719
53.20000000000036 0.08395115526020164
53.30000000000036 0.0873215997781923
53.40000000000036 0.09889899453034437
53.50000000000036 0.10845556068172171
53.600000000000364 0.09837586656058236
53.700000000000365 0.0750286184713645
53.80000000000037 0.04478630767609855
53.90000000000037 0.0234443977013273
54.00000000000037 0.012110974158926636
54.10000000000037 0.008145031799092541
54.20000000000037 0.005745052715307128
54.300000000000374 0.004877938551813155
54.400000000000375 0.003996659019624867
54.50000000000038 0.0034276137659276754
54.60000000000038 0.00357391230303855
54.70000000000038 0.004436535406971042
54.80000000000038 0.004998389383782048
54.90000000000038 0.00396892501884273
55.000000000000384 0.0044527038314721955
55.100000000000385 0.00620412143205159
55.20000000000039 0.0037417882622548114
55.30000000000039 0.00274237936330254
55.40000000000039 0.0033393303751509404
55.50000000000039 0.0044072651734203905
55.60000000000039 0.008087433714738019
55.700000000000394 0.01744623190071522
55.800000000000395 0.028801988432032168
55.9000000000004 0.03905520933440713
56.0000000000004 0.05055797301657372
56.1000000000004 0.05048920994926567
56.2000000000004 0.04185594156699218
56.3000000000004 0.04026533886930902
56.400000000000404 0.03339938367966872
56.500000000000405 0.03121713178491921
56.600000000000406 0.036592039624621944
56.70000000000041 0.0394880341655888
56.80000000000041 0.03440861881457659
56.90000000000041 0.03483259776328719
57.00000000000041 0.04678734992387092
57.10000000000041 0.06548561965836336
57.200000000000415 0.07780575885629681
57.300000000000416 0.07632329998804846
57.40000000000042 0.06727931659573955
57.50000000000042 0.05871735385358031
57.60000000000042 0.04314493323229477
57.70000000000042 0.029979269782906395
57.80000000000042 0.01947304322614579
