string
20190118an 18 2019_14.13.   full spectra  index number  Nphoton via eV
eV x-axis E [J] Nphoton Nphoton/sr Nphoton/sr @ 0.1bw
43.81066890785845 2.1674889883527085e-09 308791964.5613264 16653217733287.594 4729513836253.777
43.65640598916881 2.179058256434244e-09 311537145.56596 16801265941253.088 4788360793256.883
43.50322561727698 2.1879611301241476e-09 313911421.5072462 16929311158573.803 4841782991352.107
43.35111643679699 2.2185339273401525e-09 319414599.79886615 17226098759396.389 4943890343946.722
43.20006725060606 2.19008666818424e-09 316421404.1652947 17064675068611.547 4914626419759.948
43.05006701709701 2.218086373254739e-09 321583380.88466483 17343061594517.275 5012144800815.441
42.90110484748767 2.2444509814029466e-09 326535664.9957432 17610139352502.492 5106940412225.767
42.75317000318599 2.2545964662666744e-09 329146677.1506017 17750951805251.67 5165526975328.064
42.606251893209404 2.265703771631643e-09 331908803.5737957 17899913883321.49 5226774853929.758
42.46034007165731 2.2773796355044085e-09 334765688.8996262 18053986329596.69 5289817994571.643
42.31542423523527 2.3594662911024884e-09 348019879.79724914 18768787724154.477 5518023590901.415
42.17149422082971 2.3705740315544163e-09 350851637.8496912 18921505051116.99 5581843990079.51
42.02854000313198 2.3740288981694596e-09 352558079.9813764 19013533846000.234 5628006018416.16
41.88655169231059 2.3893322527724103e-09 356033539.48128146 19200966131867.4 5702686941164.466
41.745519531730416 2.4006436189453593e-09 358927552.3630396 19357040875299.67 5768398180839.154
41.605433895717894 2.4000308826162034e-09 360044142.10401446 19417258802607.547 5805760381979.504
41.46628528737101 2.402275457045369e-09 361590196.98143035 19500637878024.207 5850191363407.349
41.32806433641311 2.4306884426013644e-09 367090551.1325753 19797273172337.438 5958979224873.434
41.19076179708947 2.505559477883335e-09 379659146.83116746 20475100268867.17 6183480281197.703
41.05436854610573 2.493363620438298e-09 379066335.40078706 20443129819639.547 6194268335350.775
40.91887558060703 2.49113370974584e-09 379981385.8215505 20492478687624.367 6229713521037.821
40.78427401619714 2.519468375306355e-09 385571699.97017616 20793965544145.38 6342159490964.298
40.65055508499649 2.542995742467537e-09 390452427.85551256 21057184259330.867 6443498383355.3125
40.51771013373833 2.6201531101934063e-09 403618209.9949114 21767217750350.98 6682535849357.211
40.38573062190204 2.6880218119257277e-09 415426138.9055012 22404021921750.266 6900438751898.838
40.254608119882874 2.6532639005233998e-09 411390084.4792272 22186356629715.793 6855584198582.404
40.124334307197174 2.6661379182371055e-09 414728371.2989108 22366391163138.098 6933581260572.651
39.99490097072234 2.6311382986580123e-09 410608584.90675205 22144210187992.84 6886849368465.502
39.86630000297082 2.611383953167454e-09 408840372.5071068 22048850109139.03 6879241234051.316
39.73852340039719 2.6201331714991648e-09 411529160.88846374 22193857050680.02 6946677256862.994
39.61156326173778 2.64720610818473e-09 417113982.9816992 22495047719460.7 7063444983910.572
39.485411786381924 2.605006203675191e-09 411776032.83464557 22207170908370.086 6995258836136.416
39.36006127277436 2.6290035501838217e-09 416892787.4566724 22483118596741.67 7104665476570.259
39.235504116847856 2.6639964940747167e-09 423782859.2248802 22854701664056.74 7244940427506.144
39.11173281048556 2.64123769140019e-09 421492065.584338 22731158665351.527 7228508455581.733
38.98873994001234 2.661484283789943e-09 426062862.8376666 22977662754220.965 7329874418596.11
38.86651818471449 2.7855260050447553e-09 447322306.5122512 24124189170166.96 7719740534453.145
38.74506031538725 2.6481259451608722e-09 426590588.63711536 23006123121232.71 7384965521915.828
38.62435919290941 2.6116711082450107e-09 422032767.99226993 22760318863677.914 7328822674104.256
38.50440776684447 2.571921661413686e-09 416904193.07101244 22483733704000.88 7262245986392.188
38.38519907406786 2.5459480041922862e-09 413975564.83955884 22325792147239.406 7233556655705.526
38.266726237419505 2.60673245814151e-09 425171480.21877366 22929590295932.81 7452116846178.164
38.14898246438129 2.505274824616247e-09 409884400.7816423 22105154780797.984 7206280458540.035
38.03196104577889 2.5127578818724933e-09 412373642.8113491 22239400144243.395 7272283847167.329
37.91565535450739 2.5288853027393646e-09 416293414.14433306 22450794263794.445 7363860518524.587
37.80005884428024 2.6314788490793767e-09 434506604.9814947 23433035602425.31 7709468713198.102
37.68516504840097 2.58940912115746e-09 428863639.28476554 23128709236476.625 7632474048036.862
37.57096757855732 2.683685830650379e-09 445828952.28825855 24043652252438.54 7958448895557.3
37.45746012363721 2.615860853878879e-09 435878339.4708088 23507013541440.85 7804328495757.78
37.34463644856601 2.7083691093879767e-09 452656322.40193254 24411853805902.773 8129147317365.703
37.23249039316491 2.564226466826839e-09 429856271.3290278 23182242098271.2 7742868860822.521
37.121015871029684 2.7160557079727e-09 456675586.6867761 24628613601962.277 8250585556657.089
37.01020686842959 2.5970002986629557e-09 437965057.09163094 23619550676067.414 7936169027158.702
36.90005744322593 2.593769709102733e-09 438725973.91678774 23660587085755.926 7973617847899.609
36.79056172380983 2.5691142694342004e-09 435848923.23881185 23505427117658.633 7944834365768.889
36.68171390805892 2.4527436329727583e-09 417341442.2120595 22507314645169.133 7629979664712.28
36.57350826231243 2.4346794332346723e-09 415493410.51848567 22407649894453.156 7618600964113.642
36.465939120364446 2.3939357058771567e-09 409745369.75212675 22097656807171.97 7535300971245.817
36.35900088247482 2.553624825792149e-09 438363237.80459255 23641024648421.477 8085230429760.285
36.25268801439741 2.7068770233304418e-09 466033661.6806808 25133296619408.406 8620720740456.493
36.146995046425396 3.2690358631405333e-09 564464274.6537067 30441680960916.16 10471938250554.781
36.041916572453225 3.0752602354822e-09 532553165.456031 28720707909254.812 9908644228692.537
35.937447249054806 2.6885723926260975e-09 466942586.9979437 25182315159230.773 8713081045093.758
35.83358179457777 2.8509707691182226e-09 496582623.4580873 26780808764770.582 9292940641375.78
35.73031498825334 2.8771285289533405e-09 502587164.97086567 27104634993030.49 9432412977574.479
35.62764166932158 3.071844010402739e-09 538147165.8686352 29022393566793.016 10128815354810.834
35.52555673617166 2.930301717133403e-09 514825940.7534078 27764674829834.867 9717636190441.918
35.42405514549688 2.769055174620301e-09 487890440.58920056 26312037454290.523 9235525146455.877
35.323131911464124 2.744090950564158e-09 484873303.7284144 26149322607920.81 9204561557987.898
35.22278210489746 2.501691591789978e-09 443301384.41807234 23907339968089.85 8439291008735.684
35.123000852475656 2.4581174895220604e-09 436817468.2821992 23557660962263.17 8339411980641.53
35.02378333594324 2.3845196774064287e-09 424939231.2582784 22917065059037.637 8135558095958.324
34.92512479133495 2.4143234944131757e-09 431465891.1145396 23269049242990.84 8283781530504.685
34.827020508213224 2.768027499539411e-09 496070102.64633167 26753168406048.38 9550881120958.365
34.7294658289185 3.172554123901609e-09 570164155.7597353 30749076787253.137 11008169489836.871
34.63245614783214 3.54430537882889e-09 638758681.3805945 34448394456022.58 12366973609711.912
34.535986910651545 3.930929507554848e-09 710415387.4298743 38312856180549.9 13792628224998.025
34.44005361367751 3.5636044856212077e-09 645824703.0187982 34829466538051.316 12573437420236.354
34.34465180311331 3.928116502028274e-09 713861922.0238243 38498728539955.03 13936539731463.283
34.24977707437542 4.258315265673031e-09 776013072.2305701 41850553572829.69 15191750946937.553
34.15542507141571 4.2730828681925715e-09 780855359.4651097 42111699175366.55 15328658499833.36
34.06159148605468 5.3794471293299724e-09 985738416.5816052 53161086956132.38 19403796738988.035
33.96827205732576 4.3108179059979035e-09 792091217.2064179 42717651424325.055 15634660421302.885
33.87546257083034 3.814408879477533e-09 702798757.9942133 37902089700385.75 13910066920041.45
33.78315885810328 4.262650248886251e-09 787532380.8579239 42471792389651.82 15629619599391.902
33.69135679598887 3.1610278434682174e-09 585596935.2755715 31581369939285.59 11653525507594.824
33.600052306026825 3.2456799777070494e-09 602913096.5735103 32515234279988.125 12030636683595.586
33.509241353848374 2.844247355524236e-09 529775344.12206995 28570899401237.637 10599803677859.273
33.41891994858194 2.964991680558589e-09 553758038.9396065 29864291342944.414 11109516379575.807
33.32908414226855 3.898642745423894e-09 730094430.1887732 39374151231773.73 14686558409450.785
33.23973002928659 6.010927830765441e-09 1128685642.8336556 60870261922931.58 22765477959176.273
33.150853745785824 6.315269981054327e-09 1189011839.3032725 64123666804294.984 24046375051610.434
33.062451469130394 1.1527150527305035e-08 2176085160.6345425 117356745463582.42 44126136294306.46
32.97451941735079 1.175826834466411e-08 2225634616.363947 120028958375598.77 45250917307600.48
32.8870538486045 8.71272906575996e-09 1653553362.1917403 89176492054474.89 33708713996591.508
32.80005106064523 1.0203453592992691e-08 1941608428.68551 104711364369925.6 39685607096201.87
32.71350739030052 1.0611783744419084e-08 2024651390.9550946 109189889366057.5 41492157959102.72
32.627419212957626 1.349711621308286e-08 2581946500.0928044 139244935673207.72 53052320491491.05
32.54178294205747 2.3197327370940173e-08 4449237432.488661 239948341322890.78 91660266385334.89
32.45659502859658 1.3786110781240431e-08 2651110209.3518887 142974949539240.75 54759405673532.04
32.3718519606368 1.3744573858826446e-08 2650041704.2614484 142917324827582.5 54880252733789.33
32.28755026282264 8.768127997237646e-09 1694965101.0771508 91409836129190.38 35192786909738.13
32.20368649590622 9.31476125167626e-09 1805323820.9149745 97361505865276.3 37581541263998.47
32.12025725627952 9.675474207851322e-09 1880105498.112032 101394497962697.6 39239670711561.99
32.03725917551394 6.087310698147826e-09 1185930092.0326047 63957467504483.85 24815497391739.453
31.954688919906943 7.469997630827514e-09 1459065689.2223537 78687729599141.02 30609526814066.117
31.872543190035717 6.471715468649531e-09 1267335708.2532449 68347690072485.73 26655599128269.555
31.790818720317677 1.0415793466249596e-08 2044935535.9963887 110283817714828.28 43120972726497.37
31.709512278577733 1.6550701683841112e-08 3257735522.7718964 175690384480232.88 68870630716249.37
31.628620665622176 2.4135921943452266e-08 4762912629.123782 256864912822791.44 100947910739357.44
31.548140714819066 4.736112526062433e-08 9369948802.571838 505323374527113.2 199097409563666.8
31.468069291685 3.9987454124360926e-08 7931268124.643008 427735013015638.7 168955330141180.9
31.388403293478206 2.7849228575357737e-08 5537744578.081528 298651768160920.8 118266100191722.48
31.309139648797704 3.41440712058666e-08 6806645689.467228 367083880764420.9 145732300663476.66
31.230275317188642 2.5254517528421102e-08 5047220030.9705715 272197672769657.16 108334673762319.58
31.151807288753492 4.416125332910312e-08 8848040824.684568 477176763896089.44 190393528794546.03
31.07373258376915 4.6923966379955494e-08 9425193300.191788 508302722285524.2 203321088914209.06
30.996048252309727 7.466739386855754e-08 15035353379.148075 810859874140757.2 325154809530430.2
30.918751373875036 3.9371446780269267e-08 7947826938.661156 428628033453009.75 172308469448109.12
30.8418390570246 3.000456114798657e-08 6072059064.276337 327467464480261.7 131969388185549.39
30.765308439017097 2.1158697945812077e-08 4292562627.4984045 231498835052448.5 93525529361189.34
30.689156685455174 1.945040927539939e-08 3955785775.9558935 213336386284599.6 86401236445259.22
30.61338098993553 2.233747608500832e-08 4554196644.611551 245608814434877.06 99717178660553.4
30.537978573704155 2.953701215535138e-08 6036917634.305091 325572279527500.4 132507917767694.72
30.462946685316677 1.5032139163480836e-08 3079908767.791296 166100148951588.53 67768860772246.055
30.388282600303643 1.8580929478689758e-08 3816368067.476222 205817558978046.16 84179381622020.2
30.313983620840798 1.797928478958765e-08 3701846231.0265903 199641371458655.88 81852962298051.8
30.240047075424116 2.795194479338754e-08 5769239148.100153 311136320613801.5 127877027772270.23
30.166470318549603 3.656396452981563e-08 7565153702.205381 407990382675882.06 168092037662465.03
30.093250730397784 7.96057525710269e-08 16510655798.649796 890423254131264.8 367744803956208.44
30.02038571652273 1.1477806293902819e-07 23863360271.205864 1286956203697948.8 532799868330952.75
29.94787270754562 6.749591198035946e-08 14066966917.462208 758634581881832.8 314833351480960.2
29.87570915885274 6.871265827117621e-08 14355142310.403166 774175943428721.0 322057192466339.6
29.803892550297803 6.222739004238032e-08 13031594926.53707 702796745478549.5 293066242864557.94
29.7324203859086 5.567167822133387e-08 11686730347.157938 630267906543237.8 263451984935073.47
29.661290193597814 7.305113642144642e-08 15371842054.020672 829006781478191.9 347353841439337.2
29.590499524878005 9.32924112438e-08 19678092432.627777 1061243799921571.8 445722395967040.5
29.520045954580674 7.086746645728235e-08 14983692524.519678 808073793027420.6 340199066864555.4
29.449927080579297 1.2816798784673238e-07 27163411778.799026 1464928698432663.8 618199910738562.6
29.38014052351631 7.005455101022431e-08 14882348155.562328 802608269192670.1 339503297868509.56
29.310683926534004 4.676958669100393e-08 9959248172.562847 537104417574949.56 227732273051768.8
29.241554955009157 2.6919406689798497e-08 5745846180.645584 309874732796896.8 131696761438685.86
29.17275129629149 2.5401739959264483e-08 5434693435.168177 293094197635929.56 124858128192903.98
29.104270659445735 3.166404545670857e-08 6790451546.804376 366210527132465.06 156371895085558.6
29.036110774997383 3.194773028321507e-08 6867371464.031922 370358834979259.44 158513581371123.34
28.96826939468197 5.6583452091596075e-08 12191464095.350187 657488307235738.9 282062483804127.5
28.90074429119786 4.604544668242594e-08 9944126440.919762 536288899302269.1 230604226699982.3
28.833533257962518 2.5422434342460437e-08 5503110649.9807205 296783952894286.1 127913883697424.53
28.76663410887211 4.2290718484859044e-08 9175822184.279766 494854083828965.4 213776964214111.03
28.700044678064536 4.382160770873001e-08 9530039677.014307 513957110165248.2 222543428701557.5
28.633762819685636 7.095646337089406e-08 15466872758.510107 834131808016555.6 362013204679175.0
28.56778640765871 1.5529620957479746e-07 33929170367.965393 1829807528995210.5 795966275112936.5
28.502113335457196 1.6951873961699077e-07 37121851312.09941 2001989505916513.2 872867424579607.5
28.43674151588046 1.0319194579615241e-07 22649308442.284214 1221482124813642.2 533787688543540.7
28.371668880832676 1.0706376038542427e-07 23553019149.221565 1270219439568288.8 556356114530903.6
28.306893381104747 9.716437731657891e-08 21424161699.999275 1155409694841303.8 507224856035329.8
28.242412986159177 8.397674813700559e-08 18558643475.47029 1000871674463809.2 440383536764089.56
28.17822568391791 1.174590781567658e-07 26017281731.61258 1403117655993220.8 618774886292998.6
28.114329480553014 1.1499909813651541e-07 25530285953.131054 1376853867860761.0 608569409594441.1
28.050722400280268 1.1985109262647808e-07 26667783594.075596 1438199362756203.2 637122317701030.2
27.987402485155485 7.913660615687698e-08 17648337590.104286 951778680303715.0 422589734054803.56
27.924367794873596 1.395617819481965e-07 31194076386.201366 1682303316364460.8 748624975782171.1
27.86161640657051 1.4487857629028624e-07 32455390265.96365 1750326247918197.5 780645506571518.9
27.799146414627526 4.6026186493544894e-08 10333858411.145374 557307229125101.4 249116331418929.4
27.736955930478473 6.595839996932625e-08 14842268720.489983 800446776552033.8 358600155895303.06
27.675043082419368 2.8793805187016405e-08 6493812296.499304 350212707919172.44 157245505855709.78
27.61340601542066 2.96609750537303e-08 6704315132.094631 361565171574188.4 162704327208382.03
27.552042890941948 3.484303857105666e-08 7893165167.536336 425680112261077.44 191981730629748.12
27.490951886749173 4.4422641528551466e-08 10085642659.543451 543920899716787.0 245852246671987.1
27.43013119673424 4.340596578990797e-08 9876669328.871655 532650922594579.25 241290867935334.28
27.369579030737032 8.446790580157483e-08 19262497003.277153 1038830648129337.9 471629114250728.4
27.30929361436977 8.558838376514568e-08 19561102707.873344 1054934518649759.2 479995205985643.8
27.249273188843684 5.737078733598089e-08 13140892480.909496 708691186330550.2 323163180966705.94
27.18951601079797 5.738759571640036e-08 13173632017.6374 710456836658891.2 324678774353113.5
27.130020352131016 9.932391365105914e-08 22850340656.09874 1232323835778544.2 564404316786555.4
27.070784499833785 1.9505694916524953e-07 44972761990.78679 2425390824414255.0 1113254388406146.0
27.011806755825432 2.2969449818791018e-07 53074502694.29532 2862319460642970.5 1316666951895815.8
26.95308543679103 1.5340646725630448e-07 35524187671.41416 1915827158684824.2 883196320153681.8
26.89461887402142 1.3854097384813793e-07 32151542742.567154 1733939684971100.2 801080134456667.2
26.83640541325514 1.3763032243261125e-07 32009490251.583874 1726278763271725.2 799267067394806.2
26.778443414522407 1.1483785697124306e-07 26766323687.70554 1443513651413323.0 669790334255772.9
26.720731251991108 1.473540820442669e-07 34419361296.886635 1856243632285025.0 863153289012517.6
26.66326731381478 1.6876385182941694e-07 39505270257.990814 2130527807461887.8 992825958277216.5
26.60605000198256 1.4584302360364692e-07 34213242166.888073 1845127582825194.8 861674581179389.6
26.549077732171035 1.1361750988523715e-07 26710671274.633305 1440512304685951.5 674159758593021.1
26.49234893359802 1.060912745725334e-07 24994714206.13422 1347970367193229.2 632198102213557.4
26.43586204887819 6.716278912221373e-08 15857116652.03994 855177745974398.9 401933540607985.94
26.37961553388058 1.331978207669243e-07 31515023304.60468 1699612053399088.2 800517277150969.2
26.323607857587838 2.0382860686824013e-07 48329098984.104774 2606398807622029.5 1230220237197529.0
26.267837501957352 8.90921492061478e-08 21169182626.04358 1141658617989131.0 540004526308877.8
26.212302961784083 5.73502881579859e-08 13655870835.154797 736464080853114.5 349083974324381.44
26.15700274456513 5.421681574509882e-08 12937042473.008318 697697511118394.6 331406317781222.1
26.101935370366043 4.256815911017923e-08 10178906710.029821 548950650220963.06 261300509505188.2
26.047099371688805 3.839909155149334e-08 9201328965.602455 496229670087000.06 236701552631488.0
25.992493293341447 2.5820159606327e-08 6200118025.005849 334373712052981.6 159830634361328.4
25.938115692309353 4.302374873349739e-08 10352823270.032059 558330008084941.56 267440073872694.5
25.883965137628124 5.7851727861640404e-08 13950009495.396666 752327042701049.9 361116980496481.5
25.830040210258062 4.339323921344364e-08 10485423187.345575 565481150432751.5 271996433358144.97
25.776339502960226 1.0516816989071475e-07 25465490641.039722 1373359442603011.2 661959251334640.1
25.722861620174 1.5374777497655525e-07 37305986856.59291 2011919975834161.2 971757348327910.9
25.66960517789621 9.56233027888671e-08 23250565804.207993 1253908064964265.0 606891503442703.4
25.616568803561712 1.1556807427143983e-07 28158265109.451347 1518581354684828.2 736511957022107.0
25.5637511359255 2.5568121077943005e-07 62425669401.746735 3366629912699863.0 1636182137572183.0
25.51115082494623 2.823695524814494e-07 69083890958.36414 3725709247734819.0 1814420403646865.8
25.458766531671188 1.633484715707539e-07 40046696058.135185 2159727018487448.5 1053946785021877.2
25.40659692812268 1.499714735658524e-07 36842673377.68298 1986933379262534.5 971610422459383.6
25.354640697185825 1.5851224984254e-07 39020636072.434044 2104391380548911.5 1031151776468963.9
25.30289653249769 1.494617199058239e-07 36867926310.09961 1988295275393917.0 976252980218368.6
25.251363138337815 1.6794621805679365e-07 41512068645.909874 2238754880495679.2 1101467401203856.5
25.200039229520055 2.0868492841003885e-07 51686704485.18442 2787475201728971.0 1374225274452412.5
25.148923531285735 1.9613652802586025e-07 48677476717.86015 2625186894487889.0 1296842325876947.2
25.09801477919811 1.6288434943746908e-07 40506895703.025215 2184545685313907.5 1081350114230377.8
25.047311719038113 1.180103604165283e-07 29406815102.632793 1585915927062329.5 786614299822909.4
24.996813106701342 9.38738417766514e-08 23439531309.36893 1264099015710008.2 628257210807864.9
24.94651770809631 9.84562326653017e-08 24633280819.8333 1328478186149271.8 661582136702350.5
24.896424299043908 5.2348674183991044e-08 13123742027.963736 707766258677280.5 353175363079958.4
24.846531665178087 7.94232641672396e-08 19951287768.4481 1075977283733553.9 537988641866783.0
24.796838601847732 2.3418871705520107e-07 58946581899.803955 3179001967894628.0 1592679985915160.2
24.74734391401969 1.793597591084932e-07 45236124747.97604 2439594035124554.0 1224676205632585.0
24.698046416183 5.926464982158662e-08 14976905688.340664 807707777477858.5 406277012071354.75
24.648944932254206 6.80714281650803e-08 17236754760.094856 929581928865681.8 468509292148288.44
24.60003829548386 5.5291227650426646e-08 14028441469.68228 756556896113477.5 382061232537297.3
24.551325348364088 2.5944881381746854e-08 6595773337.953956 355711489035673.5 179990013452049.94
24.50280494253728 3.7050993384061904e-08 9437849084.990345 508985251509156.7 258055522515127.72
24.454475938705844 4.350553492229924e-08 11103889402.42 598835167772380.8 304208265228381.7
24.40633720654304 3.540685638839656e-08 9054693142.932236 488321568314028.1 248555678271842.44
24.35838762460484 3.4235260482747845e-08 8772312092.0873 473092696895188.6 241277275416538.06
24.31062608024287 4.228633862422897e-08 10856576940.962452 585497552997790.6 299189249581871.8
24.263051469518324 6.95589439395493e-08 17893550988.18145 965003092134183.2 494081583172682.6
24.21566269711692 6.59030895079943e-08 16986284385.812794 916074007166414.8 469945965676387.44
24.16845867626484 1.0516762865773271e-07 27159520723.258797 1464718852962054.2 752865490422501.6
24.12143832864565 1.7907790319896587e-07 46336985282.05064 2498963682887154.5 1286966296686836.8
24.07460058431818 2.665424470117305e-07 69102898600.41853 3726734334000188.5 1922994916344121.5
24.027944381635393 2.836004111142245e-07 73668056570.09583 3972934295077189.0 2054007030554863.5
23.981468667164144 2.1220285175445788e-07 55228648320.397865 2978493002242918.5 1542859375161777.2
23.93517239560591 1.3825271832534824e-07 36051728693.0457 1944277560588745.0 1009080053945531.1
23.889054529718422 1.2272319315764841e-07 32063923213.89586 1729214344754673.2 899191459272446.6
23.843114040238195 1.249237595032981e-07 32701753790.38055 1763612686312030.8 918842209568537.9
23.797349905803955 1.3165603073818757e-07 34530362376.6941 1862229944633825.2 972084031098875.0
23.75176111288096 1.5292217603150817e-07 40184968060.45415 2167184057611852.2 1133437262130973.5
23.706346655686158 1.911957458769781e-07 50338766458.767044 2714780611127186.5 1422545040230671.2
23.66110553611424 1.824919443267216e-07 48139063864.819305 2596150172354178.5 1362978840485924.0
23.616036763664496 1.4926315300229713e-07 39448870222.67987 2127486141304763.0 1119057710326354.5
23.571139355368558 1.1474130089413945e-07 30382826164.38986 1638552415659524.0 863517123052561.9
23.526412335718902 9.621391946288003e-08 25525318937.636288 1376585995636053.0 726837405695840.2
23.481854736598223 7.597124956029553e-08 20193232581.05111 1089025420039306.6 576094447200774.0
23.437465597209567 5.592293588725031e-08 14892523378.544369 803157021178640.2 425673221224664.1
23.393243964007283 6.486333425665668e-08 17306043633.188034 933318692844479.0 495592225900383.8
23.349188890628735 4.532524189531076e-08 12115945381.0031 653415566564696.4 347617081412438.94
23.305299437826804 4.925635387573508e-08 13191571879.84487 711424337325142.6 379189171794303.5
23.261574673403114 1.6349500003369288e-07 43868657089.54191 2365846207225328.0 1263361874658240.5
23.218013672142057 2.188740274562751e-07 58838032471.63419 3173147873651266.0 1697634112403413.8
23.17461551574553 1.1240402481600887e-07 30273197862.22351 1632640137507142.8 875095113703858.6
23.131379292768393 3.9098176685432104e-08 10549793278.363493 568952643425633.5 305527569519570.6
23.088304098554673 5.518017334481386e-08 14916948878.597609 804474293702907.2 432807170012157.7
23.04538903517446 4.899353053616704e-08 13269167223.636398 715609071073267.8 385713289308494.3
23.00263321136152 3.545779990943326e-08 9621066253.641682 518866193218121.5 280187744337787.6
22.96003574245159 3.287588633816523e-08 8937043778.214447 481976712515686.3 260749401470973.97
22.917595750321365 3.032615921461798e-08 8259187604.152759 445419781785512.8 241417521727752.84
22.875312363328153 3.3042812355175135e-08 9015689492.63607 486218092980083.5 264016424488171.7
22.833184716250198 3.6569054195288335e-08 9996229373.88368 539098821796281.1 293269759057159.0
22.791211950227677 3.6195485761010094e-08 9912334845.145771 534574371635511.2 291343032541352.94
22.749393212704323 5.402032678646722e-08 14820961002.575 799297646695815.6 436416515095939.25
22.707727657369702 6.314337670654662e-08 17355738612.886 935998753895734.9 511991318380938.4
22.666214444102113 5.992978387664973e-08 16502612158.222118 889989458855533.9 487714223452836.0
22.624852738912146 5.752396582833757e-08 15869090369.815695 855823491175313.8 469847096655250.8
22.583641713886806 1.4302630545351078e-07 39528553312.9567 2131783467674399.5 1172480907220954.5
22.542580547134285 2.998698363355349e-07 83026767036.49051 4477651583692760.0 2467186022614765.0
22.501668422729324 3.37874523924639e-07 93719443441.15633 5054309945160978.0 2789979089728736.5
22.46090453065916 2.307987976606386e-07 64135025979.58821 3458815884297476.0 1912725184016493.2
22.420288066770084 1.0108437352110405e-07 28140500044.113056 1517623280851706.0 840763297591823.2
22.37981823271454 7.089440297763336e-08 19771716266.134636 1066292953602204.9 591792589249236.9
22.33949423589884 9.55673634354485e-08 26700859589.015312 1439983158349002.2 800630636042008.6
22.299315289431394 1.1593712506416745e-07 32450393955.8609 1750056795828917.0 974781635276694.0
22.259280612071553 1.0656965430654651e-07 29882120134.358093 1611549230682432.5 899244470720754.1
22.21938942817895 1.0704395923378267e-07 30069002288.170063 1621627825837321.5 906489954643068.2
22.179640967663424 1.0486740220430588e-07 29510391616.00678 1591501830930398.5 891241025321025.2
22.140034465935454 9.887156226866031e-08 27872894997.038998 1503191282526290.0 843290309497255.5
22.100569163857138 9.67897390329826e-08 27334732951.6887 1474168086505818.5 828482464616277.8
22.06124430769369 8.668133648565953e-08 24523619526.14644 1322564128757021.8 744603604490237.0
22.022059149065463 7.836509144680017e-08 22210262671.370564 1197804291006370.2 675561620127569.4
21.98301294490045 5.785275571915495e-08 16425772742.169521 885845492454593.2 500502703236835.8
21.944104957387353 4.439106339385193e-08 12626025199.512815 680924281990842.5 385403143606824.1
21.905334453929072 3.0241332386678904e-08 8616680858.648148 464699470665211.44 263484599867161.7
21.866700707096744 3.3214671976960834e-08 9480596909.478882 511290650970711.0 290413089751359.94
21.82820299458425 4.5135116482521e-08 12905818660.17782 696013604109129.0 396031740738072.0
21.789840599163185 3.163361745369495e-08 9061159600.443316 488670305772426.8 278542074290292.12
21.75161280863834 1.794059939375984e-08 5147951653.115225 277630151035680.84 158526816241381.94
21.713518915803597 7.970474682256626e-08 22910942220.930023 1235592091335475.5 706758676243845.5
21.675558218398344 1.485334330673594e-07 42770359736.48051 2306614792371615.0 1321690276028902.0
21.637730019064314 1.196780793420331e-07 34521677253.35179 1861761554045147.2 1068651132021908.6
21.600033625302878 4.17130455991628e-08 12053313370.873234 650037808651702.0 373771739974746.44
21.562468349432788 2.190742846886027e-08 6341352602.703683 341990523511182.1 196986541542433.2
21.525033508548354 3.8226229911093445e-08 11084257494.6672 597776414722275.9 344916991294771.7
21.48772842447808 2.85924841710523e-08 8305205018.801682 447901510954729.3 258887073331835.5
