string
20190130_1 Jan 30 2019_10.32   full spectra  index number  Nphoton via eV
eV x-axis E [J] Nphoton Nphoton/sr Nphoton/sr @ 0.1bw
70.04756667188666 5.611912043693857e-10 50004233.815552466 2696739193002.013 480019576354.33954
69.6540410164266 5.631551439655668e-10 50462726.63824564 2721465810536.592 487142380086.03345
69.26491229566443 5.659819987200146e-10 51000954.566026196 2750492559610.84 495088660729.9496
68.88010722735518 5.659928924996818e-10 51286863.228543326 2765911675893.528 500630013336.71844
68.499554148751 5.694691554315451e-10 51888538.22183305 2798360138994.446 509301545296.9955
68.12318297210952 5.747578099097811e-10 52659765.94224326 2839952617503.9946 519711329003.22705
67.75092514166083 5.729454603790607e-10 52782144.05897403 2846552495925.709 523765659250.30963
67.38271359197788 5.817589032808009e-10 53886939.26478209 2906134341389.6963 537634853157.0796
67.0184827076969 5.771011598809076e-10 53746022.64731676 2898534677595.911 539127450032.834
66.65816828453724 5.80760398859722e-10 54379172.46705693 2932680584925.1504 548411269381.0094
66.3017074915718 5.82027716628952e-10 54790836.17569564 2954881698165.2314 555517759255.0592
65.94903883470174 5.909070653067409e-10 55924188.028823204 3016003609823.039 570024682256.554
65.60010212129062 5.798997411250621e-10 55174368.898693815 2975565701238.313 565357483235.2407
65.25483842591538 5.867474529095492e-10 56121267.26039899 3026632135597.028 578086737899.046
64.91319005719332 6.019466791483123e-10 57878070.61390685 3121376922114.0547 599304369045.8773
64.57510052564542 6.089023922063463e-10 58853400.92419353 3173976697636.5596 612577502643.8707
64.24051451255919 6.124708665553899e-10 59506636.00083886 3209205807234.1797 622585926603.4131
63.90937783981403 6.016935964298162e-10 58762433.76253193 3169070818845.698 617968809674.9165
63.5816374406355 6.041668787212047e-10 59308122.99477497 3198499957690.563 626905991707.3395
63.257241331244494 6.228422124605764e-10 61454935.23367671 3314278008125.606 652912767600.7213
62.936138583370145 6.205165152259921e-10 61537836.87654448 3318748911735.6973 657112284523.656
62.61827929759554 6.243778691665101e-10 62235093.55601878 3356352115937.497 667914071071.5548
62.30361457750712 6.283196498626069e-10 62944294.98530667 3394599503091.7197 678919900618.3402
61.99209650461958 6.315999504421064e-10 63590865.81933301 3429469208637.1035 689323310936.0592
61.683678114049336 6.552115844685623e-10 66297977.51196502 3575464330335.862 722243794727.8402
61.378313370910476 6.609781721989651e-10 67214216.80080037 3624877314234.079 735850094789.4795
61.07595714740844 6.586204243058354e-10 67306016.4801576 3629828090885.1284 740484930540.5624
60.776565200607415 6.630788959216544e-10 68095439.66880254 3672401854949.509 752842380264.6611
60.48009415084836 6.567635272559038e-10 67777499.57107538 3655255276407.1724 752982586939.858
60.18650146079569 6.839085836261206e-10 70923135.93743148 3824900129028.563 791754326708.9114
59.89574541509136 7.046226309495455e-10 73425952.38765474 3959877563921.4453 823654533295.6512
59.60778510059573 6.750163346640591e-10 70680607.33502442 3811820508811.8496 796670486341.6426
59.322580387195735 6.796905146534438e-10 71512201.92244251 3856668585573.726 809900402970.4775
59.04009190916147 6.832967662971878e-10 72235605.14447834 3895681878496.1587 821988876362.6906
58.76028104703274 6.915056767873456e-10 73451532.30655229 3961257094504.7817 839786504035.01
58.483109910018435 7.221943120227013e-10 77074830.75754699 4156662367121.9546 885369084196.9639
58.208541318891584 6.981060188665456e-10 74855487.15067019 4036972684254.708 863912154430.5215
57.93653878936406 6.911428753565331e-10 74456782.31178212 4015470445675.5703 863326145820.2094
57.66706651592514 6.960678267607836e-10 75337755.20777819 4062981505346.405 877604005154.824
57.40008935612919 7.02466486683685e-10 76383932.94884388 4119402098202.298 893910255309.874
57.13557281531753 7.184651160675961e-10 78485255.34925066 4232726871764.7227 922734458044.702
56.873483031761026 7.647149747658053e-10 83922563.91850147 4525962104149.861 991185700808.8231
56.61378676220961 7.288165353334694e-10 80349834.650529 4333284038559.141 953322488482.9987
56.35645136783592 7.148364329828677e-10 79168426.82910563 4269570458091.0684 943575071238.107
56.10144480056064 7.190095297338513e-10 79992556.26637597 4314015937683.6865 957711538165.7524
55.8487355897473 7.218632599199566e-10 80673438.51590312 4350736065321.121 970214142566.6045
55.59829282925516 7.460627667929195e-10 83753484.54022649 4516843616547.304 1011772970106.6051
55.35008616483884 8.184882659485889e-10 92296053.46420136 4977546214474.901 1119947898256.8503
55.104085781884 7.61711732448436e-10 86277155.50704063 4652945740050.539 1051565737251.3978
54.86026239346858 7.373609704035311e-10 83890202.05126764 4524216821619.384 1026997218507.6205
54.61858722873965 7.411157509326562e-10 84690472.49563788 4567375580541.576 1041361632363.414
54.37903202159604 7.507630839170771e-10 86170856.92896275 4647213034641.625 1064211784932.9496
54.141568999667676 7.661567760944927e-10 88323401.15638556 4763300212462.873 1095559048866.4517
53.90617087358216 8.539488821563868e-10 98874059.5298177 5332299510653.499 1231761186960.9592
53.67281082651038 8.535075046682179e-10 99252619.87127861 5352715352110.035 1241829961689.52
53.441462503982315 7.810929639494836e-10 91224893.6699181 4919778334061.68 1146308351836.3477
53.21210000396522 7.701855423692868e-10 90338721.12432493 4871986856158.458 1140044924341.0579
52.98469786719613 7.780915893919689e-10 91657758.7620199 4943122842517.887 1161633867991.6704
52.75923106776125 7.934520862284262e-10 93866629.51615429 5062247722161.526 1194690462430.1262
52.535675003914804 8.144292524102356e-10 96758253.86348793 5218193651413.385 1236711895384.9653
52.31400548913035 9.501000989039231e-10 113354917.32784568 6113255317641.289 1454954765598.6228
52.0941987433777 8.963781902238832e-10 107396689.2521517 5791926783104.85 1384270501162.043
51.8762313846188 8.091883772576241e-10 97357674.63923639 5250520544072.577 1260124930577.358
51.66008042051621 8.000608680834321e-10 96662255.79779775 5213016454875.308 1256336965624.9624
51.445723240348094 8.170979652743446e-10 99131990.55310461 5346209786774.41 1293782768399.416
51.23313760712352 8.241146930202912e-10 100398142.62265599 5414493642954.561 1315721955237.9495
51.022301649892555 8.433750065314021e-10 103169103.17739128 5563932147657.599 1357599444028.415
50.81319385624545 1.0316141570601735e-09 126715509.74550043 6833794969289.924 1674279767476.0356
50.60579306499547 9.9225919758694e-10 122380964.83903883 6600032020812.417 1623607877119.8074
50.400078459040195 8.681226588678613e-10 107507522.62672058 5797904051073.699 1432082300615.1833
50.196029558396305 8.395144615909459e-10 104387330.19558956 5629631395406.646 1396148586060.8413
49.99362621340277 8.418452768540015e-10 105100943.72941497 5668116728317.1 1411361065350.9636
49.7928485980879 8.741439015901339e-10 109573348.69136882 5909314499537.151 1477328624884.289
49.59367720369555 8.59323584426858e-10 108148224.82654235 5832457259901.48 1463946772235.2341
49.39609283236608 9.717513721025504e-10 122786759.86704646 6621916634831.104 1668722991977.4578
49.200076590967804 1.1877742684535378e-09 150680519.4265436 8126233147743.549 2055936986379.0178
49.00560988507464 1.0189199485765833e-09 129772670.39334711 6998668307190.912 1777661750026.4795
48.81267441308616 8.819576035003185e-10 112772726.51898532 6081857640839.55 1550873698414.1257
48.621252160485824 8.571091034266817e-10 110026916.8589051 5933775529349.247 1519046535513.3823
48.43132539423392 8.796791650760704e-10 113367071.08734168 6113910772531.29 1571275068540.5188
48.242876657291376 8.781855400977271e-10 113616671.06746922 6127371753684.713 1580861912450.6392
48.055888763270865 8.976364042999049e-10 116585037.99684012 6287456427058.026 1628451214607.9858
47.8703447912119 9.850426969108164e-10 128433250.68127659 6926433111132.44 1800872608894.4292
47.68622808047647 1.328045581582776e-09 173823697.76574022 9374349783390.018 2446705293464.7817
47.503522225762 1.1537344684038377e-09 151589468.46760988 8175252966995.787 2141916277352.895
47.322211072228555 9.236284503628825e-10 121820744.26194912 6569819203383.0625 1727862450489.7053
47.14227871073719 8.770055388932706e-10 116112971.64037219 6261997785898.149 1653167415477.112
46.963709473196516 8.920438150957242e-10 118553060.10479428 6393592286889.234 1694301956025.5913
46.78648792801464 9.073019515898179e-10 121037619.65550366 6527585123225.056 1736337642777.858
46.61059887565368 9.098863481328924e-10 121840434.98393697 6570881128297.641 1754425261255.4912
46.43602734428419 9.49940684366596e-10 127682214.017042 6885929540668.914 1845429116899.2207
46.26275858553686 1.2396799582192216e-09 167250347.705038 9019847586567.947 2426339000786.785
46.09077807034899 1.5115625835817318e-09 204692093.74216893 11039089084501.96 2980554052815.556
45.920071484903254 1.1048333300710496e-09 150170002.06337953 8098700835439.138 2194747926403.8882
45.75062472665637 9.434493871916485e-10 128709485.0690803 6941330491678.115 1888041893736.5032
45.58242390045543 9.019717422310861e-10 123504986.07598345 6660650730312.419 1818357649375.2634
45.415455314739475 9.033489763653088e-10 124148323.44869597 6695346054586.685 1834524818956.7097
45.249705477824364 9.248121722343926e-10 127563596.53721426 6879532474212.371 1891871430408.44
45.08516109426864 9.401911700903644e-10 130158194.97348967 7019459731552.517 1937370885908.4763
44.92180906131839 9.426171998609796e-10 130968573.5252007 7063163622899.565 1956496323543.0662
44.759636465429146 1.2584725649545816e-09 175487495.75369707 9464078770337.633 2631013898153.9507
44.59863057886286 1.737858972510279e-09 243210310.18525657 13116384865290.465 3659471377415.9336
44.43877885635797 1.4517296452298033e-09 203897830.09092385 10996254273237.973 3078951196506.65
44.28006893187098 1.0709227672645538e-09 150951988.4028619 8140873528612.538 2287585461540.147
44.122488615387454 9.691294207982912e-10 137091570.9818563 7393378205947.114 2084932654077.006
43.96602588980097 9.697140707196617e-10 137662439.34730503 7424165260915.884 2101038768839.1982
43.81066890785821 9.971810203032815e-10 142063691.18245912 7661525728549.737 2175873306908.0593
43.65640598916856 1.0423834911442734e-09 149028221.91985232 8037124384249.046 2290580449510.9526
43.50322561727674 1.0920837923521232e-09 156683576.75203732 8449979333460.762 2416694089369.7646
43.35111643679675 1.1419116730860523e-09 164407339.2655913 8866523523790.15 2544692251327.8574
43.20006725060583 1.6630762352040815e-09 240279494.51584953 12958325339524.945 3731997697783.03
43.05006701709677 2.323456880629537e-09 336860244.94898075 18166946192376.895 5250247449597.091
42.901104847487446 1.867445026151616e-09 271686665.69686115 14652120904467.982 4249115062295.525
42.75317000318576 1.2941570552182028e-09 188932920.28503427 10189193436306.785 2965055289965.303
42.606251893209176 1.132521880623227e-09 165906058.47299397 8947349776239.41 2612626134661.8354
42.460340071657086 1.1228322280361377e-09 165051842.2476226 8901281709628.205 2608075540921.0854
42.31542423523505 1.1585731652170572e-09 170888855.33802554 9216073093674.162 2709525489540.1885
42.17149422082949 1.2217226811594658e-09 180818400.0909897 9751575599377.14 2876714801816.2407
42.02854000313176 1.3038837038665515e-09 193634852.34263822 10442769653659.594 3091059817483.119
41.88655169231036 1.370682379294604e-09 204244888.26894385 11014971196176.352 3271446445264.436
41.745519531730196 1.6202567502377275e-09 242249530.4896649 13064569807579.559 3893241802658.588
41.605433895717674 2.7407294188915563e-09 411154531.18185955 22173653189215.23 6629922303575.144
41.46628528737079 3.1630380689382655e-09 476100088.7940872 25676181220547.477 7702854366164.315
41.328064336412886 2.226068235648369e-09 336188135.4931427 18130699183408.99 5457340454205.954
41.19076179708925 1.6319236683845387e-09 247279999.976642 13335864119872.621 4027430964201.601
41.054368546105515 1.3852537947257842e-09 210600281.18740028 11357718916966.314 3441388831840.7715
40.918875580606816 1.3807172458233272e-09 210605657.35317057 11358008854754.268 3452834691845.2866
40.784274016196925 1.42195109013296e-09 217611026.3858133 11735809928588.43 3579422028219.428
40.65055508499628 1.5302356117130697e-09 234952894.26028752 12671060630548.225 3877344552947.7764
40.51771013373812 1.6271937891630675e-09 250659032.8411605 13518096096344.877 4150055501577.968
40.38573062190184 1.7216122622352e-09 266070286.93727708 14349228377815.496 4419562340366.996
40.254608119882676 1.9703771687787708e-09 305508106.3590923 16476118547028.861 5091120631032.061
40.124334307196975 3.124198827333985e-09 485981569.9747938 26209091647356.883 8124818410680.406
39.99490097072214 4.7916668834189335e-09 747775044.4926097 40327670602261.086 12541905557303.334
39.866300002970625 4.032752836833579e-09 631371028.3929337 34049976725443.797 10623592738337.729
39.73852340039699 2.611030987967962e-09 410099533.57349026 22116756938999.555 6922544921906.973
39.61156326173758 1.8199923588884777e-09 286771876.0035664 15465669573543.225 4856220246092.487
39.485411786381725 1.678739996065737e-09 265360172.5652522 14310931755461.133 4507943502970.13
39.36006127277416 1.6948182246882644e-09 268754864.8891174 14494008249977.945 4580106606993.198
39.235504116847665 1.6953602952146521e-09 269694286.35526395 14544671453734.84 4610660850833.758
39.111732810485364 1.7667194052989983e-09 281935326.7114134 15204833419485.834 4835137027396.715
38.988739940012145 1.9371761352700037e-09 310112223.85977834 16724419604077.05 5335089853700.277
38.866518184714295 2.0453781548494548e-09 328463375.4127651 17714101194084.08 5668512382107.0
38.745060315387065 2.2757247013653165e-09 366599912.55532324 19770812927275.89 6346430949655.64
38.624359192909225 3.468351249521281e-09 560467921.7011122 30226156777982.293 9732822482510.209
38.50440776684429 5.667719270869638e-09 918727799.771379 49547189833621.7 16003742316259.521
38.38519907406768 6.132562309013115e-09 997165276.5913143 53777339998920.65 17423858159649.062
38.26672623741931 3.947264449805398e-09 643819147.4913557 34721306492753.03 11284424610144.682
38.1489824643811 2.5367327463427626e-09 415031185.9846146 22382722024924.047 7296767380125.537
38.03196104577871 1.9156389325391647e-09 314379276.49987125 16954542679966.723 5544135456348.893
37.91565535450721 1.8732840648949946e-09 308371367.49245757 16630534841989.547 5454815428172.551
37.80005884428005 1.8375362316695007e-09 303411760.2094868 16363062143753.23 5383447445294.909
37.68516504840078 1.9176137471451866e-09 317599410.46920246 17128205204501.03 5652307717485.349
37.570967578557145 1.9581506881577793e-09 325298982.37468123 17543444790081.557 5806880225517.071
37.457460123637034 2.158119283484845e-09 359605308.61970156 19393592417462.773 6438672682597.536
37.344636448565836 2.352011464450396e-09 393097401.7001285 21199828273386.785 7059542815037.838
37.23249039316474 2.7291971014148903e-09 457511263.1092828 24673681812977.25 8241009725534.301
37.12101587102951 3.736114189101067e-09 628187461.0407202 33878286246514.68 11349225892582.717
37.01020686842943 6.6832407137251655e-09 1127079539.5174668 60783644422166.48 20423304525846.66
36.90005744322576 8.53158918891178e-09 1443084851.6841178 77825879558895.94 26227321411347.355
36.79056172380966 6.682912354852966e-09 1133752666.674304 61143527619459.5 20666512335376.566
36.68171390805874 4.1953297942228785e-09 713847531.1233859 38497952435567.984 13050805875657.387
36.57350826231225 2.584872361473593e-09 441124781.5884928 23789955304627.6 8088584803573.421
36.465939120364276 2.1212044590099795e-09 363064765.37490946 19580161671831.85 6676835130094.787
36.359000882474646 2.1214232938499156e-09 364170168.7943372 19639776318388.48 6716803500888.943
36.252688014397236 2.129729613169304e-09 366668186.79258215 19774494971723.72 6782651775301.195
