string
20190130_1 Jan 30 2019_10.44   full spectra  index number  Nphoton via eV
eV x-axis E [J] Nphoton Nphoton/sr Nphoton/sr @ 0.1bw
70.04756667188666 3.90852460931213e-10 34826415.11773246 1878196133274.9458 334318911722.92725
69.6540410164266 3.935212907320518e-10 35262320.75357783 1901704618915.7969 340405126785.91614
69.26491229566443 3.980521030100476e-10 35868697.70847488 1934406659827.6907 348193198768.9832
68.88010722735518 3.9584392463122687e-10 35868989.684217565 1934422406142.9248 350130455511.86237
68.499554148751 3.93068402364423e-10 35815363.52820597 1931530335899.0342 351538521133.6286
68.12318297210952 4.0265177293935816e-10 36891274.470101014 1989554446735.1382 364088463752.5275
67.75092514166083 3.962101341930692e-10 36500542.94307191 1968482210596.7417 362200726749.7861
67.38271359197788 3.988273998976603e-10 36942430.539894484 1992313304692.6636 368577961368.133
67.0184827076969 3.9272283763265877e-10 36574680.47695338 1972480463905.2144 366881366286.36615
66.65816828453724 3.970535838678363e-10 37177888.43420669 2005011600085.722 374937169216.0343
66.3017074915718 3.981194817606351e-10 37478110.88764006 2021202662222.1682 379986100497.7647
65.94903883470174 4.0058196015503936e-10 37911580.64599541 2044579780460.7925 386425578507.08954
65.60010212129062 3.8153116150431725e-10 36300656.05883154 1957702267504.595 371963430825.84753
65.25483842591538 3.9081824074439567e-10 37381014.31935202 2015966223200.3408 385049548631.27423
64.91319005719332 4.079963667748659e-10 39229458.92786447 2115653242508.6619 406205422561.64874
64.57510052564542 4.084784974265043e-10 39481449.05597178 2129243124861.8882 410943923098.3543
64.24051451255919 3.9934463004439084e-10 38799650.4594429 2092473578431.5747 405939874215.7139
63.90937783981403 3.9126111885494487e-10 38211235.28152695 2060740220054.4358 401844342910.61847
63.5816374406355 3.972232551183732e-10 38993474.32088635 2102926541387.1033 412173602111.86505
63.257241331244494 4.0965025098877237e-10 40419594.46441324 2179837510549.5276 429427989578.24176
62.936138583370145 3.9871192948887267e-10 39541042.14080844 2132456992873.6191 422226484588.9688
62.61827929759554 4.0305464635433737e-10 40174619.990191825 2166625983934.5056 431158570802.96204
62.30361457750712 4.040328858939901e-10 40475520.95344642 2182853638253.0154 436570727650.60065
61.99209650461958 4.082624219767088e-10 41104754.48394846 2216788339252.836 445574456189.8209
61.683678114049336 4.262450249034867e-10 43129858.72885499 2326002651130.876 469852535528.43445
61.378313370910476 4.2219591682724146e-10 42932685.34364972 2315369047631.195 470019916669.108
61.07595714740844 4.166355660444619e-10 42576997.67504749 2296186734390.974 468422093815.7563
60.776565200607415 4.2127635248655765e-10 43263326.01004853 2333200570601.169 478306116973.24713
60.48009415084836 4.211886884813846e-10 43466354.27847937 2344149929225.1675 482894885420.372
60.18650146079569 4.467362628381939e-10 46327736.56599452 2498464897620.9814 517182233807.54236
59.89574541509136 4.4899658458275137e-10 46788167.727972634 2523296050214.2974 524845578444.5679
59.60778510059573 4.2394662766665134e-10 44391229.63746826 2394028658262.936 500351989576.93225
59.322580387195735 4.270122558524875e-10 44927192.60537359 2422933257559.0547 508815984087.3984
59.04009190916147 4.3955845811519085e-10 46468493.31716985 2506055939791.0166 528777803295.9052
58.76028104703274 4.597214005208799e-10 48831473.747622035 2633491987758.5234 558300301404.8046
58.483109910018435 4.626145219545514e-10 49371665.48122821 2662624645307.5806 567139049450.5067
58.208541318891584 4.469480621393149e-10 47924690.54601031 2584588972698.5938 553102040157.5079
57.93653878936406 4.2570868032010027e-10 45861571.70827898 2473324525570.9106 531764772997.7222
57.66706651592514 4.375215983244609e-10 47354429.84927968 2553834689435.807 551628292918.1346
57.40008935612919 4.6089471166313734e-10 50116199.73268038 2702777539237.1143 586502726014.4376
57.13557281531753 4.740139906107025e-10 51781371.510176525 2792580614953.035 608782574059.7567
56.873483031761026 5.02080344551131e-10 55100097.68112582 2971560238339.583 650771692196.371
56.61378676220961 4.735507790185682e-10 52207551.486687295 2815564593673.0894 619424210608.0717
56.35645136783592 4.592306666577823e-10 50859983.84171528 2742889977823.1177 606178685098.8967
56.10144480056064 4.604573001092523e-10 51227633.24275702 2762717389892.4653 613323260556.1107
55.8487355897473 4.852238094032001e-10 54227268.9687544 2924488396260.935 652160912366.1848
55.59829282925516 5.04771565652614e-10 56665979.59574432 3056008590179.97 684545924200.3195
55.35008616483884 5.475152651097335e-10 61740039.88006892 3329653763644.0063 749172096819.8998
55.104085781884 5.186102781259552e-10 58741670.5130659 3167951052291.217 715956937817.7987
54.86026239346858 4.822890647954541e-10 54870448.41913131 2959175203749.333 671732771251.1119
54.61858722873965 4.829573076635167e-10 55189600.98982036 2976387171221.9116 678616275038.5532
54.37903202159604 5.09217934257801e-10 58446861.19840904 3152051921904.9824 721819890116.2528
54.141568999667676 5.319930251793698e-10 61328744.770537 3307472529033.832 760718681677.775
53.90617087358216 5.810951730215902e-10 67281824.39297864 3628523406367.88 838188906870.981
53.67281082651038 6.113406826388436e-10 71091541.73095177 3833982290058.966 889483891293.6743
53.441462503982315 5.401480711603041e-10 63084616.85336203 3402167091920.617 792704932417.4874
53.21210000396522 5.110919687319224e-10 59948405.016952634 3233030506246.715 756529138461.7172
52.98469786719613 5.12658592048678e-10 60390239.65545451 3256858744288.896 765361804907.8689
52.75923106776125 5.56162370356001e-10 65794882.98680163 3548332333297.426 837406430658.1967
52.535675003914804 5.669319148345626e-10 67354336.7659451 3632434014395.1436 860886861411.6443
52.31400548913035 6.754817474446559e-10 80590642.74005575 4346270871142.4404 1034412467331.898
52.0941987433777 6.676654029755815e-10 79994197.3040105 4314104439199.8286 1031070960968.7471
51.8762313846188 5.873396862513775e-10 70665901.39438885 3811027414238.535 914646579417.2045
51.66008042051621 5.353705151907311e-10 64682730.7151443 3488353719673.878 840693246441.4135
51.445723240348094 5.321765855148123e-10 64564748.03498606 3481990888101.4204 842641794920.5494
51.23313760712352 6.014294705671822e-10 73269415.37976646 3951435489078.6494 960198823846.1053
51.022301649892555 5.977258069026677e-10 73119116.60478486 3943329843491.755 962172481811.9606
50.81319385624545 7.453935848241565e-10 91558386.84027435 4937763693189.779 1209752104831.499
50.60579306499547 7.649811053961609e-10 94349466.33872233 5088287216898.047 1251718655356.883
50.400078459040195 6.751522978697269e-10 83610248.15821587 4509118847347.626 1113752355294.8477
50.196029558396305 5.912358790622994e-10 73515749.58482113 3964720346272.9077 983250645875.6761
49.99362621340277 5.4407234468151e-10 67925209.60240445 3663221310486.486 912142106311.1388
49.7928485980879 6.1502491542608e-10 77092958.48117611 4157639999195.4883 1039409999798.873
49.59367720369555 6.491794417798305e-10 81701009.36913148 4406153184673.634 1105944449353.054
49.39609283236608 7.309705530107019e-10 92362623.1349796 4981136331282.112 1255246355483.1072
49.200076590967804 9.147347601145831e-10 116042847.91506387 6258215998158.02 1583328647533.902
49.00560988507464 8.365711955363265e-10 106548191.71080764 5746167126365.609 1459526450096.855
48.81267441308616 7.218296706883787e-10 92297747.33247751 4977637565159.023 1269297579115.5842
48.621252160485824 6.102867253014427e-10 78342379.65316305 4225021554435.2314 1081605517935.4015
48.43132539423392 5.743297659998834e-10 74015716.17767562 3991683653242.387 1025862698883.2787
48.242876657291376 6.589448255994517e-10 85252049.91807579 4597661572935.331 1186196685817.3027
48.055888763270865 7.162748289798468e-10 93029792.1884366 5017116903276.317 1299433277948.532
47.8703447912119 7.97796777731792e-10 104019484.50404963 5609793397348.088 1458546283310.4985
47.68622808047647 1.045350313444248e-09 136822605.6871446 7378872849171.09 1925885813633.6443
47.503522225762 9.798657868423066e-10 128744817.68974034 6943235987586.26 1819127828747.5989
47.322211072228555 8.395957139109442e-10 110737358.4124537 5972089796674.264 1570659616525.295
47.14227871073719 7.018765918595261e-10 92926410.59994972 5011541511749.757 1323046959101.9363
46.963709473196516 5.926491710757508e-10 78763365.21884906 4247725397451.0303 1125647230324.4858
46.78648792801464 6.697669425553362e-10 89349522.84495021 4818639178050.244 1281758021361.3599
46.61059887565368 7.926632865784133e-10 106143409.92223056 5724337156569.537 1528398020804.0847
46.43602734428419 8.559408849660828e-10 115047633.03515875 6204543843476.105 1662817750051.5527
46.26275858553686 1.0719326187855007e-09 144618860.7144872 7799326576517.966 2098018849083.339
46.09077807034899 1.2263678744645092e-09 166071726.4696043 8956284287287.68 2418196757567.6953
45.920071484903254 9.842769796887605e-10 133783867.7090714 7214993049853.277 1955263116510.1328
45.75062472665637 9.492929872262678e-10 129506694.50248124 6984324169613.734 1899736174134.992
45.58242390045543 7.609522824608319e-10 104195504.85843796 5619286213300.354 1534065136230.9739
45.415455314739475 6.146183495612013e-10 84467730.25175922 4555363042938.851 1248169473765.2166
45.249705477824364 7.104326525866122e-10 97993243.36580274 5284796903572.455 1453319148482.4543
45.08516109426864 8.825014990964891e-10 122171751.70104797 6588749110829.394 1818494754588.8955
44.92180906131839 9.399535491483668e-10 130598482.1092455 7043204512435.412 1950967649944.496
44.759636465429146 1.237310840437905e-09 172536602.62763578 9304936462972.957 2586772336706.5693
44.59863057886286 1.4254864669550367e-09 199494326.7992762 10758772384066.297 3001697495154.4097
44.43877885635797 1.2046475691284607e-09 169194743.7848993 9124709289571.395 2554918601080.005
44.28006893187098 1.1225726606526728e-09 158232302.48904693 8533502448915.553 2397914188145.295
44.122488615387454 1.0073453728446682e-09 142497541.31994545 7684923360717.532 2167148387722.261
43.96602588980097 7.42401335857793e-10 105392694.56308351 5683850914159.185 1608529808707.0515
43.81066890785821 7.357852502097187e-10 104823864.9093128 5653173807354.117 1605501361288.5205
43.65640598916856 9.77095769898865e-10 139694120.705604 7533734277948.044 2147114269215.1687
43.50322561727674 1.1513834883700487e-09 165191429.8467029 8908809699171.758 2547919573963.109
43.35111643679675 1.3139039463552414e-09 189170018.103972 10201980173191.168 2927968309705.9624
43.20006725060583 1.8010917834378322e-09 260219834.87003905 14033712226829.229 4041709121326.651
43.05006701709677 1.9665858999656433e-09 285120250.5622332 15376597054679.488 4443836548802.515
42.901104847487446 1.5404937616230865e-09 224119911.30185562 12086835506154.057 3505182296784.5195
42.75317000318576 1.4633665104379146e-09 213635668.985894 11521418040371.584 3352732649748.163
42.606251893209176 1.3984711040567373e-09 204865647.8360945 11048448894491.68 3226147077191.4814
42.460340071657086 9.357264440185548e-10 137548041.07752123 7417995737373.627 2173472751050.4907
42.31542423523505 8.846297237404312e-10 130482360.04989286 7036942024547.217 2068860955216.8704
42.17149422082949 1.1833486153451202e-09 175138930.1977475 9445280554180.035 2786357763483.095
42.02854000313176 1.5867032554318814e-09 235635317.52566552 12707863865505.28 3761527704189.416
41.88655169231036 1.7005588947772724e-09 253399669.17593977 13665899209277.805 4058772065155.582
41.745519531730196 2.1642895011848837e-09 323589527.047996 17451253492937.348 5200473540895.169
41.605433895717674 2.894311188256463e-09 434194324.87548405 23416194268465.867 7001442086271.072
41.46628528737079 2.7244962749940024e-09 410090833.6140298 22116287748295.8 6634886324488.803
41.328064336412886 2.0110811239322285e-09 303720075.85082275 16379689673271.494 4930286591654.583
41.19076179708925 2.143704666604023e-09 324828483.20504975 17518070667648.238 5290457341629.859
41.054368546105515 1.9252628720367674e-09 292697918.42791337 15785262328910.244 4782934485659.773
40.918875580606816 1.1444597493445697e-09 174568470.52071905 9414515539866.56 2862012724119.426
40.784274016196925 1.0487811890791576e-09 160502251.16273788 8655921274029.945 2640055988579.1016
40.65055508499628 1.529543157288393e-09 234846574.57332185 12665326786732.406 3875589996740.1357
40.51771013373812 2.267143896211968e-09 349239346.97939205 18834553854214.48 5782208033243.972
40.38573062190184 2.375673826922987e-09 367153644.6761343 19800675820848.53 6098608152821.104
40.254608119882676 2.9812550352047504e-09 462245297.40334934 24928989310916.64 7703057697073.457
40.124334307196975 4.007435673258751e-09 623372578.922963 33618618607879.61 10421771768442.387
39.99490097072214 4.893788570837309e-09 763711888.8540545 41187148080924.38 12809203053167.621
39.866300002970625 3.4972008886197386e-09 547524584.541169 29528119793029.996 9212773375424.72
39.73852340039699 2.6996562142851385e-09 424019385.2117907 22867457561915.664 7157514216879.719
39.61156326173758 3.0683099424131314e-09 483466314.5968327 26073443378388.766 8187061220813.93
39.485411786381725 2.285294877452747e-09 361238931.8563665 19481694073517.805 6136733633157.936
39.36006127277416 1.4162432666172614e-09 224579994.6126104 12111647899055.328 3827280736101.6235
39.235504116847665 1.190832486502217e-09 189435082.63251927 10216275160800.512 3238559225973.631
39.111732810485364 1.8945076424861825e-09 302327935.91306925 16304611263988.566 5184866381948.6
38.988739940012145 2.743420029676599e-09 439179520.5890708 23685046956324.344 7555529979067.039
38.866518184714295 2.8276630631410113e-09 454089016.2766289 24489119297815.297 7836518175301.026
38.745060315387065 3.482434204889308e-09 560990560.1614102 30254342783688.43 9711644033564.107
38.624359192909225 5.23109638547642e-09 845318570.2546241 45588214137760.9 14679404952358.875
38.50440776684429 6.6105466948549315e-09 1071558545.8625166 57789385172519.66 18665971410723.51
38.38519907406768 6.129849926781383e-09 996724238.5321736 53753554720576.47 17416151729465.549
38.26672623741931 3.446533356632332e-09 562147329.0387076 30316727580547.02 9852936463677.734
38.1489824643811 3.316466320716334e-09 542602271.5043027 29262658381588.203 9539626632398.143
38.03196104577871 3.4855594827675746e-09 572022028.6697125 30849272276907.734 10087712034548.418
37.91565535450721 2.274005196854645e-09 374336228.75467604 20188034140607.676 6621675198119.293
37.80005884428005 1.3296576888673015e-09 219551469.46341553 11840458445321.264 3895510828510.7656
37.68516504840078 1.3258809417715473e-09 219595320.53099748 11842823342922.523 3908131703164.439
37.570967578557145 1.99517634437287e-09 331449892.19043964 17875164692719.43 5916679513290.209
37.457460123637034 2.9574318772473496e-09 492793985.5214888 26576486697775.09 8823393583661.186
37.344636448565836 2.93235841885685e-09 490092200.9644547 26430778869656.438 8801449363595.64
37.23249039316474 3.883378519589031e-09 650993440.7843062 35108217688644.082 11726144708006.98
37.12101587102951 6.171361455671398e-09 1037648125.2398645 55960588821362.54 18746797255156.94
37.01020686842943 9.226693030953114e-09 1556014122.1966016 83916179651313.77 28195836362839.664
36.90005744322576 1.006468393176699e-08 1702401814.8691566 91810899719605.86 30940273205506.496
36.79056172380966 6.012669084073789e-09 1020046238.2165695 55011315230218.15 18593824547813.062
36.68171390805874 3.6703139481331306e-09 624514562.3427409 33680206021802.062 11417589841390.76
36.57350826231225 4.017357292165805e-09 685587375.4088589 36973876098415.875 12571117873461.453
36.465939120364276 4.018623831193282e-09 687826537.514998 37094634597253.87 12649270397663.807
36.359000882474646 2.475702626438048e-09 424986868.942296 22919634169685.906 7838514886032.678
36.252688014397236 1.5461549293185086e-09 266196150.40708104 14356016222085.633 4924113564175.343
