string
20190130_1 Jan 30 2019_11.48.   full spectra  index number  Nphoton via eV
eV x-axis E [J] Nphoton Nphoton/sr Nphoton/sr @ 0.1bw
70.04756667188666 5.207048602418993e-10 46396749.232178286 2502186765701.149 445389244294.7871
69.6540410164266 5.221788999940406e-10 46790962.25794262 2523446759822.6855 451696970008.2454
69.26491229566443 5.256991513277852e-10 47371044.64965521 2554730729229.5947 459851531261.3256
68.88010722735518 5.261701475763773e-10 47678366.19734106 2571304647061.343 465406141118.0937
68.499554148751 5.304220598819515e-10 48330669.124706484 2606483485645.79 474379994387.5397
68.12318297210952 5.358980804435669e-10 49099406.7387886 2647941672180.0933 484573326008.95337
67.75092514166083 5.352261147611511e-10 49307279.39576935 2659152289731.024 489284021310.48895
67.38271359197788 5.434892825640003e-10 50342115.60050705 2714961231068.82 502267827747.7184
67.0184827076969 5.393576507184073e-10 50230930.94544673 2708965018466.752 503867493434.8107
66.65816828453724 5.424025312162683e-10 50787555.15956256 2738983883259.621 512189986169.555
66.3017074915718 5.434626655319683e-10 51160405.29346805 2759091771982.161 518709253132.64233
65.94903883470174 5.503672024463041e-10 52087444.40807653 2809087192830.566 530917479444.97656
65.60010212129062 5.445638387188166e-10 51812346.16188771 2794251084649.007 530907706083.2749
65.25483842591538 5.505510883839987e-10 52659154.4939608 2839919641965.285 542424651615.3824
64.91319005719332 5.66785591549251e-10 54497279.62125679 2939050129409.7144 564297624846.6453
64.57510052564542 5.622945396210354e-10 54348523.50947408 2931027679984.2764 565688342236.9789
64.24051451255919 5.652692791520271e-10 54920609.40977705 2961880396872.242 574604796993.1986
63.90937783981403 5.597610326990753e-10 54667227.309710346 2948215445168.8423 574902011807.9293
63.5816374406355 5.671299554394275e-10 55672388.434163086 3002424002980.013 588475104584.0724
63.257241331244494 5.790241602914819e-10 57131471.755696684 3081112683493.5303 606979198648.204
62.936138583370145 5.689081956617999e-10 56419738.85193802 3042728773371.14 602460297127.4746
62.61827929759554 5.818836019299614e-10 57999461.85339065 3127923578031.443 622456792028.2505
62.30361457750712 5.893313141013026e-10 59038491.135813266 3183958652959.725 636791730591.9415
61.99209650461958 5.969887201161223e-10 60106131.373168066 3241536722903.178 651548881303.5402
61.683678114049336 6.078878343027024e-10 61509495.441974126 3317220452012.1924 670078531306.4592
61.378313370910476 6.007610646230009e-10 61090798.669967405 3294640044136.7544 668811928959.7262
61.07595714740844 6.088219678289533e-10 62216991.59021123 3355375872988.8765 684496678089.7273
60.776565200607415 6.1792074971607e-10 63457886.22016939 3422297589964.632 701571005942.7605
60.48009415084836 6.217884281097037e-10 64168095.77655524 3460599345632.261 712883465200.2273
60.18650146079569 6.435965159694123e-10 66742667.49064467 3599446557494.1484 745085437401.2876
59.89574541509136 6.35583110294601e-10 66231615.541497655 3571885414851.539 742952166289.1117
59.60778510059573 6.242229209362707e-10 65362055.55110947 3524989855659.5703 736722879832.8187
59.322580387195735 6.371802343975854e-10 67039572.57144064 3615458713003.566 759246329730.7441
59.04009190916147 6.450187143238893e-10 68188991.16293286 3677447107351.8496 775941339651.2412
58.76028104703274 6.632241735017021e-10 70447479.23512374 3799247859737.549 805440546264.3568
58.483109910018435 6.534057637102164e-10 69733502.21067323 3760742923698.717 801038242747.8154
58.208541318891584 6.340888431488643e-10 67991147.43026857 3666777351868.072 784690353299.78
57.93653878936406 6.423901511734296e-10 69204654.13244565 3732222031948.6157 802427736868.9167
57.66706651592514 6.511136791204544e-10 70472217.05144367 3800581975545.928 820925706717.9209
57.40008935612919 6.644546271217752e-10 72250646.3265239 3896493052711.5454 845538992438.3821
57.13557281531753 6.813548761294429e-10 74431326.2266238 4014097593472.694 875073275377.0402
56.873483031761026 6.684658316762802e-10 73359837.76617864 3956311988021.9575 866432325376.8116
56.61378676220961 6.614815626220733e-10 72926356.09143859 3932934227130.118 865245529968.6147
56.35645136783592 6.684524552386864e-10 74031382.35480547 3992528533578.4487 882348805920.8193
56.10144480056064 6.71503397272923e-10 74707317.5918825 4028981867759.719 894433974642.6334
55.8487355897473 6.816018693524778e-10 76173937.02185227 4108076972238.4053 916101164809.1592
55.59829282925516 7.037264983741819e-10 79000787.90353209 4260529654415.6343 954358642589.1106
55.35008616483884 6.962838358721749e-10 78515786.74428308 4234373436531.7114 952734023219.6329
55.104085781884 6.859752185331748e-10 77698672.71588778 4190306299463.8096 947009223678.7993
54.86026239346858 6.875888293261334e-10 78227582.06038035 4218830495316.8916 957674522436.9534
54.61858722873965 6.936752437618975e-10 79269242.46150608 4275007467048.4385 974701702486.9827
54.37903202159604 7.051556364099358e-10 80936139.18880929 4364903569682.197 999562917457.2394
54.141568999667676 7.367155509423859e-10 84929384.1343077 4580260137118.161 1053459831537.1683
53.90617087358216 7.334568477161966e-10 84922947.42574865 4579913004027.208 1057959903930.2859
53.67281082651038 7.216355741005283e-10 83917506.20825997 4525689340737.76 1049959927051.1534
53.441462503982315 7.179768786275369e-10 83853481.5101634 4522236474860.161 1053681098642.3959
53.21210000396522 7.231058697699455e-10 84816522.66745344 4574173493691.762 1070356597523.8523
52.98469786719613 7.263831846047211e-10 85566603.74046 4614625528912.76 1084436999294.4678
52.75923106776125 7.662411696262168e-10 90647535.29253757 4888641271339.484 1153719340036.124
52.535675003914804 7.97509965404798e-10 94748158.25061972 5109788758321.77 1211019935722.2527
52.31400548913035 7.753349054799375e-10 92503962.7018909 4988758804831.403 1187324595549.8706
52.0941987433777 7.583714372350879e-10 90861851.0252932 4900199365366.701 1171147648322.628
51.8762313846188 7.457518505287412e-10 89725295.20437025 4838904663029.632 1161337119127.056
51.66008042051621 7.535772893128264e-10 91046173.62109417 4910139923001.997 1183343721443.494
51.445723240348094 7.756033537016198e-10 94097779.70293932 5074713701951.803 1228080715872.3445
51.23313760712352 8.24289483359144e-10 100419436.53419262 5415642028229.795 1316001012859.8313
51.022301649892555 8.904740669328416e-10 108930677.54760993 5874655105135.092 1433415845652.9211
50.81319385624545 8.745871478777709e-10 107427525.5934965 5793589793692.714 1419429499454.7185
50.60579306499547 7.947719748836186e-10 98023743.54384698 5286441784800.49 1300464679060.8828
50.400078459040195 7.87720491096404e-10 97550591.10024717 5260924570725.641 1299448368969.2146
50.196029558396305 7.920215582016713e-10 98481943.67175496 5311152617241.716 1317165849075.939
49.99362621340277 8.020577830959926e-10 100133637.67262734 5400228833536.295 1344656979550.543
49.7928485980879 8.647677252012628e-10 108398051.30271156 5845930456035.636 1461482614008.9102
49.59367720369555 9.850778812982593e-10 123974747.24187079 6685985052043.485 1678182248062.872
49.39609283236608 1.0507285677092376e-09 132766014.05729182 7160099981285.941 1804345195284.0786
49.200076590967804 9.073645252199716e-10 115107863.1694677 6207792067704.275 1570571393129.1052
49.00560988507464 8.406416496337386e-10 107066616.83210655 5774125905784.179 1466627980069.1714
48.81267441308616 8.103645138394823e-10 103618377.27484077 5588161597337.034 1424981207320.981
48.621252160485824 8.121812806888024e-10 104259541.62362956 5622739729959.008 1439421370869.4824
48.43132539423392 8.345052629097255e-10 107545365.65028977 5799944933556.114 1490585847923.9
48.242876657291376 9.062730962619083e-10 117250543.96116288 6323347308293.919 1631423605539.8137
48.055888763270865 1.1212726556304193e-09 145630919.75246453 7853907140304.078 2034161949338.7024
47.8703447912119 1.2159762492577618e-09 158543160.5484407 8550267091592.009 2223069443813.916
47.68622808047647 1.0088567527516905e-09 132046078.62196763 7121273706854.238 1858652437488.9463
47.503522225762 8.734452103435598e-10 114762190.77925184 6189149880603.232 1621557268718.046
47.322211072228555 8.269862014133962e-10 109074243.55644406 5882397651180.973 1547070582260.56
47.14227871073719 8.254512692694257e-10 109287336.93078104 5893889823153.115 1555986913312.4229
46.963709473196516 8.456052784431747e-10 112381355.82997946 6060750934556.891 1606098997657.523
46.78648792801464 8.822522102281941e-10 117695886.44079578 6347364724970.368 1688399016842.1113
46.61059887565368 1.0887094402594308e-09 145786154.55053923 7862278986688.725 2099228489445.9148
46.43602734428419 1.3689921734640847e-09 184007227.5633164 9923549757726.715 2659511335070.69
46.26275858553686 1.3423298713554726e-09 181099271.81654158 9766723072555.027 2627248506517.31
46.09077807034899 1.0101557196072775e-09 136792807.32266197 7377265816900.9 1991861770563.261
45.920071484903254 8.397232760183353e-10 114135990.16263558 6155378745308.167 1668107639978.4233
45.75062472665637 8.372242726656475e-10 114217791.10259902 6159790287771.502 1675462958273.898
45.58242390045543 8.412592747576443e-10 115191762.83531018 6212316794910.21 1695962485010.4624
45.415455314739475 8.483820860323267e-10 116594158.38229482 6287948291426.985 1722897831850.9548
45.249705477824364 8.821151157463645e-10 121674195.15314053 6561915778107.486 1804526838979.595
45.08516109426864 1.1128354261609234e-09 154058722.28914735 8308420362032.226 2293124019920.8726
44.92180906131839 1.4898492395228184e-09 207001770.91685367 11163650476305.893 3092331181936.5527
44.759636465429146 1.5335341066058561e-09 213843406.29694793 11532621358687.277 3206068737715.1714
44.59863057886286 1.2006007844880528e-09 168021970.61031926 9061461377483.445 2528147724317.808
44.43877885635797 9.40103978634614e-10 132039158.89800473 7120900524637.621 1993852146898.5452
44.28006893187098 8.813811525805618e-10 124235137.76131637 6700027969326.555 1882707859380.7812
44.122488615387454 8.845649341488091e-10 125129207.57068023 6748245348380.595 1903005188243.2546
43.96602588980097 9.049567996494011e-10 128469374.94803232 6928381300686.509 1960731908094.285
43.81066890785821 9.269035857331008e-10 132051595.5262089 7121571234698.508 2022526230654.315
43.65640598916856 1.0032252763825548e-09 143429822.51207915 7735201487945.703 2204532424064.501
43.50322561727674 1.3993991714012495e-09 200774765.6493813 10827826729425.488 3096758444615.6724
43.35111643679675 1.9537513703172253e-09 281292390.60344744 15170159735506.525 4353835844090.517
43.20006725060583 1.9194327010244697e-09 277317605.4089643 14955798706453.162 4307270027458.3325
43.05006701709677 1.4027130100689134e-09 203368632.36166802 10967714524731.957 3169669497647.637
42.901104847487446 1.0980278994618714e-09 159747427.45798177 8615213467648.364 2498411905617.9136
42.75317000318576 1.02207562303452e-09 149211976.57845262 8047034312907.728 2341686985056.1714
42.606251893209176 1.0222304717130664e-09 149749184.81890738 8076006070022.971 2358193772446.6426
42.460340071657086 1.049276794137546e-09 154239487.944683 8318169093106.273 2437223544280.158
42.31542423523505 1.0863179627473762e-09 160231255.78975037 8641306434691.475 2540544091799.2793
42.17149422082949 1.124382444927549e-09 166411770.78684172 8974622951190.305 2647513770601.1255
42.02854000313176 1.361058571464592e-09 202125676.34191534 10900681636556.75 3226601764420.6724
41.88655169231036 2.0605110455195095e-09 307036009.6739836 16558518704735.176 4917880055306.4375
41.745519531730196 2.6365040911579358e-09 394191771.2259988 21258847859666.77 6335136662180.501
41.605433895717674 2.242567731296706e-09 336422077.22124153 18143315711628.773 5424851397776.831
41.46628528737079 1.5696973925533023e-09 236270652.35586336 12742127610923.19 3822638283276.9927
41.328064336412886 1.3233594372102336e-09 199858088.20158708 10778390115519.43 3244295424771.2583
41.19076179708925 1.2762801345096537e-09 193390510.68739676 10429592255109.639 3149736861043.1655
41.054368546105515 1.2579694640360229e-09 191249230.9061627 10314112571318.531 3125176109109.495
40.918875580606816 1.2929430437670955e-09 197217149.62023526 10635963724088.0 3233332972122.742
40.784274016196925 1.3516566290133592e-09 206853378.0112524 11155647614668.727 3402472522473.921
40.65055508499628 1.4353738894661148e-09 220387793.28770822 11885561570855.205 3636981840681.711
40.51771013373812 1.5635716067190286e-09 240858433.29064903 12989547633423.283 3987791123461.0347
40.38573062190184 2.1690200598480315e-09 335215891.72883856 18078265865981.867 5568105886722.192
40.254608119882676 3.234189890247308e-09 501462991.2645491 27044008060824.133 8356598490794.891
40.124334307196975 3.3197061973456435e-09 516393520.00455153 27849214719402.805 8633256563014.628
39.99490097072214 2.3698578283319377e-09 369833835.7272526 19945219106501.996 6202963142122.1875
39.866300002970625 1.7772411579958046e-09 278246305.44605964 15005883701212.117 4681835714777.856
39.73852340039699 1.6409895836663516e-09 257740741.47785804 13900014181610.355 4350704438844.112
39.61156326173758 1.544148978990841e-09 243307889.38291872 13121647332619.29 4120197262442.385
39.485411786381725 1.5422358303672645e-09 243782817.4950725 13147260308885.016 4141386997298.663
39.36006127277416 1.5928364281056593e-09 252583157.76297486 13621864571390.98 4304509204559.707
39.235504116847665 1.6406780409817944e-09 260995550.415031 14075546734693.441 4461948314897.64
39.111732810485364 1.7124401341585385e-09 273273371.67953724 14737692302822.705 4686586152297.833
38.988739940012145 1.8338367866269522e-09 293569177.186611 15832249503046.195 5050487591471.451
38.866518184714295 2.22430702764359e-09 357197221.7078472 19263723767153.94 6164391605489.364
38.745060315387065 3.4635114978408446e-09 557942272.8421599 30089947986326.355 9658873303610.88
38.624359192909225 4.0556014888404174e-09 655364573.5886929 35343953830405.34 11380753133390.416
38.50440776684429 2.9894560944070552e-09 484585825.2443613 26133818830821.64 8441223482355.238
38.38519907406768 2.2341473829940755e-09 363276242.5968013 19591566684351.52 6347667605729.445
38.26672623741931 1.89434371080344e-09 308977209.0150204 16663208006919.334 5415542602248.758
38.1489824643811 1.7909199684414134e-09 293009833.0529201 15802083952399.746 5151479368482.527
38.03196104577871 1.6708838081573217e-09 274212031.1929446 14788314414302.844 4835778813476.833
37.91565535450721 1.72074793862319e-09 283261575.15934694 15276358286407.965 5010645517941.793
37.80005884428005 1.7414012597762092e-09 287538069.9185846 15506990577834.396 5101799900107.607
37.68516504840078 1.9026170666901916e-09 315115627.2367386 16994254235176.844 5608103897608.367
37.570967578557145 2.050416918044373e-09 340626766.324697 18370075508439.223 6080494993293.463
37.457460123637034 2.1493751825814755e-09 358148287.62553275 19315014958712.074 6412584966292.305
37.344636448565836 2.4597443430673105e-09 411103059.96416277 22170877335262.812 7382902152642.557
37.23249039316474 3.996768738615472e-09 670001706.0005232 36133337561265.875 12068534745462.654
37.12101587102951 5.351749377122772e-09 899839159.9347516 48528521383709.58 16257054663543.137
37.01020686842943 4.231351543326216e-09 713586410.1370076 38483870124044.54 12930580361678.158
36.90005744322576 2.98312128162975e-09 504583265.4309391 27212285124491.46 9170540086953.422
36.79056172380966 2.263280977657954e-09 383964461.54041886 20707286826458.93 6999062947342.866
36.68171390805874 2.156596221182712e-09 366951101.2557876 19789752610187.043 6708726134853.325
36.57350826231225 1.9877386498794343e-09 339220145.2002058 18294216125609.52 6220033482707.265
36.465939120364276 1.9080385394532664e-09 326579345.8572142 17612495070851.21 6005860819160.376
36.359000882474646 1.9586813986918765e-09 336233385.22010803 18133139511014.65 6201533712767.087
36.252688014397236 2.0460333300515515e-09 352258486.9967493 18997376731253.258 6516100218819.829
