string
20190130_1 Jan 30 2019_12.00.   full spectra  index number  Nphoton via eV
eV x-axis E [J] Nphoton Nphoton/sr Nphoton/sr @ 0.1bw
70.04756667188666 5.446285856318327e-10 48528442.58165189 2617149451144.7812 465852602303.7528
69.6540410164266 5.469183178031445e-10 49007790.944437735 2643000812487.3857 473097145435.226
69.26491229566443 5.491786970989811e-10 49486799.65567276 2668833856348.066 480390094142.6503
68.88010722735518 5.512355149795319e-10 49949638.65820416 2693794864305.52 487576870439.2893
68.499554148751 5.55201023588521e-10 50588463.41105621 2728246822010.352 496540921605.89026
68.12318297210952 5.592611452195688e-10 51239949.24484144 2763381594560.5073 505698831804.569
67.75092514166083 5.580753305368372e-10 51412245.19462381 2772673552563.254 510171933671.61847
67.38271359197788 5.675992753101965e-10 52575366.70755803 2835400948441.839 524549175461.7263
67.0184827076969 5.656405961640136e-10 52678688.599320196 2840973120511.0664 528421000415.053
66.65816828453724 5.686300220950473e-10 53243351.47879434 2871425512273.095 536956570795.07495
66.3017074915718 5.671852299848251e-10 53393596.43792428 2879528255559.4185 541351312045.1665
65.94903883470174 5.776681139718334e-10 54671237.019727595 2948431689701.175 557253589353.5216
65.60010212129062 5.751773384559357e-10 54725057.46004917 2951334237740.1104 560753505170.5825
65.25483842591538 5.769008649525499e-10 55179460.02868875 2975840266984.9785 568385490994.1444
64.91319005719332 5.887888349950751e-10 56612924.282166384 3053147305592.541 586204282673.7472
64.57510052564542 5.869815046265198e-10 56734639.68780722 3059711443861.2026 590524308665.2263
64.24051451255919 5.968664313965088e-10 57990535.40944159 3127442172970.0166 606723781556.1659
63.90937783981403 5.914164860769317e-10 57758753.450883396 3114942121590.762 607413713710.204
63.5816374406355 5.938172460749806e-10 58292149.91258248 3143708308649.6094 616166828495.3127
63.257241331244494 6.078825234222879e-10 59978884.47383493 3234674269977.984 637230831185.6403
62.936138583370145 6.022032649585446e-10 59721676.017027184 3220802962024.2705 637718986480.7938
62.61827929759554 6.201833163311535e-10 61816999.9607372 3333804237513.885 663427043265.256
62.30361457750712 6.23972078012847e-10 62508760.54827141 3371111036283.3403 674222207256.6643
61.99209650461958 6.249764982003343e-10 62924002.14641401 3393505105881.6562 682094526282.2144
61.683678114049336 6.359643839798041e-10 64350437.976004325 3470433100062.063 701027486212.533
61.378313370910476 6.397911727388652e-10 65059731.7739621 3508685468678.7197 712263150141.7428
61.07595714740844 6.53112658784957e-10 66743164.58058616 3599473365662.6846 734292566595.1838
60.776565200607415 6.598136248035822e-10 67760109.93083236 3654317449330.998 749135077112.8663
60.48009415084836 6.570390043558669e-10 67805928.59956087 3656788460089.55 753298422778.4277
60.18650146079569 6.713226151123413e-10 69617937.58610478 3754510498389.5347 777183673166.6326
59.89574541509136 6.780229581158065e-10 70654105.12469454 3810391238851.2026 792561377681.0411
59.60778510059573 6.719611828893641e-10 70360703.99069484 3794568051953.7334 793064722858.2964
59.322580387195735 6.838710358533034e-10 71952046.63079165 3880389506250.462 814881796312.592
59.04009190916147 6.874464423244087e-10 72674293.53547455 3919340438726.8433 826980832571.365
58.76028104703274 6.89115392907687e-10 73197637.04653902 3947564467973.9805 836883667210.4802
58.483109910018435 6.891310408294373e-10 73546215.27402931 3966363367510.521 844835397279.7291
58.208541318891584 6.844520126315634e-10 73391415.41850358 3958014977672.03 847015205221.828
57.93653878936406 6.948579045882843e-10 74857002.1977901 4037054391075.0264 867966694081.0922
57.66706651592514 7.021428446682085e-10 75995274.76894264 4098441678124.938 885263402474.987
57.40008935612919 7.089017849002464e-10 77083686.45566274 4157139956845.2217 902099370635.3883
57.13557281531753 7.08369065453345e-10 77382361.00858249 4173247540370.6895 909767963800.8029
56.873483031761026 7.139470145353022e-10 78351105.88766961 4225492162157.9287 925382783512.5896
56.61378676220961 7.179622013505551e-10 79153176.92051505 4268748027207.763 939124565985.6957
56.35645136783592 7.250277106954011e-10 80297114.99698912 4330440856190.486 957027429218.078
56.10144480056064 7.272029030037398e-10 80904100.33526416 4363175707350.125 968625007031.7015
55.8487355897473 7.30429846499866e-10 81630816.504391 4402367668228.907 981727990015.0408
55.59829282925516 7.342576443971578e-10 82428233.93119381 4445372563293.876 995763454177.8372
55.35008616483884 7.387937440532027e-10 83309376.24515061 4492892759712.138 1010900870935.2288
55.104085781884 7.430629260085042e-10 84164852.51274797 4539028780674.334 1025820504432.3761
54.86026239346858 7.476111175823527e-10 85056370.25436088 4587108526160.134 1041273635438.3711
54.61858722873965 7.53170662420386e-10 86068038.8859138 4641668035242.962 1058300312035.3289
54.37903202159604 7.60269588699558e-10 87261991.64383392 4706058166861.669 1077687320211.3398
54.141568999667676 7.715946144143997e-10 88950281.17668766 4797107988146.315 1103334837273.6433
53.90617087358216 7.67026586902405e-10 88809803.48944658 4789531995954.881 1106381891065.5784
53.67281082651038 7.767698462229679e-10 90328956.51527904 4871460248671.27 1130178777691.7273
53.441462503982315 7.838072259313147e-10 91541895.96300349 4936874336595.948 1150291720426.8323
53.21210000396522 7.839697583044322e-10 91955537.29494776 4959182103490.533 1160448612216.7632
52.98469786719613 7.880818185633166e-10 92834589.39204925 5006589574059.693 1176548549903.9946
52.75923106776125 8.043936215857259e-10 95161030.35465163 5132055040587.927 1211164989578.7568
52.535675003914804 8.002250358836511e-10 95070722.15395777 5127184699705.214 1215142773830.1292
52.31400548913035 8.011792742178623e-10 95587412.84052105 5155049940681.688 1226901885882.2385
52.0941987433777 8.177889671025525e-10 97980772.54848725 5284124349685.368 1262905719574.7883
51.8762313846188 8.188897696336127e-10 98524899.76138909 5313469248487.817 1275232619637.015
51.66008042051621 8.199591582413195e-10 99066339.89928381 5342669232751.369 1287583285093.0938
51.445723240348094 8.37044922894468e-10 101551996.1073925 5476721212058.982 1325366533318.2827
51.23313760712352 8.376075633849778e-10 102041917.61506408 5503142785402.2705 1337263696852.743
51.022301649892555 8.36314348501394e-10 102305380.92909501 5517351419164.887 1346233746276.1936
50.81319385624545 8.523490122542344e-10 104695964.89123131 5646276131592.936 1383337652240.2727
50.60579306499547 8.460689614726858e-10 104350492.36852111 5627644723389.894 1384400601953.8735
50.400078459040195 8.613791704392947e-10 106672415.13653871 5752866522702.602 1420958031107.5222
50.196029558396305 8.631478358134946e-10 107325963.12149525 5788112507513.424 1435451901863.3218
49.99362621340277 8.653786263276634e-10 108038986.27333596 5826566000995.183 1450814934247.8064
49.7928485980879 8.882239280432052e-10 111338270.51410261 6004497116863.256 1501124279215.8152
49.59367720369555 8.758014325729078e-10 110222007.11094826 5944296789024.938 1492018494045.2214
49.39609283236608 8.918138787614155e-10 112686166.15446486 6077189421575.879 1531451734237.1396
49.200076590967804 8.742129393581372e-10 110902267.61975214 5980983386050.096 1513188796670.6006
49.00560988507464 8.952038549943092e-10 114015821.33250234 6148898014192.621 1561820095604.915
48.81267441308616 8.904392795190447e-10 113857247.73212105 6140346105474.23 1565788256895.9697
48.621252160485824 8.858024976809793e-10 113710281.89539306 6132420205971.428 1569899572728.66
48.43132539423392 8.981485877022406e-10 115747284.72764328 6242276211249.86 1604264986291.191
48.242876657291376 8.903482348513769e-10 115190239.32386035 6212234631606.741 1602756534954.5222
48.055888763270865 9.139822510218749e-10 118708036.96618085 6401950222692.255 1658105107677.2502
47.8703447912119 9.106208538453415e-10 118729875.12551004 6403127959369.179 1664813269435.9817
47.68622808047647 9.025166209154448e-10 118127554.1428284 6370644657920.015 1662738255717.115
47.503522225762 9.184393238958072e-10 120673978.9283852 6507973899811.268 1705089161750.551
47.322211072228555 9.129513080539138e-10 120412496.79820079 6493872111723.902 1707888365383.3467
47.14227871073719 9.093769098904658e-10 120398846.60451505 6493135953812.951 1714187891806.6196
46.963709473196516 9.20823670811417e-10 122377917.03080042 6599867651851.988 1748964927740.7192
46.78648792801464 9.221092502000446e-10 123012971.05221303 6634116253191.106 1764674923348.8274
46.61059887565368 9.2187195319439e-10 123445395.13883454 6657436978125.954 1777535673159.6511
46.43602734428419 9.454449312392078e-10 127077936.58959219 6853340727728.368 1836695315031.1545
46.26275858553686 9.460235684256337e-10 127631950.25241216 6883218804922.715 1851585858524.2158
46.09077807034899 9.281980779622638e-10 125694304.72097917 6778721160462.55 1830254713324.9048
45.920071484903254 9.141585920954492e-10 124253309.45836109 6701007972895.944 1815973160654.7031
45.75062472665637 9.296232596410628e-10 126823264.37542713 6839606199891.369 1860372886370.5073
45.58242390045543 9.354117801609748e-10 128083856.15088782 6907590188203.245 1885772121379.458
45.415455314739475 9.352484637837152e-10 128532307.91702664 6931775289376.446 1899306429289.103
45.249705477824364 9.363825186448425e-10 129159547.63475707 6965602463620.342 1915540677495.6323
45.08516109426864 9.45096744233369e-10 130837312.89766753 7056084708740.568 1947479379612.3784
44.92180906131839 9.352478870442268e-10 129944670.72816555 7007944322614.432 1941200577364.085
44.759636465429146 9.626479022199674e-10 134236275.27329427 7239391488076.541 2012550833685.3464
44.59863057886286 9.659352726159218e-10 135180944.47701752 7290337703461.011 2034004219265.563
44.43877885635797 9.723114149582124e-10 136562746.60646802 7364858592496.287 2062160405898.9722
44.28006893187098 9.835856250201439e-10 138641375.83003154 7476959518101.503 2101025624586.544
44.122488615387454 9.916027762156679e-10 140270617.59140402 7564824880242.145 2133280616228.203
43.96602588980097 1.0068207460203248e-09 142930172.99395275 7708255280885.193 2181436244490.513
43.81066890785821 1.025396092059442e-09 146083359.7873018 7878307329674.631 2237439281627.5273
43.65640598916856 1.0429475340923867e-09 149108862.41191489 8041473343504.981 2291819902898.8945
43.50322561727674 1.0711679627607123e-09 153682738.34195524 8288143466078.323 2370409031298.387
43.35111643679675 1.0929409224910237e-09 157356749.45472702 8486283683562.368 2435563417182.4805
43.20006725060583 1.1085570029364521e-09 160163142.6564697 8637633078616.193 2487638326641.361
43.05006701709677 1.1106592526064622e-09 161025991.4900994 8684166703666.189 2509724177359.6094
42.901104847487446 1.1180934312902942e-09 162666676.67900586 8772649212339.802 2544068271578.4287
42.75317000318576 1.1297066640012989e-09 164924943.40977982 8894438027734.8 2588281466070.852
42.606251893209176 1.146528040130438e-09 167957856.9926894 9058003716156.1 2644937085117.5083
42.460340071657086 1.16659912507736e-09 171485400.89133054 9248244924962.342 2709735763013.989
42.31542423523505 1.194037032755925e-09 176119754.78531343 9498176637269.832 2792463931357.315
42.17149422082949 1.2158667907500303e-09 179951711.80626586 9704834911895.521 2862926299009.163
42.02854000313176 1.2791662498977773e-09 189964156.4551625 10244808226995.992 3032463235190.696
41.88655169231036 1.2967651933257633e-09 193230514.97764197 10420963651723.785 3095026204562.0205
41.745519531730196 1.3234243791984376e-09 197869216.99437997 10671129859236.08 3179996698052.2534
41.605433895717674 1.3298926785792457e-09 199505794.70357865 10759390850636.709 3217057864340.274
41.46628528737079 1.3420305608685229e-09 202002269.7382062 10894026291608.855 3268207887482.6875
41.328064336412886 1.3479423343667121e-09 203570678.06191054 10978610893240.1 3304561878865.178
41.19076179708925 1.4012789781774191e-09 212331172.34827164 11451066253305.076 3458222008498.193
41.054368546105515 1.4052867111740888e-09 213645887.59763342 11521969132322.666 3491156647093.7456
40.918875580606816 1.4272433512759058e-09 217702447.84562236 11740740307777.078 3569185053564.2207
40.784274016196925 1.4651346333772118e-09 224219703.17755803 12092217303690.291 3688126277625.4946
40.65055508499628 1.526107132915734e-09 234319006.2270321 12636874911203.732 3866883722828.362
40.51771013373812 1.5655922136855269e-09 241169695.1645252 13006334053902.504 3992944554548.156
40.38573062190184 1.6239834554676836e-09 250982032.04981953 13535515513838.852 4168938778262.199
40.254608119882676 1.670167027402985e-09 258960352.32763588 13965788059697.123 4315428510446.5317
40.124334307196975 1.712280170024628e-09 266351999.74624345 14364421210804.648 4452970575349.316
39.99490097072214 1.7002649304635656e-09 265338913.35940298 14309785241871.16 4450343210221.979
39.866300002970625 1.6910072964236698e-09 264745462.70513883 14277780319160.613 4454667459577.803
39.73852340039699 1.6949913437462128e-09 266222485.5563279 14357436482405.781 4493877618993.082
39.61156326173758 1.7022851920848273e-09 268225037.12344998 14465434523471.377 4542146440369.933
39.485411786381725 1.6977003451860693e-09 268357254.61861372 14472565041709.568 4558857988138.386
39.36006127277416 1.7368597455384046e-09 275421575.8621427 14853545421084.086 4693720353062.742
39.235504116847665 1.7448759520165828e-09 277571131.03677636 14969471398639.05 4745322433368.387
39.111732810485364 1.7728355686951401e-09 282911351.8346671 15257470666422.598 4851875671922.606
38.988739940012145 1.8425421040647905e-09 294962765.152569 15907406004804.773 5074462515532.436
38.866518184714295 1.935392390866779e-09 310800971.4218706 16761563909729.848 5363700451113.642
38.745060315387065 1.973840084839182e-09 317968865.946794 17148130018671.074 5504549735993.483
38.624359192909225 1.9913819718941974e-09 321797198.3819844 17354592818599.186 5588178887588.887
38.50440776684429 1.8627452102910096e-09 301947878.2905118 16284114673837.21 5259769039649.324
38.38519907406768 1.944906748061347e-09 316245213.28133136 17055173055962.254 5525876070131.381
38.26672623741931 1.8600679111776434e-09 303386649.685824 16361707927756.879 5317555076520.961
38.1489824643811 1.8750419307739907e-09 306772905.9838694 16544329465568.518 5393451405775.557
38.03196104577871 1.8505790643428806e-09 303702173.44809 16378724192802.852 5355842811046.314
37.91565535450721 1.901420563473734e-09 313003067.88737965 16880323450516.22 5536746091769.3
37.80005884428005 1.8832422693563656e-09 310958685.8742793 16770069484411.43 5517352860371.459
37.68516504840078 1.958546535978659e-09 324378789.07019806 17493818565260.45 5772960126535.958
37.570967578557145 1.996093039848832e-09 331602178.7878304 17883377542000.703 5919397966402.311
37.457460123637034 2.0616986937663272e-09 343538839.91782695 18527124269959.434 6151005257626.432
37.344636448565836 2.2399078086836028e-09 374361244.8109828 20189383261958.992 6723064626232.381
37.23249039316474 2.3395188518215446e-09 392187220.3403529 21150741994918.832 7064347826302.804
37.12101587102951 2.416501164640032e-09 406308708.5628958 21912316922628.32 7340626169080.68
37.01020686842943 2.2172703733296744e-09 373926389.66690654 20165931429567.465 6775752960334.245
36.90005744322576 2.141086698115896e-09 362156417.9636175 19531174298604.047 6582005738629.419
36.79056172380966 2.209652511861528e-09 374866419.7170517 20216627454391.62 6833220079584.122
36.68171390805874 2.1508865782918094e-09 365979588.9596913 19737358740999.28 6690964613198.674
36.57350826231225 2.107396067088531e-09 359640438.6036738 19395486985130.32 6594465574944.338
36.465939120364276 2.094652836357533e-09 358520197.0247501 19335072113408.51 6593259590672.426
36.359000882474646 2.1340621239264823e-09 366339789.961263 19756784459267.06 6756820285069.418
36.252688014397236 2.158155018960166e-09 371562090.66457105 20038424270731.836 6873179524860.9795
