string
20190130_1 Jan 30 2019_11.44.   full spectra  index number  Nphoton via eV
eV x-axis E [J] Nphoton Nphoton/sr Nphoton/sr @ 0.1bw
70.04756667188666 4.980615944506758e-10 44379149.618790954 2393377180231.3066 426021138081.15594
69.6540410164266 4.992024284568686e-10 44732106.15991036 2412412203173.046 431821784367.96063
69.26491229566443 5.018255516198861e-10 45219781.22293201 2438712625268.328 438968272548.29767
68.88010722735518 5.030465764828963e-10 45583047.60987748 2458303660435.262 444952962538.7735
68.499554148751 5.048234469600275e-10 45998190.54820028 2480692409288.0625 451486018490.433
68.12318297210952 5.105202071014902e-10 46774265.875517115 2522546320291.219 461625976613.2896
67.75092514166083 5.067950872625868e-10 46688093.63909882 2517899032860.4185 463293422046.2986
67.38271359197788 5.150768134812939e-10 47710336.375147626 2573028805695.914 476010329053.7315
67.0184827076969 5.119793183560694e-10 47681158.78505871 2571455251923.64 478290676857.7922
66.65816828453724 5.139550489777065e-10 48123891.20117007 2595331907307.342 485327066666.47845
66.3017074915718 5.124803049962742e-10 48243792.57564148 2601798214480.9414 489138064322.4132
65.94903883470174 5.189528675327288e-10 49114352.232244715 2648747685889.063 500613312633.03253
65.60010212129062 5.133415361034726e-10 48841710.51541632 2634044058869.5884 500468371185.18744
65.25483842591538 5.188657529815626e-10 49628513.0015475 2676476487878.0586 511207009184.7214
64.91319005719332 5.320270899154316e-10 51155197.86936107 2758810934468.768 529691699417.9848
64.57510052564542 5.26986306115748e-10 50935809.667306215 2746979281070.26 530167001246.5729
64.24051451255919 5.309960045527029e-10 51590675.877413124 2782296358049.824 539765493461.6505
63.90937783981403 5.252020732000935e-10 51292139.75599426 2766196240165.273 539408266832.233
63.5816374406355 5.327281005109438e-10 52295325.713238224 2820298276779.773 552778462248.8259
63.257241331244494 5.414831108900407e-10 53427351.01144663 2881348647042.599 567625683467.372
62.936138583370145 5.317945586807866e-10 52739106.85844291 2844231490351.312 563157835089.5494
62.61827929759554 5.457538724173067e-10 54398217.787236735 2933707703180.009 583807832932.8156
62.30361457750712 5.502534187956358e-10 55123715.32056908 2972833942765.648 594566788553.1263
61.99209650461958 5.541821640460793e-10 55796273.588454105 3009105156264.753 604830136409.2166
61.683678114049336 5.612450764034445e-10 56789919.98329358 3062692722206.326 618663929885.6746
61.378313370910476 5.605383488101656e-10 57000590.46843683 3074054227237.8833 624033008129.2577
61.07595714740844 5.705679806712891e-10 58307723.98318377 3144548221660.5757 641487837218.7542
60.776565200607415 5.743205281132315e-10 58980325.13661876 3180821747986.7075 652068458337.2853
60.48009415084836 5.727672328164185e-10 59109145.47697559 3187769056928.137 656680425727.1792
60.18650146079569 5.873816067204433e-10 60913032.147809766 3285053056977.3374 680005982794.3079
59.89574541509136 5.898839618650432e-10 61469487.0639845 3315062791495.464 689533060631.0486
59.60778510059573 5.827562000531703e-10 61020096.89663023 3290827082140.848 687782860167.4078
59.322580387195735 5.915738964940405e-10 62241198.05423209 3356681332852.332 704903079898.9854
59.04009190916147 5.950197494181962e-10 62903285.647111006 3392387860573.623 715793838581.0354
58.76028104703274 6.022538258212768e-10 63971226.598708004 3449982148101.4873 731396215397.5121
58.483109910018435 5.97910436705952e-10 63810867.72645985 3441333959283.47 733004133327.3689
58.208541318891584 5.912362122160698e-10 63396208.44181754 3418971293978.731 731659856911.4602
57.93653878936406 5.953231956794689e-10 64134133.717279166 3458767764397.3066 743635069345.388
57.66706651592514 6.033156906392129e-10 65298880.46385632 3521582809479.3345 760661886847.5366
57.40008935612919 6.117082386904205e-10 66515174.708148345 3587177822311.726 778417587441.6232
57.13557281531753 6.176821021861811e-10 67475701.22831582 3638979226217.0054 793297471315.3007
56.873483031761026 6.159507878008918e-10 67596648.51038449 3645501939414.547 798364924731.7886
56.61378676220961 6.164569081905439e-10 67962523.13296255 3665233637295.7817 806351400205.0615
56.35645136783592 6.201935362439842e-10 68686687.37144922 3704287972000.7373 818647641812.1464
56.10144480056064 6.233908942816038e-10 69354617.87999703 3740309609433.4146 830348733294.1956
55.8487355897473 6.345028320511584e-10 70910279.06770243 3824206755250.943 852798106420.9554
55.59829282925516 6.505143961817139e-10 73027163.19433007 3938370776089.216 882195053843.9922
55.35008616483884 6.399203482590936e-10 72160011.49057582 3891605096318.6113 875611146671.6855
55.104085781884 6.380548419646016e-10 72270853.23374186 3897582815607.724 880853716327.3256
54.86026239346858 6.381099276449923e-10 72598324.1718944 3915243394444.7593 888760250538.978
54.61858722873965 6.47404839360423e-10 73981725.08464062 3989850506210.5063 909685915415.9382
54.37903202159604 6.599026160616703e-10 75742101.78131133 4084788003900.6084 935416452893.2546
54.141568999667676 6.980312601904177e-10 80469816.27934046 4339754673866.735 998143574989.3407
53.90617087358216 6.818060503587306e-10 78942584.76072745 4257390746279.653 983457262390.6006
53.67281082651038 6.692105358837255e-10 77821107.1005658 4196909212428.144 973682937283.3231
53.441462503982315 6.691930804196345e-10 78155956.36305626 4214967705899.65 982087475474.5981
53.21210000396522 6.711649635119633e-10 78724127.02087985 4245609272910.123 993472569860.9502
52.98469786719613 6.760360554791772e-10 79635804.48923625 4294776236838.8633 1009272415657.1042
52.75923106776125 7.144894055251598e-10 84525220.21895564 4558463489359.345 1075797383488.8107
52.535675003914804 7.544876435841228e-10 89636892.01822175 4834137059995.211 1145690483218.8586
52.31400548913035 7.120357257862393e-10 84951839.20524321 4581471143972.037 1090390132265.3418
52.0941987433777 7.022544934174365e-10 84138378.67545894 4537601040877.943 1084486648769.8158
51.8762313846188 6.966740804477893e-10 83820492.68143515 4520457380160.084 1084909771238.368
51.66008042051621 6.984243688767247e-10 84382673.48520938 4550775913040.39 1096736995042.7456
51.445723240348094 7.152442026253797e-10 86774884.47057356 4679788371184.586 1132508785826.6775
51.23313760712352 7.49696669918527e-10 91332133.53393917 4925561803226.002 1196911518183.9104
51.022301649892555 8.176252525861447e-10 100019165.1296697 5394055304425.636 1316149494279.8174
50.81319385624545 7.807319395352575e-10 95899077.2041458 5171858067520.489 1267105226542.5232
50.60579306499547 7.29292272861552e-10 89947759.83886231 4850902229097.828 1193321948358.031
50.400078459040195 7.333291724131051e-10 90814819.53120673 4897662946673.11 1209722747828.241
50.196029558396305 7.297455843991403e-10 90738393.15773864 4893541255748.485 1213598231425.6182
49.99362621340277 7.386453341896805e-10 92216852.47766502 4973274888064.726 1238345447128.1218
49.7928485980879 7.694274359037367e-10 96447210.32043122 5201419005562.689 1300354751390.6736
49.59367720369555 8.535817783697116e-10 107425602.82054582 5793486098129.766 1454165010630.534
49.39609283236608 8.96763880503955e-10 113311629.30558713 6110920785196.641 1539952037869.5718
49.200076590967804 7.897228572175697e-10 100183893.09231974 5402939119238.205 1366943597167.1995
49.00560988507464 7.746244472751461e-10 98658469.8977563 5320672714959.971 1351450869599.8235
48.81267441308616 7.553904810723988e-10 96589046.68311717 5209068271416.035 1328312409211.1238
48.621252160485824 7.474753976216692e-10 95953260.90855312 5174780206470.488 1324743732856.4233
48.43132539423392 7.629296117801165e-10 98321182.27539824 5302482720211.075 1362738059094.2266
48.242876657291376 7.721647135629318e-10 99900055.58622986 5387631700871.593 1390008978824.8562
48.055888763270865 8.955535095000454e-10 116314511.56963442 6272866878067.446 1624672521419.4258
47.8703447912119 9.615893085670595e-10 125375317.3410005 6761518101760.869 1757994706457.8208
47.68622808047647 8.350385280362256e-10 109295559.37916459 5894333261580.752 1538420981272.568
47.503522225762 7.986577638092529e-10 104935848.94873531 5659213130928.503 1482713840303.2668
47.322211072228555 7.733310649754698e-10 101997470.8002816 5500745759025.062 1446696134623.5576
47.14227871073719 7.62134927450072e-10 100904438.21919441 5441798274467.68 1436634744459.4678
46.963709473196516 7.811615074207459e-10 103816747.085305 5598859724310.853 1483697826942.327
46.78648792801464 7.837009482296495e-10 104548763.64948227 5638337536646.206 1499797784747.885
46.61059887565368 8.480086614802679e-10 113554560.29966883 6124022106483.786 1635113902431.1907
46.43602734428419 1.0220843000348588e-09 137379089.54549712 7408884144547.151 1985580950738.5845
46.26275858553686 9.896253961208627e-10 133514453.06634618 7200463459641.264 1936924670643.5056
46.09077807034899 8.626304704904194e-10 116815300.30471855 6299874523345.9795 1700966121303.4297
45.920071484903254 7.924795835028531e-10 107714582.32723348 5809070825705.705 1574258193766.1614
45.75062472665637 7.836188758754116e-10 106904708.79901865 5765394170385.521 1568187214344.9082
45.58242390045543 7.802011656652757e-10 106831211.65592872 5761430453491.561 1572870513803.1729
45.415455314739475 7.899777951767047e-10 108567587.27672985 5855073567945.825 1604290157617.1196
45.249705477824364 7.983989883222039e-10 110126844.64996505 5939164656830.241 1633270280628.349
45.08516109426864 8.664666917642694e-10 119951924.87698962 6469033367954.568 1785453209555.4438
44.92180906131839 1.0914536694423084e-09 151648124.1555822 8178416280990.976 2265421309834.3687
44.759636465429146 1.1201571451333117e-09 156200125.2344741 8423906688089.609 2341846059288.99
44.59863057886286 9.600565760432983e-10 134358231.21919343 7245968598733.591 2021625239046.6133
44.43877885635797 8.809190569964815e-10 123726538.75156808 6672599114238.615 1868327751986.8228
44.28006893187098 8.342159792683699e-10 117586967.68549787 6341490712834.75 1781958890306.5833
44.122488615387454 8.217283985991051e-10 116240447.01022758 6268872560288.244 1767822062001.217
43.96602588980097 8.33886869714073e-10 118380153.5841735 6384267400668.527 1806747674389.1958
43.81066890785821 8.833993540173626e-10 125853752.19209181 6787320197219.329 1927598936010.231
43.65640598916856 9.188843282570569e-10 131371706.05018117 7084904647551.574 2019197824552.1763
43.50322561727674 1.0816981035250865e-09 155193519.95983005 8369620246944.883 2393711390626.223
43.35111643679675 1.4955168332500139e-09 215317829.8957709 11612137343687.658 3332683417638.4688
43.20006725060583 1.513370598489949e-09 218650182.54902261 11791851846225.104 3396053331712.6895
43.05006701709677 1.1808727165627207e-09 171205704.68564326 9233160847826.133 2668383485021.838
42.901104847487446 1.0444287534935068e-09 151949514.7759931 8194670342626.304 2376454399361.5215
42.75317000318576 9.887913491802027e-10 144352832.9115329 7784979639310.583 2265429075039.4014
42.606251893209176 9.634625030428224e-10 141140113.14147618 7611716964153.87 2222621353532.8687
42.460340071657086 9.72602771847704e-10 142968713.63353953 7710333785950.992 2259127799283.6597
42.31542423523505 1.0326254913042102e-09 152311648.06823608 8214200269749.77 2414974879306.419
42.17149422082949 1.1192890782029669e-09 165657938.1565581 8933968593670.334 2635520735132.7344
42.02854000313176 1.2434214233168404e-09 184655827.04166648 9958528868501.195 2947724545076.239
41.88655169231036 1.6529142943138097e-09 246300164.39986873 13283021374349.734 3945057348181.9434
41.745519531730196 2.304023748572989e-09 344481620.73507893 18577968644251.26 5536234655986.704
41.605433895717674 2.0397685282587134e-09 305998858.2509927 16502584903174.01 4934272886048.872
41.46628528737079 1.4580095322277812e-09 219459409.79119477 11835493647198.602 3550648094159.614
41.328064336412886 1.2703718224997893e-09 191855724.61341757 10346820908710.445 3114393093521.7573
41.19076179708925 1.2483150994121287e-09 189153061.34326893 10201065691402.627 3080721838803.6465
41.054368546105515 1.1911710809007136e-09 181093865.64044648 9766431516303.736 2959228749440.013
40.918875580606816 1.202015872883696e-09 183347708.46340862 9887981749389.357 3005946451814.3555
40.784274016196925 1.2781310982416098e-09 195601256.66345978 10548818265879.28 3217389571093.1416
40.65055508499628 1.4472370184979374e-09 222209262.13843614 11983793781685.771 3667040897195.8647
40.51771013373812 1.5915845482930135e-09 245173651.85203654 13222268307912.332 4059236370529.1743
40.38573062190184 2.039814744976423e-09 315247577.1693936 17001370323710.81 5236422059702.72
40.254608119882676 3.1600757813374587e-09 489971556.3117308 26424272477325.203 8165100195493.716
40.124334307196975 3.7003639791415054e-09 575606353.9643344 31042575718734.87 9623198472807.541
39.99490097072214 2.55266634550533e-09 398362456.4325016 21483773818927.273 6681453657686.454
39.866300002970625 1.7466509290913789e-09 273457074.59963685 14747599441212.805 4601251025658.076
39.73852340039699 1.5870912441509248e-09 249275241.06919977 13443467905456.777 4207805454408.0396
39.61156326173758 1.5143567487290286e-09 238613598.37626418 12868483198804.188 4040703724424.4443
39.485411786381725 1.4643902662967253e-09 231477688.431841 12483642025237.928 3932347237949.8364
39.36006127277416 1.4943495264613957e-09 236965651.67342335 12779609075106.543 4038356467733.815
39.235504116847665 1.560536499752489e-09 248246805.6023468 13388004157303.654 4243997317865.0864
39.111732810485364 1.7677335054597719e-09 282097158.1031376 15213561021599.1 4837912404868.733
38.988739940012145 2.0033962346794495e-09 320713047.3565104 17296124318265.523 5517463657526.391
38.866518184714295 2.4475089496976655e-09 393040792.51292145 21196775327622.465 6782968104839.303
38.745060315387065 3.818220435572838e-09 615082868.748653 33171552737254.547 10648068428658.842
38.624359192909225 5.330299875580087e-09 861349349.7010754 46452757555965.83 14957787933020.86
38.50440776684429 4.210470254758221e-09 682510175.3078396 36807922028451.76 11888958815189.703
38.38519907406768 2.6362064925154337e-09 428651751.71518165 23117282093816.773 7489999398396.106
38.26672623741931 1.8041194169511883e-09 294261162.32252425 15869568411758.516 5157609733821.493
38.1489824643811 1.709378215769589e-09 279668904.5032168 15082604777421.672 4916929157439.666
38.03196104577871 1.6295943831077749e-09 267435942.36238056 14422878471577.494 4716281260205.648
37.91565535450721 1.6307843200873433e-09 268452179.9414232 14477684384991.037 4748680478277.042
37.80005884428005 1.6284425458076625e-09 268886463.6832845 14501105401536.977 4770863677105.751
37.68516504840078 1.760660543418893e-09 291604475.3322729 15726292705213.82 5189676592720.569
37.570967578557145 2.0713947481272334e-09 344111721.1954601 18558019881719.61 6142704580849.271
37.457460123637034 2.5550853350064683e-09 425751374.113574 22960864099660.293 7623006881087.093
37.344636448565836 2.82845073070656e-09 472725856.0950045 25494208118040.004 8489571303307.367
37.23249039316474 4.686076499412477e-09 785554395.1594611 42365119191219.914 14149949809867.28
37.12101587102951 6.900167991477793e-09 1160189114.1244302 62569250973715.15 20960699076195.125
37.01020686842943 6.985544607509971e-09 1178060874.4709704 63533078891811.65 21347114507647.383
36.90005744322576 4.347989971873785e-09 735445451.574285 39662732977594.09 13366341013448.916
36.79056172380966 2.3711661728430213e-09 402267129.7845902 21694353701088.63 7332691550967.692
36.68171390805874 2.0511658716815458e-09 349011821.5356282 18822283357602.805 6380754058227.272
36.57350826231225 1.9109469451454074e-09 326115156.1556813 17587461219403.168 5979736814597.104
36.465939120364276 1.8801956355433136e-09 321813762.1660781 17355486107073.809 5918220762512.279
36.359000882474646 1.886482991516974e-09 323839580.45526487 17464738927515.008 5972940713210.207
36.252688014397236 1.9160866117084817e-09 329886009.6175225 17790824165811.35 6102252688873.258
