string
20190130_1 Jan 30 2019_10.40   full spectra  index number  Nphoton via eV
eV x-axis E [J] Nphoton Nphoton/sr Nphoton/sr @ 0.1bw
70.04756667188666 5.532079035914906e-10 49292891.87788555 2658376367765.888 473190993462.3096
69.6540410164266 5.559786213229955e-10 49819658.9077884 2686785028127.7324 480934520034.84784
69.26491229566443 5.586276470007938e-10 50338249.81791971 2714752748574.0503 488655494743.3275
68.88010722735518 5.589021258342055e-10 50644340.707541876 2731260296749.0654 494358113711.5709
68.499554148751 5.618175804913626e-10 51191346.74982081 2760760451445.2407 502458402163.04004
68.12318297210952 5.671501460590183e-10 51962745.75245007 2802362167242.0737 512832276605.2956
67.75092514166083 5.645596244476403e-10 52009605.60497474 2804889329268.947 516099636585.4657
67.38271359197788 5.72872875522503e-10 53063847.713597976 2861744835219.1875 529422794515.5357
67.0184827076969 5.711951490270804e-10 53195989.80182638 2868871286744.975 533610059334.55994
66.65816828453724 5.749648531346912e-10 53836509.81109597 2903414669996.6963 542938543289.3884
66.3017074915718 5.741992385240156e-10 54053880.101100266 2915137496959.93 548045849428.46265
65.94903883470174 5.835616131877706e-10 55229005.19961676 2978512248816.7246 562938815026.3606
65.60010212129062 5.738897883367905e-10 54602553.930195116 2944727595761.411 559498243194.6298
65.25483842591538 5.79985843595595e-10 55474532.31244631 2991753579351.943 571424933656.2347
64.91319005719332 5.933212112332054e-10 57048719.0145677 3076649810186.561 590716763555.799
64.57510052564542 5.983328335735889e-10 57831801.27248016 3118881606478.9824 601944150050.4581
64.24051451255919 6.053010577182968e-10 58810029.471512765 3171637665771.116 615297707159.579
63.90937783981403 5.953983684115205e-10 58147630.94322308 3135914369235.5723 611503302000.9419
63.5816374406355 5.996808450288932e-10 58867750.89336905 3174750594591.7 622251116539.9624
63.257241331244494 6.142382851360797e-10 60605998.23823234 3268494651531.2656 643893446351.6366
62.936138583370145 6.056650336398368e-10 60064986.39021863 3239317765034.042 641384917476.7285
62.61827929759554 6.187637185574004e-10 61675501.03096351 3326173169490.8037 661908460728.6628
62.30361457750712 6.236737589041804e-10 62478875.30438357 3369499318587.9536 673899863717.587
61.99209650461958 6.26506061410747e-10 63078001.91922503 3401810347085.5264 683763879764.1923
61.683678114049336 6.431416021538395e-10 65076669.10558151 3509598902652.5586 708938978335.813
61.378313370910476 6.407978112491244e-10 65162095.84877489 3514205985471.783 713383815050.7346
61.07595714740844 6.5009904282296e-10 66435195.86580357 3582864545968.814 730904367377.6343
60.776565200607415 6.564040755704643e-10 67409963.4316305 3635433972560.3496 745263964374.8833
60.48009415084836 6.538591216823285e-10 67477767.11129686 3639090639734.983 749652671785.3871
60.18650146079569 6.75843125041609e-10 70086726.46797562 3779792384632.3647 782417023618.8983
59.89574541509136 6.791351896569819e-10 70770006.39808445 3816641819704.462 793861498498.519
59.60778510059573 6.675450439234384e-10 69898292.38943656 3769630093839.791 787852689612.4827
59.322580387195735 6.760471172297311e-10 71128869.5577396 3835995387867.036 805559031452.0726
59.04009190916147 6.809361361242514e-10 71986048.05965787 3882223210695.9663 819149097456.85
58.76028104703274 6.869431797057414e-10 72966905.19062614 3935121048858.521 834245662358.0028
58.483109910018435 6.978759985799428e-10 74479504.45587616 4016695855842.9062 855556217294.527
58.208541318891584 6.815358988745744e-10 73078730.65434614 3941151820410.82 843406489567.9291
57.93653878936406 6.852848199402929e-10 73825694.33786307 3981435734139.396 856008682839.9321
57.66706651592514 6.945047467538188e-10 75168577.81671433 4053857731892.849 875633270088.8558
57.40008935612919 7.010162304701721e-10 76226236.78045501 4110897509581.879 892064759579.2432
57.13557281531753 7.116377305942725e-10 77739430.5621344 4192504378966.458 913965954614.6804
56.873483031761026 7.232160564112935e-10 79368323.78580135 4280350944392.9204 937396856822.0529
56.61378676220961 7.118403468562566e-10 78478260.84421277 4232349656588.486 931116924449.4548
56.35645136783592 7.124022572347666e-10 78898840.87110043 4255031628808.7866 940361989966.7229
56.10144480056064 7.164340306595263e-10 79706022.15785979 4298563090962.392 954281006193.6252
55.8487355897473 7.245202788847819e-10 80970379.59601597 4366750162281.5195 973785286188.7733
55.59829282925516 7.41817886284215e-10 83276951.53270331 4491144087925.6455 1006016275695.3535
55.35008616483884 7.548411597220579e-10 85118947.86169465 4590483350118.516 1032858753776.6637
55.104085781884 7.390217452453109e-10 83707118.21998951 4514343070823.924 1020241534006.1835
54.86026239346858 7.328845609232527e-10 83380917.03234503 4496750969907.64 1020762470169.0544
54.61858722873965 7.389678483529709e-10 84445022.46422344 4554138407023.821 1038343556801.366
54.37903202159604 7.516807160321626e-10 86276180.62880412 4652893164655.453 1065512534706.1162
54.141568999667676 7.706118220950084e-10 88836983.79032049 4790997835485.882 1101929502161.7437
53.90617087358216 8.01782759431464e-10 92834030.16562538 5006559414857.163 1156515224832.0056
53.67281082651038 7.807780743770974e-10 90795065.06519017 4896597584029.215 1136010639494.7705
53.441462503982315 7.724600392509882e-10 90216642.82907249 4865403147174.205 1133638933291.5664
53.21210000396522 7.682108900868252e-10 90107104.77728985 4859495736244.624 1137122002281.2207
52.98469786719613 7.807046737162401e-10 91965575.29144163 4959723454822.185 1165535011883.1804
52.75923106776125 7.981286755502084e-10 94419877.38692811 5092084500024.457 1201731942005.7778
52.535675003914804 8.283241667238459e-10 98409038.92872095 5307220848611.468 1257811341120.911
52.31400548913035 8.45920577006588e-10 100925425.84000078 5442930141417.29 1295417373657.3115
52.0941987433777 8.265482145747219e-10 99030233.80168477 5340722023063.868 1276432563512.2498
51.8762313846188 8.031409092468726e-10 96630072.21744026 5211280787394.803 1250707388974.6926
51.66008042051621 7.989346496688093e-10 96526187.63496004 5205678269292.907 1254568462899.604
51.445723240348094 8.289829257852875e-10 100573898.18617433 5423972178677.684 1312601267240.0083
51.23313760712352 8.347992157277849e-10 101699789.40037647 5484691736457.433 1332780091959.1472
51.022301649892555 8.768932993795921e-10 107269357.73367348 5785059766650.777 1411554583062.749
50.81319385624545 9.37884727763203e-10 115202511.08196262 6212896450187.213 1522159630295.871
50.60579306499547 8.753339089864756e-10 107959904.6283532 5822301110700.917 1432286073232.3838
50.400078459040195 8.562449569125451e-10 106036598.79047386 5718576809029.374 1412488471830.2354
50.196029558396305 8.347214491484007e-10 103791355.02736749 5597490325109.904 1388177600627.2493
49.99362621340277 8.469426301316192e-10 105737327.46254218 5702437041297.863 1419906823283.1738
49.7928485980879 8.901883283078955e-10 111584506.7628264 6017776691251.309 1504444172812.8284
49.59367720369555 8.949670241222464e-10 112634049.25825416 6074378746040.935 1524669065256.2356
49.39609283236608 1.020431705213467e-09 128937819.22599033 6953644602365.455 1752318439796.1155
49.200076590967804 9.845045707865892e-10 124893815.30134775 6735550592156.95 1704094299815.6255
49.00560988507464 9.46267116333131e-10 120519389.93196842 6499636881650.331 1650907767939.1729
48.81267441308616 8.747590311420357e-10 111852271.12672399 6032217281567.629 1538215406799.7856
48.621252160485824 8.524509183663509e-10 109428946.61416338 5901526864142.373 1510790877220.4229
48.43132539423392 8.808262955950614e-10 113514905.47089407 6121883512953.022 1573324062828.904
48.242876657291376 9.071669834620327e-10 117366192.05982852 6329584235379.297 1633032732727.8413
48.055888763270865 9.509485349809594e-10 123509218.82481226 6660879003376.313 1725167661874.4197
47.8703447912119 1.1001020669817692e-09 143435086.60767436 7735485381764.769 2011226199258.834
47.68622808047647 1.0923069562981408e-09 142968612.57781252 7710328335993.681 2012395695694.34
47.503522225762 1.0206079963366272e-09 134097947.07139479 7231931418096.551 1894766031541.2952
47.322211072228555 9.096632066645389e-10 119978817.04493527 6470483668414.152 1701737204792.8826
47.14227871073719 8.728880353199806e-10 115567826.19438346 6232597973564.116 1645405865020.9272
46.963709473196516 8.969702179729997e-10 119207781.46099514 6428901551866.176 1703658911244.4805
46.78648792801464 9.41582801791239e-10 125610818.79926868 6774218746567.537 1801942186586.9578
46.61059887565368 9.60375208887056e-10 128601262.60680869 6935494030776.674 1851776906217.3943
46.43602734428419 1.1055518562527411e-09 148598024.10834014 8013923722814.499 2147731557714.2295
46.26275858553686 1.2884709053636786e-09 173832936.07445127 9374848007385.81 2521834113986.7905
46.09077807034899 1.1680802513557544e-09 158178559.661311 8530604086540.222 2303263103365.8804
45.920071484903254 1.0166897211557646e-09 138189438.5046834 7452586439962.912 2019650925229.8403
45.75062472665637 9.207260596703061e-10 125609469.5048814 6774145978828.1 1842567706241.2976
45.58242390045543 9.037069418841094e-10 123742583.10807627 6673464389870.71 1821855778434.677
45.415455314739475 9.159547013073539e-10 125880743.20933722 6788775828643.123 1860124577048.1733
45.249705477824364 9.785522573430715e-10 134976213.65071568 7279296525521.15 2001806544518.3564
45.08516109426864 1.0148684140598707e-09 140496364.05003148 7576999435798.933 2091251844280.4856
44.92180906131839 1.1130940323357863e-09 154654866.93424618 8340570572253.75 2310338048514.155
44.759636465429146 1.4287129433438267e-09 199226636.7660946 10744335802421.639 2986925353073.3164
44.59863057886286 1.3935924521289018e-09 195030815.45478967 10518054247568.379 2934537135071.4927
44.43877885635797 1.2073102941501257e-09 169568727.91881177 9144878335160.672 2560565933845.0024
44.28006893187098 1.0150171382302733e-09 143071806.8215204 7715893623975.608 2168166108337.1685
44.122488615387454 9.602249786366408e-10 135831962.1634054 7325447228720.322 2065776118499.0515
43.96602588980097 9.763598774012918e-10 138605890.6045863 7475045792184.141 2115437959188.1147
43.81066890785821 1.03244116012561e-09 147087037.5085315 7932435887227.716 2252811791972.603
43.65640598916856 1.1550635968082962e-09 165137951.14668077 8905925581261.414 2538188790659.475
43.50322561727674 1.2043187300285656e-09 172786161.18268046 9318395210062.662 2665061030077.9067
43.35111643679675 1.4487987500751465e-09 208591569.07245263 11249388636218.117 3228574538594.707
43.20006725060583 1.852269688608241e-09 267613964.45016432 14432479241446.648 4156554021536.463
43.05006701709677 1.8043653887119726e-09 261601139.18459737 14108206268599.22 4077271611625.305
42.901104847487446 1.4848192915690094e-09 216020068.51044384 11650009224737.037 3378502675173.5894
42.75317000318576 1.1927992759021697e-09 174135781.74410546 9391180540142.936 2732833537181.6206
42.606251893209176 1.121457379770007e-09 164285191.13529748 8859936048586.945 2587101326187.3164
42.460340071657086 1.1350995810352917e-09 166855094.0259881 8998531469788.64 2636569720648.0938
42.31542423523505 1.1863594162278353e-09 174987310.89691752 9437103692347.256 2774508485550.0776
42.17149422082949 1.3473398886941e-09 199410100.84320453 10754230059957.416 3172497867687.4204
42.02854000313176 1.5098755672121696e-09 224225927.24021664 12092552968741.637 3579395678747.3853
41.88655169231036 1.597849811467839e-09 238095025.61910298 12840516457351.492 3813633387833.463
41.745519531730196 2.2394130701651024e-09 334821481.064849 18056995213187.906 5380984573529.829
41.605433895717674 2.610770125859412e-09 391658497.8153233 21122227874279.977 6315546134409.513
41.46628528737079 2.3154723526183645e-09 348524604.7171029 18796007648732.76 5638802294619.882
41.328064336412886 1.7962776010291736e-09 271279742.393972 14630175442339.818 4403682808144.163
41.19076179708925 1.49454907912149e-09 226464082.48744646 12213257167459.916 3688403664572.9585
41.054368546105515 1.3660266994190232e-09 207677183.85069713 11200075642560.309 3393622919695.752
40.918875580606816 1.3924348040486432e-09 212392977.71878615 11454399430364.03 3482137426830.6543
40.784274016196925 1.4510063235475356e-09 222057550.0455223 11975611915555.752 3652561634244.461
40.65055508499628 1.675136515371571e-09 257201028.0998754 13870907321883.996 4244497640496.5244
40.51771013373812 1.989844354042315e-09 306523085.70156825 16530856603471.014 5074972977265.712
40.38573062190184 2.0305339576727086e-09 313813257.8426382 16924017170815.615 5212597288611.001
40.254608119882676 2.7637650529537647e-09 428523351.3300737 23110357433153.152 7141100446844.523
40.124334307196975 3.854536549822349e-09 599588511.3388901 32335938676024.934 10024140989567.45
39.99490097072214 3.817458692392356e-09 595742653.4449719 32128530724300.26 9991973055257.49
39.866300002970625 2.8966062828759386e-09 453495009.90116984 24457084404939.98 7630610334340.745
39.73852340039699 2.1759555108367904e-09 341764745.10756856 18431446951423.316 5769042895795.592
39.61156326173758 1.7255106395849499e-09 271884615.7574505 14662796394239.86 4604118067791.235
39.485411786381725 1.656663218541574e-09 261870473.44137004 14122731523579.35 4448660429927.37
39.36006127277416 1.7222110062615694e-09 273098660.1135432 14728270070112.877 4654133342155.839
39.235504116847665 1.7730110597551752e-09 282046803.7445222 15210845400099.578 4821837991831.371
39.111732810485364 1.93574061333772e-09 308907945.77396905 16659472625282.123 5297712294839.956
38.988739940012145 2.396485933049742e-09 383640686.3659545 20689825560960.496 6600054353946.025
38.866518184714295 2.553019721623324e-09 409984566.06743026 22110556716421.254 7075378149254.92
38.745060315387065 3.1951322209929194e-09 514708651.7608917 27758349408987.652 8910430160285.146
38.624359192909225 4.820924917342492e-09 779036947.1583917 42013631804618.46 13528389441087.02
38.50440776684429 5.417180722559901e-09 878115920.7692627 47356982376180.375 15296305307505.986
38.38519907406768 4.611058751629831e-09 749766157.0743492 40435051736359.9 13100956762579.684
38.26672623741931 3.0334978832099186e-09 494779117.51803875 26683545297615.36 8672152221724.951
38.1489824643811 2.217371040316098e-09 362780877.866265 19564851556816.61 6378141607522.475
38.03196104577871 1.8459619184744601e-09 302944444.54993886 16337859708710.33 5342480124748.061
37.91565535450721 1.861256602036992e-09 306391462.12813425 16523758115560.734 5419792661903.9
37.80005884428005 1.904225126751004e-09 314423349.9100723 16956919568553.734 5578826538054.278
37.68516504840078 2.0436202285102233e-09 338468881.3188001 18253700301274.59 6023721099420.624
37.570967578557145 2.2591573002622194e-09 375303890.1674236 20240220330819.844 6699512929501.457
37.457460123637034 2.7137809480681664e-09 452194669.13825583 24386956745099.35 8096469639372.853
37.344636448565836 3.0199202871472045e-09 504726629.1690768 27220016762034.74 9064265581757.617
37.23249039316474 3.793435857581737e-09 635915826.6094137 34295078680607.75 11454556279322.85
37.12101587102951 5.757281920985072e-09 968025100.2471215 52205803958027.77 17488944325939.764
37.01020686842943 7.698420762960464e-09 1298282210.7110472 70016641673106.63 23525591602162.36
36.90005744322576 7.389907408014034e-09 1249973855.9509265 67411361605990.72 22717628861218.375
36.79056172380966 4.999123271440889e-09 848098708.9279848 45738147620395.336 15459493895693.066
36.68171390805874 3.2675599809554624e-09 555984806.8236796 29984381418693.766 10164705300937.062
36.57350826231225 2.342410340738665e-09 399747107.5747455 21558448355841.44 7329872440986.123
36.465939120364276 2.0823933576930784e-09 356421868.0654539 19221908776775.496 6554670892880.567
36.359000882474646 2.11909700282584e-09 363770830.3891457 19618239911440.957 6709438049712.891
36.252688014397236 2.186833571808865e-09 376499577.99058867 20304704034884.15 6964513483965.222
