string
20190130_1 Jan 30 2019_11.55.   full spectra  index number  Nphoton via eV
eV x-axis E [J] Nphoton Nphoton/sr Nphoton/sr @ 0.1bw
70.04756667188666 5.064007929551379e-10 45122203.374097064 2433450230682.0483 433154141061.38763
69.6540410164266 5.058762905804859e-10 45330131.91457884 2444663862042.3296 437594831305.5622
69.26491229566443 5.094827794396005e-10 45909778.305910185 2475924317853.958 445666377213.71106
68.88010722735518 5.119176949642002e-10 46386894.877685875 2501655318222.532 452799612598.2692
68.499554148751 5.125667098950824e-10 46703736.39020962 2518742649826.183 458411162268.37103
68.12318297210952 5.176514228003393e-10 47427633.508127436 2557782578660.829 468074211894.92816
67.75092514166083 5.149925778655712e-10 47443280.92977488 2558626447509.65 470787266341.7569
67.38271359197788 5.226254405137579e-10 48409547.68783558 2610737423691.5674 482986423382.9272
67.0184827076969 5.214049490128158e-10 48558977.43100853 2618796202204.2256 487096093609.981
66.65816828453724 5.241101606255263e-10 49074759.354031846 2646612433365.562 494916525039.3658
66.3017074915718 5.207631883099433e-10 49023525.37828216 2643849373922.893 497043682297.50006
65.94903883470174 5.302476334394136e-10 50183303.08660468 2706396437692.334 511508926723.85077
65.60010212129062 5.236027941872864e-10 49818014.518902585 2686696345877.88 510472305716.76215
65.25483842591538 5.284352209773958e-10 50543814.241068654 2725838882572.9717 520635226571.44995
64.91319005719332 5.391514285543905e-10 51840213.65083606 2795753984382.1523 536784765001.3543
64.57510052564542 5.367408672387795e-10 51878635.81475019 2797826100029.187 539980437305.64606
64.24051451255919 5.422030585468324e-10 52679534.3343404 2841018731184.441 551157633849.7659
63.90937783981403 5.36956369291609e-10 52440084.573092595 2828105153540.3193 551480504940.3671
63.5816374406355 5.401153621071891e-10 53020497.24245551 2859406934892.663 560443759238.9523
63.257241331244494 5.494744730533368e-10 54215847.09335806 2923872412039.4287 576002865171.7471
62.936138583370145 5.42735197377104e-10 53824111.40368694 2902746021191.5957 574743712195.9254
62.61827929759554 5.575320991073149e-10 55572216.860834874 2997021728268.3296 596407323925.3912
62.30361457750712 5.622890040699651e-10 56329425.551012866 3037858157431.8457 607571631486.3658
61.99209650461958 5.623372845955437e-10 56617348.97998711 3053385930507.2705 613730572031.9626
61.683678114049336 5.692316328173722e-10 57598044.48853731 3106275052337.7065 627467560572.2134
61.378313370910476 5.713720258513776e-10 58102256.375157095 3133467308922.231 636093863711.1796
61.07595714740844 5.819679245178395e-10 59472711.857979 3207376270839.789 654304759251.3136
60.776565200607415 5.876839712684189e-10 60352695.065353535 3254833956388.2563 667240961059.603
60.48009415084836 5.825905656939852e-10 60122906.00457014 3242441382418.9507 667942924778.2865
60.18650146079569 5.978183571592094e-10 61995350.87846385 3343422741253.297 692088507439.4314
59.89574541509136 6.014245727427816e-10 62672088.72282044 3379919360219.5195 703023226925.6521
59.60778510059573 5.959966417551187e-10 62406496.62182123 3365595920513.229 703409547387.2349
59.322580387195735 6.021644099272831e-10 63355456.556848586 3416773535969.082 717522442553.5028
59.04009190916147 6.0751868114687e-10 64224626.448960476 3463648057076.2617 730829740043.0922
58.76028104703274 6.110220900739313e-10 64902589.0829878 3500210729215.5103 742044674593.6849
58.483109910018435 6.10398671757903e-10 65143651.143700786 3513211258520.058 748313998064.7618
58.208541318891584 6.040735600598765e-10 64772712.727127895 3493206469128.5825 747546184393.5287
57.93653878936406 6.083693411682377e-10 65539594.22233609 3534564554768.777 759931379275.2533
57.66706651592514 6.159622428383149e-10 66667659.219559066 3595401345139.0903 776606690550.044
57.40008935612919 6.247924951437541e-10 67937914.42109203 3663906484118.4062 795067707053.6724
57.13557281531753 6.2510190376701e-10 68286241.654968 3682691847514.798 802826822758.2194
56.873483031761026 6.270409134873324e-10 68813718.67704305 3711138797908.734 812739396742.0155
56.61378676220961 6.314225872285112e-10 69612444.31042783 3754214244838.8726 825927133864.5413
56.35645136783592 6.351247506519898e-10 70340325.463729 3793469033567.267 838356656418.3491
56.10144480056064 6.376275758174208e-10 70938503.07442814 3825728882065.2754 849311811818.4681
55.8487355897473 6.402794359911191e-10 71555856.32402769 3859022876935.0547 860562101556.5123
55.59829282925516 6.484939713837963e-10 72800349.01111531 3926138637913.4736 879455054892.626
55.35008616483884 6.509924521343917e-10 73408546.78882027 3958938876194.968 890761247143.8657
55.104085781884 6.523309893190002e-10 73887876.22664984 3984789216910.569 900562363021.768
54.86026239346858 6.545290081344763e-10 74466337.30934733 4015985748770.068 911628764970.8235
54.61858722873965 6.595263210820345e-10 75366898.74079168 4064553222413.202 926718134710.1519
54.37903202159604 6.666410174274415e-10 76515519.96403584 4126498614518.641 944968182724.7843
54.141568999667676 6.812646845609583e-10 78536946.88296384 4235514607407.7666 974168359703.7782
53.90617087358216 6.786976947437912e-10 78582685.30476086 4237981290431.869 978973678089.7626
53.67281082651038 6.818801155879487e-10 79294426.28221843 4276365635970.5947 992116827545.1715
53.441462503982315 6.857705895968236e-10 80092065.86832504 4319382512135.08 1006416125327.4529
53.21210000396522 6.871840618860473e-10 80603083.16984586 4346941786223.682 1017184377976.3226
52.98469786719613 6.92778760699115e-10 81608064.38382253 4401140641423.793 1034268050734.562
52.75923106776125 7.100675131712128e-10 84002103.3999915 4530251685666.428 1069139397817.2822
52.535675003914804 7.106697027581082e-10 84431102.28305244 4553387688629.135 1079152882205.099
52.31400548913035 7.053687198158118e-10 84156409.4273978 4538573443247.154 1080180479492.8197
52.0941987433777 7.148599538799506e-10 85648661.65081197 4619050929844.975 1103953172232.936
51.8762313846188 7.130408328517005e-10 85789662.03708154 4626655111308.571 1110397226714.0037
51.66008042051621 7.156337588616236e-10 86461888.35898432 4662908422888.739 1123760929916.198
51.445723240348094 7.366368483562273e-10 89370283.85305062 4819758823727.391 1166381635342.0364
51.23313760712352 7.40363477964427e-10 90195113.23219183 4864242051337.165 1182010818474.9233
51.022301649892555 7.451041403271023e-10 91147740.13456139 4915617427138.426 1199410652221.7415
50.81319385624545 7.548229343301648e-10 92716615.25449786 5000227203191.879 1225055664782.0134
50.60579306499547 7.403090844626076e-10 91306525.81096506 4924180773162.776 1211348470198.0076
50.400078459040195 7.512812840675716e-10 93037992.75468521 5017559161595.663 1239337112914.111
50.196029558396305 7.493765784802227e-10 93179360.11538483 5025183134069.997 1246245417249.353
49.99362621340277 7.588676711888389e-10 94741528.64021172 5109431221992.194 1272248374276.0618
49.7928485980879 7.85386919301854e-10 98447720.80404261 5309306970551.133 1327326742637.7844
49.59367720369555 7.813396416218496e-10 98333732.2044629 5303159540611.981 1331093044693.5732
49.39609283236608 8.072471962029257e-10 102000645.925566 5500916994221.439 1386231082543.819
49.200076590967804 7.780681173329628e-10 98705377.93482243 5323202475589.633 1346770226324.1116
49.00560988507464 7.839498649432691e-10 99846182.78434393 5384726328962.116 1367720487556.3682
48.81267441308616 7.687000823218958e-10 98290897.22086325 5300849440640.63 1351716607363.396
48.621252160485824 7.673392196769902e-10 98503175.60324384 5312297659919.51 1359948200939.3723
48.43132539423392 7.867742952975925e-10 101394123.00049442 5468207081106.321 1405329219844.3042
48.242876657291376 7.917655996568911e-10 102435951.8476514 5524393137168.929 1425293429389.5686
48.055888763270865 8.140385863480337e-10 105727351.37040119 5701899028481.412 1476791848376.6467
47.8703447912119 8.264948038387971e-10 107761231.7324873 5811586638265.543 1511012525949.0369
47.68622808047647 8.06879159872755e-10 105609868.48963377 5695563151198.682 1486541982462.848
47.503522225762 8.016410036905899e-10 105327817.60383573 5680352085652.55 1488252246440.967
47.322211072228555 7.85668083667113e-10 103624645.44870117 5588499641315.075 1469775405665.8308
47.14227871073719 7.83262101405084e-10 103701614.33894303 5592650590287.171 1476459755835.8135
46.963709473196516 7.995397993677742e-10 106259231.08995639 5730583417306.93 1518604605586.2864
46.78648792801464 8.181034883242838e-10 109138196.69970463 5885846658090.72 1565635211052.1252
46.61059887565368 8.165965105697505e-10 109348243.61124708 5897174533662.515 1574545600487.9104
46.43602734428419 8.597080229882178e-10 115553976.7796576 6231851071619.19 1670136087193.8992
46.26275858553686 8.660619303889571e-10 116843995.12251756 6301422041103.777 1695082529056.9211
46.09077807034899 8.301373295383526e-10 112415158.9371161 6062573943468.434 1636894964736.4917
45.920071484903254 7.907400302384548e-10 107478140.58512269 5796319471187.13 1570802576691.6277
45.75062472665637 7.961829660728923e-10 108618756.84614588 5857833153940.929 1593330617871.9797
45.58242390045543 8.043252203343334e-10 110134464.84724091 5939575615724.803 1621504143092.8472
45.415455314739475 8.094600310438328e-10 111245054.10651225 5999469935750.812 1643854762395.685
45.249705477824364 8.370864534635742e-10 115463184.65770717 6226954632757.9795 1712412524008.4788
45.08516109426864 8.310478703348627e-10 115048613.70794636 6204596731372.591 1712468697858.8188
44.92180906131839 8.495909782520034e-10 118043378.07325722 6366105024200.942 1763411091703.5588
44.759636465429146 8.997388431788423e-10 125463932.0861808 6766297114219.836 1881030597753.178
44.59863057886286 8.924614854062621e-10 124898417.03353064 6735798764573.291 1879287855315.8936
44.43877885635797 8.528500749629889e-10 119784203.79388781 6459988133505.786 1808796677381.6304
44.28006893187098 8.402455489606935e-10 118436866.07415079 6387325917573.6875 1794838582838.2249
44.122488615387454 8.446565759570205e-10 119483832.03836764 6443789019475.363 1817148503491.9827
43.96602588980097 8.711935292807021e-10 123676277.37459166 6669888507259.084 1887578447554.3235
43.81066890785821 9.021904991686238e-10 128530838.2851681 6931696031811.04 1968601673034.2756
43.65640598916856 9.53859229008137e-10 136372022.45488077 7354572797566.71 2096053247306.489
43.50322561727674 9.531142739620965e-10 136745325.352884 7374705103955.402 2109165659731.2334
43.35111643679675 1.0140269038183012e-09 145995061.72832456 7873545396171.395 2259707528701.265
43.20006725060583 1.0733828338030434e-09 155081215.9230549 8363563665843.751 2408706335762.901
43.05006701709677 1.0638868374766021e-09 154244816.7031453 8318456474207.809 2404033921046.134
42.901104847487446 1.0030296403462527e-09 145926533.1854917 7869849636968.717 2282256394720.8257
42.75317000318576 9.800878336114074e-10 143082213.85758704 7716454877691.593 2245488369408.275
42.606251893209176 9.750969616862819e-10 142844475.06951344 7703633573202.463 2249461003375.057
42.460340071657086 1.0121355633675226e-09 148779875.71689865 8023731019570.992 2350953188734.3203
42.31542423523505 1.0536518945704724e-09 155413030.09047037 8381458475978.494 2464148791937.6636
42.17149422082949 1.1570629627740834e-09 171248579.53426325 9235473097726.691 2724464563829.359
42.02854000313176 1.1873149413862405e-09 176323664.96932837 9509173557792.877 2814715373106.582
41.88655169231036 1.185833009290696e-09 176700550.1397395 9529499056910.77 2830261219902.5503
41.745519531730196 1.3086238472874903e-09 195656344.3086786 10551789154553.621 3144433168056.882
41.605433895717674 1.381408858871947e-09 207234069.81549835 11176178406376.316 3341677343506.4126
41.46628528737079 1.3208565850698861e-09 198815165.5876581 10722145072377.19 3216643521713.187
41.328064336412886 1.231528432793526e-09 185989468.33588767 10030452433229.701 3019166182402.056
41.19076179708925 1.2347798586154867e-09 187102111.039208 10090457495939.38 3047318163773.7456
41.054368546105515 1.2035531890979426e-09 182976318.8616235 9867952627481.367 2989989646126.8354
40.918875580606816 1.24817559858224e-09 190388613.7634557 10267699301844.824 3121380587760.817
40.784274016196925 1.313787691241435e-09 201058032.11372343 10843103351386.584 3307146522172.8687
40.65055508499628 1.5027622865864336e-09 230734630.61248833 12443568755612.273 3807732039217.375
40.51771013373812 1.5879494484207765e-09 244613687.43702695 13192069305359.61 4049965276745.4883
40.38573062190184 1.5432343140363614e-09 238502481.51346567 12862490642253.527 3961647117813.9277
40.254608119882676 1.6351193229786556e-09 253526185.72208878 13672722274097.111 4224871182696.1255
40.124334307196975 1.8678671290897274e-09 290554170.8668902 15669649557218.988 4857591362737.75
39.99490097072214 1.878318476325668e-09 293125485.63549995 15808321121303.592 4916387868725.471
39.866300002970625 1.6734726004846247e-09 262000216.6026564 14129728600453.99 4408475323341.339
39.73852340039699 1.5801096646559585e-09 248178684.76340115 13384330385660.186 4189295410711.706
39.61156326173758 1.522427187487504e-09 239885238.25521034 12937063013737.215 4062237786313.4146
39.485411786381725 1.4724570787914092e-09 232752817.85072514 12552410031817.908 3954009160022.53
39.36006127277416 1.5603076351492328e-09 247424922.36718866 13343679815878.93 4216602821817.8955
39.235504116847665 1.6077693055355682e-09 255760499.23088112 13793219287026.848 4372450513987.3335
39.111732810485364 1.870071042026907e-09 298428312.1734205 16094303708523.111 5117988579310.582
38.988739940012145 2.05206587325104e-09 328504310.92676085 17716308855247.035 5651502524823.485
38.866518184714295 1.9009769628157897e-09 305274263.49399835 16463507350512.404 5268322352164.058
38.745060315387065 1.947817349051972e-09 313776824.32668144 16922052303384.951 5431978789386.637
38.624359192909225 2.1899706924784333e-09 353888125.5954528 19085263494917.375 6145454845363.338
38.50440776684429 2.244155216210126e-09 363773801.34740525 19618400135865.332 6336743243884.388
38.38519907406768 2.114056226276067e-09 343749212.0554427 18538469685044.02 6006464177953.839
38.26672623741931 1.8238449016073533e-09 297478490.3928065 16043079613547.535 5214000874402.925
38.1489824643811 1.768630879998128e-09 289363147.4395186 15605417405033.154 5087366074041.016
38.03196104577871 1.636164419889509e-09 268514164.0329337 14481027200512.133 4735295894567.274
37.91565535450721 1.6423736527124292e-09 270359962.3311287 14580571503730.127 4782427453223.464
37.80005884428005 1.7040952063188108e-09 281378139.4906036 15174784191619.65 4992503999042.954
37.68516504840078 1.8498158839138435e-09 306370579.10240483 16522631889446.348 5452468523517.304
37.570967578557145 2.1969334900299107e-09 364966921.5824939 19682745369346.87 6514988717253.9
37.457460123637034 2.6185609908575507e-09 436328260.6586531 23531277888845.86 7812384259096.698
37.344636448565836 2.3968360870343858e-09 400589049.9919334 21603854493310.85 7194083546272.553
37.23249039316474 2.349067634131813e-09 393787938.5346019 21237069074887.812 7093181071012.443
37.12101587102951 2.627796651191438e-09 441835774.52177316 23828299307981.34 7982480268173.959
37.01020686842943 2.8233040772498188e-09 476129529.9104752 25677768986350.312 8627730379413.167
36.90005744322576 2.6806591963624678e-09 453422989.9191644 24453200351664.22 8240728518510.661
36.79056172380966 2.213462086723143e-09 375512712.1459977 20251482145490.54 6845000965175.556
36.68171390805874 2.1613336987794247e-09 367757196.8077566 19833225518427.53 6723463450746.851
36.57350826231225 2.05333033298281e-09 350413779.87023777 18897891275161.21 6425283033554.841
36.465939120364276 1.877975065165585e-09 321433689.95768535 17334988730305.19 5911231157034.181
36.359000882474646 1.8630959256671144e-09 319824883.4625249 17248225446510.887 5898893102706.797
36.252688014397236 1.9885459639683977e-09 342361085.8643006 18463607737987.824 6333017454129.786
