string
20190130_1 Jan 30 2019_11.05.   full spectra  index number  Nphoton via eV
eV x-axis E [J] Nphoton Nphoton/sr Nphoton/sr @ 0.1bw
70.04756667188666 4.0564315772444337e-10 36144321.48366477 1949271109902.4478 346970257562.62213
69.6540410164266 4.2216144553863504e-10 37828683.35963442 2040109111798.059 365179531011.8402
69.26491229566443 4.259932533105809e-10 38386490.39485491 2070191766390.0686 372634517950.2112
68.88010722735518 4.030294899257625e-10 36520102.285390064 1969537050177.1914 356486206082.06445
68.499554148751 4.066405586328362e-10 37052022.867117085 1998223642708.5132 363676702972.9539
68.12318297210952 4.4128064091264094e-10 40430481.96065463 2180424675587.1147 399017715632.43896
67.75092514166083 4.346232175551683e-10 40039317.64324369 2159329098969.403 397316554210.3544
67.38271359197788 4.1042477506508623e-10 38016667.732920006 2050247149888.6155 379295722729.38385
67.0184827076969 4.014241304114959e-10 37385040.79376304 2016183371840.0713 375010107162.24945
66.65816828453724 4.3644889812775427e-10 40866646.47063651 2203947122366.3877 412138111882.5192
66.3017074915718 4.5199755055839043e-10 42550076.28828887 2294734858154.4595 431410153333.0351
65.94903883470174 4.2079725306785763e-10 39824781.39834608 2147759112674.464 405926472295.47345
65.60010212129062 3.8161527355464644e-10 36308658.872015566 1958133860958.206 372045433582.0336
65.25483842591538 4.174971395235777e-10 39932799.761581145 2153584566470.525 411334652195.88007
64.91319005719332 4.764583389495942e-10 45812179.619176656 2470660799475.281 474366873499.2372
64.57510052564542 4.5939320889793805e-10 44402605.49339379 2394642160644.3843 462165937004.37726
64.24051451255919 4.005339134479491e-10 38915199.2283099 2098705148639.333 407148798836.019
63.90937783981403 3.879095517416627e-10 37883915.46017017 2043087790979.026 398402119240.9135
63.5816374406355 4.463881976662911e-10 43819757.525677025 2363209043122.753 463188972452.0515
63.257241331244494 4.932622556177513e-10 48669469.35476843 2624755055656.7676 517076745964.3649
62.936138583370145 4.3159224262941356e-10 42801847.1264024 2308312914150.681 457045957001.8265
62.61827929759554 3.938697629799476e-10 39259113.364581704 2117252512723.1948 421333250031.91125
62.30361457750712 4.012059485085986e-10 40192321.81948652 2167580647434.059 433516129486.80945
61.99209650461958 4.706221649850479e-10 47383269.93885882 2555390041732.2676 513633398388.1868
61.683678114049336 5.261028801608235e-10 53234035.759872705 2870923113527.8286 579926468932.6183
61.378313370910476 4.531697201169286e-10 46082380.77539492 2485232806530.8438 504502259725.73486
61.07595714740844 3.9609505797717926e-10 40477913.40212284 2182982663529.89 445328463360.0953
60.776565200607415 4.033852439787373e-10 41425983.71564647 2234112301504.7783 457993021808.48676
60.48009415084836 4.850081831109514e-10 50052477.883659855 2699341006075.981 556064247251.6377
60.18650146079569 5.812508064858559e-10 60277251.88586676 3250765289328.6406 672908414891.0276
59.89574541509136 5.095681410450987e-10 53100091.33856828 2863699461787.6978 595649488051.8344
59.60778510059573 3.935174137170823e-10 41205002.560825266 2222194739817.515 464438700621.8408
59.322580387195735 3.9424335557762e-10 41479481.974267416 2236997474214.606 469769469585.0644
59.04009190916147 4.685005662037158e-10 49528145.86500909 2671063666399.9634 563594433610.393
58.76028104703274 6.305605205335808e-10 66977955.49616565 3612135690747.7876 765772766438.5276
58.483109910018435 6.161664554998653e-10 65759207.02437893 3546408320893.431 755384972350.2902
58.208541318891584 4.3725976535152765e-10 46885848.08353224 2528563973010.5073 541112690224.2573
57.93653878936406 3.7432451142060643e-10 40325958.14060987 2174787683264.49 467579351901.8446
57.66706651592514 4.03298981210863e-10 43650401.23087348 2354075621351.6494 508480334211.95654
57.40008935612919 5.726704905817918e-10 62270336.28449546 3358252763940.6636 728740849775.104
57.13557281531753 7.598904723823254e-10 83010568.54203388 4476777995367.62 975937602990.1333
56.873483031761026 6.520224226145114e-10 71555279.08279864 3858991746190.1675 845119192415.6497
56.61378676220961 4.390491396183029e-10 48403849.33863562 2610430110481.2573 574294624305.8691
56.35645136783592 3.969566910444772e-10 43963115.61533375 2370940376042.2256 523977823105.3213
56.10144480056064 4.278899655728361e-10 47604392.892501175 2567315250660.761 569943985646.6736
55.8487355897473 6.634300713979497e-10 74143107.21459681 3998553879539.019 891677515137.1962
55.59829282925516 9.518804872984537e-10 106858713.8047363 5762913650351.545 1290892657678.7576
55.35008616483884 7.90891367534659e-10 89184115.3736702 4809718717189.64 1082186711367.6665
55.104085781884 4.908284471237265e-10 55594892.99666226 2998244657199.85 677603292527.1506
54.86026239346858 4.0178422465499314e-10 45711342.39566998 2465222626104.862 559605536125.8147
54.61858722873965 4.166610439697416e-10 47613642.862017184 2567814103526.299 585461615603.9594
54.37903202159604 6.374776079409924e-10 73168211.01897438 3945977515914.668 903628851144.4738
54.141568999667676 1.0996211181258335e-09 126765539.59536187 6836493089961.846 1572393410691.2114
53.90617087358216 1.1174653126758766e-09 129385182.36479972 6977770993630.278 1611865099528.5957
53.67281082651038 7.012560107070132e-10 81547608.99285649 4397880269055.17 1020308222420.7928
53.441462503982315 4.362064439194056e-10 50945134.959959045 2747482196128.93 640163351698.0276
53.21210000396522 4.092997771649289e-10 48008715.29190802 2589120445499.0815 605854184246.7738
52.98469786719613 4.6242413962531787e-10 54472713.51259959 2937725273832.8887 690365439350.7092
52.75923106776125 8.60756527206666e-10 101828850.7211251 5491652041523.744 1296029881799.61
52.535675003914804 1.4890423586959413e-09 176905652.7989441 9540560287879.854 2261112788227.5127
52.31400548913035 1.2184640781796335e-09 145372992.81238052 7839997084391.187 1865919306085.0972
52.0941987433777 7.275954546549108e-10 87174524.99076821 4701341071259.862 1123620516031.094
51.8762313846188 4.2052432313350887e-10 50595474.89827904 2728624953039.512 654869988729.4514
51.66008042051621 3.998223145528036e-10 48305983.187944636 2605152167713.2485 627841672418.8995
51.445723240348094 4.460784036808748e-10 54119141.129900105 2918657038420.946 706315003297.8737
51.23313760712352 9.163281144451789e-10 111632084.10476837 6020342547638.33 1462943239076.1045
51.022301649892555 1.7762301457715905e-09 217284208.98975122 11718184595418.314 2859237041281.9863
50.81319385624545 1.645094843922511e-09 202070735.75006798 10897718678502.678 2669941076233.163
50.60579306499547 9.213418616964531e-10 113634326.85251461 6128323934007.897 1507567687765.899
50.400078459040195 4.993301961732343e-10 61836598.56696567 3334861194605.548 823710715067.5586
50.196029558396305 4.0153560098272183e-10 49927942.02214841 2692624760009.478 667770940482.3472
49.99362621340277 4.0031543811529536e-10 49977747.08982354 2695310758129.259 671132378774.1882
49.7928485980879 6.199727022021342e-10 77713160.21761438 4191087613579.3086 1047771903394.8281
49.59367720369555 1.6447111324730116e-09 206991397.13248274 11163091015861.082 2801935844981.06
49.39609283236608 2.3795363619755866e-09 300669047.9280002 16215147074563.38 4086217062790.0205
49.200076590967804 1.6586771569251687e-09 210419052.00710574 11347945187901.318 2871030132538.894
49.00560988507464 9.185501443463884e-10 116989274.07256061 6309256966441.188 1602551269476.051
48.81267441308616 4.609632227715935e-10 58941698.842003636 3178738623526.621 810578348999.3096
48.621252160485824 3.9189407452137984e-10 50307360.61777212 2713086887299.468 694550243148.6523
48.43132539423392 4.0079822190840864e-10 51652150.37330288 2785611690968.3813 715902204578.8636
48.242876657291376 6.589302005654507e-10 85250157.78070667 4597559529555.951 1186170358625.4229
48.055888763270865 1.9355759880178533e-09 251392656.34489456 13557660571279.633 3511434087961.332
47.8703447912119 3.0829743401127597e-09 401968785.22058046 21678263913936.766 5636348617623.543
47.68622808047647 2.1460101169696464e-09 280884496.0952134 15148161896063.121 3953670254872.4536
47.503522225762 1.2352587404305815e-09 162300963.53184265 8752926222862.771 2293266670390.045
47.322211072228555 5.226665409605634e-10 68936407.27028117 3717755420395.94 977769675564.1096
47.14227871073719 4.030496836290741e-10 53362600.81543113 2877856654904.62 759754156894.82
46.963709473196516 3.888295888393816e-10 51675642.87327191 2786878646595.4146 738522841347.7605
46.78648792801464 4.409062929979772e-10 58818619.42663776 3172100923917.1597 843778845761.9612
46.61059887565368 1.2764719401922333e-09 170928926.18617082 9218234123219.955 2461268510899.758
46.43602734428419 3.386789356971601e-09 455220805.492531 24550156936108.055 6579442058876.786
46.26275858553686 3.6556301121036824e-09 493196169.92810065 26598176590197.5 7154909502763.148
46.09077807034899 2.169169321489739e-09 293743583.57356524 15841655277384.111 4277246924893.7485
45.920071484903254 1.0614409498778073e-09 144272068.27934432 7780623985150.683 2108549099975.7214
45.75062472665637 5.17754400927803e-10 70634316.20220101 3809324017962.0186 1036136132885.6996
45.58242390045543 4.112346494695115e-10 56309446.603130534 3036780688432.1616 829041127941.9679
45.415455314739475 3.8539953015954516e-10 52965915.47569735 2856463328353.6055 782670951968.8701
45.249705477824364 4.337297510056863e-10 59826339.47150613 3226447484862.266 887273058337.141
45.08516109426864 1.1001499882744912e-09 152302575.50722465 8213710984563.425 2266984231739.484
44.92180906131839 3.903151698656038e-09 542309444.7044224 29246866168654.56 8101381928716.843
44.759636465429146 5.025891639998944e-09 700834616.8155736 37796163139915.59 10507333352896.89
44.59863057886286 2.97291601719062e-09 416054373.8777813 22437902770288.242 6260174872910.238
44.43877885635797 1.7360311169419921e-09 243828442.07797554 13149720852552.834 3681921838714.8145
44.28006893187098 7.145495136826117e-10 100719373.2356635 5431817679700.825 1526340767995.9478
44.122488615387454 4.307289957879034e-10 60930267.34381971 3285982554842.4688 926647080465.5406
43.96602588980097 4.035000699424515e-10 57281631.3409402 3089210822547.611 874246662780.9751
43.81066890785821 4.213375226668567e-10 60025975.71053039 3237213910603.456 919368750611.3536
43.65640598916856 5.668076258426825e-10 81035754.4680805 4370275843334.532 1245528615350.328
43.50322561727674 1.9922593620643144e-09 285833673.98361707 15415072134784.666 4408710630548.391
43.35111643679675 6.247572184137234e-09 899497521.4570013 48510096746384.164 13922397766212.717
43.20006725060583 7.513943398798949e-09 1085606590.6458964 58546999279599.625 16861535792523.994
43.05006701709677 3.888598373641408e-09 563778140.9130923 30404677619223.51 8786951831955.876
42.901104847487446 2.2466621108259e-09 326857352.8483638 17627488048280.42 5111971534001.094
42.75317000318576 9.609227525166295e-10 140284319.48755217 7565563826478.126 2201579073505.156
42.606251893209176 5.267999061161086e-10 77172280.3091195 4161917842608.9985 1215280010041.794
42.460340071657086 4.744907299312551e-10 69748237.66997564 3761537610220.1475 1102130519794.5125
42.31542423523505 4.867231704263986e-10 71791379.22211339 3871724677995.7393 1138287055330.741
42.17149422082949 5.631889150417474e-10 83353546.70683818 4495274882306.901 1326106090280.5286
42.02854000313176 1.2005638654722366e-09 178291212.72798437 9615283835863.383 2846124015415.4507
41.88655169231036 5.425272025290352e-09 808417832.8784742 43598149354446.74 12948650358270.92
41.745519531730196 1.188404451882565e-08 1776819756.8572946 95824275498189.31 28555634098459.53
41.605433895717674 9.95697064773978e-09 1493709510.484504 80556078406116.23 24086267443427.99
41.46628528737079 4.60894679187339e-09 693738086.3059641 37413445707823.945 11224033712347.29
41.328064336412886 2.7864385090888088e-09 420817094.47869384 22694757326987.887 6831121955423.164
41.19076179708925 1.2045362614063211e-09 182519398.70893142 9843310824381.607 2972679868963.297
41.054368546105515 6.497197323082396e-10 98776959.74419177 5327062898119.94 1614100058130.3318
40.918875580606816 5.976613821001079e-10 91163392.52845383 4916461564141.499 1494604315499.0112
40.784274016196925 5.952939227705443e-10 91101953.10812154 4913148122855.376 1498510177470.8718
40.65055508499628 6.766984217566211e-10 103900504.9393002 5603376803573.056 1714633301893.3638
40.51771013373812 1.1411729872632392e-09 175790566.06342283 9480423417982.62 2910489989320.7275
40.38573062190184 4.8562161618192455e-09 750514419.5053183 40475405691820.72 12466424953080.281
40.254608119882676 1.5351712209464857e-08 2380291753.6799555 128369651390034.2 39666222279521.68
40.124334307196975 1.9798857388441155e-08 3079791117.3766265 166093804039166.06 51489079252140.04
39.99490097072214 1.074756810634063e-08 1677237465.4666846 90453780889421.19 28131125856610.293
39.866300002970625 5.202816117072321e-09 814557076.8365047 43929240114842.96 13705922915830.053
39.73852340039699 3.185572510537982e-09 500339447.04458207 26983415076953.363 8445808919086.539
39.61156326173758 1.0705484393656164e-09 168683776.50610787 9097152713219.457 2856505951950.8594
39.485411786381725 8.32014702532349e-10 131517427.0930789 7092763415052.682 2234220475741.5317
39.36006127277416 7.75313451105776e-10 122944902.74139841 6630445314401.157 2095220719350.842
39.235504116847665 7.406677407049584e-10 117823838.57851188 6354265211554.768 2014302072062.7798
39.111732810485364 8.187150559441818e-10 130651588.52551992 7046068553002.364 2240649799854.8535
38.988739940012145 1.1597797728138024e-09 185662975.08344385 10012844581195.338 3194097421401.1323
38.866518184714295 3.867267726368963e-09 621037145.6330985 33492668183188.562 10717653818620.52
38.745060315387065 1.4727167782006586e-08 2372421592.9246984 127945211910725.0 41070413023343.234
38.624359192909225 2.8153447015785575e-08 4549453847.800919 245353034372515.62 79003677067949.31
38.50440776684429 1.9842297153851688e-08 3216403130.6672235 173461319594640.5 56028006229067.875
38.38519907406768 9.093058951257141e-09 1478547169.5681164 79738370066504.34 25835231901545.586
38.26672623741931 5.20840121500851e-09 849517044.6978887 45814638776597.13 14889757602393.998
38.1489824643811 2.5353876513157767e-09 414811116.9272348 22370853652849.95 7292898290829.381
38.03196104577871 1.0058863733814845e-09 165077993.004449 8902692025625.057 2911180292379.275
37.91565535450721 8.42929426496477e-10 138759147.54173818 7483310972099.533 2454525998848.6377
37.80005884428005 7.69086704174408e-10 126990666.4399531 6848634229599.051 2253200661538.128
37.68516504840078 8.209530247299017e-10 135968047.30112556 7332786329761.82 2419819488821.405
37.570967578557145 9.018785376372523e-10 149825124.43665645 8080101510105.922 2674513599845.095
37.457460123637034 1.1223934835457962e-09 187023330.05035785 10086208820095.664 3348621328271.706
37.344636448565836 2.636843714678607e-09 440702109.0654791 23767160483636.633 7914464441051.041
37.23249039316474 1.208894384549242e-08 2026540320.4265075 109291759742817.3 36503447754100.53
37.12101587102951 3.176112745429998e-08 5340292347.999134 288003126496437.8 96481047376309.2
37.01020686842943 3.540184831630875e-08 5970262123.952775 321977533373411.0 108184451213459.34
36.90005744322576 1.7055289376066094e-08 2884835309.660448 155579794975236.28 52430390906653.48
36.79056172380966 6.890013822008165e-09 1168887324.7682204 63038347363405.27 21306961408830.215
36.68171390805874 5.145972575751361e-09 875602157.3053018 47221414566458.41 16008059538029.203
36.57350826231225 2.3400428066807397e-09 399343072.94627726 21536658680552.36 7322463951387.835
36.465939120364276 1.2108943943597396e-09 207256347.8332494 11177379864713.488 3811486533867.371
36.359000882474646 1.008207613123635e-09 173072077.46581173 9333814737326.727 3192164640165.7803
36.252688014397236 9.659961300906368e-10 166312215.07123205 8969253889819.176 3076454084207.959
