string
20190130_1 Jan 30 2019_11.53.   full spectra  index number  Nphoton via eV
eV x-axis E [J] Nphoton Nphoton/sr Nphoton/sr @ 0.1bw
70.04756667188666 5.759563685639901e-10 51319865.13151665 2767691475690.483 492649082672.88666
69.6540410164266 5.772867222027262e-10 51729017.06849404 2789757128539.191 499366526008.4983
69.26491229566443 5.814215785670937e-10 52392223.74433968 2825524008647.9966 508594321556.63776
68.88010722735518 5.824252816021175e-10 52775867.248881444 2846213986193.7905 515164731501.06573
68.499554148751 5.863482190394089e-10 53426514.29799416 2881303522904.3325 524397241168.59503
68.12318297210952 5.907494920215451e-10 54124936.52802518 2918969585500.8706 534171434146.6553
67.75092514166083 5.895643784676058e-10 54313148.64721797 2929119905977.6797 538958062699.87164
67.38271359197788 5.984533582072642e-10 55433306.79539941 2989530278261.435 553063101478.3508
67.0184827076969 5.967075909899062e-10 55571989.67645036 2997009476165.117 557443762566.7062
66.65816828453724 6.002201541264431e-10 56201275.67845607 3030947006964.53 566787090302.3735
66.3017074915718 5.998037022219808e-10 56464229.188884534 3045128146908.1113 572484091618.7206
65.94903883470174 6.101499661197294e-10 57745360.36956503 3114219829805.64 588587547833.2656
65.60010212129062 6.053486910410901e-10 57595700.81380583 3106148657450.279 590168244915.5125
65.25483842591538 6.098150159877215e-10 58327635.376931384 3145622047451.0986 600813811063.1742
64.91319005719332 6.223105804593825e-10 59836090.08454231 3226973337541.6104 619578880807.9674
64.57510052564542 6.203591190037654e-10 59960749.727741934 3233696259181.4478 624103378022.0344
64.24051451255919 6.330058137075726e-10 61501776.81848115 3316804184970.359 643460011884.2313
63.90937783981403 6.267809146565123e-10 61212504.50339239 3301203666173.736 643734714903.8842
63.5816374406355 6.279687178419256e-10 61644633.736743286 3324508489607.643 651603663963.0867
63.257241331244494 6.416979350784889e-10 63315401.9603781 3414613382879.6406 672678836427.2654
62.936138583370145 6.382535078213323e-10 63296849.135251254 3413612824989.982 675895339348.004
62.61827929759554 6.561069773135115e-10 65397704.07040756 3526912388049.893 701855565221.9213
62.30361457750712 6.598266627868032e-10 66100629.05195593 3564821285013.976 712964257002.7913
61.99209650461958 6.63325377540476e-10 66785051.278437756 3601732324377.6304 723948197199.9052
61.683678114049336 6.73779789825117e-10 68176812.51785842 3676790310377.1963 742711642696.1897
61.378313370910476 6.765061573845923e-10 68793242.26131466 3710034500360.037 753137003573.0481
61.07595714740844 6.915327710214094e-10 70669408.91180566 3811216575414.825 777488181384.6204
60.776565200607415 6.975987048819155e-10 71640480.21056905 3863586661520.6167 792035265611.7389
60.48009415084836 6.944488658191753e-10 71666598.02479133 3864995200915.672 796189011388.6078
60.18650146079569 7.103187084909406e-10 73661936.00626664 3972604211740.199 822329071830.22
59.89574541509136 7.18753443661682e-10 74898468.78980604 4039290693390.988 840172464225.3159
59.60778510059573 7.138141638660392e-10 74743107.73753874 4030912038090.305 842460615960.8378
59.322580387195735 7.253857424138273e-10 76319928.79819375 4115950340452.9507 864349571495.1144
59.04009190916147 7.265262871963265e-10 76805670.09470083 4142146474099.9946 873992906035.1
58.76028104703274 7.296560986737661e-10 77503859.0476974 4179799956015.3853 886117590675.2578
58.483109910018435 7.329396462287449e-10 78221606.3573776 4218508224355.7427 898542251787.7606
58.208541318891584 7.280888851592583e-10 78070445.91317798 4210356108760.724 901016207274.8094
57.93653878936406 7.404098878579108e-10 79764314.74214195 4301706822696.6875 924866966879.7468
57.66706651592514 7.498558657874639e-10 81159415.0539976 4376944885598.08 945420095289.1858
57.40008935612919 7.529452510429405e-10 81872830.46246164 4415419533564.751 958146038783.5247
57.13557281531753 7.530249145676036e-10 82260573.80164514 4436330616083.456 967120074306.1855
56.873483031761026 7.59405961320008e-10 83339933.74261723 4494540732189.074 984304420349.4106
56.61378676220961 7.649578236230777e-10 84334303.1653637 4548167291182.748 1000596804060.1915
56.35645136783592 7.699143184151292e-10 85268325.12968704 4598539298633.286 1016277184997.9357
56.10144480056064 7.74085117354771e-10 86119925.73712686 4644466304401.206 1031071519577.0398
55.8487355897473 7.758015908857113e-10 86701436.98655358 4675827332415.056 1042709495128.5515
55.59829282925516 7.809160387650758e-10 87666135.19808531 4727853716541.901 1059039232505.3954
55.35008616483884 7.881386427838146e-10 88873706.97645058 4792978324891.923 1078420123100.6802
55.104085781884 7.919884882011683e-10 89706526.82042529 4837892480006.082 1093363700481.3496
54.86026239346858 7.956636427145307e-10 90523348.03622794 4881943825627.25 1108201248417.4077
54.61858722873965 8.018051325745469e-10 91625708.18621877 4941394348002.002 1126637911344.3857
54.37903202159604 8.070409390857646e-10 92630299.47468267 4995572174434.499 1143986027945.519
54.141568999667676 8.221748373333558e-10 94781225.25868504 5111572069250.4795 1175661575927.6006
53.90617087358216 8.173328129980609e-10 94634485.61929736 5103658368619.381 1178945083151.078
53.67281082651038 8.269411040852699e-10 96163268.17374146 5186105943905.793 1203176578986.1362
53.441462503982315 8.344573365233255e-10 97457390.2337016 5255898227745.118 1224624287064.5874
53.21210000396522 8.341920930862907e-10 97846353.52880456 5276875102751.593 1234788774043.8496
52.98469786719613 8.385030931698708e-10 98774122.84462458 5326909903509.971 1251823827324.8076
52.75923106776125 8.595411452672416e-10 101685069.12648483 5483897868888.503 1294199897057.693
52.535675003914804 8.532879101257451e-10 101374856.05073078 5467168010319.858 1295718818445.7993
52.31400548913035 8.544554466544719e-10 101943707.434178 5497846289011.1 1308487416784.638
52.0941987433777 8.71325705441161e-10 104395105.82168886 5630050736611.423 1345582126050.1145
51.8762313846188 8.725022400904105e-10 104975295.7409112 5661340505000.293 1358721721200.0051
51.66008042051621 8.755223541448446e-10 105779408.9539368 5704706505270.903 1374834267770.3022
51.445723240348094 8.927825579638504e-10 108314199.59824961 5841408315397.372 1413620812326.1736
51.23313760712352 8.938993854776807e-10 108899694.12459321 5872984162400.708 1427135151463.3625
51.022301649892555 8.914586485184981e-10 109051120.29064889 5881150608433.151 1435000748457.6477
50.81319385624545 9.101774323096196e-10 111799161.05710907 6029353043975.23 1477191495773.9353
50.60579306499547 9.045674119445033e-10 111565438.65245564 6016748343916.502 1480120092603.4163
50.400078459040195 9.221881514090665e-10 114202944.18187104 6158989590111.176 1521270428757.4387
50.196029558396305 9.232752671856083e-10 114802358.4900264 6191316133971.667 1535446401224.9656
49.99362621340277 9.246021341434768e-10 115432799.28570957 6225315943044.982 1550103669818.207
49.7928485980879 9.51063407282148e-10 119215156.86852023 6429299309196.298 1607324827299.076
49.59367720369555 9.307266734166686e-10 117134498.9860373 6317088977574.836 1585589333371.2434
49.39609283236608 9.504420829593545e-10 120094200.18143281 6476706306032.242 1632129989120.1443
49.200076590967804 9.351186155513888e-10 118628734.81858504 6397673440644.164 1618611380482.8948
49.00560988507464 9.561445029325186e-10 121777403.2207461 6567481811615.221 1668140380150.2546
48.81267441308616 9.514334162032867e-10 121656347.22199938 6560953235303.613 1673043075002.4653
48.621252160485824 9.450694787185391e-10 121318371.89120269 6542726152289.219 1674937894986.0127
48.43132539423392 9.60589334799321e-10 123794223.76625209 6676249381784.971 1715796091118.7126
48.242876657291376 9.556270772519637e-10 123635794.8768102 6667705277358.9795 1720267961558.5984
48.055888763270865 9.71761694588518e-10 126212432.50025807 6806663904161.383 1762925951177.7517
47.8703447912119 9.696031857485673e-10 126420194.17751668 6817868536551.788 1772645819503.4597
47.68622808047647 9.658700378322533e-10 126419683.07822964 6817840972856.202 1779456493915.4592
47.503522225762 9.789247452533966e-10 128621173.99339993 6936567856181.252 1817380778319.4868
47.322211072228555 9.732757557416547e-10 128368909.47867243 6922963176097.989 1820739315313.729
47.14227871073719 9.696451381594558e-10 128378183.9854895 6923463352265.503 1827794324998.0933
46.963709473196516 9.829068297386628e-10 130628799.27138571 7044839523575.982 1866882473747.5737
46.78648792801464 9.871967543662268e-10 131695898.00920688 7102388390331.946 1889235311828.2903
46.61059887565368 9.858723763463408e-10 132015519.76153173 7119625660872.072 1900940051452.8662
46.43602734428419 1.0014026588540944e-09 134599255.20539117 7258967074671.26 1945403176011.8467
46.26275858553686 1.0020351993795398e-09 135188710.92314523 7290756549587.925 1961213511839.1577
46.09077807034899 9.90051981522109e-10 134070408.47170177 7230446255432.3955 1952220488966.7644
45.920071484903254 9.744039937035745e-10 132441922.01879089 7142621627241.178 1935650460982.255
45.75062472665637 9.917414783254542e-10 135297703.01391703 7296634516721.582 1984684588548.3289
45.58242390045543 1.000531023802977e-09 137000489.45847932 7388466159604.098 2017051261571.889
45.415455314739475 9.998206366397145e-10 137406538.3764077 7410364465961.369 2030439863673.369
45.249705477824364 1.0080340176551144e-09 139042768.45023355 7498606709310.817 2062116845060.516
45.08516109426864 1.0140819938699652e-09 140387493.6036105 7571128028971.541 2089631335996.1255
44.92180906131839 9.941722037328127e-10 138131699.0401775 7449472538098.314 2063503893053.1135
44.759636465429146 1.017178528893523e-09 141840289.36411187 7649477619952.629 2126554778346.9026
44.59863057886286 1.027876747999544e-09 143849545.1400636 7757837220456.887 2164436584507.4087
44.43877885635797 1.0385894954670913e-09 145871612.64964426 7866887760539.076 2202728572950.9536
44.28006893187098 1.0532529017967713e-09 148461331.3651131 8006551853476.014 2249841070826.783
44.122488615387454 1.066010232348047e-09 150796182.9442224 8132470906379.656 2293356795598.975
43.96602588980097 1.083842590555842e-09 153864339.38582462 8297937249826.696 2348316241700.9585
43.81066890785821 1.1006508800257565e-09 156804555.57820883 8456503747838.622 2401647064386.0957
43.65640598916856 1.130236677710302e-09 161588478.5769833 8714501754461.14 2483633000021.3975
43.50322561727674 1.1454347196158492e-09 164337947.38298896 8862781204486.145 2534755424483.0234
43.35111643679675 1.1569609950912942e-09 166574073.3895593 8983375965814.81 2578228902188.936
43.20006725060583 1.1620622039746017e-09 167893517.48071092 9054533872297.457 2607705755221.56
43.05006701709677 1.1777631062501155e-09 170754866.06654385 9208847023154.227 2661356789691.6567
42.901104847487446 1.1964865276001453e-09 174071756.16023025 9387727626495.104 2722441011683.458
42.75317000318576 1.2135269504263478e-09 177161797.83912292 9554374245543.746 2780322905453.257
42.606251893209176 1.2271429958827435e-09 179767350.29402837 9694892255488.35 2830908538602.52
42.460340071657086 1.2508488901796919e-09 183869779.0663234 9916137130423.445 2905428179214.0938
42.31542423523505 1.2770327093595026e-09 188361567.90389463 10158380278266.654 2986563801810.38
42.17149422082949 1.3201300276348985e-09 195382964.71870074 10537045733874.895 3108428491493.077
42.02854000313176 1.3891834944539554e-09 206302402.6051886 11125933391321.297 3293276283830.9756
41.88655169231036 1.3756564628909865e-09 204986074.67633486 11054943540148.355 3283318231424.1216
41.745519531730196 1.3824118546591874e-09 206688614.4343478 11146761879171.674 3321735039993.0557
41.605433895717674 1.3953410178797263e-09 209324123.02020738 11288895429766.549 3375379733500.091
41.46628528737079 1.412680364317555e-09 212636469.18894494 11467530978247.773 3440259293474.3643
41.328064336412886 1.4436294519341616e-09 218021660.7993487 11757955531719.977 3539144615047.6147
41.19076179708925 1.4985967948578545e-09 227077419.47531217 12246334564461.865 3698393038467.5474
41.054368546105515 1.5038041816811103e-09 228623509.07728237 12329715512581.285 3735903800312.106
40.918875580606816 1.5304081867214536e-09 233438543.0167849 12589391338996.062 3827174967054.7915
40.784274016196925 1.5661730412434351e-09 239682310.71218243 12926119087256.078 3942466321613.0566
40.65055508499628 1.6387288392726628e-09 251610981.1768702 13569434876898.752 4152247072331.039
40.51771013373812 1.7268308146529278e-09 266007493.86085507 14345841933562.375 4404173473603.745
40.38573062190184 1.7227318512839167e-09 266243316.2458957 14358559886019.602 4422436444893.86
40.254608119882676 1.7280164348939502e-09 267929936.02795568 14449519657281.191 4464901574100.013
40.124334307196975 1.782485755856247e-09 277272758.2219661 14953380087915.379 4635547827253.638
39.99490097072214 1.7730872116333222e-09 276703368.7496979 14922672789977.125 4640951237682.937
39.866300002970625 1.7721727365676584e-09 277452789.30983895 14963089203595.791 4668483831521.563
39.73852340039699 1.8144700927418999e-09 284988321.5272017 15369482093158.896 4810647895158.8125
39.61156326173758 1.8079887264028095e-09 284880492.1249688 15363666830070.734 4824191384642.126
39.485411786381725 1.8121471512452436e-09 286447979.97011435 15448201790093.328 4866183563879.261
39.36006127277416 1.8628956434499477e-09 295407648.8350278 15931398678449.953 5034321982390.369
39.235504116847665 1.86338272685214e-09 296422935.0796999 15986153286194.215 5067610591723.36
39.111732810485364 1.8865137224011245e-09 301052255.9923496 16235813568725.004 5162988714854.786
38.988739940012145 2.055381852698682e-09 329035148.4391887 17744937037615.758 5660634914999.106
38.866518184714295 2.0302817713002803e-09 326039075.9817132 17583358199092.785 5626674623709.785
38.745060315387065 2.0100074951637746e-09 323795128.435571 17462341620435.797 5605411660159.961
38.624359192909225 1.9915721469747096e-09 321827929.70775443 17356250165674.287 5588712553347.069
38.50440776684429 1.9629192085209403e-09 318185915.6014115 17159835553698.242 5542626883844.433
38.38519907406768 1.993799117818649e-09 324195197.4731905 17483917430548.89 5664789247497.441
38.26672623741931 1.95761984675104e-09 319297872.4568476 17219803628482.525 5596436179256.795
38.1489824643811 2.0117394748581904e-09 329137794.01720405 17750472735937.69 5786654111915.924
38.03196104577871 1.9747450141105503e-09 324079291.90753716 17477666618212.932 5715196984155.396
37.91565535450721 2.0331479831618928e-09 334687427.08667034 18049765653021.746 5920323134191.11
37.80005884428005 2.0221371721637355e-09 333892844.2427493 18006913627627.4 5924274583489.5205
37.68516504840078 2.1010447554683883e-09 347979657.8949159 18766618548223.508 6192984120913.768
37.570967578557145 2.0986057344114455e-09 348632162.9577809 18801808288019.36 6223398543334.49
37.457460123637034 2.3074505183236306e-09 384488226.4462127 20735533581615.367 6884197149096.189
37.344636448565836 2.3970772656284077e-09 400629358.7574682 21606028353793.15 7194807441813.157
37.23249039316474 2.334114317904016e-09 391281226.7285893 21101881562610.95 7048028441911.971
37.12101587102951 2.3241122815582296e-09 390774510.47525394 21074554244985.387 7059975672070.29
37.01020686842943 2.258794220891915e-09 380929082.0723036 20543588152312.777 6902645619176.662
36.90005744322576 2.2535835781961228e-09 381184824.0332031 20557380371823.566 6927837185304.39
36.79056172380966 2.1903076621357716e-09 371584575.8444378 20039636901366.914 6773397272661.772
36.68171390805874 2.250265417599071e-09 382889186.67071867 20649297019134.477 7000111689486.502
36.57350826231225 2.259735979559844e-09 385638206.0825322 20797552233233.074 7071167759299.276
36.465939120364276 2.2363920825278165e-09 382780246.9867648 20643421878311.895 7039406860504.488
36.359000882474646 2.2920517953210015e-09 393460791.91608286 21219425986679.07 7257043687444.332
36.252688014397236 2.3168728288862163e-09 398887987.44386715 21512115820540.88 7378655726445.479
