string
20190130_1 Jan 30 2019_11.46.   full spectra  index number  Nphoton via eV
eV x-axis E [J] Nphoton Nphoton/sr Nphoton/sr @ 0.1bw
70.04756667188666 5.233337846231003e-10 46630996.22040167 2514819756665.77 447637916686.48956
69.6540410164266 5.249305080458278e-10 47037526.00937206 2536743996502.804 454077175373.9866
69.26491229566443 5.275096405626667e-10 47534188.84756131 2563529131265.452 461435243627.7799
68.88010722735518 5.280206808058624e-10 47846050.3606904 2580347890419.8535 467042968165.9841
68.499554148751 5.305741523649227e-10 48344527.393483005 2607230865091.592 474516017446.6756
68.12318297210952 5.349038362473904e-10 49008313.29776462 2643028983115.785 483674303910.185
67.75092514166083 5.309701611799116e-10 48915203.06291095 2638007527922.0967 485393385137.6465
67.38271359197788 5.414980567114277e-10 50157673.10040103 2705014206968.3027 500427628289.1228
67.0184827076969 5.387896267930615e-10 50178030.29495739 2706112074893.291 503336845930.14703
66.65816828453724 5.412330250068107e-10 50678049.10510317 2733078197952.6343 511085623017.14844
66.3017074915718 5.391772495556256e-10 50756985.45967654 2737335252703.556 514619027508.2646
65.94903883470174 5.470060888792655e-10 51769344.39177072 2791931989844.5405 527675146080.6178
65.60010212129062 5.408724500594385e-10 51461130.209892556 2775309932056.8784 527308887090.77075
65.25483842591538 5.466727840213887e-10 52288202.12838699 2819914100301.16 538603593157.5344
64.91319005719332 5.575825702269183e-10 53612395.40076585 2891328131159.143 555135001182.5359
64.57510052564542 5.561916208305996e-10 53758646.493094094 2899215484341.1904 559548588477.8632
64.24051451255919 5.597495169449528e-10 54384318.626976445 2932958118447.604 568993874978.819
63.90937783981403 5.548403857051123e-10 54186668.442593865 2922298801064.7065 569848266207.6228
63.5816374406355 5.612982983221524e-10 55099923.02807071 2971550819262.378 582423960575.4159
63.257241331244494 5.698166098553431e-10 56222976.14574389 3032117317879.7495 597327111622.2896
62.936138583370145 5.615824329019162e-10 55693228.62593734 3003547919049.8926 594702487971.8678
62.61827929759554 5.764338364971541e-10 57456254.4811917 3098628286437.9355 616627029001.1426
62.30361457750712 5.828227785127185e-10 58386473.991196215 3148795226700.9834 629759045340.1932
61.99209650461958 5.836415857915554e-10 58762312.66749521 3169064288164.0605 636981921920.9774
61.683678114049336 5.915739968036815e-10 59858770.00109048 3228196470368.2236 652095687014.3777
61.378313370910476 5.919525568422333e-10 60195070.222992554 3246333214396.017 659005642522.3569
61.07595714740844 6.021663268462528e-10 61536835.516794905 3318694908186.859 677013761270.1157
60.776565200607415 6.094955654684389e-10 62592654.90431568 3375635477130.7046 692005272811.8053
60.48009415084836 6.067165993828481e-10 62612694.4446056 3376716213892.0938 695603540061.7533
60.18650146079569 6.198572266831453e-10 64280840.16252277 3466679674861.004 717602692696.2267
59.89574541509136 6.226940707450267e-10 64888499.43548457 3499450871464.711 727885781264.6516
59.60778510059573 6.151663534658938e-10 64413747.10832869 3473847375322.111 726034101442.2902
59.322580387195735 6.252549411665947e-10 65784878.03159735 3547792763889.7 745036480416.8325
59.04009190916147 6.318083353562431e-10 66792438.792156994 3602130734597.433 760049585000.0593
58.76028104703274 6.359001529784664e-10 67545129.70484716 3642723519039.552 772257386036.3816
58.483109910018435 6.304567211300699e-10 67284308.76859453 3628657389284.5713 772904023917.6028
58.208541318891584 6.234315222957067e-10 66848399.87814265 3605148728122.084 771501827818.1384
57.93653878936406 6.320245027657367e-10 68087963.4241548 3671998659451.4556 789479711782.028
57.66706651592514 6.416290071816487e-10 69445659.19992356 3745219487595.6143 808967409320.6531
57.40008935612919 6.577809006145626e-10 71524966.89880852 3857357003522.3135 837046469764.319
57.13557281531753 6.552569917034338e-10 71580388.7524962 3860345916131.987 841555409716.7662
56.873483031761026 6.522086330865069e-10 71575714.48782404 3860093832022.7417 845360549212.9834
56.61378676220961 6.522183118373841e-10 71905110.50658698 3877858230875.3164 853128810792.5585
56.35645136783592 6.59275581261014e-10 73015039.814751 3937716959594.7344 870235448070.4187
56.10144480056064 6.672686009724031e-10 74236180.32966655 4003573332854.6963 888793279893.7185
55.8487355897473 6.871257513950259e-10 76791270.77891038 4141369915871.1904 923525491239.2703
55.59829282925516 6.898404174076083e-10 77441927.55112818 4176459976950.902 935527034837.0104
55.35008616483884 6.768405183294934e-10 76323279.47191432 4116131043014.6284 926129484678.2893
55.104085781884 6.75105060870993e-10 76467437.5345791 4123905518652.2183 932002647215.38
54.86026239346858 6.775770318936833e-10 77088531.11624785 4157401230443.07 943730079310.5956
54.61858722873965 6.846559673947486e-10 78238571.10397345 4219423136825.217 962028475196.089
54.37903202159604 7.14577497636023e-10 82017558.71130592 4423224759466.873 1012918469917.9305
54.141568999667676 7.470842519999414e-10 86124699.46865144 4644723752779.411 1068286463139.2556
53.90617087358216 7.143462111707968e-10 82710231.58885793 4460580758235.182 1030394155152.3278
53.67281082651038 7.072654997330577e-10 82246440.02440609 4435568378406.416 1029051863790.2819
53.441462503982315 7.108540090737313e-10 83021592.03264835 4477372494611.292 1043227791244.4095
53.21210000396522 7.090975795867843e-10 83173423.76378894 4485560812856.873 1049621230208.4886
52.98469786719613 7.25908936532284e-10 85510738.18939964 4611612687607.386 1083728981587.705
52.75923106776125 7.836271704295158e-10 92704326.52731541 4999564469465.226 1179897214793.799
52.535675003914804 7.929183793856454e-10 94202654.94955039 5080369646785.495 1204047606288.1558
52.31400548913035 7.454522393485877e-10 88938709.78510606 4796483940484.456 1141563177835.2974
52.0941987433777 7.408293907869944e-10 88760106.77071449 4786851841117.137 1144057590026.9824
51.8762313846188 7.387631792832207e-10 88884451.71179825 4793557790803.497 1150453869792.784
51.66008042051621 7.400566334629992e-10 89412626.54180658 4822042374130.872 1162112212165.5525
51.445723240348094 7.672054156906443e-10 93078924.74680187 5019766632822.915 1214783525143.1536
51.23313760712352 8.283873060420318e-10 100918655.62304437 5442565022146.014 1322543300381.4724
51.022301649892555 8.597627099786151e-10 105173792.25958197 5672045465375.217 1383979093551.5132
50.81319385624545 8.05413754400574e-10 98930800.57736452 5335359567674.589 1307163094080.2776
50.60579306499547 7.731906647580089e-10 95361997.94140199 5142893266201.218 1265151743485.4626
50.400078459040195 7.796606414423784e-10 96552466.62993541 5207095501200.993 1286152588796.627
50.196029558396305 7.795052477943596e-10 96925634.29640181 5227220514523.526 1296350687601.828
49.99362621340277 7.873436851898045e-10 98296642.6587139 5301159293352.102 1319988664044.6787
49.7928485980879 8.377061675640152e-10 105005903.2985629 5662991177233.886 1415747794308.4727
49.59367720369555 9.221619999220687e-10 116056611.38764477 6258958265224.396 1570998524571.2834
49.39609283236608 9.168237878474024e-10 115846321.9200218 6247617308550.484 1574399561754.7407
49.200076590967804 8.171853565721626e-10 103667773.63882194 5590825553977.81 1414478865156.3171
49.00560988507464 8.194619180718274e-10 104369103.32592466 5628648416365.864 1429676697756.92
48.81267441308616 8.04047243985817e-10 102810610.84397541 5544598578234.671 1413872637449.8782
48.621252160485824 8.012298119612448e-10 102853703.86697464 5546922594326.9 1420012184147.6633
48.43132539423392 8.152687685049226e-10 105066297.01340559 5666248223395.777 1456225793412.6936
48.242876657291376 8.43379757005526e-10 109113616.72613695 5884521054776.26 1518206432132.259
48.055888763270865 9.8098343239883e-10 127410152.031086 6871257178661.333 1779655609273.2383
47.8703447912119 9.79105094124976e-10 127659085.6329683 6884682221891.22 1790017377691.712
47.68622808047647 8.451897985155308e-10 110624227.15699045 5965988603489.57 1557123025510.7695
47.503522225762 8.45391875812097e-10 111076255.94170482 5990366614051.651 1569476052881.5317
47.322211072228555 8.248270295850157e-10 108789462.46398272 5867039344996.355 1543031347734.0059
47.14227871073719 8.204619682194579e-10 108626768.04537666 5858265199655.862 1546582012709.1482
46.963709473196516 8.311727612016151e-10 110463267.2170132 5957307998958.342 1578686619723.9084
46.78648792801464 8.455739794151074e-10 112802867.37144169 6083483143560.568 1618206516187.105
46.61059887565368 9.274456179646234e-10 124191749.6054703 6697688036655.777 1788282705787.114
46.43602734428419 1.1155376599365341e-09 149940223.19936693 8086308811383.896 2167130761450.8274
46.26275858553686 1.0013694102881973e-09 135098886.5646187 7285912302418.409 1959910409350.5579
46.09077807034899 8.703284683564602e-10 117857744.27491055 6356093753127.5 1716145313344.4404
45.920071484903254 8.426371316119441e-10 114532044.1995612 6176738025561.588 1673896004927.1
45.75062472665637 8.39648675367685e-10 114548538.70561373 6177627577856.403 1680314701176.9912
45.58242390045543 8.413658660655674e-10 115206358.14621016 6213103923197.852 1696177371032.9885
45.415455314739475 8.445017071793082e-10 116060873.30470903 6259188111337.566 1715017542506.454
45.249705477824364 8.588378742332959e-10 118463458.16889611 6388760035020.388 1756909009630.6418
45.08516109426864 9.39078727092622e-10 130004190.57821003 7011154241057.91 1935078570531.9648
44.92180906131839 1.180115831104676e-09 163966970.91574484 8842774363013.705 2449448498554.6543
44.759636465429146 1.1735903268503598e-09 163651106.29739094 8825739715524.861 2453555640915.994
44.59863057886286 9.521224373995763e-10 133247862.45445693 7186086170025.748 2004918041437.1255
44.43877885635797 9.123367839628146e-10 128139210.4744841 6910575458900.419 1934961128492.1282
44.28006893187098 9.022745981242259e-10 127180174.7385944 6858854453315.11 1927338101381.566
44.122488615387454 8.9231515510096e-10 126225542.0157863 6807370903181.839 1919678594697.2048
43.96602588980097 9.050586694187181e-10 128483836.57271467 6929161219247.39 1960952625047.0142
43.81066890785821 9.475730247636881e-10 134996273.31646904 7280378347653.155 2067627450733.4333
43.65640598916856 9.87494167812479e-10 141180766.23006433 7613909394053.238 2169964177305.149
43.50322561727674 1.1829532582676944e-09 169720811.65736806 9153080244220.93 2617780949847.1714
43.35111643679675 1.6099367841750745e-09 231791503.06494883 12500566116577.096 3587662475457.7456
43.20006725060583 1.5515353988571536e-09 224164192.5182679 12089223601775.186 3481696397311.1094
43.05006701709677 1.1483997139567436e-09 166497692.36861914 8979256720761.87 2595005192300.263
42.901104847487446 1.0851060765007376e-09 157867486.17678094 8513827825939.364 2469010069522.305
42.75317000318576 1.0601985008811346e-09 154777504.04839027 8347184418462.231 2429030665772.5327
42.606251893209176 1.0417546267639813e-09 152609328.7727976 8230254254817.366 2403234242406.6045
42.460340071657086 1.0570890838336247e-09 155387863.25340134 8380101222987.911 2455369658335.4785
42.31542423523505 1.1168011403955756e-09 164727506.42955396 8883790208498.393 2611834321298.5127
42.17149422082949 1.1684754298278695e-09 172937656.82289827 9326565402851.762 2751336793841.255
42.02854000313176 1.3416792761231972e-09 199247730.26374316 10745473379332.35 3180660120282.2515
41.88655169231036 1.9009212308044948e-09 283255588.7918648 15276035440309.127 4536982525771.894
41.745519531730196 2.5356942170629022e-09 379119379.35683304 20445990491712.812 6092905166530.2295
41.605433895717674 1.9924090129706972e-09 298894151.31749344 16119426514765.676 4819708527914.784
41.46628528737079 1.4297566684620645e-09 215206792.32204744 11606149063214.04 3481844718964.2446
41.328064336412886 1.3497502923062235e-09 203843721.80738103 10993336201751.582 3308994196727.1343
41.19076179708925 1.3467191648194595e-09 204063904.1498532 11005210683315.322 3323573626361.2847
41.054368546105515 1.297253586530855e-09 197221600.21142033 10636203745437.494 3222769734867.5405
40.918875580606816 1.309077537617061e-09 199678200.71061 10768688744050.803 3273681378191.434
40.784274016196925 1.3881598302423054e-09 212439715.78399262 11456920024374.375 3494360607434.1426
40.65055508499628 1.5162378124130952e-09 232803667.41336963 12555152359778.3 3841876622092.179
40.51771013373812 1.660618492545952e-09 255807899.48430678 13795775592991.713 4235303107048.5483
40.38573062190184 2.3395773405925087e-09 361575035.2028789 19499820200013.06 6005944621603.781
40.254608119882676 3.702569356776812e-09 574085495.2928511 30960555480177.984 9566811643375.264
40.124334307196975 3.9153098915225685e-09 609042046.6752728 32845769890479.492 10182188666048.357
39.99490097072214 2.410387636836295e-09 376158812.0027315 20286326451128.22 6309047526300.944
39.866300002970625 1.8148893406047882e-09 284140535.2024319 15323760792484.018 4781013367254.682
39.73852340039699 1.7024948656319034e-09 267401020.3342223 14420995119012.172 4513771472250.883
39.61156326173758 1.6498265174300601e-09 259959248.27552542 14019658735175.143 4402172842844.918
39.485411786381725 1.5992804791816979e-09 252799924.3066085 13633554838181.281 4294569774026.9824
39.36006127277416 1.6298048092778352e-09 258445398.41059652 13938016483078.385 4404413208652.931
39.235504116847665 1.7040408344675365e-09 271075167.95641595 14619142698478.996 4634268235417.654
39.111732810485364 1.8623906140492239e-09 297202659.7213804 16028204005513.812 5096968873753.624
38.988739940012145 2.029949988428319e-09 324963896.5575507 17525373539166.922 5590594158993.933
38.866518184714295 2.736390575185664e-09 439431741.5790115 23698649289106.4 7583567772514.175
38.745060315387065 4.590244798027606e-09 739449433.6484836 39878668600713.48 12801052620829.186
38.624359192909225 6.004706833111909e-09 970330083.9680564 52330112230851.336 16850296138333.975
38.50440776684429 4.164905068607822e-09 675124134.9594252 36409591267857.875 11760297979517.883
38.38519907406768 2.595791605194968e-09 422080220.88310367 22762878008389.633 7375172474717.722
38.26672623741931 1.984619166882036e-09 323701600.5299543 17457297640167.121 5673621733054.288
38.1489824643811 1.8674040656485106e-09 305523285.8865261 16476937182241.092 5371481521410.815
38.03196104577871 1.7732971267127333e-09 291019282.5201687 15694733129724.965 5132177733419.8545
37.91565535450721 1.7845573594894057e-09 293765587.19903713 15842841937686.057 5196452155561.007
37.80005884428005 1.7882231527953783e-09 295269244.266303 15923934489990.48 5238974447206.962
37.68516504840078 1.967345080506323e-09 325836023.3850508 17572407528441.975 5798894484385.861
37.570967578557145 2.2696050241891964e-09 377039524.7036883 20333823478424.06 6730495571358.452
37.457460123637034 2.429394872827588e-09 404807695.14815384 21831366943078.844 7248013825102.059
37.344636448565836 3.0079048873627704e-09 502718466.1532757 27111716094322.81 9028201459409.543
37.23249039316474 5.406138748567433e-09 906262638.9713157 48874941003640.67 16324230295215.785
37.12101587102951 8.218063783764205e-09 1381779132.4615955 74519648802668.8 24964082348894.703
37.01020686842943 7.655094759291143e-09 1290975597.893037 69622594456482.945 23393191737376.81
36.90005744322576 4.458842447314448e-09 754195713.0481982 40673938652342.59 13707117325839.152
36.79056172380966 2.617934201998458e-09 444131199.8560425 23952092094935.484 8095807128087.902
36.68171390805874 2.278251389500424e-09 387651080.9502529 20906107012142.668 7087170277116.277
36.57350826231225 2.0890669325219743e-09 356512456.11491024 19226794209962.77 6537110031387.371
36.465939120364276 2.0342933015611254e-09 348189075.832772 18777912503107.758 6403268163559.865
36.359000882474646 2.0491192241664172e-09 351758225.6722401 18970397529341.61 6487875955034.911
36.252688014397236 2.1090085209564933e-09 363100707.96191186 19582100063357.35 6716660321731.532
