string
20190130_1 Jan 30 2019_10.35   full spectra  index number  Nphoton via eV
eV x-axis E [J] Nphoton Nphoton/sr Nphoton/sr @ 0.1bw
70.04756667188666 5.376219323070722e-10 47904123.5823733 2583479791881.5146 459859402954.8916
69.6540410164266 5.406720022913014e-10 48448076.4225197 2612815286723.3794 467693936323.46906
69.26491229566443 5.432381108138371e-10 48951490.10181879 2639964495813.69 475193609246.4627
68.88010722735518 5.418668952809185e-10 49100710.8297981 2648012002091.5474 479290172378.5604
68.499554148751 5.43460196257601e-10 49518669.969382055 2670552629290.1763 486040578530.8181
68.12318297210952 5.499544611511568e-10 50387263.47652121 2717396065830.5576 497283480046.9883
67.75092514166083 5.471140504887099e-10 50402446.00328675 2718214862797.4 500151534754.7017
67.38271359197788 5.535126927149579e-10 51270560.16918424 2765032448360.4824 511531002946.6757
67.0184827076969 5.496038319540354e-10 51185168.308012806 2760427246736.28 513439467892.9428
66.65816828453724 5.515236663032551e-10 51641607.50019122 2785043111531.05 520803061856.31226
66.3017074915718 5.507465896135289e-10 51846098.22469217 2796071340728.626 525661412056.97766
65.94903883470174 5.583348412213035e-10 52841511.76512785 2849754209216.1113 538603545541.84467
65.60010212129062 5.487453959353101e-10 52210199.038983665 2815707376743.609 534984401581.249
65.25483842591538 5.553916519445886e-10 53122145.104193054 2864888826158.983 547193765796.3788
64.91319005719332 5.677938884095457e-10 54594228.867596164 2944278623326.845 565301495678.7344
64.57510052564542 5.655021170129471e-10 54658551.587303646 2947747561574.664 568915279383.9238
64.24051451255919 5.687155268802429e-10 55255441.02435657 2979937938588.0776 578107960086.0706
63.90937783981403 5.599490526007964e-10 54685589.65740106 2949205730568.9893 575095117460.9579
63.5816374406355 5.663909403672349e-10 55599842.92010022 2998511607646.221 587708275098.6492
63.257241331244494 5.770153975639758e-10 56933270.05894428 3070423622928.713 604873453716.935
62.936138583370145 5.699359245367964e-10 56521660.73525778 3048225442680.92 603548637650.811
62.61827929759554 5.808538699259768e-10 57896822.9374868 3122388238998.6294 621355259560.7206
62.30361457750712 5.865667473585322e-10 58761540.2166409 3169022629721.6733 633804525944.3312
61.99209650461958 5.916810091957182e-10 59571739.41713487 3212716848618.623 645756086572.3446
61.683678114049336 6.018075532088605e-10 60894258.54937108 3284040592735.009 663376199732.4683
61.378313370910476 6.007602946785001e-10 61090720.37507238 3294635821676.056 668811071800.2043
61.07595714740844 6.058541831925474e-10 61913706.48960411 3339019641624.9956 681160006891.4956
60.776565200607415 6.134581328477652e-10 62999594.06279609 3397581794354.3486 696504267842.6523
60.48009415084836 6.154317640260264e-10 63512092.84806582 3425220965183.3784 705595518827.7577
60.18650146079569 6.328708338935224e-10 65630385.78209125 3539460963310.675 732668419405.3086
59.89574541509136 6.292262710677976e-10 65569194.333461456 3536160895192.3384 735521466199.998
59.60778510059573 6.156586518433514e-10 64465295.413935356 3476627386642.2544 726615123808.2001
59.322580387195735 6.253114172345215e-10 65790820.04180096 3548113217790.872 745103775736.0786
59.04009190916147 6.397019172271197e-10 67626919.052162 3647134436308.829 769545366061.164
58.76028104703274 6.537102812694682e-10 69436916.36324166 3744747984513.9937 793886572716.9631
58.483109910018435 6.500244077398272e-10 69372633.34919073 3741281187600.8584 796892892958.9717
58.208541318891584 6.245975236540605e-10 66973426.15973757 3611891422650.2314 772944764447.162
57.93653878936406 6.270681804895853e-10 67554019.1096857 3643202926573.7017 783288629213.3112
57.66706651592514 6.386391941536468e-10 69122061.70933297 3727767804627.0947 805197845799.4529
57.40008935612919 6.643813186422861e-10 72242674.99965206 3896063157321.591 845445705138.762
57.13557281531753 6.777657898553446e-10 74039253.81225958 3992953042989.0093 870463763371.5969
56.873483031761026 6.663947430216764e-10 73132549.0694324 3944054259228.375 863747882771.0171
56.61378676220961 6.548425818373998e-10 72194428.39436394 3893461207416.915 856561465631.7102
56.35645136783592 6.551153270441964e-10 72554289.96155699 3912868619914.9097 864743965001.1776
56.10144480056064 6.613230525606527e-10 73574715.36127113 3967900383407.064 880873885116.3444
55.8487355897473 6.87767977940353e-10 76863044.2387807 4145240674154.6514 924388670336.482
55.59829282925516 7.123872161635166e-10 79973045.6354042 4312963725116.729 966103874426.1559
55.35008616483884 6.979146594209167e-10 78699685.01589839 4244291110271.4917 954965499811.0835
55.104085781884 6.78431232682333e-10 76844184.5773057 4144223568514.077 936594526484.16
54.86026239346858 6.717602780752249e-10 76426753.95051868 4121711444125.405 935628497816.4855
54.61858722873965 6.796567498661082e-10 77667289.0956283 4188613774005.1816 955003940473.1213
54.37903202159604 7.067282207075853e-10 81116636.79108144 4374637844585.511 1001792066410.0985
54.141568999667676 7.597462212007712e-10 87584385.29281852 4723444926390.845 1086392333069.8853
53.90617087358216 7.451171926705456e-10 86273034.84344418 4652723511767.575 1074779131218.3108
53.67281082651038 7.200250110142797e-10 83730217.16287507 4515588801831.945 1047616602025.0045
53.441462503982315 7.086806162360648e-10 82767758.5714985 4463683200906.62 1040038185811.2211
53.21210000396522 7.029324191438048e-10 82450282.80708945 4446561663961.006 1040495429366.856
52.98469786719613 7.161189811574155e-10 84357499.44440584 4549418271550.84 1069113293814.417
52.75923106776125 7.773834572962197e-10 91965685.44531375 4959729395444.438 1170496137324.8933
52.535675003914804 8.23111185973987e-10 97789710.83694676 5273820350074.179 1249895422967.5735
52.31400548913035 7.802353695907573e-10 93088629.20681064 5020289996459.465 1194829019157.3494
52.0941987433777 7.524221504053751e-10 90149056.22964674 4861758187184.108 1161960206736.9883
51.8762313846188 7.294064508341015e-10 87758694.90455852 4732845481620.431 1135882915588.8489
51.66008042051621 7.272138003138842e-10 87860973.0707375 4738361365342.209 1141945089047.4844
51.445723240348094 7.516339462835724e-10 91189762.34062512 4917883693840.691 1190127853909.4553
51.23313760712352 8.257083330281048e-10 100592288.53238037 5424963974043.845 1318266245692.6455
51.022301649892555 8.920764040529532e-10 109126689.62099306 5885226078835.913 1435995163235.9216
50.81319385624545 8.625847403837379e-10 105953242.62309434 5714081392813.619 1399949941239.3403
50.60579306499547 7.86436798711405e-10 96995718.90619226 5231000192755.279 1286826047417.7612
50.400078459040195 7.648387624249088e-10 94716938.57688446 5108105074534.809 1261701953410.0798
50.196029558396305 7.571257211660073e-10 94142907.9198393 5077147476493.242 1259132574170.3176
49.99362621340277 7.629129006410601e-10 95246559.01184876 5136667619651.515 1279030237293.2324
49.7928485980879 8.319252625736999e-10 104281270.75567925 5623911586771.0625 1405977896692.7668
49.59367720369555 9.370612634198282e-10 117931724.47392216 6360083521332.26 1596380963854.3564
49.39609283236608 9.823064245313664e-10 124120455.63035364 6693843137089.25 1686848470546.511
49.200076590967804 8.818858398549537e-10 111875648.39005102 6033478022457.524 1526469939681.6794
49.00560988507464 8.28730619968681e-10 105549592.72346264 5692312466034.272 1445847366372.6953
48.81267441308616 7.783266967901288e-10 99521817.56943911 5367233242454.544 1368644476825.9446
48.621252160485824 7.685181609759596e-10 98654516.05192727 5320459483195.445 1362037627698.0117
48.43132539423392 7.779273711988752e-10 100253991.56050873 5406719544856.402 1389526923028.0752
48.242876657291376 8.410665383357863e-10 108814340.32871677 5868381013646.134 1514042301520.6865
48.055888763270865 1.0153152073883074e-09 131869163.80074446 7111732652111.248 1841938756896.7646
47.8703447912119 1.0722488068000909e-09 139803482.8625545 7539632202831.115 1960304372736.0842
47.68622808047647 9.565773067909899e-10 125203386.81977607 6752245851399.642 1762336167215.297
47.503522225762 8.653025372240726e-10 113692322.86432664 6131451671524.449 1606440337939.4048
47.322211072228555 7.971381981756144e-10 105137480.9245318 5670087187187.39 1491232930230.249
47.14227871073719 7.78840098706266e-10 103116154.09816797 5561076592311.994 1468124220370.367
46.963709473196516 7.898787304604443e-10 104975270.29849647 5661339132885.339 1500254870214.5654
46.78648792801464 8.065388842067134e-10 107595433.39781132 5802645098057.079 1543503596083.177
46.61059887565368 9.813986090231826e-10 131416449.60536435 7087317677203.06 1892313819813.2397
46.43602734428419 1.218689912979425e-09 163804992.09085247 8834038809797.652 2367522401025.709
46.26275858553686 1.1811012607342105e-09 159347253.4769519 8593631997914.351 2311687007438.9673
46.09077807034899 9.828905007806396e-10 133100618.33321339 7178145262578.565 1938099220896.23
45.920071484903254 8.321770939828109e-10 113110305.88881622 6100063369593.038 1653117173159.6243
45.75062472665637 8.019565174510298e-10 109406409.93595493 5900311456190.538 1604884716083.8738
45.58242390045543 7.984688864680836e-10 109332570.06634854 5896329255981.088 1609697886882.8132
45.415455314739475 8.021407516827385e-10 110239156.84498148 5945221677907.099 1628990739746.508
45.249705477824364 8.183627953600816e-10 112880544.37709318 6087672281350.542 1674109877371.4326
45.08516109426864 1.0372794150884657e-09 143598898.44327682 7744319789646.634 2137432261942.4507
44.92180906131839 1.385173088424359e-09 192457917.7031679 10379297312866.04 2875065355663.726
44.759636465429146 1.3732857331563973e-09 191497598.73755652 10327507102423.06 2871046974473.7075
44.59863057886286 1.1503464586485275e-09 160988965.99434224 8682169910636.284 2422325405067.453
44.43877885635797 9.412583233603644e-10 132201288.52422737 7129644210602.176 1996300378968.6206
44.28006893187098 8.550551044716639e-10 120524347.93566144 6499904267866.612 1826473099270.5369
44.122488615387454 8.357373353072588e-10 118222129.84834038 6375745146264.676 1797960131246.5696
43.96602588980097 8.646005550363092e-10 122740326.30979632 6619412463000.997 1873293727029.285
43.81066890785821 8.809958033603699e-10 125511329.63156961 6768853274139.686 1922354329855.6123
43.65640598916856 9.826657678986753e-10 140490456.12827808 7576680820295.286 2159354033784.1326
43.50322561727674 1.4764679721468584e-09 211831989.86731803 11424145233660.758 3267305536826.9585
43.35111643679675 1.8981244487326636e-09 273283475.04123276 14738237179313.883 4229874070463.2246
43.20006725060583 1.7884080051725798e-09 258387296.0088533 13934883007929.73 4013246306283.5967
43.05006701709677 1.378633644273928e-09 199877549.25720465 10779439654476.764 3115258060143.8843
42.901104847487446 1.1074764519606208e-09 161122057.33361298 8689347555477.008 2519910791088.2197
42.75317000318576 1.0066176128557578e-09 146955274.43160468 7925329875863.763 2306270993876.377
42.606251893209176 9.70475827659083e-10 142167513.19774273 7667124872389.127 2238800462737.5635
42.460340071657086 9.97710922353777e-10 146659511.23711932 7909379302531.148 2317448135641.6455
42.31542423523505 1.0382566109969972e-09 153142234.88611 8258993997281.192 2428144235200.657
42.17149422082949 1.0844254374923287e-09 160498021.07237828 8655693144337.872 2553429477579.658
42.02854000313176 1.5239868456851429e-09 226321539.9972265 12205569819995.256 3612848666718.455
41.88655169231036 2.374727471987473e-09 353857286.3502356 19083600327723.04 5667829297333.846
41.745519531730196 2.7216775872149506e-09 406926320.5046535 21945624868822.39 6539796210908.87
41.605433895717674 2.2549425244556577e-09 338278499.9110082 18243432990592.355 5454786464186.941
41.46628528737079 1.6071758220135909e-09 241911900.80277058 13046361365215.908 3913908409564.809
41.328064336412886 1.3156882072787711e-09 198699553.8645449 10715910107033.258 3225488942216.921
41.19076179708925 1.2782347092857516e-09 193686680.9433661 10445564781356.518 3154560563969.7227
41.054368546105515 1.2116368294326551e-09 184205275.5582159 9934230529117.21 3010071850322.496
40.918875580606816 1.2218542531671745e-09 186373726.377694 10051175552903.682 3055557368082.71
40.784274016196925 1.2886766574447582e-09 197215116.64636177 10635854085365.342 3243935496036.3906
40.65055508499628 1.3391130846641036e-09 205607876.7056218 11088477458673.166 3393074102354.006
40.51771013373812 1.6940757396361744e-09 260961779.28216192 14073725450161.096 4320633713199.5503
40.38573062190184 2.9719792203529465e-09 459310950.13477755 24770739325240.93 7629387712173.9
40.254608119882676 4.067600200798269e-09 630683736.3234128 34012910914821.574 10509989472680.16
40.124334307196975 4.166140190987332e-09 648059698.7096522 34950000341207.836 10834500105774.125
39.99490097072214 2.679653341674975e-09 418179716.0669997 22552522936279.535 7013834633183.012
39.866300002970625 1.890525175948082e-09 295982142.43109345 15962381242893.467 4980262947782.416
39.73852340039699 1.6604333115468243e-09 260794655.34232634 14064712419778.389 4402254987390.707
39.61156326173758 1.56825461650386e-09 247106157.46800688 13326488755614.959 4184517469263.024
39.485411786381725 1.4880081117571496e-09 235210985.76298544 12684979561358.635 3995768561827.8574
39.36006127277416 1.5146215454042263e-09 240180275.89249682 12952974457612.469 4093139928605.6895
39.235504116847665 1.5720245714265325e-09 250074303.4507242 13486561513287.246 4275239999711.884
39.111732810485364 1.6095295369318547e-09 256850767.86132568 13852017711125.607 4404941632138.144
38.988739940012145 1.8909771725692995e-09 302716477.6484338 16325565404186.766 5207855363935.284
38.866518184714295 3.4819984062451066e-09 559167480.5881146 30156023706239.86 9649927585996.916
38.745060315387065 5.795156855088373e-09 933550527.9022492 50346582781930.38 16161253072999.854
38.624359192909225 6.546147981756271e-09 1057824219.7900997 57048689983676.74 18369678174743.742
38.50440776684429 4.3698202091277645e-09 708340535.9829084 38200958991257.305 12338909754175.887
38.38519907406768 2.8621511209291493e-09 465390740.49893224 25098623740403.242 8131954091890.077
38.26672623741931 1.9719236551903084e-09 321630897.2319431 17345624161448.832 5637327852470.844
38.1489824643811 1.855597836867442e-09 303591685.82338315 16372765571199.176 5337521576211.149
38.03196104577871 1.6649435822095662e-09 273237169.01825184 14735739885434.621 4818586942536.925
37.91565535450721 1.6470385001307802e-09 271127867.959804 14621984821110.693 4796011021324.289
37.80005884428005 1.6421072940139751e-09 271142770.3806114 14622788511902.361 4810897420415.963
37.68516504840078 1.8250718921460263e-09 302272424.7114004 16301617532822.855 5379533785831.551
37.570967578557145 1.8674761754594656e-09 310235623.41744405 16731074569030.293 5537985682349.1
37.457460123637034 2.1271315377101156e-09 354441850.8034327 19115126015679.53 6346221837205.501
37.344636448565836 4.098682818802384e-09 685022837.1827546 36943430429237.164 12302162332936.041
37.23249039316474 7.8179915118174e-09 1310575615.6984446 70679627674796.95 23606995643381.895
37.12101587102951 1.0057123792951189e-08 1690997314.615354 91195852543311.25 30550610602010.07
37.01020686842943 7.3583080513350705e-09 1240924695.8731415 66923338437082.125 22486241714858.19
36.90005744322576 4.51491247948906e-09 763679739.0922304 41185414237284.734 13879484597964.65
36.79056172380966 2.7891924208237217e-09 473185069.18324333 25518973579651.938 8625413069922.044
36.68171390805874 2.320854816220043e-09 394900177.55836105 21297052367071.06 7219700752437.0
36.57350826231225 2.1187124384615265e-09 361571648.79597944 19499637570353.28 6629876773920.1455
36.465939120364276 1.8640282845090285e-09 319046562.8585978 17206250447252.357 5867331402513.164
36.359000882474646 1.906082121259808e-09 327204028.4687102 17646184339800.355 6034995044211.797
36.252688014397236 1.9467842968904787e-09 335171123.97890013 18075851531501.973 6200017075305.141
