string
20190130_1 Jan 30 2019_10.38   full spectra  index number  Nphoton via eV
eV x-axis E [J] Nphoton Nphoton/sr Nphoton/sr @ 0.1bw
70.04756667188666 6.130944691797402e-10 54629008.70361215 2946154307439.0435 524415466724.1292
69.6540410164266 6.124988617397219e-10 54884276.486512996 2959920954427.35 529825850842.4777
69.26491229566443 6.156295405895291e-10 55474722.34119988 2991763827643.9067 538517488975.9015
68.88010722735518 6.173045747949714e-10 55936418.491123706 3016663201311.951 546016039437.4522
68.499554148751 6.168180533458499e-10 56202845.81119889 3031031684564.459 551647766590.7384
68.12318297210952 6.206638834188391e-10 56865716.76993861 3066780459376.8076 561220824065.9515
67.75092514166083 6.170730605132423e-10 56847364.06389075 3065790693952.554 564105487687.2476
67.38271359197788 6.273181830056693e-10 58106986.65148485 3133722413752.2305 579738646544.1473
67.0184827076969 6.233562842387999e-10 58053809.79819817 3130854574501.9053 582338950857.3485
66.65816828453724 6.237976400793479e-10 58408940.28074296 3150006838577.0 589051278813.9058
66.3017074915718 6.228382195609958e-10 58632649.05936432 3162071501608.377 594469442302.3704
65.94903883470174 6.313711668955765e-10 59753761.507516935 3222533339496.8975 609058801164.9132
65.60010212129062 6.213503016973001e-10 59118168.76250008 3188255684676.765 605768580088.5438
65.25483842591538 6.266709747205674e-10 59939875.46469898 3232570505640.645 617420966577.3779
64.91319005719332 6.385611545434334e-10 61398607.0099351 3311240214782.0166 635758121238.1248
64.57510052564542 6.340758075285998e-10 61286534.910124324 3305196142091.7607 637902855423.7252
64.24051451255919 6.439270324077975e-10 62562864.00052928 3374028847217.4844 654561596360.1733
63.90937783981403 6.331182701390848e-10 61831421.56347734 3334581997682.7275 650243489548.1376
63.5816374406355 6.358197840412275e-10 62415334.70726634 3366072560381.342 659750221834.7316
63.257241331244494 6.457224110294599e-10 63712491.14921029 3436028489100.2676 676897612352.7288
62.936138583370145 6.376107477271891e-10 63233105.35913317 3410175109295.7134 675214671640.5388
62.61827929759554 6.54659766837478e-10 65253452.83438694 3519132887552.9805 700307444623.0356
62.30361457750712 6.591512590233759e-10 66032967.92799037 3561172305899.257 712234461179.8474
61.99209650461958 6.586448612775116e-10 66313806.65367959 3576317999387.381 718839917876.865
61.683678114049336 6.669748009389393e-10 67488245.6322303 3639655748645.3623 735210461226.3593
61.378313370910476 6.709741269510566e-10 68230695.5562226 3679696234342.1694 746978335571.4213
61.07595714740844 6.819325312457681e-10 69688337.15528703 3758307162449.7124 766694661139.7374
60.776565200607415 6.856754861204411e-10 70416015.32588685 3797551004276.926 778497955876.782
60.48009415084836 6.803767686119819e-10 70214368.22998263 3786676132587.3447 780055283312.9728
60.18650146079569 6.9411109205999e-10 71981163.15025221 3881959766470.481 803565671659.3883
59.89574541509136 6.984232291825954e-10 72779937.1179513 3925037820080.6914 816407866576.7745
59.60778510059573 6.925951550484474e-10 72521276.42286244 3911088192600.9814 817417432253.5702
59.322580387195735 7.019794696683416e-10 73857287.24775167 3983139546633.1904 836459304792.9648
59.04009190916147 7.032659271557039e-10 74346670.9214455 4009532114473.2163 846011276153.8497
58.76028104703274 7.039445300225153e-10 74772783.68731356 4032512468508.707 854892643323.8422
58.483109910018435 7.039039515164225e-10 75122826.4049128 4051390348314.981 862946144191.0789
58.208541318891584 6.976983657328861e-10 74811775.91901784 4034615328035.5107 863407680199.6133
57.93653878936406 7.04442047073764e-10 75889501.31791535 4092737292931.9453 879938517980.3292
57.66706651592514 7.135361916174915e-10 77228414.91773644 4164945194246.8525 899628161957.3207
57.40008935612919 7.180185196884961e-10 78075010.69956455 4210602288682.243 913700696644.0216
57.13557281531753 7.165443343261903e-10 78275428.81477737 4221410881176.1436 920267572096.3918
56.873483031761026 7.206864271491363e-10 79090713.19826381 4265379345096.6235 934118076576.1638
56.61378676220961 7.260648651983118e-10 80046471.28038874 4316923586102.334 949723188942.5011
56.35645136783592 7.299764027282627e-10 80845184.6602386 4359998372196.6724 963559640255.4452
56.10144480056064 7.34247203468082e-10 81687805.66592887 4405441106091.437 978007925552.2725
55.8487355897473 7.36098168715818e-10 82264292.49515918 4436531166032.548 989346450025.2526
55.59829282925516 7.367485508617259e-10 82707864.68795729 4460453110755.405 999141496809.2197
55.35008616483884 7.438298794305239e-10 83877271.27721865 4523519462165.735 1017791878987.2882
55.104085781884 7.476931062361712e-10 84689301.28058298 4567312416659.222 1032212606164.9606
54.86026239346858 7.496022374523166e-10 85282901.70219186 4599325416355.205 1044046869512.6522
54.61858722873965 7.571334030502882e-10 86520878.23779875 4666089759868.646 1063868465249.9845
54.37903202159604 7.613705014639363e-10 87388351.87430178 4712872801542.331 1079247871553.2115
54.141568999667676 7.703377979562443e-10 88805393.98430458 4789294190384.615 1101537663788.4524
53.90617087358216 7.643110639864869e-10 88495387.97810465 4772575499122.01 1102464940297.185
53.67281082651038 7.759549352086071e-10 90234192.20132178 4866349588632.179 1128993104562.6582
53.441462503982315 7.887216266178233e-10 92115855.40287767 4967828093880.013 1157503945874.019
53.21210000396522 7.819719064773058e-10 91721199.7631067 4946544229488.94 1157491349700.3904
52.98469786719613 7.844513842857788e-10 92406930.90846127 4983525859131.763 1171128576895.931
52.75923106776125 7.991240735086774e-10 94537634.53069325 5098435168370.237 1203230699735.382
52.535675003914804 7.936020988598567e-10 94283884.23037665 5084750359547.369 1205085835212.72
52.31400548913035 7.938902282139248e-10 94717768.46501955 5108149830582.227 1215739659678.5667
52.0941987433777 8.076663384796532e-10 96767962.13823293 5218717220779.487 1247273415766.283
51.8762313846188 8.102943113701452e-10 97490735.34120071 5257696536636.71 1261847168792.7498
51.66008042051621 8.075405081093417e-10 97565935.63804777 5261752104982.8 1268082257300.8682
51.445723240348094 8.245483589457238e-10 100035887.4986809 5394957145419.314 1305579629191.483
51.23313760712352 8.274024528056259e-10 100798675.43517916 5436094464548.964 1320970954885.3894
51.022301649892555 8.190432985569944e-10 100192633.07683897 5403410468502.072 1318432154314.4678
50.81319385624545 8.310587000835307e-10 102080827.49621959 5505241203746.089 1348784094917.7952
50.60579306499547 8.276252916280308e-10 102075729.76994736 5504966282260.756 1354221705436.1064
50.400078459040195 8.419667687821205e-10 104268400.92370924 5623217513936.973 1388934725942.4124
50.196029558396305 8.428425210590036e-10 104801149.44290107 5651948757315.639 1401683291814.2712
49.99362621340277 8.457628577724407e-10 105590037.70307603 5694493672571.421 1417928924470.2898
49.7928485980879 8.721601059610924e-10 109324681.24680053 5895903810229.031 1473975952557.259
49.59367720369555 8.520116493847088e-10 107227997.79078276 5782829215945.309 1451490133202.2354
49.39609283236608 8.668538951949215e-10 109532318.78522123 5907101747784.939 1488589640441.8223
49.200076590967804 8.525678304101854e-10 108156378.65250929 5832896997507.281 1475722940369.2705
49.00560988507464 8.712482692887099e-10 110964766.79951844 5984353980392.726 1520025911019.742
48.81267441308616 8.65501978105878e-10 110668605.26084207 5968381924271.351 1521937390689.2344
48.621252160485824 8.587694576651489e-10 110240056.18623438 5945270179576.248 1521989165971.4946
48.43132539423392 8.694553574545152e-10 112049496.25843696 6042853675767.713 1553013394672.2798
48.242876657291376 8.597894526025729e-10 111236647.56852534 5999016569330.873 1547746274887.3489
48.055888763270865 8.688381988047965e-10 112844726.36753784 6085740608313.824 1576206817553.2388
47.8703447912119 8.708812771314446e-10 113548492.59856984 6123694874045.32 1592160667251.7786
47.68622808047647 8.699769122189422e-10 113868534.29570463 6140954792300.278 1602789200790.364
47.503522225762 8.881003875285406e-10 116687738.27792662 6292995075528.472 1648764709788.4585
47.322211072228555 8.785463544941934e-10 115874701.27306701 6249147813225.575 1643525874878.2883
47.14227871073719 8.725306199908938e-10 115520505.44881272 6230045955475.14 1644732132245.4373
46.963709473196516 8.846660993827911e-10 117572558.07165413 6340713599229.694 1680289103795.8137
46.78648792801464 8.861588940574811e-10 118217053.30328844 6375471367087.155 1695875383645.1768
46.61059887565368 8.748745303907887e-10 117152096.58647682 6318038019989.586 1686916151337.2397
46.43602734428419 8.975009620823447e-10 120633753.04060057 6505804508944.041 1743555608396.9573
46.26275858553686 9.052337023949881e-10 122128820.8106268 6586433838582.322 1771750702578.65
46.09077807034899 8.868566652110083e-10 120095952.11141542 6476800787996.808 1748736212759.1538
45.920071484903254 8.777447509779597e-10 119303905.37458192 6434085535408.657 1743637180095.652
45.75062472665637 8.929169256208149e-10 121815626.00641721 6569543174750.295 1786915743532.133
45.58242390045543 8.967032548947726e-10 122783583.81397536 6621745349598.987 1807736480440.4968
45.415455314739475 8.95434777545444e-10 123060665.69888686 6636688435847.802 1818452631422.2563
45.249705477824364 9.05720969554154e-10 124930259.14262934 6737516016434.625 1852816904519.559
45.08516109426864 8.992122915471602e-10 124485160.55995792 6713511753174.294 1852929243876.0876
44.92180906131839 8.740745643218134e-10 121445162.32121854 6549563987724.965 1814229224599.71
44.759636465429146 9.015457598522811e-10 125715897.27865905 6779885651789.17 1884808211197.453
44.59863057886286 9.088727478705195e-10 127195144.38459885 6859661769576.259 1913845633711.7207
44.43877885635797 9.225613121856302e-10 129575262.37656225 6988022049959.17 1956646173988.5786
44.28006893187098 9.435515375676609e-10 132998368.42597522 7172630902867.604 2015509283705.8174
44.122488615387454 9.617788204028151e-10 136051766.25170413 7337301310954.313 2069118969689.0369
43.96602588980097 9.695673050839963e-10 137641604.2207166 7423041618012.576 2100720777897.562
43.81066890785821 9.899078878902195e-10 141027522.206094 7605644910548.531 2160003154595.7173
43.65640598916856 1.0172973146169737e-09 145441683.65021124 7843701596198.357 2235454954916.5073
43.50322561727674 1.016840353534837e-09 145888241.07946634 7867784535371.878 2250186377116.3447
43.35111643679675 1.0104179360821821e-09 145475458.6828568 7845523091046.497 2251665127130.4194
43.20006725060583 1.0243847926465397e-09 148002030.78882277 7981781673614.457 2298753122000.8687
43.05006701709677 1.0412155388723388e-09 150957878.49275148 8141191182439.8955 2352804251725.205
42.901104847487446 1.0588987918342727e-09 154054699.3539884 8308203404265.128 2409378987236.7793
42.75317000318576 1.086778394505271e-09 158657880.77934813 8556453978567.609 2489928107763.198
42.606251893209176 1.1027625978664773e-09 161546544.19814506 8712240224300.226 2543974145495.5957
42.460340071657086 1.1356175249160462e-09 166931229.7028638 9002637483382.885 2637772782631.207
42.31542423523505 1.1924478856735543e-09 175885356.53233886 9485535488564.318 2788747433637.894
42.17149422082949 1.2207443560583827e-09 180673605.21873698 9743766780460.127 2874411200235.7217
42.02854000313176 1.2286890108039436e-09 182467972.01048067 9840537371361.8 2912799061922.9795
41.88655169231036 1.1956360924451936e-09 178161304.03416982 9608277831783.535 2853658516039.762
41.745519531730196 1.2119090871977262e-09 181196225.429539 9771951801966.975 2912041636986.0684
41.605433895717674 1.2370288310286272e-09 185574688.83072668 10008083284406.273 2992416902037.381
41.46628528737079 1.2719891404858478e-09 191459644.02942076 10325460196767.707 3097638059030.3413
41.328064336412886 1.2989010029537768e-09 196164295.1371688 10579183053085.494 3184334098978.645
41.19076179708925 1.3690394222725935e-09 207446018.993468 11187608871589.793 3378657879220.176
41.054368546105515 1.3722895856490925e-09 208629331.10784173 11251425150990.385 3409181820750.065
40.918875580606816 1.4126498704906485e-09 215476452.89760008 11620691916636.865 3532690342657.596
40.784274016196925 1.506056624081224e-09 230482278.91637486 12429959373817.926 3791137609014.422
40.65055508499628 1.5654766529517392e-09 240363815.67160034 12962872797773.205 3966639076118.6206
40.51771013373812 1.541694042960692e-09 237488331.33407384 12807797302756.635 3931993771946.3726
40.38573062190184 1.4937582216257655e-09 230856091.90937954 12450119189740.863 3834636710440.032
40.254608119882676 1.5284742778072129e-09 236990810.50603268 12780965896414.875 3949318461992.3066
40.124334307196975 1.5891203843323583e-09 247194004.587669 13331226369862.965 4132680174657.4033
39.99490097072214 1.5947008218707471e-09 248864853.72204068 13421335626668.58 4174035379893.9736
39.866300002970625 1.6449944787708804e-09 257541658.957149 13889277618018.2 4333454616821.378
39.73852340039699 1.7091941477653772e-09 268453237.8264218 14477741436958.836 4531533069768.189
39.61156326173758 1.715452545696327e-09 270299785.7776027 14577326169125.22 4577280417105.239
39.485411786381725 1.7133069149636576e-09 270824201.2923321 14605608011762.9 4600766523705.184
39.36006127277416 1.8049954371565466e-09 286226155.5676321 15436238751876.51 4877851445593.155
39.235504116847665 1.89988243382566e-09 302229230.3269018 16299288050282.945 5166874311939.484
39.111732810485364 1.813350732894226e-09 289376813.1982404 15606154402369.883 4962757099953.848
38.988739940012145 1.8041184033883502e-09 288811719.28288996 15575678764749.404 4968641525954.779
38.866518184714295 1.7383701991653495e-09 279161553.5645719 15055243231079.48 4817677833945.515
38.745060315387065 1.756735471217245e-09 282995157.4303775 15261990320405.873 4899098892850.346
38.624359192909225 1.7899266834228597e-09 289243048.37747926 15598940436526.07 5022858820561.349
38.50440776684429 1.7654876516396636e-09 286182590.9499521 15433889302580.695 4985146244733.475
38.38519907406768 1.8131390746266482e-09 294819560.8532764 15899682965833.047 5151497280929.544
38.26672623741931 1.8589174393238653e-09 303199001.80523956 16351588036790.799 5314266111956.984
38.1489824643811 1.8987162938980275e-09 310646234.3898534 16753218907976.82 5461549364000.666
38.03196104577871 1.8555598479779672e-09 304519579.65601534 16422807087176.283 5370257917506.426
37.91565535450721 1.9883298571262762e-09 327309674.2551332 17651881840013.504 5789817243524.407
37.80005884428005 2.134935767873129e-09 352518011.9447491 19011372968080.215 6254741706498.503
37.68516504840078 2.250108984532006e-09 372668003.6804693 20098066399936.83 6632361911979.164
37.570967578557145 2.0154396718440617e-09 334816149.8772293 18056707701081.383 5976770249058.017
37.457460123637034 1.9802111312482623e-09 329960646.9549904 17794849373635.82 5907889992046.996
37.344636448565836 1.923775115956798e-09 321525218.2942452 17339924873380.227 5774194982835.646
37.23249039316474 1.9634358921208473e-09 329142235.4847916 17750712265249.59 5928737896593.291
37.12101587102951 2.004526638422545e-09 337039618.1285145 18176619826917.65 6089167642017.572
37.01020686842943 2.035161862444144e-09 343215124.6709357 18509666236368.04 6219247855419.273
36.90005744322576 2.0394889012825245e-09 344971549.0806586 18604390586364.418 6269679627604.671
36.79056172380966 2.007151453757466e-09 340512218.6682935 18363897928444.11 6206997499813.886
36.68171390805874 2.2047091103851116e-09 375137648.88301843 20231254902236.254 6858395411858.006
36.57350826231225 2.2544892266714643e-09 384742814.5899264 20749263575514.66 7054749615675.016
36.465939120364276 2.209379236590527e-09 378156735.787421 20394074914881.848 6954379545974.841
36.359000882474646 2.4679866344673783e-09 423662317.5873068 22848200827354.953 7814084682955.491
36.252688014397236 2.682677341168934e-09 461867286.04114234 24908603076030.53 8543650855078.422
