string
20190130_2ndrun__Wed Jan 30 2019_15.19.   full spectra  index number  Nphoton via eV
eV x-axis E [J] Nphoton Nphoton/sr Nphoton/sr @ 0.1bw
70.04756667188666 1.7179800961322313e-10 15307844.768165043 825555393948.7032 146948860122.86343
69.6540410164266 1.6971441523807325e-10 15207624.816177206 820150510165.3961 146806941319.60092
69.26491229566443 1.7050798008772058e-10 15364569.48324357 828614570156.2299 149150622628.1209
68.88010722735518 1.7117373574137606e-10 15510731.830067473 836497137273.9482 151405981846.58157
68.499554148751 1.6976466742272835e-10 15468511.94707052 834220209811.7294 151828078185.73663
68.12318297210952 1.689363436835375e-10 15478081.661752218 834736306603.5166 152756744108.44238
67.75092514166083 1.6510633674884303e-10 15210289.729080474 820294229497.2168 150934138227.4819
67.38271359197788 1.679590318871946e-10 15557644.411173292 839027142964.6583 155220021448.4577
67.0184827076969 1.6558158978983154e-10 15420783.206638327 831646188471.2388 154686191055.64883
66.65816828453724 1.6396164109554164e-10 15352455.809008697 827961277073.0693 154828758812.66574
66.3017074915718 1.6299431602025091e-10 15343933.994003363 827501693738.4828 155570318422.83356
65.94903883470174 1.6392729367904076e-10 15514285.296290932 836688776479.3635 158134178754.5996
65.60010212129062 1.586404045084809e-10 15093788.770464849 814011307489.4539 154662148422.98563
65.25483842591538 1.578769695843733e-10 15100629.002086801 814380202666.8536 155546618709.37274
64.91319005719332 1.6124123950292742e-10 15503585.565134296 836111737653.5889 160533453629.4834
64.57510052564542 1.6475056345078293e-10 15923949.531750016 858782057696.4854 165744937135.42566
64.24051451255919 1.7027332305185586e-10 16543468.773438698 892192864990.1896 173085415808.09186
63.90937783981403 1.5683212658758714e-10 15316495.813023137 826021946677.3241 161074279602.07962
63.5816374406355 1.5602220416944984e-10 15315940.679144107 825992008186.6262 161894433604.57593
63.257241331244494 1.5670955080534421e-10 15462303.457555998 833885384623.4281 164275420770.80954
62.936138583370145 1.5310558140838856e-10 15183780.064526571 818864557528.6482 162135182390.66937
62.61827929759554 1.548245689397612e-10 15432195.804119224 832261672332.7496 165620072794.2154
62.30361457750712 1.554644482437458e-10 15574238.513982605 839922066534.2034 167984413306.83975
61.99209650461958 1.5514370318877166e-10 15620207.704712154 842401194976.9714 169322640190.3716
61.683678114049336 1.565352746995581e-10 15839115.741944753 854206952982.3003 172549804502.42374
61.378313370910476 1.599412576477668e-10 16264268.351200024 877135525563.0717 178058511689.29422
61.07595714740844 1.6073946238195214e-10 16426355.006366432 885876894089.2284 180718886394.20166
60.776565200607415 1.6410096458687526e-10 16852485.280934326 908858192372.7057 186315929436.4076
60.48009415084836 1.549848721912659e-10 15994321.658446316 862577241777.434 177690911806.1468
60.18650146079569 1.5803920186137657e-10 16389084.835912993 883866905699.7975 182960449479.85782
59.89574541509136 1.6139110514187942e-10 16817932.154647414 906994734765.4484 188654904831.21112
59.60778510059573 1.563446765098637e-10 16370769.301182467 882879144932.7634 184521741290.93967
59.322580387195735 1.5233037750619021e-10 16027118.93176686 864346005852.7592 181512661229.0783
59.04009190916147 1.5322757456451215e-10 16198652.063683512 873596824922.2865 184328930058.6027
58.76028104703274 1.526760560165278e-10 16217206.361971254 874597462259.8322 185414661999.0836
58.483109910018435 1.5143712353423297e-10 16161842.419002391 871611672787.805 185653286303.79987
58.208541318891584 1.5084328361227457e-10 16174402.129545404 872289020705.9641 186669850431.07935
57.93653878936406 1.5072485466401636e-10 16237579.94597634 875696214071.3507 188274686025.33206
57.66706651592514 1.5722625248789642e-10 17017124.577200495 917737225387.9292 198231240683.79282
57.40008935612919 1.550121617565671e-10 16855520.931350306 909021905659.129 197257753528.02557
57.13557281531753 1.517801106904551e-10 16580485.92488257 894189208009.4668 194933247346.06216
56.873483031761026 1.5139287111148527e-10 16614396.633922439 896018019915.0271 196227946361.3916
56.61378676220961 1.5275660303053132e-10 16840956.811804146 908236459527.976 199812021096.15213
56.35645136783592 1.5507740146048895e-10 17174885.531704295 926245307937.601 204700213054.2057
56.10144480056064 1.5373589723936087e-10 17103705.725059718 922406565501.5747 204774257541.34406
55.8487355897473 1.5421251200091735e-10 17234363.20428397 929452951741.2395 207268008238.29523
55.59829282925516 1.559331049350802e-10 17505150.336921625 944056560632.4026 211468669581.66006
55.35008616483884 1.5561166952734294e-10 17547402.40986107 946335224105.2131 212925425423.6725
55.104085781884 1.5946794592962935e-10 18062529.67265455 974116149298.1309 220150249741.37256
54.86026239346858 1.5528118262664918e-10 17666475.862128176 952756881254.4701 216275812044.769
54.61858722873965 1.5873972164672827e-10 18139868.182762533 978287031949.9056 223049443284.56445
54.37903202159604 1.5944015559651172e-10 18300173.691220112 986932342847.1044 226007506511.9906
54.141568999667676 1.5911711333677526e-10 18343196.941661935 989252596090.1552 227528097100.7338
53.90617087358216 1.6240217224401483e-10 18803657.19980624 1014085317846.0349 234253708422.43427
53.67281082651038 1.688950201037668e-10 19640452.060263347 1059213846462.6553 245737612379.33444
53.441462503982315 1.739282494725031e-10 20313313.26311914 1095501397310.5463 255251825573.35202
53.21210000396522 1.686310635624686e-10 19779538.54756188 1066714810938.9528 249611265759.7103
52.98469786719613 1.6958166561499526e-10 19976408.445112534 1077332047283.4883 253173031111.61255
52.75923106776125 1.6807750152981802e-10 19883832.735374894 1072339419145.432 253072102918.3232
52.535675003914804 1.6791196608935244e-10 19948778.354301106 1075841950483.4408 254974542264.57407
52.31400548913035 1.7063746642017533e-10 20358482.14457243 1097937364900.1799 261309092846.2421
52.0941987433777 1.7631142545899823e-10 21124190.189070296 1139232166088.6362 272276487695.18088
51.8762313846188 1.7589036278117977e-10 21162287.0435464 1141286737727.0054 273908817054.46814
51.66008042051621 1.6594354554581285e-10 20049071.37374219 1081250774810.3752 260581436729.3032
51.445723240348094 1.689002601518669e-10 20491323.813503925 1105101544965.2676 267434573881.59656
51.23313760712352 1.7204592269852839e-10 20959571.805993762 1130354260926.2732 274676085405.08255
51.022301649892555 1.7091291509063505e-10 20907582.077698078 1127550443584.6125 275122308234.6376
50.81319385624545 1.7764400582452236e-10 21820416.67151529 1176779811540.8376 288311053827.506
50.60579306499547 1.7674032102071108e-10 21798388.027117208 1175591801962.766 289195583282.83203
50.400078459040195 1.7648913392232617e-10 21856254.25705293 1178712540314.5332 291141997457.68555
50.196029558396305 1.7342582826550002e-10 21564201.723561596 1162962083735.4614 288414596766.39294
49.99362621340277 1.7402832070713127e-10 21726724.904031098 1171726994166.0483 291760021547.3472
49.7928485980879 1.7977903102186465e-10 22535180.326398473 1215327170729.7979 303831792682.4497
49.59367720369555 1.7795167516367268e-10 22395705.322921664 1207805253491.6016 303159118626.3843
49.39609283236608 1.853997572429658e-10 23426399.103245478 1263390792980.8225 318374479831.171
49.200076590967804 1.8657599602196605e-10 23668948.50291521 1276471534798.4292 322947298303.9869
49.00560988507464 1.864801302399541e-10 23750663.151060194 1280878423525.2476 325343119575.41064
48.81267441308616 1.749578502998406e-10 22371227.058882516 1206485135394.1116 307653709525.50653
48.621252160485824 1.7287615106090405e-10 22192075.458795656 1196823450681.0664 306386803374.34796
48.43132539423392 1.7510799255679942e-10 22566727.766516693 1217028531028.9976 312776332474.4478
48.242876657291376 1.7186704629847738e-10 22235576.395915825 1199169465670.457 309385722142.9746
48.055888763270865 1.7981209621243874e-10 23353999.424264286 1259486262564.6677 326206942004.2403
47.8703447912119 1.8325569780496648e-10 23893507.407109316 1288582045286.6328 335031331774.52356
47.68622808047647 1.981037943545537e-10 25929180.86071429 1398366356885.9214 364973619147.2236
47.503522225762 1.9542614722460895e-10 25677091.73449255 1384771135542.8767 362810037512.23346
47.322211072228555 1.8380531068878394e-10 24242756.639435668 1307417132259.7563 343850705784.308
47.14227871073719 1.7818351133888203e-10 23590976.432124216 1272266484081.3796 335878351797.4843
46.963709473196516 1.8657852678082487e-10 24796377.627860673 1337274032438.6743 354377618596.237
46.78648792801464 1.8439969407228126e-10 24599638.517919052 1326663849498.3071 352892583966.54834
46.61059887565368 1.8439211240039548e-10 24691452.10121328 1331615375991.6997 355541305389.7881
46.43602734428419 2.0312042559961472e-10 27301563.223324396 1472379235849.068 394597635207.5399
46.26275858553686 2.1044050740239073e-10 28391398.764591843 1531154303354.4197 411880507602.34015
46.09077807034899 2.1031768420581302e-10 28480704.403969776 1535970575887.5603 414712055489.645
45.920071484903254 1.9844761714901675e-10 26973189.770464435 1454669984197.7922 394215565717.58044
45.75062472665637 1.91744567570612e-10 26158631.180279396 1410740662467.7341 383721460191.235
45.58242390045543 1.933242127784925e-10 26471454.802229263 1427611308359.856 389737887182.2349
45.415455314739475 1.8992648177749644e-10 26101822.117580242 1407676937374.7026 385703480840.6597
45.249705477824364 1.8850687427406939e-10 26001620.19525644 1402273025935.094 385625082132.15857
45.08516109426864 1.9162285787682176e-10 26527887.189699404 1430654719275.9546 394860702520.1597
44.92180906131839 1.9689145647203627e-10 27356378.811297763 1475335452417.059 408667920319.50165
44.759636465429146 2.0755607372093563e-10 28942621.88947381 1560881886231.5303 433925164372.38007
44.59863057886286 2.209591532438976e-10 30922845.322192635 1667675766158.0122 465281538758.0719
44.43877885635797 2.2429425436442072e-10 31502499.047973726 1698936617518.109 475702252905.0732
44.28006893187098 2.1715580810363512e-10 30609211.073366083 1650761402982.3235 463863954238.0377
44.122488615387454 2.0419287925213254e-10 28884813.52358991 1557764268500.6487 439289523717.1661
43.96602588980097 2.0932086763454002e-10 29715585.36165198 1602567974211.014 453526736701.7176
43.81066890785821 2.1172221115839272e-10 30163067.898469828 1626700804636.3713 461983028516.71545
43.65640598916856 2.142868675120865e-10 30636316.78495301 1652223219896.8733 470883617670.6037
43.50322561727674 2.2410908381893668e-10 32153405.33508364 1734040134990.1592 495935478607.1828
43.35111643679675 2.4133601272556645e-10 34746480.53465275 1873885243843.8137 537805064983.1924
43.20006725060583 2.5271239537321083e-10 36511619.45123536 1969079569088.3481 567094915897.4208
43.05006701709677 2.664931679800686e-10 38636806.47203252 2083691366812.9714 602186805008.968
42.901104847487446 2.768305830432084e-10 40274908.77464845 2172034579867.8083 629890028161.6362
42.75317000318576 2.649752342907526e-10 38683515.74169813 2086210407873.5422 607087228691.2067
42.606251893209176 2.5785353589499213e-10 37773631.163859956 2037140134919.9521 594844919396.6096
42.460340071657086 2.5925157796620427e-10 38108944.043907516 2055223631387.0332 602180523996.4058
42.31542423523505 2.6470832943263694e-10 39044321.73406109 2105668753426.1255 619066613507.2775
42.17149422082949 2.742451322164409e-10 40589052.49516786 2188976418962.5747 645748043593.956
42.02854000313176 2.961075007387518e-10 43973808.41026607 2371517040795.916 701969044075.5638
41.88655169231036 3.130925292193937e-10 46653805.15153737 2516049847277.1177 747266804641.3176
41.745519531730196 3.323449500507504e-10 49689907.540019676 2679787508675.7153 798576677585.3384
41.605433895717674 3.6055611507340934e-10 54089352.796349816 2917050547121.117 872198113589.1864
41.46628528737079 3.736691930936415e-10 56244639.53139031 3033285628973.992 909985688692.2062
41.328064336412886 3.8417387849319e-10 58019200.78077789 3128988102673.6826 941825418904.7523
41.19076179708925 3.7448912687038673e-10 56745099.71133114 3060275555202.269 924203217671.1012
41.054368546105515 3.5842396851344223e-10 54491233.91008446 2938724082892.771 890433397116.504
40.918875580606816 3.629366153147941e-10 55359998.346603975 2985576737691.769 907615328258.295
40.784274016196925 3.795510437170647e-10 58085325.69242879 3132554233524.533 955429041224.9712
40.65055508499628 3.9281348736406314e-10 60312715.93355721 3252677873125.0864 995319429176.2815
40.51771013373812 4.230461713021595e-10 65167618.54179403 3514503825506.1006 1078952674430.3964
40.38573062190184 4.428282478321148e-10 68437848.3757139 3690868030900.91 1136787353517.4348
40.254608119882676 4.69630073275625e-10 72816411.31918082 3927004881676.9536 1213444508438.2126
40.124334307196975 5.251783651871646e-10 81693586.27160428 4405752855411.338 1365783385177.4766
39.99490097072214 5.406497608537562e-10 84372392.49170694 4550221456827.275 1415118873073.2979
39.866300002970625 5.416750232387415e-10 84805077.40353836 4573556248122.358 1426949549414.077
39.73852340039699 5.423246834684775e-10 85179800.91415994 4593765168458.185 1437848497727.435
39.61156326173758 5.033581850102747e-10 79312954.42652564 4277364862818.288 1343092566924.919
39.485411786381725 4.915429139079927e-10 77698698.28772707 4190307678558.658 1319946918745.9402
39.36006127277416 5.093844451804162e-10 80775357.3491702 4356232570140.8965 1376569492164.5735
39.235504116847665 5.029729289788366e-10 80011856.78339216 4315056818759.3716 1367873011546.6653
39.111732810485364 5.092866229354747e-10 81272606.16281344 4383049306687.0815 1393809679526.5552
38.988739940012145 5.442203558244928e-10 87121342.11325614 4698472907121.753 1498812857371.7544
38.866518184714295 5.753182106795094e-10 92389253.77597606 4982572527536.51 1594423208811.71
38.745060315387065 6.059796872842446e-10 97618178.61159854 5264569579896.084 1689926835146.664
38.624359192909225 6.63947518061165e-10 107290542.04579619 5786202241205.809 1863157121668.2532
38.50440776684429 7.06444325137261e-10 114513441.73487039 6175734790599.461 1994762337363.59
38.38519907406768 7.267109960262082e-10 118164469.40773736 6372635506176.329 2064733904000.985
38.26672623741931 6.868893411174605e-10 112035186.80916974 6042081964060.029 1963676638319.5002
38.1489824643811 6.521047747825076e-10 106689921.69332953 5753810655113.598 1875742273567.1094
38.03196104577871 5.990818583303282e-10 98316503.17131795 5302230375111.498 1733829332661.3894
37.91565535450721 6.25674749177814e-10 102995686.35912034 5554579740973.758 1821902155039.3857
37.80005884428005 6.176699973521466e-10 101988922.93673755 5500284770887.123 1809593689621.896
37.68516504840078 6.487491999046582e-10 107447270.72322471 5794654652828.551 1912236035433.4248
37.570967578557145 6.382041807372198e-10 106022060.40455484 5717792750718.323 1892589400487.79
37.457460123637034 6.888385959509595e-10 114780502.53372206 6190137437500.007 2055125629249.9688
37.344636448565836 7.410784208592649e-10 123858240.53110401 6679701819820.961 2224340706000.392
37.23249039316474 8.151792816678443e-10 136653267.96039167 7369740428778.989 2461493303212.1523
37.12101587102951 8.414506699198425e-10 141480889.8159349 7630095124240.544 2556081866620.6494
37.01020686842943 9.231361125794532e-10 155680136.21614116 8395863567364.242 2821010158634.2095
36.90005744322576 9.9093179997216e-10 167612227.67856914 9039363852158.25 3046265618177.263
36.79056172380966 9.400582486333703e-10 159480401.60115322 8600812705178.717 2907074694350.302
36.68171390805874 8.8855636931537e-10 151190443.0905961 8153733441725.894 2764115636745.044
36.57350826231225 7.996677872607953e-10 136468354.59127772 7359768010610.579 2502321123607.608
36.465939120364276 7.67489147236302e-10 131363229.03035457 7084447480030.709 2415796590690.517
36.359000882474646 7.895457440308324e-10 135535895.97517666 7309480314869.304 2499842267685.333
36.252688014397236 8.160743092648374e-10 140500693.3348959 7577232915072.2 2598990889869.7495
