string
20190130_2ndrun__Wed Jan 30 2019_16.13.   full spectra  index number  Nphoton via eV
eV x-axis E [J] Nphoton Nphoton/sr Nphoton/sr @ 0.1bw
70.04756667188666 1.451493754038455e-10 12933351.858269496 697498475463.7505 124154728632.54272
69.6540410164266 1.4325676731886547e-10 12836830.42897444 692293053812.7625 123920456632.48029
69.26491229566443 1.4267092757061675e-10 12856157.106370049 693335345723.3932 124800362230.21037
68.88010722735518 1.4310244401039308e-10 12967080.631026538 699317475506.0526 126576463066.59297
68.499554148751 1.4251153378865282e-10 12985277.775827613 700298851478.4713 127454390969.08336
68.12318297210952 1.4400375200733574e-10 13193737.857518572 711541148971.6401 130212030261.80916
67.75092514166083 1.3799864079694833e-10 12713014.83681908 685615652029.1106 126153279973.35133
67.38271359197788 1.3932363034440694e-10 12905215.483903324 695981074681.6064 128756498816.0938
67.0184827076969 1.389367833790609e-10 12939325.070109589 697820612075.9562 129794633846.12653
66.65816828453724 1.3745076868787267e-10 12870125.22011297 694088649132.0964 129794577387.70352
66.3017074915718 1.3340172574749953e-10 12558151.256645402 677263825506.5117 127325599195.22322
65.94903883470174 1.3441066755908947e-10 12720794.668028174 686035220016.3712 129660656583.09407
65.60010212129062 1.30125439502745e-10 12380741.864619587 667696098452.6903 126862258706.00246
65.25483842591538 1.304482569682322e-10 12477125.30606576 672894078389.0106 128522768972.3041
64.91319005719332 1.3095049897605186e-10 12591085.704444686 679039987431.2762 130375677586.80045
64.57510052564542 1.3338424854474528e-10 12892241.444694314 695281381928.478 134189306712.1995
64.24051451255919 1.3509216004516026e-10 13125326.335252566 707851700713.555 137323229938.42577
63.90937783981403 1.2401020958431124e-10 12111050.82356613 653151602018.7869 127364562393.66455
63.5816374406355 1.256330267441432e-10 12332782.98558604 665109665687.4314 130361494474.73428
63.257241331244494 1.252494416311889e-10 12358180.241333736 666479345207.4125 131296431005.85562
62.936138583370145 1.2102743769864014e-10 12002527.790855963 647298931288.2952 128165188395.08008
62.61827929759554 1.2284145142416214e-10 12244266.812571913 660335969246.8013 131406857880.11205
62.30361457750712 1.2211839567338258e-10 12233671.702100378 659764572637.3027 131952914527.45982
61.99209650461958 1.2315576850142795e-10 12399592.40682208 668712712288.9169 134411255170.07257
61.683678114049336 1.228594237389919e-10 12431604.546167005 670439133918.368 135428705051.50961
61.378313370910476 1.2341197742262926e-10 12549641.962765364 676804917438.9326 137391398240.09613
61.07595714740844 1.2425807007034448e-10 12698233.160263512 684818473001.1764 139702968492.23926
60.776565200607415 1.2627575589285479e-10 12967993.959575988 699366731513.1434 143370179960.19666
60.48009415084836 1.1748142226261896e-10 12123993.974335615 653849628951.6613 134693023564.03873
60.18650146079569 1.2063184296784797e-10 12509842.400031555 674658518374.3153 139654313303.48306
59.89574541509136 1.204646541613277e-10 12553147.702515826 676993982745.2905 140814748411.01883
59.60778510059573 1.1635809478940185e-10 12183795.244235529 657074724429.0813 137328617405.67212
59.322580387195735 1.1371582750494982e-10 11964370.611318508 645241106306.2621 135500632324.31421
59.04009190916147 1.144278083533755e-10 12096884.383859977 652387602847.8007 137653784200.8861
58.76028104703274 1.1305972873117111e-10 12009171.574771404 647657231998.205 137303333183.61885
58.483109910018435 1.124830078532549e-10 12004537.62797973 647407322241.0134 137897759637.33392
58.208541318891584 1.0983547444725924e-10 11777276.98082819 635151106168.1667 135922336719.98988
57.93653878936406 1.0631066783876038e-10 11452842.14730195 617654265113.2163 132795666999.33562
57.66706651592514 1.1594790034215888e-10 12549430.09431099 676793491327.1602 146187394126.6667
57.40008935612919 1.1468634569506914e-10 12470622.166014785 672543362633.2661 145941909691.41473
57.13557281531753 1.0962983692354871e-10 11975982.622421294 645867344587.7238 140799081120.12262
56.873483031761026 1.0910495414477017e-10 11973568.963840147 645737175456.0796 141416441424.88193
56.61378676220961 1.1049064500492631e-10 12181261.84872308 656938097858.7194 144526381528.91638
56.35645136783592 1.1280449219088704e-10 12493143.569562152 673757946819.3097 148900506247.06442
56.10144480056064 1.1022203742168294e-10 12262622.629650336 661325902449.6086 146814350343.80914
55.8487355897473 1.138287511212823e-10 12721185.943087133 686056321565.3047 152990559709.06207
55.59829282925516 1.1509168735828129e-10 12920266.614170719 696792785406.7579 156081583931.11517
55.35008616483884 1.1337409319311922e-10 12784522.151554883 689472057047.6471 155131212835.72025
55.104085781884 1.1639298972939684e-10 13183538.663023483 710991104196.7634 160683989548.46487
54.86026239346858 1.1520730731345873e-10 13107236.043452857 706876087346.7136 160460871827.70718
54.61858722873965 1.1726734808722983e-10 13400642.349484192 722699553172.9723 164775498123.42734
54.37903202159604 1.1983942549366878e-10 13754893.134575887 741804374973.3091 169873201868.89056
54.141568999667676 1.2478636521040826e-10 14385510.299222095 775813695663.1165 178437150002.5153
53.90617087358216 1.1790335584376238e-10 13651383.20109253 736222061773.206 170067296269.61075
53.67281082651038 1.2297187019160811e-10 14300144.07633408 771209876717.1085 178920691398.368
53.441462503982315 1.3097334682574907e-10 15296552.63742075 824946406884.4685 192212512804.0772
53.21210000396522 1.2842209865517367e-10 15063238.036020707 812363699743.7896 190093105740.0432
52.98469786719613 1.2852390809026605e-10 15139880.090588234 816497022396.9639 191876800263.28107
52.75923106776125 1.3243478281945892e-10 15667243.063228516 844937822080.1053 199405326010.90585
52.535675003914804 1.3329056954646697e-10 15835583.910595616 854016480550.3573 202401905890.43356
52.31400548913035 1.2491843996320843e-10 14903818.504059387 803766169751.5109 191296348400.85904
52.0941987433777 1.3196482839501795e-10 15810944.33345535 852687662802.2793 203792351409.74237
51.8762313846188 1.3280006796008573e-10 15977868.901607102 861689941026.7634 206805585846.4133
51.66008042051621 1.2698094106131495e-10 15341662.98586412 827379217776.161 199398391484.05692
51.445723240348094 1.3095799419953556e-10 15888090.774382329 856848187121.3959 207357261283.3792
51.23313760712352 1.4232632732019367e-10 17338968.75067582 935094351583.5175 227227927434.7932
51.022301649892555 1.387511693406687e-10 16973272.381599966 915372266952.3826 223350833136.37494
50.81319385624545 1.2908214589101037e-10 15855453.13010701 855088031875.1588 209496567809.41446
50.60579306499547 1.291450278916392e-10 15928190.089826394 859010751914.798 211316644971.03415
50.400078459040195 1.3536315256356396e-10 16763250.029701917 904045715887.545 223299291824.22043
50.196029558396305 1.3294878235212456e-10 16531184.48512796 891530370652.8522 221099531921.90622
49.99362621340277 1.3741834304959644e-10 17156118.75167632 925233211413.6433 230383069641.99814
49.7928485980879 1.4921442563268055e-10 18703927.648400087 1008706881472.6366 252176720368.15936
49.59367720369555 1.553892869639353e-10 19556167.02108815 1054668335989.1647 264721752333.27356
49.39609283236608 1.50002168015771e-10 18953696.09186939 1022176947890.6783 257588590868.45398
49.200076590967804 1.3493252570126666e-10 17117480.65284647 923149450349.6924 233556810938.46082
49.00560988507464 1.394964984152578e-10 17766688.28121259 958161358786.6592 243372985131.80978
48.81267441308616 1.3568152396641056e-10 17349105.37106974 935641021723.524 238588460539.50488
48.621252160485824 1.3908627483141013e-10 17854476.094010413 962895774602.5891 246501318298.2588
48.43132539423392 1.3997702948566015e-10 18039288.052165587 972862723655.961 250025719979.57837
48.242876657291376 1.4445922814007007e-10 18689645.703371923 1007936653074.541 260047656493.22882
48.055888763270865 1.6193674502550597e-10 21032348.377857815 1134279117257.48 293778291369.67957
47.8703447912119 1.5009864110946176e-10 19570376.45270297 1055434653723.1252 274413009968.01175
47.68622808047647 1.4090151752015755e-10 18442155.251153514 994589439219.5496 259587843636.30106
47.503522225762 1.4233874964061532e-10 18701924.915371887 1008598873645.3357 264252904895.0778
47.322211072228555 1.388172484992378e-10 18309116.09741886 987414608756.1244 259690042102.8547
47.14227871073719 1.4082602431890188e-10 18644954.270872608 1005526434410.7202 265458978684.4302
46.963709473196516 1.527945333405806e-10 20306468.346362587 1095132249462.8197 290210046107.63763
46.78648792801464 1.5144260721909934e-10 20203034.568705633 1089554043362.9792 289821375534.55133
46.61059887565368 1.6170807929450213e-10 21653894.205676634 1167799218781.4548 311802391414.65216
46.43602734428419 1.96007104251884e-10 26345456.5593609 1420816195749.075 380778740460.7421
46.26275858553686 1.6709533131801886e-10 22543521.880415168 1215777032550.1057 327044021755.97943
46.09077807034899 1.4533381736709979e-10 19680748.71099448 1061387053590.9596 286574504469.56165
45.920071484903254 1.4040153459939474e-10 19083510.75825788 1029177881051.0109 278907205764.8089
45.75062472665637 1.4700781816346527e-10 20055448.478557345 1081594693458.4711 294193756620.7128
45.58242390045543 1.5484311123263082e-10 21202323.089905035 1143445890404.885 312160728080.529
45.415455314739475 1.5655624625814354e-10 21515710.989757985 1160346967926.9084 317935069211.9657
45.249705477824364 1.557290656106431e-10 21480426.28664558 1158444056222.5186 318572115461.199
45.08516109426864 1.7396378825418738e-10 24083200.725804657 1298812247174.4026 358472180220.1317
44.92180906131839 2.0434665385662372e-10 28392214.53225875 1531198297881.9202 424141928513.2673
44.759636465429146 1.7612542633168037e-10 24559780.535711803 1324514299858.7957 368214975360.7576
44.59863057886286 1.5182284807357044e-10 21247340.870154385 1145873709073.7637 319698764831.5708
44.43877885635797 1.4976178913061926e-10 21034291.01596532 1134383884152.6523 317627487562.74445
44.28006893187098 1.510341624329981e-10 21289030.2017361 1148122023782.8975 322622288682.9975
44.122488615387454 1.5492076337290354e-10 21914855.098512363 1181872896425.3672 333288156791.94073
43.96602588980097 1.763862578968411e-10 25040126.015085638 1350419435915.6125 382168700364.1189
43.81066890785821 1.7817451672558165e-10 25383685.615063675 1368947679780.1292 388781141057.54486
43.65640598916856 2.0083825472116275e-10 28713585.97758017 1548529929745.469 441331029977.4538
43.50322561727674 2.4271176085243936e-10 34822370.84412617 1877978024720.7478 537101715070.1309
43.35111643679675 2.8673508623269863e-10 41282836.24092122 2226392327094.3164 638974597876.09
43.20006725060583 2.3056380883875334e-10 33311615.107425507 1796502639631.5322 517392760213.85986
43.05006701709677 1.9505970649044414e-10 28280215.163813956 1525158147610.0325 440770704659.3135
42.901104847487446 1.9409689757156905e-10 28238335.364547115 1522899560937.261 441640872671.78595
42.75317000318576 1.9513185449705392e-10 28487138.37482949 1536317561333.793 447068410348.13806
42.606251893209176 2.025788530476511e-10 29676299.958655618 1600449303892.7373 467331196736.6664
42.460340071657086 2.2133274060675278e-10 32535026.760635506 1754621061376.735 514103970983.38763
42.31542423523505 2.6097341019816375e-10 38493423.36016382 2075958684440.1714 610331853225.407
42.17149422082949 2.6853776205919116e-10 39744345.6263541 2143421194016.4104 632309252234.8376
42.02854000313176 3.4652022441300604e-10 51460411.91325265 2775271194163.0396 821480273472.2277
41.88655169231036 4.3241884034666844e-10 64434575.847865984 3474970673770.363 1032066290109.8167
41.745519531730196 4.405907072522682e-10 65874060.98095953 3552602419723.6367 1058675521077.611
41.605433895717674 3.2444229908933637e-10 48671685.887033165 2624874593723.3423 784837503523.2544
41.46628528737079 2.91169831273613e-10 43826846.05818197 2363591329220.7153 709077398766.2213
41.328064336412886 2.99286354058486e-10 45199208.06477759 2437603110379.5786 733718536224.2328
41.19076179708925 3.0448759092156075e-10 46137998.32347887 2488232272981.8228 751446146440.5234
41.054368546105515 3.050740031164422e-10 46380433.018057026 2501306828728.9214 757895969104.8584
40.918875580606816 3.294671543902981e-10 50254783.76296454 2710251406097.4688 823916427453.628
40.784274016196925 4.244685857588012e-10 64959368.33303482 3503272846505.7354 1068498218184.2366
40.65055508499628 4.118333936146262e-10 63233038.78313879 3410171518837.873 1043512484764.3944
40.51771013373812 5.82819926645455e-10 89779766.92539214 4841842334778.225 1486445596776.9473
40.38573062190184 7.106738707931858e-10 109832628.90755114 5923297537924.021 1824375641680.5256
40.254608119882676 7.914738544965922e-10 122718473.57521556 6618233940277.59 2045034287545.8323
40.124334307196975 6.752692482549827e-10 105040820.88229184 5664874290110.169 1756111029934.1033
39.99490097072214 4.663169814219908e-10 72772212.6797106 3924621239448.25 1220557205468.419
39.866300002970625 4.508118403244296e-10 70579464.38910213 3806365847765.139 1187586144502.641
39.73852340039699 4.582983407535347e-10 71982269.3206716 3882019422481.5127 1215072079236.7332
39.61156326173758 4.441573325029895e-10 69984816.6178081 3774296364273.1006 1185129058381.733
39.485411786381725 4.4570977438290427e-10 70453806.37945774 3799589084006.042 1196870561461.8694
39.36006127277416 4.832334009446541e-10 76628469.9379351 4132590031149.2056 1305898449843.1965
39.235504116847665 6.201992116688578e-10 98659962.87706637 5320753231658.51 1686678774435.6792
39.111732810485364 5.973743554952297e-10 95329758.41008784 5141154581273.467 1634887156845.0366
38.988739940012145 8.398274256380981e-10 134443505.61688235 7250567465526.663 2312931021502.875
38.866518184714295 1.0777860430478684e-09 173079604.29367492 9334220660788.576 2986950611452.3945
38.745060315387065 1.193875507982856e-09 192323199.97488058 10372031956512.322 3329422258040.497
38.624359192909225 1.1128671227208782e-09 179833666.92948323 9698468726045.6 3122906929786.6543
38.50440776684429 7.405132848928641e-10 120035963.0420985 6473565564456.03 2090961677319.2603
38.38519907406768 5.92868361373019e-10 96401424.68375553 5198949776229.923 1684459727498.3762
38.26672623741931 5.899287755995528e-10 96220419.53785184 5189188129388.297 1686486142051.1887
38.1489824643811 5.773543130502273e-10 94460106.45939401 5094254062642.236 1660726824421.4368
38.03196104577871 5.512351137749024e-10 90464279.7273776 4878758258898.468 1595353950659.7341
37.91565535450721 5.781535612028125e-10 95172967.96027526 5132698838252.633 1683525218946.8572
37.80005884428005 6.11291691363871e-10 100935744.76604149 5443486643340.434 1790907105659.0347
37.68516504840078 8.599959614824508e-10 142434424.43992957 7681519453666.248 2534901419709.8657
37.570967578557145 8.470467972377266e-10 140716167.98010352 7588853509499.724 2511910511644.4414
37.457460123637034 1.1595070284634988e-09 193207523.79545552 10419723732273.678 3459348279114.8047
37.344636448565836 1.6319842519892696e-09 272757500.87486005 14709871278254.467 4898387135658.764
37.23249039316474 1.7353852371575837e-09 290912771.16686034 15688988949301.645 5240122309066.686
37.12101587102951 1.7340607665546646e-09 291563687.5901794 15724093013421.654 5267571159496.393
37.01020686842943 1.265154525811157e-09 213359033.6558265 11506499036922.52 3866183676405.725
36.90005744322576 8.71581152402776e-10 147424533.71764645 7950637131105.726 2679364713182.571
36.79056172380966 7.364693074668541e-10 124941641.74665351 6738129882742.498 2277487900366.8823
36.68171390805874 7.938289932276099e-10 135072305.3358097 7284478770974.017 2469438303360.161
36.57350826231225 7.479158581887316e-10 127636561.28923523 6883467479140.322 2340378942907.72
36.465939120364276 7.477585615674443e-10 127986147.47362584 6902320738011.474 2353691371661.9565
36.359000882474646 7.664187620368886e-10 131565845.7919557 7095374646001.981 2426618128932.708
36.252688014397236 8.133397602195253e-10 140029895.47682986 7551842684306.716 2590282040717.1885
