string
20190130_2ndrun__Wed Jan 30 2019_16.12.   full spectra  index number  Nphoton via eV
eV x-axis E [J] Nphoton Nphoton/sr Nphoton/sr @ 0.1bw
70.04756667188666 1.462014367899269e-10 13027094.459950225 702554034337.8027 125054618112.124
69.6540410164266 1.4286364330240015e-10 12801603.706835095 690393269034.846 123580395157.23325
69.26491229566443 1.43619543035629e-10 12941637.376663331 697945315270.7439 125630156748.7335
68.88010722735518 1.4231312060832828e-10 12895556.903606571 695460185347.8936 125878293547.9662
68.499554148751 1.4298504615495265e-10 13028422.982697755 702625681858.1962 127877874098.1933
68.12318297210952 1.4320502317990795e-10 13120557.689492198 707594526611.7188 129489798369.94354
67.75092514166083 1.3764980766502223e-10 12680878.862463538 683882551950.6339 125834389558.91164
67.38271359197788 1.4065562133370196e-10 13028594.631410299 702634938910.5541 129987463698.44907
67.0184827076969 1.3860232310373547e-10 12908176.441789424 696140759783.6666 129482181319.76068
66.65816828453724 1.3847659728097848e-10 12966178.10198244 699268801918.6317 130763265958.78563
66.3017074915718 1.3508868018736627e-10 12716957.515711455 685828281558.3162 128935716932.96245
65.94903883470174 1.3587644220098775e-10 12859517.424099552 693516568388.5682 131074631425.4393
65.60010212129062 1.3079797779481641e-10 12444730.297780903 671147008554.4513 127517931625.337
65.25483842591538 1.2916629388753197e-10 12354507.9988867 666281300374.4559 127259728371.52411
64.91319005719332 1.323008889110141e-10 12720927.709923705 686042394994.7003 131720139838.97781
64.57510052564542 1.3351530533127787e-10 12904908.725526784 695964531135.7169 134321154509.1966
64.24051451255919 1.347959526214635e-10 13096547.321743235 706299642262.8082 137022130598.9809
63.90937783981403 1.2375452200425184e-10 12086079.93377057 651804916507.2318 127101958718.91132
63.5816374406355 1.2490973492494742e-10 12261780.94677058 661280510309.0493 129610980020.57141
63.257241331244494 1.2562289585848803e-10 12395028.42678466 668466575853.9824 131687915443.22987
62.936138583370145 1.2011046392872616e-10 11911589.70800335 642394620723.9199 127194134903.3338
62.61827929759554 1.226211719047551e-10 12222310.370526535 659151853557.2968 131171218857.90065
62.30361457750712 1.21799548129041e-10 12201729.944603592 658041946716.2122 131608389343.24171
61.99209650461958 1.2253355513618663e-10 12336946.602951512 665334210476.4896 133732176305.77469
61.683678114049336 1.22959239184446e-10 12441704.431936622 670983822952.1053 135538732236.32455
61.378313370910476 1.2373824613587717e-10 12582819.905623304 678594211105.1093 137754624854.32996
61.07595714740844 1.2379983561646017e-10 12651405.071478656 682293023999.6915 139187776895.93637
60.776565200607415 1.2299658011135656e-10 12631236.270610427 681205316187.2325 139647089818.38486
60.48009415084836 1.171765385236482e-10 12092530.20293275 652152780924.4575 134343472870.43477
60.18650146079569 1.2024884219042358e-10 12470124.20252424 672516507354.0393 139210917022.28592
59.89574541509136 1.1913098729958932e-10 12414171.525496032 669498967326.2903 139255785203.8668
59.60778510059573 1.1488164853695787e-10 12029197.329398109 648737225295.7821 135586080086.81267
59.322580387195735 1.1462184343403614e-10 12059695.16369777 650381980125.1621 136580215826.2832
59.04009190916147 1.1477141238302153e-10 12133208.930141771 654346593520.2197 138067131232.76654
58.76028104703274 1.1614597446352367e-10 12336991.7008028 665336642613.407 141051368234.04166
58.483109910018435 1.134079564454487e-10 12103251.02825991 652730957363.4312 139031693918.40887
58.208541318891584 1.0858179010305218e-10 11642848.756772544 627901362840.5575 134370891647.88147
57.93653878936406 1.0741016866922887e-10 11571291.308690736 624042254119.7795 134169084635.74664
57.66706651592514 1.1482408147191969e-10 12427795.409171235 670233706332.658 144770480567.8542
57.40008935612919 1.1433025008482323e-10 12431901.481495284 670455147705.1307 145488767052.00937
57.13557281531753 1.1143125888159647e-10 12172770.273216331 656480145346.861 143112671685.61453
56.873483031761026 1.114575050828105e-10 12231746.341012187 659660737495.5354 144465701511.52277
56.61378676220961 1.1070121880323214e-10 12204476.977710055 658190094808.4316 144801820857.8531
56.35645136783592 1.1397006939214607e-10 12622231.72052068 680719698844.6703 150439053444.6691
56.10144480056064 1.1207676612832438e-10 12468968.281953158 672454168306.5192 149284825364.0432
55.8487355897473 1.1436066024067844e-10 12780630.632991994 689262186606.1251 153705467613.16504
55.59829282925516 1.1243504659471343e-10 12622030.418740563 680708842595.936 152478780741.49103
55.35008616483884 1.1296414863770474e-10 12738295.142350245 686979024398.507 154570280489.66373
55.104085781884 1.1513315993903328e-10 13040840.938798843 703295384928.5063 158944756993.8388
54.86026239346858 1.1293576966778863e-10 12848801.220196564 692938641184.0043 157297071548.7721
54.61858722873965 1.1817809556393526e-10 13504717.366145661 728312341431.6343 166055213846.4022
54.37903202159604 1.2246182484991841e-10 14055886.09038157 758036990470.0844 173590470817.65216
54.141568999667676 1.2313233185727013e-10 14194831.50353232 765530346786.9438 176071979760.9956
53.90617087358216 1.1914963584563374e-10 13795683.130128894 744004188295.0355 171864967496.15335
53.67281082651038 1.262677104419792e-10 14683410.51246659 791879518881.6742 183716048380.5472
53.441462503982315 1.327233425828499e-10 15500936.986317094 835968899222.5782 194780753518.85672
53.21210000396522 1.2798945837963604e-10 15012491.602792796 809626933575.2375 189452702456.60205
52.98469786719613 1.316737656362571e-10 15510927.51870757 836507690804.8217 196579307339.1275
52.75923106776125 1.346336330617574e-10 15927370.504617482 858966551506.428 202716106155.518
52.535675003914804 1.3373484804400528e-10 15888366.410148134 856863052218.1271 203076543375.695
52.31400548913035 1.2774752855932753e-10 15241352.522102537 821969452673.2322 195628729736.2287
52.0941987433777 1.3346639750309087e-10 15990850.039159836 862390016595.1111 206111213966.22916
51.8762313846188 1.314489597632032e-10 15815310.026651073 852923105584.7635 204701545340.3334
51.66008042051621 1.2929917908654665e-10 15621749.321709957 842484334716.5764 203038724666.69708
51.445723240348094 1.3620327745156017e-10 16524459.229434691 891167676152.2645 215662577628.8495
51.23313760712352 1.4879932335346875e-10 18127544.399731304 977622407653.7119 237562245059.8504
51.022301649892555 1.402777483558779e-10 17160017.052367836 925443447616.8354 225808201218.50137
50.81319385624545 1.3331495104959832e-10 16375378.200593 883127703879.2485 216366287450.41644
50.60579306499547 1.3408790531230263e-10 16537823.247466022 891888400548.0029 219404546534.80234
50.400078459040195 1.3654367094571028e-10 16909444.35533485 911930007629.3816 225246711884.45404
50.196029558396305 1.3620649125833074e-10 16936256.167429667 913375974480.4729 226517241671.15613
49.99362621340277 1.3551086340159486e-10 16917977.710012693 912390213301.0137 227185163111.95334
49.7928485980879 1.509225912873289e-10 18918045.061515853 1020254280078.5902 255063570019.64777
49.59367720369555 1.6019635827204156e-10 20161150.100812465 1087295204910.1758 272911096432.44714
49.39609283236608 1.5064773343048257e-10 19035267.2507381 1026576098209.6544 258697176748.83597
49.200076590967804 1.3933705217713012e-10 17676236.93746877 953283298168.1643 241180674436.53384
49.00560988507464 1.4084173482406308e-10 17938021.584996562 967401401081.5789 245719955874.71936
48.81267441308616 1.363202752390119e-10 17430780.184340626 940045762146.9282 239711669347.473
48.621252160485824 1.4612556371995106e-10 18758108.140606172 1011628847187.9247 258976984880.1045
48.43132539423392 1.4173318690161805e-10 18265609.682277452 985068298335.8583 253162552672.31192
48.242876657291376 1.5198250409439772e-10 19662981.667611923 1060428873081.4803 273590649255.01904
48.055888763270865 1.6830302461006653e-10 21859200.924957186 1178871454754.768 305327706781.47687
47.8703447912119 1.573232957599658e-10 20512351.74445811 1106235585849.9067 287621252320.9749
47.68622808047647 1.4654479726547536e-10 19180786.33916825 1034423974262.4509 269984657282.49826
47.503522225762 1.4413511636438816e-10 18937950.00111485 1021327757795.4762 267587872542.4146
47.322211072228555 1.4120098566515775e-10 18623515.935972065 1004370260352.0945 264149378472.59473
47.14227871073719 1.4503329598745935e-10 19201984.750464603 1035567209188.9797 273389743225.89075
46.963709473196516 1.5609263069763005e-10 20744787.10109751 1118770875129.63 296474281909.34216
46.78648792801464 1.5766044121996944e-10 21032517.879702207 1134288258528.772 301720676768.65216
46.61059887565368 1.7406707782330376e-10 23308854.47604998 1257051585699.8118 335632773381.85376
46.43602734428419 1.961875128315575e-10 26369705.40695683 1422123941367.9417 381129216286.5984
46.26275858553686 1.7395232687107872e-10 23468627.495664902 1265668179358.044 340464740247.3148
46.09077807034899 1.5248177734147862e-10 20648707.90040088 1113589302963.0283 300669111800.0203
45.920071484903254 1.4516002277170954e-10 19730289.018114623 1064058773116.491 288359927514.5535
45.75062472665637 1.4989225409515737e-10 20448955.823543757 1102816630062.3467 299966123376.96716
45.58242390045543 1.5916787083177943e-10 21794502.810251508 1175382271373.1426 320879360084.86316
45.415455314739475 1.5409455638762438e-10 21177398.025143523 1142101676247.3716 312935859291.7727
45.249705477824364 1.5967978656176674e-10 22025367.39855011 1187832848775.0 326654033413.13153
45.08516109426864 1.8215332770347312e-10 25216944.273173615 1359955282987.7437 375347658104.6137
44.92180906131839 2.005803301471808e-10 27868916.16285426 1502976703134.3127 416324546768.1805
44.759636465429146 1.7266703694540463e-10 24077526.007770944 1298506208398.0222 360984725934.66235
44.59863057886286 1.6658856269110728e-10 23313776.69092227 1257317041817.2168 350791454666.9933
44.43877885635797 1.5785616716021848e-10 22171159.79975989 1195695464645.3787 334794730100.70795
44.28006893187098 1.54594048969655e-10 21790814.24034566 1175183345996.785 330226520225.1
44.122488615387454 1.592797496584351e-10 22531470.65567876 1215127107381.9644 342665844281.7008
43.96602588980097 1.8630279926193634e-10 26447896.939966973 1426340827730.1477 403654454247.6324
43.81066890785821 1.7698461415210252e-10 25214165.79038376 1359805438807.2664 386184744621.25195
43.65640598916856 2.0638985271991547e-10 29507290.775859073 1591334601947.5808 453530361555.0555
43.50322561727674 2.4109663647761824e-10 34590645.5262352 1865481027984.982 533527574003.7019
43.35111643679675 2.673610446142951e-10 38493448.31506321 2075960030263.3167 595800528685.5917
43.20006725060583 2.1205819063530634e-10 30637942.972917553 1652310920567.0874 475865545123.3015
43.05006701709677 2.0810751702074577e-10 30171917.43207141 1627178061906.0498 470254459890.86346
42.901104847487446 2.0283552186300582e-10 29509680.792803533 1591463496080.6223 461524413863.3598
42.75317000318576 2.014424250688396e-10 29408413.36381546 1586002121635.13 461526617395.8272
42.606251893209176 2.0589405453963841e-10 30161952.396802537 1626640645389.1138 474979068453.6081
42.460340071657086 2.384097232877059e-10 35045274.84680938 1889999286010.944 553769790801.2112
42.31542423523505 2.482971879801242e-10 36623688.09450592 1975123455366.6392 580686295877.7887
42.17149422082949 2.820000612482512e-10 41736803.84821659 2250874898779.3965 664008095139.9183
42.02854000313176 3.419395839663058e-10 50780158.27260872 2738584967539.24 810621150391.5835
41.88655169231036 3.8937062414679873e-10 58019976.63747519 3129029944793.922 929321893603.8118
41.745519531730196 3.703509786158512e-10 55372304.83558507 2986240429316.082 889899647936.1649
41.605433895717674 3.0482643803255276e-10 45728983.80891551 2466174031353.758 737386035374.7502
41.46628528737079 3.0587923084223273e-10 46040903.01484652 2482995901893.5 744898770568.057
41.328064336412886 3.0429063299666495e-10 45954970.704382375 2478361553721.53 745986827670.1597
41.19076179708925 3.074403013703112e-10 46585412.779095426 2512361431773.204 758733152395.5208
41.054368546105515 3.172950409683077e-10 48238398.69756215 2601507321464.313 788256718403.6819
40.918875580606816 3.538936340896327e-10 53980640.617048115 2911187675673.852 885001053404.8484
40.784274016196925 3.9768433936224464e-10 60860389.54974897 3282214030227.4097 1001075279219.348
40.65055508499628 4.228422539415373e-10 64923342.927491695 3501329988558.341 1071406976498.8577
40.51771013373812 5.76954011353112e-10 88876159.33808495 4793110581287.636 1471484948455.3362
40.38573062190184 6.224938814049906e-10 96204661.91794458 5188338317523.384 1598008201797.1382
40.254608119882676 6.590627868652615e-10 102188061.84794922 5511024375631.336 1702906532070.1304
40.124334307196975 5.431848127549967e-10 84494560.90296324 4556810025787.194 1412611107993.9907
39.99490097072214 4.69280559971221e-10 73234701.02362627 3949563336310.3774 1228314197592.5408
39.866300002970625 4.6016555115610795e-10 72043888.88175808 3885342578797.644 1212226884584.781
39.73852340039699 4.5862435484735527e-10 72033474.46853477 3884780927229.9985 1215936430223.0093
39.61156326173758 4.486735942203589e-10 70696433.25668459 3812674004205.1357 1197179637320.3916
39.485411786381725 4.6489475811541067e-10 73486396.65898314 3963137336605.5947 1248388261030.727
39.36006127277416 5.267691074572473e-10 83532120.57798907 4504905409972.919 1423550109551.4944
39.235504116847665 5.991666931857861e-10 95314154.8629488 5140313078586.416 1629479245911.828
39.111732810485364 5.897739608752149e-10 94116877.78291951 5075743665554.158 1614086485646.2957
38.988739940012145 8.506854516294546e-10 136181709.24514332 7344309164820.369 2342834623577.5654
38.866518184714295 1.0423252218389121e-09 167385018.67312023 9027110421133.646 2888675334762.8154
38.745060315387065 1.0411840008155574e-09 167725895.59008875 9045493987320.652 2903603569929.9653
38.624359192909225 8.850496632825918e-10 143019524.1761426 7713074009552.075 2483609831075.7456
38.50440776684429 6.272169924349385e-10 101670823.81808864 5483129616311.93 1771050866068.7214
38.38519907406768 6.112393965813607e-10 99388586.89780612 5360048083389.254 1736655579017.9958
38.26672623741931 5.695078612351216e-10 92889663.30292305 5009559722037.825 1628106909662.2856
38.1489824643811 5.774391803379433e-10 94473991.47393598 5095002884492.979 1660970940344.7788
38.03196104577871 5.546129444363674e-10 91018622.16709973 4908654067102.573 1605129879942.476
37.91565535450721 5.86087147169987e-10 96478958.22606753 5203131177010.83 1706627026059.546
37.80005884428005 6.58828108348917e-10 108784900.44684175 5866793314420.853 1930175000444.495
37.68516504840078 8.310419073919798e-10 137638990.25850642 7422900646462.702 2449557213332.696
37.570967578557145 7.716837197073345e-10 128196430.56790015 6913661350969.309 2288421907170.871
37.457460123637034 1.202318195576185e-09 200341106.76268968 10804439411454.6 3587073884602.8687
37.344636448565836 1.681160314274339e-09 280976415.87688434 15153119149858.041 5045988676902.755
37.23249039316474 1.6193408728415024e-09 271459576.0614427 14639873911095.05 4889717886305.6875
37.12101587102951 1.4859060654336085e-09 249839140.7074026 13473879135451.23 4513749510376.281
37.01020686842943 1.0246270311475284e-09 172795835.42027056 9318916943797.605 3131156093115.8003
36.90005744322576 8.241497690211542e-10 139401701.2374563 7517964032503.238 2533553878953.5356
36.79056172380966 7.537378095983714e-10 127871234.31071901 6896123446171.231 2330889724805.7925
36.68171390805874 7.58473816292009e-10 129056519.44868751 6960046131162.923 2359455638464.2017
36.57350826231225 7.392602459054822e-10 126159426.42761815 6803805275148.438 2313293793550.4795
36.465939120364276 7.568745168469722e-10 129546431.84445669 6986467213099.336 2382385319666.9185
36.359000882474646 7.873358669334963e-10 135156541.54936042 7289021648270.972 2492845403708.703
36.252688014397236 8.646599774220507e-10 148865519.90121332 8028349829037.126 2753723991359.7183
