string
integrated and resized binned spectra ROIsize spatial in px50:1600
converted file:ndrun__Wed Jan 30 2019_16.22.33_29 binning:0.1
nm muJ
17.500000000000007 0.00018530048609204853
17.60000000000001 0.00018286390404130358
17.70000000000001 0.00018094246122629112
17.80000000000001 0.0001787129602743796
17.900000000000013 0.0001795543315753651
18.000000000000014 0.00017691202394981217
18.100000000000016 0.00017813785585682086
18.200000000000017 0.0001786427878229234
18.30000000000002 0.0001739354109025277
18.40000000000002 0.00017865187436858903
18.50000000000002 0.00017379769049690523
18.600000000000023 0.0001733445424764496
18.700000000000024 0.00017250718863682192
18.800000000000026 0.00017278264183119183
18.900000000000027 0.00016760938694959076
19.00000000000003 0.00016759623141698274
19.10000000000003 0.0001692065312227759
19.20000000000003 0.00017164349242141427
19.300000000000033 0.00017456856601284158
19.400000000000034 0.0001627005526794461
19.500000000000036 0.00016392811626613068
19.600000000000037 0.00016394485916700692
19.70000000000004 0.00016268869152380477
19.80000000000004 0.00016607455406709166
19.90000000000004 0.00016448282261888883
20.000000000000043 0.00016411481459340486
20.100000000000044 0.0001648170707372863
20.200000000000045 0.00016717705179888575
20.300000000000047 0.00016885385055451552
20.40000000000005 0.00017097811954351922
20.50000000000005 0.00016194027229663783
20.60000000000005 0.00016655359914899146
20.700000000000053 0.00016549977073481982
20.800000000000054 0.0001626494874568473
20.900000000000055 0.00016025959146244664
21.000000000000057 0.00015951016526059015
21.10000000000006 0.00015897505233958764
21.20000000000006 0.0001575865124301298
21.30000000000006 0.00015661107061840123
21.400000000000063 0.00015704950047673973
21.500000000000064 0.0001624340794284004
21.600000000000065 0.000159314887316002
21.700000000000067 0.00015639060600593257
21.800000000000068 0.00015774594063635555
21.90000000000007 0.00015991128773743899
22.00000000000007 0.0001607480834420534
22.100000000000072 0.00015815348783703643
22.200000000000074 0.00015817313478212375
22.300000000000075 0.00015922630166360544
22.400000000000077 0.0001597808528647216
22.500000000000078 0.00016288082273824668
22.60000000000008 0.0001614611526345088
22.70000000000008 0.00016482256939848308
22.800000000000082 0.00016485128032651955
22.900000000000084 0.00016505413076666725
23.000000000000085 0.00016543406839437678
23.100000000000087 0.00017277135421906795
23.200000000000088 0.00017882966448854302
23.30000000000009 0.000173923747224884
23.40000000000009 0.0001734107506064873
23.500000000000092 0.0001739065246300308
23.600000000000094 0.0001726906106780264
23.700000000000095 0.00017324494616077554
23.800000000000097 0.00017993281347939357
23.900000000000098 0.00017766973944814425
24.0000000000001 0.00017329488983503313
24.1000000000001 0.0001806828111194743
24.200000000000102 0.00017945187146060953
24.300000000000104 0.0001763106706402368
24.400000000000105 0.0001759327836227688
24.500000000000107 0.00017636790110059402
24.600000000000108 0.00018065685090770767
24.70000000000011 0.00018242400123113744
24.80000000000011 0.00018680627063670687
24.900000000000112 0.00019464984371111283
25.000000000000114 0.00018807047845745574
25.100000000000115 0.00019136859326796644
25.200000000000117 0.00018341328292600836
25.300000000000118 0.00018905597482176664
25.40000000000012 0.00018480991486092085
25.50000000000012 0.00018685738018437329
25.600000000000122 0.00019304427548458685
25.700000000000124 0.0001890269184671675
25.800000000000125 0.00019149301840048788
25.900000000000126 0.0001892556914078155
26.000000000000128 0.00019432859088190456
26.10000000000013 0.00019605293977684185
26.20000000000013 0.00019361901746167522
26.300000000000132 0.00019209559014048654
26.400000000000134 0.00020242487260321046
26.500000000000135 0.00020307552574169496
26.600000000000136 0.00019983734167006455
26.700000000000138 0.00021126134313288695
26.80000000000014 0.00021157498872237545
26.90000000000014 0.00019788464139092803
27.000000000000142 0.0001943481190732081
27.100000000000144 0.00019642283765772636
27.200000000000145 0.00020401133620333702
27.300000000000146 0.00020312296926710733
27.400000000000148 0.00021093753155595172
27.50000000000015 0.00020609257323939473
27.60000000000015 0.00019921312826847492
27.700000000000152 0.00020593991193917772
27.800000000000153 0.0002036708146432605
27.900000000000155 0.00020531102527141635
28.000000000000156 0.0002099852945215528
28.100000000000158 0.00020850841113090744
28.20000000000016 0.00022096181777826987
28.30000000000016 0.00023332949426108136
28.400000000000162 0.00024907499433191293
28.500000000000163 0.0002438180159151743
28.600000000000165 0.0002457829728380528
28.700000000000166 0.00024340883420223905
28.800000000000168 0.0002440380503222113
28.90000000000017 0.0002480613113173228
29.00000000000017 0.000254808188302341
29.100000000000172 0.0002631984891071296
29.200000000000173 0.0002726444767029096
29.300000000000175 0.0002917201378407568
29.400000000000176 0.00031699299580888494
29.500000000000178 0.00034137135071978425
29.60000000000018 0.0003270283487971605
29.70000000000018 0.0003249625414664677
29.800000000000182 0.00033326239126640206
29.900000000000183 0.00033636291075592016
30.000000000000185 0.0003494450716331736
30.100000000000186 0.0003655880491048249
30.200000000000188 0.0003705107649432424
30.30000000000019 0.00038118995172781015
30.40000000000019 0.00041205103225314224
30.500000000000192 0.0004700552203207611
30.600000000000193 0.0005108487410099081
30.700000000000195 0.00048390663404949063
30.800000000000196 0.0004761405754989
30.900000000000198 0.000494992429599514
31.0000000000002 0.0004873693987557844
31.1000000000002 0.0004890354336904044
31.200000000000202 0.000509211319281229
31.300000000000203 0.0005111233899876606
31.400000000000205 0.0005142598074245639
31.500000000000206 0.0005345261107486751
31.600000000000207 0.0005604747875990377
31.70000000000021 0.000642775305592104
31.80000000000021 0.0007076274648068386
31.90000000000021 0.0006671394291781739
32.00000000000021 0.0006378593878603341
32.100000000000215 0.0006236797307381719
32.200000000000216 0.0006113381457352312
32.30000000000022 0.0006211615707628195
32.40000000000022 0.0006111705653403472
32.50000000000022 0.0006273552961109617
32.60000000000022 0.000615140847056932
32.70000000000022 0.0006466945964086473
32.800000000000225 0.0006482601489427066
32.900000000000226 0.0007121595661726082
33.00000000000023 0.0008112935412224521
33.10000000000023 0.0009587370953952477
33.20000000000023 0.0009171478656135781
33.30000000000023 0.0008670204484758969
33.40000000000023 0.0008231232153642599
33.500000000000234 0.0007957752808048249
33.600000000000236 0.0007831294665906672
33.70000000000024 0.0007714599900635671
33.80000000000024 0.000798176827027611
33.90000000000024 0.0007883867175908317
34.00000000000024 0.0007968753511404213
34.10000000000024 0.0008209076489676958
34.200000000000244 0.0008604622902195484
34.300000000000246 0.0009020544505822638
