string
20190130_2ndrun__Wed Jan 30 2019_16.17.   full spectra  index number  Nphoton via eV
eV x-axis E [J] Nphoton Nphoton/sr Nphoton/sr @ 0.1bw
70.04756667188666 1.3356306121939252e-10 11900967.95946824 641821787517.8658 114244278178.17564
69.6540410164266 1.3279355983658825e-10 11899252.241870666 641729258495.0922 114869537270.61761
69.26491229566443 1.310177195348386e-10 11806080.010410715 636704459810.9584 114606802765.97214
68.88010722735518 1.302097949067527e-10 11798826.506294083 636313276758.1377 115172703093.22061
68.499554148751 1.2968234524100146e-10 11816315.710085087 637256473318.0845 115980678143.89282
68.12318297210952 1.3118233082963736e-10 12019029.090411087 648188849958.1805 118618559542.34613
67.75092514166083 1.2628036363530626e-10 11633477.889515985 627395989933.6073 115440862147.77916
67.38271359197788 1.2665029594806393e-10 11731314.754500344 632672353317.0956 117044385363.65959
67.0184827076969 1.2550204568017624e-10 11688134.175303519 630343615300.1082 117243912445.81892
66.65816828453724 1.2567305671679555e-10 11767325.80093766 634614436874.7947 118672899695.58797
66.3017074915718 1.2037761713480378e-10 11332089.711903527 611142060038.9315 114894707287.31825
65.94903883470174 1.2155725788617573e-10 11504331.8068397 620431113638.1226 117261480477.60509
65.60010212129062 1.156529046390046e-10 11003757.326012919 593435023138.2345 112752654396.25682
65.25483842591538 1.1799340807731812e-10 11285842.924133334 608647960727.4541 116251760498.9465
64.91319005719332 1.197651193771356e-10 11515594.780256167 621038528241.3333 119239397422.33179
64.57510052564542 1.1909014701479414e-10 11510646.465004606 620771664524.804 119808931253.29004
64.24051451255919 1.2179772426122693e-10 11833661.385570422 638191929365.3252 123809234296.86955
63.90937783981403 1.0883803983974951e-10 10629310.57414552 573241028462.1467 111782000550.11958
63.5816374406355 1.111821187011733e-10 10914207.651875742 588605589757.512 115366695592.47034
63.257241331244494 1.0723900681345587e-10 10581116.832478484 570641929504.0404 112416460112.29198
62.936138583370145 1.042589824274407e-10 10339567.273560323 557615109315.3796 110407791644.44313
62.61827929759554 1.0703441202351827e-10 10668694.351530062 575365004132.5494 114497635822.37611
62.30361457750712 1.0650457366763973e-10 10669498.086978747 575408349759.9071 115081669951.98079
61.99209650461958 1.0549241482530476e-10 10621207.287013985 572804016426.7186 115133607301.77068
61.683678114049336 1.0297498125753045e-10 10419585.296624653 561930498683.0095 113509960733.96732
61.378313370910476 1.0380875267837496e-10 10556209.420853075 569298667383.992 115567629478.94432
61.07595714740844 1.0583130814999478e-10 10815157.726041803 583263805738.8706 118985816370.72899
60.776565200607415 1.0699831281786233e-10 10988280.881756926 592600375137.2793 121483076903.14417
60.48009415084836 1.0131959248024852e-10 10456105.357378988 563900033493.408 116163406899.63904
60.18650146079569 1.006580510745322e-10 10438507.149164123 562950958301.2014 116530848368.34853
59.89574541509136 9.905995525626668e-11 10322648.235649232 556702661925.2041 115794153680.44113
59.60778510059573 9.526058714428598e-11 9974686.253777927 537936996648.774 112428832299.58896
59.322580387195735 9.529682749817526e-11 10026454.428442936 540728865555.0002 113553061766.54935
59.04009190916147 9.651107729471937e-11 10202793.88896951 550238890970.627 116100405994.80244
58.76028104703274 9.475593003979022e-11 10064947.38971668 542804799319.0193 115074617455.63158
58.483109910018435 8.931608989790089e-11 9532091.845927157 514067784080.54816 109496438009.15521
58.208541318891584 8.760364358840146e-11 9393434.8648512 506589982968.1436 108410256355.18448
57.93653878936406 8.156172641398256e-11 8786640.107439872 473865409875.88824 101881063123.31145
57.66706651592514 9.5099589551531e-11 10292947.50101367 555100894853.8774 119901793288.43759
57.40008935612919 9.535185318456346e-11 10368252.006700123 559162083205.3153 121338172055.5501
57.13557281531753 8.945311947417994e-11 9771874.46781689 526999312971.4019 114885850227.76468
56.873483031761026 8.477243479680318e-11 9303231.02400405 501725270234.63574 109877834181.3856
56.61378676220961 8.650471075894649e-11 9536884.619107781 514326259379.4005 113151777063.46664
56.35645136783592 9.074929404572388e-11 10050521.36958452 542026800919.2652 119787923003.15518
56.10144480056064 9.276873108471779e-11 10320875.64096887 556607065508.9993 123566768542.99449
55.8487355897473 9.789510576789524e-11 10940485.871312862 590022779840.6515 131575079904.46454
55.59829282925516 9.344570207972173e-11 10490274.428420732 565742778917.858 126726382477.60133
55.35008616483884 8.797474200879817e-11 9920388.391314304 535008701129.9985 120376957754.24939
55.104085781884 9.03910842814314e-11 10238368.798562527 552157453573.563 124787584507.62239
54.86026239346858 8.913746484263222e-11 10141247.280682452 546919669014.8166 124150764866.36583
54.61858722873965 1.0360617951780281e-10 11839522.079767426 638507997876.5948 145579823515.85446
54.37903202159604 1.0864256778197906e-10 12469743.605254415 672495981660.5936 154001579800.27847
54.141568999667676 1.0826408912871271e-10 12480804.02511069 673092472506.2987 154811268676.44742
53.90617087358216 9.367218881598774e-11 10845789.21151882 584915768405.2809 135115542501.62
53.67281082651038 9.73508133828946e-11 11320724.44823814 610529128900.3741 141642757904.8859
53.441462503982315 1.042386255317087e-10 12174168.72166772 656555563975.6548 152977446406.3244
53.21210000396522 1.08952481602379e-10 12779554.15912123 689204132136.4128 161273766919.9176
52.98469786719613 1.2426985378877388e-10 14638760.314661343 789471524013.8625 185525808143.25244
52.75923106776125 1.2836703917389861e-10 15186022.593370711 818985497596.3981 193280577432.75092
52.535675003914804 1.1446943489074244e-10 13599539.31908802 733426109953.7133 173821988059.02908
52.31400548913035 9.666838134290276e-11 11533349.368116938 621996037021.8167 148035056811.19196
52.0941987433777 9.849698935386024e-11 11801102.116582014 636436000915.338 152108204218.764
51.8762313846188 1.059175847453021e-10 12743497.11887154 687259568122.4203 164942296349.37296
51.66008042051621 1.1412283566907614e-10 13788164.343345813 743598698490.3811 179207286336.18375
51.445723240348094 1.332920286936368e-10 16171260.596427081 872119597142.4005 211052942508.46234
51.23313760712352 1.4693460226634108e-10 17900373.915765297 965371054101.0487 234585166146.55328
51.022301649892555 1.2294496103756383e-10 15039716.937535895 811095201792.5875 197907229237.38568
50.81319385624545 9.918210771005269e-11 12182763.536250478 657019084193.3108 160969675627.36157
50.60579306499547 9.544651543000336e-11 11771961.073532468 634864418132.8372 156176646860.6734
50.400078459040195 9.896869800022254e-11 12256193.788872777 660979193669.8208 163261860836.44342
50.196029558396305 1.123285031106803e-10 13967207.333593542 753254525851.2067 186807122411.0983
49.99362621340277 1.4564175849020775e-10 18182778.575340312 980601198743.8303 244169698487.21475
49.7928485980879 1.6721720241364184e-10 20960563.579903807 1130407747508.703 282601936877.17596
49.59367720369555 1.5850251655142145e-10 19947975.484705098 1075798651551.706 270025461539.4713
49.39609283236608 1.2984804304107935e-10 16407098.500508593 884838386544.8741 222979273409.3109
49.200076590967804 1.0202639388053217e-10 12943023.29444433 698020058117.7614 176599074703.78503
49.00560988507464 1.0181992801135405e-10 12968088.391782666 699371824262.5648 177640443362.69025
48.81267441308616 1.0106511429955513e-10 12922830.360869616 696931048823.1987 177717417449.92032
48.621252160485824 1.280036437787719e-10 16431801.057038467 886170600785.116 226859673800.98596
48.43132539423392 1.6678091297688105e-10 21493590.354418356 1159153997257.3743 297902577295.14087
48.242876657291376 1.780334567603169e-10 23033365.69797135 1242194416048.5933 320486159340.5337
48.055888763270865 1.7711667542139988e-10 23003918.10644404 1240606301040.089 321317031969.3746
47.8703447912119 1.3437415865116858e-10 17520164.41242006 944866272985.8138 245665230976.31088
47.68622808047647 1.0487637138950846e-10 13726937.490692735 740296721025.3777 193217444187.62256
47.503522225762 1.0577636754175527e-10 13897984.129981538 749521303441.7957 196374581501.75034
47.322211072228555 1.0110084647481775e-10 13334561.487616014 719135797936.4739 189132714857.28824
47.14227871073719 1.2259926692670652e-10 16231784.832003783 875383682315.8328 231101292131.3799
46.963709473196516 1.7570968893091465e-10 23351903.75215604 1259373242512.589 333733909265.82513
46.78648792801464 2.0947899046748958e-10 27945314.489398945 1507096881482.2656 400887770474.28107
46.61059887565368 2.1791418384249673e-10 29180302.576274693 1573700057306.4006 420177915300.814
46.43602734428419 2.0409667466224075e-10 27432781.565479375 1479455869548.4333 396494173038.9697
46.26275858553686 1.5025562813614516e-10 20271607.912826475 1093252218708.8511 294084846832.6818
46.09077807034899 1.078534439300474e-10 14605248.565383868 787664228094.9614 212669341585.6415
45.920071484903254 1.0486115434173026e-10 14252828.309273882 768658127120.2872 208306352449.5866
45.75062472665637 1.0664833815910887e-10 14549431.982559204 784654027657.1758 213425895522.75812
45.58242390045543 1.348234146442867e-10 18461070.52885153 995609544255.1135 271801405581.64197
45.415455314739475 1.8255641878144215e-10 25088945.60074075 1353052286775.9592 370736326576.6044
45.249705477824364 2.393280068711532e-10 33011612.76327768 1780323448036.6738 489588948210.09515
45.08516109426864 2.690776743388894e-10 37250577.87582519 2008931757463.8574 554465165060.0194
44.92180906131839 2.3544879386475174e-10 32713590.071604267 1764251019529.8364 488697532409.7363
44.759636465429146 1.7390090867949943e-10 24249583.04479136 1307785281783.613 363564308335.8567
44.59863057886286 1.237902012407748e-10 17324221.192802284 934299012583.5175 260669424510.7938
44.43877885635797 1.0556269014236709e-10 14826454.449913805 799593909504.2389 223886294661.18817
44.28006893187098 1.0618333399155662e-10 14967078.757894283 807177808984.0024 226816964324.50702
44.122488615387454 1.167396840780816e-10 16513817.806714574 890593781913.1388 251147446499.4955
43.96602588980097 1.607745704613492e-10 22823861.407207433 1230895804133.267 348343512569.7151
43.81066890785821 2.6825401326376426e-10 38216887.92990486 2061045068609.4841 585336799485.0757
43.65640598916856 3.442641255504254e-10 49218997.55458781 2654391230857.033 756501500794.2461
43.50322561727674 3.7754852469062396e-10 54167687.18687122 2921275137819.941 835484689416.4985
43.35111643679675 3.281655205578936e-10 47247805.01439467 2548084388926.4062 731300219621.9028
43.20006725060583 2.2900130031737117e-10 33085865.529777106 1784327915865.2668 513886439769.1756
43.05006701709677 1.6561764970528679e-10 24011636.502796292 1294952773080.3635 374241351420.23706
42.901104847487446 1.3815524174397672e-10 20099620.84684008 1083976918876.326 314353306474.1205
42.75317000318576 1.406465492908243e-10 20532873.64032344 1107342336152.2688 322236619820.3133
42.606251893209176 1.56725774647745e-10 22959163.94889014 1238192699600.4478 361552268283.32074
42.460340071657086 1.9074643198589186e-10 28038961.846060432 1512147303771.7383 443059160005.123
42.31542423523505 3.3379992042608097e-10 49235290.46424109 2655269911014.2393 780649353838.182
42.17149422082949 5.230186892877732e-10 77408240.08026877 4174643204328.912 1231519745277.0225
42.02854000313176 5.678332553128798e-10 84326775.63320658 4547761329738.172 1346137353602.4465
41.88655169231036 5.839321945963735e-10 87011526.26135975 4692550514371.686 1393687502768.416
41.745519531730196 4.4579678522769284e-10 66652437.583960354 3594580439024.3794 1071184970829.2319
41.605433895717674 3.10986436144605e-10 46653084.932647124 2516011005715.9 752287290709.0302
41.46628528737079 2.4786117389030187e-10 37308032.44407066 2012030294811.2366 603609088443.3767
41.328064336412886 2.2628925085937846e-10 34174945.81265453 1843062252121.5662 554761737888.576
41.19076179708925 2.3164708533251752e-10 35100717.248814695 1892989306795.8523 571682770652.3573
41.054368546105515 2.4052323684474837e-10 36566773.18226359 1972054021784.7485 597532368600.775
40.918875580606816 2.90497283746957e-10 44310572.34050574 2389678792715.0957 726462352985.3868
40.784274016196925 4.965804718007025e-10 75995149.83430125 4098434940372.586 1250022656813.6238
40.65055508499628 8.666684782484799e-10 133068571.77417514 7176416984687.575 2195983597314.4092
40.51771013373812 9.258552864255246e-10 142622220.04034492 7691647311194.901 2361335724536.886
40.38573062190184 9.533265495007692e-10 147333911.4355942 7945749851747.121 2447290954338.015
40.254608119882676 8.032343963876537e-10 124541952.31818224 6716574545033.238 2075421534415.3286
40.124334307196975 6.127722459390173e-10 95319163.27250735 5140583183201.977 1593580786792.568
39.99490097072214 4.4227837437526806e-10 69020810.31989595 3722307295198.075 1157637568806.614
39.866300002970625 3.856179857947207e-10 60372662.07695232 3255910781661.576 1015844163878.3413
39.73852340039699 3.6201467887935513e-10 56859551.510233566 3066447965581.523 959798213227.0322
39.61156326173758 3.507760008258644e-10 55270941.838072635 2980773900839.3086 935963004863.5265
39.485411786381725 3.697009677320804e-10 58439015.466862075 3151628799898.1836 992763071967.8998
39.36006127277416 4.5355185246794125e-10 71921734.7645946 3878754780721.257 1225686510707.962
39.235504116847665 6.80308591805457e-10 108222034.38773891 5836437825571.805 1850150790706.187
39.111732810485364 1.3414952597573405e-09 214077517.46378163 11545247024774.846 3671388553878.568
38.988739940012145 1.4437829334580029e-09 231127530.48810938 12464757931261.303 3976257780072.131
38.866518184714295 1.3491844250258705e-09 216662952.64160857 11684680105596.164 3739097633790.835
38.745060315387065 1.2537780913975553e-09 201972997.1706889 10892447615683.234 3496475684634.362
38.624359192909225 8.637649311496454e-10 139580019.7187541 7527580786938.997 2423881013394.335
38.50440776684429 6.413340599627233e-10 103959176.81674299 5606540990669.904 1810912739986.3464
38.38519907406768 5.639449511303991e-10 91698427.97189866 4945316141841.96 1602282429956.6821
38.26672623741931 4.95726730977425e-10 80855581.22215424 4360559061039.4175 1417181694837.804
38.1489824643811 4.601482845400997e-10 75284197.17717431 4060093109120.5527 1323590353573.3542
38.03196104577871 4.5052851263330945e-10 73937121.15491639 3987445006590.356 1303894517154.9934
37.91565535450721 4.913043361051877e-10 80876249.8004931 4361673721959.444 1430628980802.6921
37.80005884428005 6.114258123621624e-10 100957890.66306998 5444680976378.336 1791300041228.5046
37.68516504840078 8.504764317665183e-10 140857778.97093186 7596490620999.827 2506841904929.9473
37.570967578557145 1.855934165074412e-09 308318199.873116 16627667500727.889 5503757942741.004
37.457460123637034 2.1057794392552576e-09 350883971.4900433 18923248811365.598 6282518605373.276
37.344636448565836 1.921851384659594e-09 321203700.3994857 17322585343466.668 5768420919374.432
37.23249039316474 1.8165171883828815e-09 304513394.39204377 16422473514546.56 5485106153858.484
37.12101587102951 1.370668235597794e-09 230463137.70632178 12428927084201.37 4163690573207.568
37.01020686842943 8.794097290007523e-10 148306002.26231918 7998174921217.371 2687386773528.869
36.90005744322576 7.854499310520225e-10 132855775.41997012 7164940831075.676 2414585060072.4497
36.79056172380966 6.993001691684944e-10 118635916.42419736 6398060746195.028 2162544532213.8416
36.68171390805874 6.747273329888037e-10 114806812.44625324 6191556336798.595 2098937598174.6978
36.57350826231225 6.221630749712801e-10 106176055.20864896 5726097723958.211 1946873226145.8003
36.465939120364276 6.316245601062077e-10 108108684.07613121 5830324818641.651 1988140763156.8403
36.359000882474646 6.893283922402626e-10 118332271.39751834 6381685103939.8955 2182536305547.4714
36.252688014397236 8.770783571391252e-10 151003549.4170754 8143654225310.609 2793273399281.5225
