string
integrated and resized binned spectra ROIsize spatial in px50:1600
converted file:ndrun__Wed Jan 30 2019_15.19.30_17 binning:0.1
nm muJ
17.500000000000007 0.00017579989544551448
17.60000000000001 0.00017309484628342755
17.70000000000001 0.00017179800961322314
17.80000000000001 0.00016971441523807326
17.900000000000013 0.0001705079800877206
18.000000000000014 0.00017117373574137608
18.100000000000016 0.00016976466742272837
18.200000000000017 0.0001689363436835375
18.30000000000002 0.00016510633674884305
18.40000000000002 0.00016795903188719462
18.50000000000002 0.00016558158978983154
18.600000000000023 0.00016396164109554166
18.700000000000024 0.00016299431602025092
18.800000000000026 0.00016392729367904077
18.900000000000027 0.00015864040450848092
19.00000000000003 0.0001578769695843733
19.10000000000003 0.00016124123950292743
19.20000000000003 0.00016475056345078293
19.300000000000033 0.00017027332305185586
19.400000000000034 0.00015683212658758715
19.500000000000036 0.00015602220416944984
19.600000000000037 0.00015670955080534423
19.70000000000004 0.00015310558140838856
19.80000000000004 0.0001548245689397612
19.90000000000004 0.00015546444824374582
20.000000000000043 0.00015514370318877167
20.100000000000044 0.00015653527469955812
20.200000000000045 0.00015994125764776682
20.300000000000047 0.00016073946238195214
20.40000000000005 0.00016410096458687528
20.50000000000005 0.00015498487219126593
20.60000000000005 0.00015803920186137658
20.700000000000053 0.00016139110514187943
20.800000000000054 0.0001563446765098637
20.900000000000055 0.0001523303775061902
21.000000000000057 0.00015322757456451215
21.10000000000006 0.00015267605601652781
21.20000000000006 0.00015143712353423298
21.30000000000006 0.00015084328361227457
21.400000000000063 0.00015072485466401637
21.500000000000064 0.00015722625248789642
21.600000000000065 0.0001550121617565671
21.700000000000067 0.0001517801106904551
21.800000000000068 0.00015139287111148528
21.90000000000007 0.00015275660303053134
22.00000000000007 0.00015507740146048895
22.100000000000072 0.00015373589723936088
22.200000000000074 0.00015421251200091736
22.300000000000075 0.0001559331049350802
22.400000000000077 0.00015561166952734293
22.500000000000078 0.00015946794592962935
22.60000000000008 0.0001552811826266492
22.70000000000008 0.00015873972164672827
22.800000000000082 0.00015944015559651173
22.900000000000084 0.00015911711333677526
23.000000000000085 0.00016240217224401484
23.100000000000087 0.0001688950201037668
23.200000000000088 0.0001739282494725031
23.30000000000009 0.0001686310635624686
23.40000000000009 0.00016958166561499528
23.500000000000092 0.00016807750152981804
23.600000000000094 0.00016791196608935245
23.700000000000095 0.00017063746642017534
23.800000000000097 0.00017631142545899823
23.900000000000098 0.00017589036278117977
24.0000000000001 0.00016594354554581286
24.1000000000001 0.0001689002601518669
24.200000000000102 0.0001720459226985284
24.300000000000104 0.00017091291509063506
24.400000000000105 0.00017764400582452236
24.500000000000107 0.0001767403210207111
24.600000000000108 0.0001764891339223262
24.70000000000011 0.00017342582826550002
24.80000000000011 0.00017402832070713127
24.900000000000112 0.00017977903102186466
25.000000000000114 0.0001779516751636727
25.100000000000115 0.0001853997572429658
25.200000000000117 0.00018657599602196604
25.300000000000118 0.00018648013023995412
25.40000000000012 0.00017495785029984063
25.50000000000012 0.00017287615106090405
25.600000000000122 0.00017510799255679942
25.700000000000124 0.0001718670462984774
25.800000000000125 0.00017981209621243874
25.900000000000126 0.00018325569780496649
26.000000000000128 0.00019810379435455372
26.10000000000013 0.00019542614722460895
26.20000000000013 0.00018380531068878394
26.300000000000132 0.00017818351133888204
26.400000000000134 0.0001865785267808249
26.500000000000135 0.00018439969407228128
26.600000000000136 0.0001843921124003955
26.700000000000138 0.00020312042559961473
26.80000000000014 0.00021044050740239074
26.90000000000014 0.00021031768420581303
27.000000000000142 0.00019844761714901677
27.100000000000144 0.000191744567570612
27.200000000000145 0.0001933242127784925
27.300000000000146 0.00018992648177749643
27.400000000000148 0.0001885068742740694
27.50000000000015 0.00019162285787682176
27.60000000000015 0.00019689145647203629
27.700000000000152 0.00020755607372093565
27.800000000000153 0.0002209591532438976
27.900000000000155 0.00022429425436442074
28.000000000000156 0.00021715580810363513
28.100000000000158 0.00020419287925213254
28.20000000000016 0.00020932086763454001
28.30000000000016 0.00021172221115839274
28.400000000000162 0.0002142868675120865
28.500000000000163 0.0002241090838189367
28.600000000000165 0.00024133601272556646
28.700000000000166 0.00025271239537321083
28.800000000000168 0.00026649316798006863
28.90000000000017 0.00027683058304320843
29.00000000000017 0.00026497523429075263
29.100000000000172 0.0002578535358949921
29.200000000000173 0.0002592515779662043
29.300000000000175 0.00026470832943263693
29.400000000000176 0.0002742451322164409
29.500000000000178 0.00029610750073875183
29.60000000000018 0.0003130925292193937
29.70000000000018 0.0003323449500507504
29.800000000000182 0.00036055611507340935
29.900000000000183 0.00037366919309364153
30.000000000000185 0.00038417387849319
30.100000000000186 0.00037448912687038674
30.200000000000188 0.00035842396851344226
30.30000000000019 0.0003629366153147941
30.40000000000019 0.0003795510437170647
30.500000000000192 0.00039281348736406316
30.600000000000193 0.0004230461713021595
30.700000000000195 0.0004428282478321148
30.800000000000196 0.000469630073275625
30.900000000000198 0.0005251783651871646
31.0000000000002 0.0005406497608537562
31.1000000000002 0.0005416750232387415
31.200000000000202 0.0005423246834684775
31.300000000000203 0.0005033581850102748
31.400000000000205 0.0004915429139079927
31.500000000000206 0.0005093844451804162
31.600000000000207 0.0005029729289788366
31.70000000000021 0.0005092866229354748
31.80000000000021 0.0005442203558244929
31.90000000000021 0.0005753182106795093
32.00000000000021 0.0006059796872842447
32.100000000000215 0.0006639475180611651
32.200000000000216 0.0007064443251372611
32.30000000000022 0.0007267109960262082
32.40000000000022 0.0006868893411174605
32.50000000000022 0.0006521047747825076
32.60000000000022 0.0005990818583303282
32.70000000000022 0.0006256747491778141
32.800000000000225 0.0006176699973521466
32.900000000000226 0.0006487491999046583
33.00000000000023 0.0006382041807372199
33.10000000000023 0.0006888385959509596
33.20000000000023 0.0007410784208592649
33.30000000000023 0.0008151792816678444
33.40000000000023 0.0008414506699198426
33.500000000000234 0.0009231361125794532
33.600000000000236 0.00099093179997216
33.70000000000024 0.0009400582486333703
33.80000000000024 0.00088855636931537
33.90000000000024 0.0007996677872607953
34.00000000000024 0.000767489147236302
34.10000000000024 0.0007895457440308324
34.200000000000244 0.0008160743092648374
34.300000000000246 0.0008405356023312878
