string
integrated and resized binned spectra ROIsize spatial in px50:1600
converted file:ndrun__Wed Jan 30 2019_16.12.14_21 binning:0.1
nm muJ
17.500000000000007 0.00014996005953502297
17.60000000000001 0.00014804770260230685
17.70000000000001 0.00014620143678992692
17.80000000000001 0.00014286364330240016
17.900000000000013 0.000143619543035629
18.000000000000014 0.0001423131206083283
18.100000000000016 0.00014298504615495265
18.200000000000017 0.00014320502317990795
18.30000000000002 0.00013764980766502223
18.40000000000002 0.00014065562133370196
18.50000000000002 0.00013860232310373548
18.600000000000023 0.00013847659728097848
18.700000000000024 0.00013508868018736626
18.800000000000026 0.00013587644220098777
18.900000000000027 0.00013079797779481643
19.00000000000003 0.000129166293887532
19.10000000000003 0.0001323008889110141
19.20000000000003 0.00013351530533127788
19.300000000000033 0.00013479595262146348
19.400000000000034 0.00012375452200425184
19.500000000000036 0.00012490973492494743
19.600000000000037 0.00012562289585848804
19.70000000000004 0.00012011046392872616
19.80000000000004 0.0001226211719047551
19.90000000000004 0.00012179954812904102
20.000000000000043 0.00012253355513618664
20.100000000000044 0.000122959239184446
20.200000000000045 0.00012373824613587717
20.300000000000047 0.00012379983561646018
20.40000000000005 0.00012299658011135657
20.50000000000005 0.0001171765385236482
20.60000000000005 0.00012024884219042358
20.700000000000053 0.00011913098729958933
20.800000000000054 0.00011488164853695787
20.900000000000055 0.00011462184343403614
21.000000000000057 0.00011477141238302153
21.10000000000006 0.00011614597446352367
21.20000000000006 0.0001134079564454487
21.30000000000006 0.00010858179010305218
21.400000000000063 0.00010741016866922888
21.500000000000064 0.0001148240814719197
21.600000000000065 0.00011433025008482324
21.700000000000067 0.00011143125888159647
21.800000000000068 0.0001114575050828105
21.90000000000007 0.00011070121880323215
22.00000000000007 0.00011397006939214608
22.100000000000072 0.00011207676612832438
22.200000000000074 0.00011436066024067844
22.300000000000075 0.00011243504659471343
22.400000000000077 0.00011296414863770475
22.500000000000078 0.00011513315993903329
22.60000000000008 0.00011293576966778864
22.70000000000008 0.00011817809556393527
22.800000000000082 0.0001224618248499184
22.900000000000084 0.00012313233185727015
23.000000000000085 0.00011914963584563375
23.100000000000087 0.0001262677104419792
23.200000000000088 0.0001327233425828499
23.30000000000009 0.00012798945837963604
23.40000000000009 0.00013167376563625712
23.500000000000092 0.00013463363306175742
23.600000000000094 0.0001337348480440053
23.700000000000095 0.00012774752855932754
23.800000000000097 0.00013346639750309088
23.900000000000098 0.0001314489597632032
24.0000000000001 0.00012929917908654665
24.1000000000001 0.00013620327745156018
24.200000000000102 0.00014879932335346875
24.300000000000104 0.0001402777483558779
24.400000000000105 0.00013331495104959833
24.500000000000107 0.00013408790531230263
24.600000000000108 0.0001365436709457103
24.70000000000011 0.00013620649125833074
24.80000000000011 0.00013551086340159486
24.900000000000112 0.00015092259128732892
25.000000000000114 0.00016019635827204157
25.100000000000115 0.0001506477334304826
25.200000000000117 0.00013933705217713011
25.300000000000118 0.0001408417348240631
25.40000000000012 0.00013632027523901192
25.50000000000012 0.00014612556371995108
25.600000000000122 0.00014173318690161805
25.700000000000124 0.00015198250409439773
25.800000000000125 0.00016830302461006653
25.900000000000126 0.00015732329575996582
26.000000000000128 0.00014654479726547537
26.10000000000013 0.00014413511636438817
26.20000000000013 0.00014120098566515777
26.300000000000132 0.00014503329598745935
26.400000000000134 0.00015609263069763006
26.500000000000135 0.00015766044121996945
26.600000000000136 0.00017406707782330376
26.700000000000138 0.0001961875128315575
26.80000000000014 0.0001739523268710787
26.90000000000014 0.00015248177734147864
27.000000000000142 0.00014516002277170954
27.100000000000144 0.00014989225409515737
27.200000000000145 0.00015916787083177942
27.300000000000146 0.0001540945563876244
27.400000000000148 0.00015967978656176676
27.50000000000015 0.0001821533277034731
27.60000000000015 0.00020058033014718081
27.700000000000152 0.00017266703694540463
27.800000000000153 0.0001665885626911073
27.900000000000155 0.00015785616716021848
28.000000000000156 0.000154594048969655
28.100000000000158 0.0001592797496584351
28.20000000000016 0.00018630279926193635
28.30000000000016 0.00017698461415210253
28.400000000000162 0.00020638985271991548
28.500000000000163 0.00024109663647761827
28.600000000000165 0.0002673610446142951
28.700000000000166 0.00021205819063530636
28.800000000000168 0.0002081075170207458
28.90000000000017 0.00020283552186300583
29.00000000000017 0.0002014424250688396
29.100000000000172 0.00020589405453963843
29.200000000000173 0.00023840972328770593
29.300000000000175 0.0002482971879801242
29.400000000000176 0.0002820000612482512
29.500000000000178 0.00034193958396630585
29.60000000000018 0.00038937062414679875
29.70000000000018 0.00037035097861585125
29.800000000000182 0.0003048264380325528
29.900000000000183 0.00030587923084223276
30.000000000000185 0.000304290632996665
30.100000000000186 0.0003074403013703112
30.200000000000188 0.00031729504096830773
30.30000000000019 0.0003538936340896327
30.40000000000019 0.00039768433936224467
30.500000000000192 0.00042284225394153733
30.600000000000193 0.000576954011353112
30.700000000000195 0.0006224938814049906
30.800000000000196 0.0006590627868652615
30.900000000000198 0.0005431848127549967
31.0000000000002 0.00046928055997122106
31.1000000000002 0.00046016555115610796
31.200000000000202 0.0004586243548473553
31.300000000000203 0.0004486735942203589
31.400000000000205 0.0004648947581154107
31.500000000000206 0.0005267691074572474
31.600000000000207 0.0005991666931857862
31.70000000000021 0.0005897739608752149
31.80000000000021 0.0008506854516294547
31.90000000000021 0.0010423252218389122
32.00000000000021 0.0010411840008155574
32.100000000000215 0.0008850496632825919
32.200000000000216 0.0006272169924349386
32.30000000000022 0.0006112393965813607
32.40000000000022 0.0005695078612351217
32.50000000000022 0.0005774391803379433
32.60000000000022 0.0005546129444363674
32.70000000000022 0.000586087147169987
32.800000000000225 0.000658828108348917
32.900000000000226 0.0008310419073919798
33.00000000000023 0.0007716837197073345
33.10000000000023 0.001202318195576185
33.20000000000023 0.001681160314274339
33.30000000000023 0.0016193408728415023
33.40000000000023 0.0014859060654336086
33.500000000000234 0.0010246270311475285
33.600000000000236 0.0008241497690211542
33.70000000000024 0.0007537378095983715
33.80000000000024 0.000758473816292009
33.90000000000024 0.0007392602459054822
34.00000000000024 0.0007568745168469723
34.10000000000024 0.0007873358669334964
34.200000000000244 0.0008646599774220507
34.300000000000246 0.001152044513056108
