string
20190130_2ndrun__Wed Jan 30 2019_16.19.   full spectra  index number  Nphoton via eV
eV x-axis E [J] Nphoton Nphoton/sr Nphoton/sr @ 0.1bw
70.04756667188666 1.2429381322425956e-10 11075043.318393707 597279492194.0833 106315749610.54266
69.6540410164266 1.2403951834654358e-10 11114827.545718027 599425064216.7352 107297086494.79198
69.26491229566443 1.230389177439102e-10 11087105.716968974 597930019969.7816 107627403594.56035
68.88010722735518 1.2107770511384533e-10 10971331.59177114 591686296246.1434 107095219620.5498
68.499554148751 1.2175651642276419e-10 11094134.942870125 598309107649.7173 108892257592.24991
68.12318297210952 1.2141673334506217e-10 11124297.311290747 599935770731.3613 109788246043.83829
67.75092514166083 1.1686274971313024e-10 10765887.710158907 580606663078.4843 106831626006.43686
67.38271359197788 1.1942500052142186e-10 11062052.877063053 596578914870.9712 110367099251.12675
67.0184827076969 1.1706829843899982e-10 10902690.648696236 587984475273.9932 109365112400.96161
66.65816828453724 1.152549393222318e-10 10791831.253283648 582005803995.3893 108835085347.13904
66.3017074915718 1.1216931582500671e-10 10559377.898537168 569469544073.8412 107060274285.88132
65.94903883470174 1.1245569689537983e-10 10642948.624797612 573976531496.6559 108481564452.86789
65.60010212129062 1.0804798504774424e-10 10280189.769043425 554412867597.1279 105338444843.44708
65.25483842591538 1.0909856545790917e-10 10435068.306522867 562765500770.4761 107488210647.16348
64.91319005719332 1.0946866204165869e-10 10525575.056949446 567646549483.4092 108988137500.81071
64.57510052564542 1.1175818271843376e-10 10801976.175942352 582552921878.3394 112432713922.5222
64.24051451255919 1.1268912721724433e-10 10948685.465290349 590464985725.2043 114550207230.68639
63.90937783981403 9.89428131414229e-11 9662925.678451387 521123681091.99316 101619117812.93956
63.5816374406355 1.0038877855525249e-10 9854677.963234691 531464923468.1934 104167124999.7641
63.257241331244494 9.98640681959083e-11 9853442.365291636 531398287402.6931 104685462618.32684
62.936138583370145 9.586309983392436e-11 9506931.169932593 512710863358.05 101516750944.89203
62.61827929759554 9.883936824173502e-11 9851850.35105999 531312429729.3182 105731173516.1332
62.30361457750712 9.963406262248782e-11 9981218.68330195 538289291992.1631 107657858398.43202
61.99209650461958 9.652745485922399e-11 9718595.489974285 524125966121.5888 105349319190.43956
61.683678114049336 9.47004719825274e-11 9582324.108268756 516776820901.49866 104388917822.10217
61.378313370910476 9.657007473052098e-11 9820115.417446598 529600957865.1911 107508994446.62817
61.07595714740844 9.581654222009664e-11 9791724.537748141 528069831555.1861 107726245637.25742
60.776565200607415 9.833866061635844e-11 10098970.684030477 544639682972.8615 111651135009.43835
60.48009415084836 9.00966914281148e-11 9297910.452090302 501438330635.44275 103296296110.89853
60.18650146079569 9.221546926099781e-11 9562988.999575399 515734074289.14856 106756953377.85359
59.89574541509136 9.298202155650868e-11 9689290.675372818 522545551103.7138 108689474629.57123
59.60778510059573 8.857763016621444e-11 9274917.324128222 500198306249.2323 104541446006.08508
59.322580387195735 8.500727487561287e-11 8943860.881861728 482344360396.3876 101292315683.24077
59.04009190916147 8.581437835452381e-11 9071978.46717186 489253769605.4765 103232545386.75568
58.76028104703274 8.433942875283894e-11 8958509.645988606 483134371428.1676 102424486742.77109
58.483109910018435 8.35673038786055e-11 8918563.461498927 480980065020.40295 102448753849.34439
58.208541318891584 8.261682779257366e-11 8858715.902918413 477752473184.3821 102239029261.45941
57.93653878936406 7.81167836870505e-11 8415516.625101406 453850639847.47015 97577887567.20175
57.66706651592514 8.5911123883988e-11 9298449.047583025 501467377207.37415 108316953476.79288
57.40008935612919 8.448292658626246e-11 9186400.094547099 495424552827.7145 107507127963.61108
57.13557281531753 8.071640239909461e-11 8817473.961491238 475528286323.4774 103665166418.51723
56.873483031761026 7.913095189537121e-11 8684114.457683962 468336179311.0402 102565623269.11816
56.61378676220961 7.928187820195807e-11 8740589.017229132 471381864576.3071 103704010206.78622
56.35645136783592 8.283473523875408e-11 9173980.750103727 494754774883.80334 109340805249.31833
56.10144480056064 8.297524694988107e-11 9231313.12711767 497846722431.5204 110521972379.79454
55.8487355897473 7.96203586250295e-11 8898150.747916874 479879202942.2977 107013062256.13179
55.59829282925516 7.818136588002594e-11 8776690.259874642 473328812435.109 106025653985.46536
55.35008616483884 8.173931591685197e-11 9217256.47861992 497088644324.2553 111844944972.9572
55.104085781884 8.396156051822698e-11 9510112.953308426 512882457626.74536 115911435423.6418
54.86026239346858 8.286152716661996e-11 9427228.36615582 508412473835.0788 115409631560.56517
54.61858722873965 8.553640064996898e-11 9774611.020620879 527146895858.6322 120189492255.76059
54.37903202159604 8.648936674724577e-11 9927050.233967928 535367975751.5817 122599266447.11423
54.141568999667676 8.320942873508222e-11 9592475.043588106 517324263048.5435 118984580501.16402
53.90617087358216 8.15042160500412e-11 9436926.3524454 508935488342.54584 117564097807.12819
53.67281082651038 8.99803991651147e-11 10463634.244988497 564306068037.8259 130919007784.77477
53.441462503982315 9.455656303238069e-11 11043387.671559809 595572296283.1991 138768345033.9825
53.21210000396522 9.187686113932696e-11 10776673.515203822 581188343887.7532 135998072469.7317
52.98469786719613 9.329462327872221e-11 10989935.106427344 592689587833.1323 139282053140.78214
52.75923106776125 9.16562724696169e-11 10843081.164021762 584769722815.4462 138005654584.44598
52.535675003914804 8.816066884254905e-11 10473926.803829331 564861147972.1519 133872092069.39926
52.31400548913035 8.702625123207283e-11 10382962.305913312 559955412837.6686 133269388255.36475
52.0941987433777 9.066254348225442e-11 10862443.01274382 585813911523.3533 140009524854.0798
51.8762313846188 9.132835719644545e-11 10988191.050644165 592595530525.8525 142222927326.19778
51.66008042051621 8.699246253504133e-11 10510309.904527921 566823296496.9896 136604414455.77596
51.445723240348094 9.717525853478587e-11 11789500.427689238 635810319312.9048 153866097273.724
51.23313760712352 9.954556904336041e-11 12127183.658916604 654021649334.0673 158927260788.17728
51.022301649892555 9.11493572444334e-11 11150196.969648646 601332544933.2568 146725140963.71045
50.81319385624545 8.537552154194594e-11 10486869.201955514 565559134314.8096 138561987907.1287
50.60579306499547 8.758855047666294e-11 10802793.607007781 582597006113.2833 143318863503.86353
50.400078459040195 9.168563655413688e-11 11354266.065631501 612338035613.2538 151247494796.47153
50.196029558396305 9.004894552846923e-11 11196911.358538477 603851862074.7018 149755261794.5253
49.99362621340277 9.609994494333582e-11 11997685.541022595 647037787702.8116 161112409138.00076
49.7928485980879 1.097484147610915e-10 13756889.79476577 741912055291.1204 185478013822.78024
49.59367720369555 1.0484104883655314e-10 13194532.91647802 711584026674.0482 178607590695.18155
49.39609283236608 1.0174318803056349e-10 12855877.290696718 693320255203.3411 174716704311.24402
49.200076590967804 9.272512874474183e-11 11763068.904786065 634384861540.5361 160499369969.74783
49.00560988507464 9.463269065883355e-11 12052700.499642195 650004756373.0669 165101208118.75787
48.81267441308616 8.962631295133127e-11 11460192.23514957 618050656947.6318 157602917521.65024
48.621252160485824 9.182791563740502e-11 11787930.379889596 635725646293.98 162745765451.25623
48.43132539423392 9.809477734473012e-11 12641788.095066806 681774378372.5298 175216015241.7376
48.242876657291376 1.0620093226657064e-10 13739916.950860718 740996706132.0013 191177150182.05432
48.055888763270865 1.0923405231562113e-10 14187321.368386332 765125323566.9574 198167458803.83673
47.8703447912119 9.638036956532587e-11 12566403.673625017 677708880147.0449 176204308838.23117
47.68622808047647 9.461483478673444e-11 12383837.3277248 667863037450.4381 174312252774.56342
47.503522225762 9.41277644811384e-11 12367471.178598512 666980407472.5411 174748866757.80566
47.322211072228555 9.056988804243012e-11 11945594.75156422 644228520110.6918 169432100789.108
47.14227871073719 9.575608923931651e-11 12677826.514378265 683717938155.2781 180501535672.99347
46.963709473196516 1.0584900144867295e-10 14067384.155822424 758657083637.2435 201044127163.8629
46.78648792801464 1.1632311153054766e-10 15517956.845467413 836886783924.0885 222611884523.80667
46.61059887565368 1.2554166356136472e-10 16810946.694948874 906618007406.3276 242067007977.4924
46.43602734428419 1.2515810728401552e-10 16822591.666195527 907246023235.5085 243141934227.10992
46.26275858553686 1.1099989080220562e-10 14975454.115236409 807629493824.9945 217252333838.92416
46.09077807034899 9.715780970307612e-11 13156872.039265143 709552967384.2004 191579301193.73584
45.920071484903254 9.122602688799254e-11 12399528.755276393 668709279547.2299 181220214757.28952
45.75062472665637 9.214951241733184e-11 12571438.864258125 677980429071.7745 184410676707.5281
45.58242390045543 1.0200109052176274e-10 13966782.632751158 753231621642.5114 205632232708.40256
45.415455314739475 1.0531009124754644e-10 14472891.000791933 780526155882.0771 213864166711.68427
45.249705477824364 1.2178984875120988e-10 16799034.003728613 905975553380.8083 249143277179.7273
45.08516109426864 1.3616041637575404e-10 18849777.13692374 1016572576074.2546 280574030996.49164
44.92180906131839 1.19123791515021e-10 16551228.908125868 892611370739.7439 247253349694.8947
44.759636465429146 1.0481045668076782e-10 14615276.553424982 788205039668.5809 219121001027.8729
44.59863057886286 9.648500284278341e-11 13502906.64594185 728214688897.6671 203171898202.44324
44.43877885635797 9.402247906444729e-11 13205612.71446339 712181562586.4653 199410837524.21143
44.28006893187098 9.746688407154636e-11 13738450.99176661 740917646639.5791 208197858705.72388
44.122488615387454 9.800233172529986e-11 13863260.497281622 747648650386.6428 210836919409.02518
43.96602588980097 1.1064821153677319e-10 15707828.904931217 847126625340.3326 239736834971.31448
43.81066890785821 1.2693484392829856e-10 18083810.36237429 975263821517.9077 276974925311.0774
43.65640598916856 1.551902977654822e-10 22187356.507165942 1196568956594.4924 341022152629.4266
43.50322561727674 1.7579743038796656e-10 25222030.00346574 1360229557527.2634 389025653452.79517
43.35111643679675 1.5486789228805686e-10 22297186.9969061 1202492138766.6543 345115243826.04126
43.20006725060583 1.246512125466709e-10 18009475.276896376 971254914208.921 279721415292.1577
43.05006701709677 1.1903158353565553e-10 17257479.026519213 930699593056.2566 268972182393.26678
42.901104847487446 1.1778784766331928e-10 17136454.96553368 924172739155.0488 268010094354.95218
42.75317000318576 1.2475139404064e-10 18212353.04532119 982196156334.899 285819081493.4584
42.606251893209176 1.3369131354161513e-10 19584786.184935167 1056211773712.8959 308413837924.1571
42.460340071657086 1.4495604487774275e-10 21307958.263583504 1149142818270.415 336698845753.2344
42.31542423523505 1.696647052898618e-10 25025443.492656745 1349627604291.2708 396790515661.6314
42.17149422082949 2.1289386387459397e-10 31508891.86935578 1699281383764.072 501288008210.3985
42.02854000313176 2.579674349311255e-10 38309771.0508774 2066054275502.223 611552065548.6342
41.88655169231036 2.546481120693638e-10 37945023.57597314 2046383364939.9075 607775859387.1636
41.745519531730196 2.034370886944089e-10 30416499.862243455 1640368445500.3184 488829796759.0797
41.605433895717674 1.8472977834104967e-10 27712507.803802412 1494541566351.2136 446867928338.9987
41.46628528737079 1.839797557343115e-10 27692609.488833115 1493468445902.0464 448040533770.61816
41.328064336412886 1.9693184795951948e-10 29741294.415194143 1603954469053.788 482790295185.1768
41.19076179708925 2.1273182652600837e-10 32234550.596631788 1738416316574.1118 525001727605.39087
41.054368546105515 2.1801437196879435e-10 33144748.070234578 1787503464064.2637 541613549611.46844
40.918875580606816 2.283296497123535e-10 34827924.4837089 1878277533709.9626 570996370247.8269
40.784274016196925 2.597602887985384e-10 39752916.57495736 2143883427136.6077 653884445276.6575
40.65055508499628 3.3349597277771e-10 51205084.64742573 2761501339247.6074 845019409809.7721
40.51771013373812 4.441279555592689e-10 68415135.6400316 3689643128131.263 1132720440336.3225
40.38573062190184 4.5428250838862484e-10 70208071.82252426 3786336565965.232 1166191662317.2446
40.254608119882676 3.813423651173969e-10 59127351.700751565 3188750922531.6445 985324035062.3057
40.124334307196975 3.194335976872693e-10 49689168.291260086 2679747640829.5103 830721768657.1249
39.99490097072214 2.9521631008306175e-10 46070687.87924443 2484602206101.1875 772711286097.4777
39.866300002970625 3.0133737524552763e-10 47177621.88752941 2544299397647.406 793821412065.9355
39.73852340039699 3.233064111460649e-10 50779867.808274046 2738569302734.5684 857172191755.9338
39.61156326173758 3.2355079029215537e-10 50981130.036823094 2749423418444.0737 863318953391.4241
39.485411786381725 3.3450652057937573e-10 52875792.69760207 2851602987351.9165 898254941015.8284
39.36006127277416 3.617946804947493e-10 57371391.84460472 3094051626010.5454 977720313819.368
39.235504116847665 3.8888744575504253e-10 61863382.34501859 3336305649574.669 1057608890915.1272
39.111732810485364 4.817158364760327e-10 76872825.0403449 4145768154907.869 1318354273260.7622
38.988739940012145 6.794499869364754e-10 108769534.48582494 5865964624804.989 1871242715312.6858
38.866518184714295 7.393798846820686e-10 118735604.98295647 6403436971826.065 2049099830984.3752
38.745060315387065 6.345791367838158e-10 102225306.9164339 5513033010266.139 1769683596295.4526
38.624359192909225 4.745540542942161e-10 76685521.56642923 4135666837868.257 1331684721793.5664
38.50440776684429 4.1716535133234946e-10 67621804.65434684 3646858615723.5635 1177935332878.6897
38.38519907406768 4.1303756807666263e-10 67160625.53631826 3621987125697.9536 1173523828726.0542
38.26672623741931 4.0291499386337094e-10 65717509.216639645 3544159549063.2783 1151851853445.56
38.1489824643811 4.153934601145449e-10 67961924.9012909 3665201374531.764 1194855648097.4038
38.03196104577871 4.1297073441052084e-10 67773440.23151174 3655036355342.621 1195196888196.9885
37.91565535450721 4.310777441860136e-10 70962026.5080599 3826997505951.4595 1255255181952.074
37.80005884428005 4.647542733525237e-10 76739663.53014615 4138586725733.754 1361595032766.4294
37.68516504840078 5.386514846495515e-10 89212644.740237 4811257312126.54 1587714913001.7607
37.570967578557145 6.374722648060872e-10 105900470.42222042 5711235376555.824 1890418909640.0027
37.457460123637034 9.952270960007093e-10 165833719.08253357 8943448497196.28 2969224901069.116
37.344636448565836 1.1324787103408307e-09 189273923.7220167 10207583825745.627 3399125413973.312
37.23249039316474 1.0381446230315777e-09 174030251.43440673 9385489267614.613 3134753415383.2427
37.12101587102951 7.576235795676396e-10 127386265.19006084 6869968956135.473 2301439600305.444
37.01020686842943 5.933762325523983e-10 100068550.5120755 5396718668827.666 1813297472725.9827
36.90005744322576 5.6945824399267e-10 96321628.64106205 5194646358311.918 1750595822751.078
36.79056172380966 5.489848749491823e-10 93135003.55657274 5022790975216.878 1697703349623.2437
36.68171390805874 5.637026791906753e-10 95915645.62624323 5172751606123.664 1753562794475.9006
36.57350826231225 5.692256021390221e-10 97141941.38197477 5238886002640.799 1781221240897.8796
36.465939120364276 5.816718265627527e-10 99558788.09285837 5369227070814.323 1830906431147.7185
36.359000882474646 5.948116512004078e-10 102107231.5206772 5506665178521.313 1883279491054.3127
36.252688014397236 6.450244564990372e-10 111051631.36151184 5989038605092.198 2054240241546.6118
