string
integrated and resized binned spectra ROIsize spatial in px50:1600
converted file:ndrun__Wed Jan 30 2019_16.17.10_25 binning:0.1
nm muJ
17.500000000000007 0.00013824285927455283
17.60000000000001 0.0001361648946276865
17.70000000000001 0.00013356306121939252
17.80000000000001 0.00013279355983658825
17.900000000000013 0.00013101771953483862
18.000000000000014 0.0001302097949067527
18.100000000000016 0.00012968234524100147
18.200000000000017 0.00013118233082963737
18.30000000000002 0.00012628036363530626
18.40000000000002 0.00012665029594806392
18.50000000000002 0.00012550204568017624
18.600000000000023 0.00012567305671679557
18.700000000000024 0.0001203776171348038
18.800000000000026 0.00012155725788617574
18.900000000000027 0.00011565290463900461
19.00000000000003 0.00011799340807731813
19.10000000000003 0.00011976511937713561
19.20000000000003 0.00011909014701479415
19.300000000000033 0.00012179772426122693
19.400000000000034 0.00010883803983974952
19.500000000000036 0.0001111821187011733
19.600000000000037 0.00010723900681345587
19.70000000000004 0.0001042589824274407
19.80000000000004 0.00010703441202351828
19.90000000000004 0.00010650457366763974
20.000000000000043 0.00010549241482530476
20.100000000000044 0.00010297498125753045
20.200000000000045 0.00010380875267837497
20.300000000000047 0.00010583130814999479
20.40000000000005 0.00010699831281786233
20.50000000000005 0.00010131959248024852
20.60000000000005 0.0001006580510745322
20.700000000000053 9.905995525626668e-05
20.800000000000054 9.526058714428598e-05
20.900000000000055 9.529682749817526e-05
21.000000000000057 9.651107729471937e-05
21.10000000000006 9.475593003979023e-05
21.20000000000006 8.931608989790089e-05
21.30000000000006 8.760364358840147e-05
21.400000000000063 8.156172641398257e-05
21.500000000000064 9.5099589551531e-05
21.600000000000065 9.535185318456346e-05
21.700000000000067 8.945311947417994e-05
21.800000000000068 8.477243479680318e-05
21.90000000000007 8.650471075894649e-05
22.00000000000007 9.07492940457239e-05
22.100000000000072 9.276873108471779e-05
22.200000000000074 9.789510576789524e-05
22.300000000000075 9.344570207972174e-05
22.400000000000077 8.797474200879818e-05
22.500000000000078 9.039108428143141e-05
22.60000000000008 8.913746484263222e-05
22.70000000000008 0.00010360617951780281
22.800000000000082 0.00010864256778197906
22.900000000000084 0.00010826408912871272
23.000000000000085 9.367218881598774e-05
23.100000000000087 9.735081338289462e-05
23.200000000000088 0.0001042386255317087
23.30000000000009 0.00010895248160237901
23.40000000000009 0.00012426985378877388
23.500000000000092 0.0001283670391738986
23.600000000000094 0.00011446943489074244
23.700000000000095 9.666838134290276e-05
23.800000000000097 9.849698935386024e-05
23.900000000000098 0.0001059175847453021
24.0000000000001 0.00011412283566907615
24.1000000000001 0.0001332920286936368
24.200000000000102 0.0001469346022663411
24.300000000000104 0.00012294496103756384
24.400000000000105 9.91821077100527e-05
24.500000000000107 9.544651543000336e-05
24.600000000000108 9.896869800022255e-05
24.70000000000011 0.00011232850311068031
24.80000000000011 0.00014564175849020775
24.900000000000112 0.00016721720241364186
25.000000000000114 0.00015850251655142146
25.100000000000115 0.00012984804304107936
25.200000000000117 0.00010202639388053218
25.300000000000118 0.00010181992801135405
25.40000000000012 0.00010106511429955513
25.50000000000012 0.0001280036437787719
25.600000000000122 0.00016678091297688105
25.700000000000124 0.0001780334567603169
25.800000000000125 0.00017711667542139988
25.900000000000126 0.00013437415865116858
26.000000000000128 0.00010487637138950847
26.10000000000013 0.00010577636754175528
26.20000000000013 0.00010110084647481776
26.300000000000132 0.00012259926692670652
26.400000000000134 0.00017570968893091467
26.500000000000135 0.0002094789904674896
26.600000000000136 0.00021791418384249674
26.700000000000138 0.00020409667466224075
26.80000000000014 0.00015025562813614517
26.90000000000014 0.0001078534439300474
27.000000000000142 0.00010486115434173027
27.100000000000144 0.00010664833815910888
27.200000000000145 0.00013482341464428669
27.300000000000146 0.00018255641878144217
27.400000000000148 0.00023932800687115325
27.50000000000015 0.0002690776743388894
27.60000000000015 0.00023544879386475174
27.700000000000152 0.00017390090867949943
27.800000000000153 0.0001237902012407748
27.900000000000155 0.00010556269014236709
28.000000000000156 0.00010618333399155663
28.100000000000158 0.00011673968407808161
28.20000000000016 0.0001607745704613492
28.30000000000016 0.00026825401326376427
28.400000000000162 0.0003442641255504254
28.500000000000163 0.00037754852469062397
28.600000000000165 0.0003281655205578936
28.700000000000166 0.00022900130031737118
28.800000000000168 0.0001656176497052868
28.90000000000017 0.00013815524174397672
29.00000000000017 0.0001406465492908243
29.100000000000172 0.00015672577464774499
29.200000000000173 0.00019074643198589187
29.300000000000175 0.00033379992042608097
29.400000000000176 0.0005230186892877732
29.500000000000178 0.0005678332553128799
29.60000000000018 0.0005839321945963735
29.70000000000018 0.00044579678522769286
29.800000000000182 0.000310986436144605
29.900000000000183 0.0002478611738903019
30.000000000000185 0.00022628925085937848
30.100000000000186 0.00023164708533251753
30.200000000000188 0.0002405232368447484
30.30000000000019 0.00029049728374695705
30.40000000000019 0.0004965804718007025
30.500000000000192 0.00086666847824848
30.600000000000193 0.0009258552864255246
30.700000000000195 0.0009533265495007693
30.800000000000196 0.0008032343963876537
30.900000000000198 0.0006127722459390173
31.0000000000002 0.0004422783743752681
31.1000000000002 0.0003856179857947207
31.200000000000202 0.00036201467887935515
31.300000000000203 0.0003507760008258644
31.400000000000205 0.00036970096773208044
31.500000000000206 0.0004535518524679413
31.600000000000207 0.000680308591805457
31.70000000000021 0.0013414952597573405
31.80000000000021 0.001443782933458003
31.90000000000021 0.0013491844250258706
32.00000000000021 0.0012537780913975554
32.100000000000215 0.0008637649311496454
32.200000000000216 0.0006413340599627233
32.30000000000022 0.0005639449511303992
32.40000000000022 0.000495726730977425
32.50000000000022 0.0004601482845400997
32.60000000000022 0.00045052851263330945
32.70000000000022 0.0004913043361051877
32.800000000000225 0.0006114258123621624
32.900000000000226 0.0008504764317665183
33.00000000000023 0.001855934165074412
33.10000000000023 0.0021057794392552575
33.20000000000023 0.0019218513846595941
33.30000000000023 0.0018165171883828815
33.40000000000023 0.0013706682355977941
33.500000000000234 0.0008794097290007523
33.600000000000236 0.0007854499310520225
33.70000000000024 0.0006993001691684943
33.80000000000024 0.0006747273329888038
33.90000000000024 0.0006221630749712801
34.00000000000024 0.0006316245601062077
34.10000000000024 0.0006893283922402626
34.200000000000244 0.0008770783571391252
34.300000000000246 0.00106124822612646
