string
20190130_2ndrun__Wed Jan 30 2019_15.27.   full spectra  index number  Nphoton via eV
eV x-axis E [J] Nphoton Nphoton/sr Nphoton/sr @ 0.1bw
70.04756667188666 1.1954908045787872e-10 10652269.895012941 574479229624.3977 102257302873.1388
69.6540410164266 1.1786339783721603e-10 10561402.997817397 569578758117.9731 101954597703.11374
69.26491229566443 1.1665319567337082e-10 10511684.72844393 566897441049.458 102041539388.90211
68.88010722735518 1.1726829825796296e-10 10626146.111549543 573070368306.872 103725736663.54173
68.499554148751 1.1617103462202674e-10 10585200.467419403 570862160823.5664 103896913269.89038
68.12318297210952 1.1772809248062e-10 10786341.112666829 581709719519.2012 106452878672.013
67.75092514166083 1.1387189039761659e-10 10490357.17860164 565747241653.0917 104097492464.16473
67.38271359197788 1.161049667311252e-10 10754526.067923035 579993927244.4075 107298876540.21254
67.0184827076969 1.12394043669972e-10 10467372.510144338 564507673489.8118 104998427269.10391
66.65816828453724 1.1405524223144263e-10 10679498.292674864 575947663025.6252 107702212985.79315
66.3017074915718 1.1058571400728944e-10 10410301.032808803 561429796318.4313 105548801707.86427
65.94903883470174 1.104169042389685e-10 10449994.722969169 563570485652.1621 106514821788.25856
65.60010212129062 1.0526035161094509e-10 10014961.30852042 540109039100.71936 102620717429.12964
65.25483842591538 1.0702190428291276e-10 10236439.652519602 552053414308.3646 105442202132.90015
64.91319005719332 1.1085535649772226e-10 10658907.79625705 574837213080.5646 110368744911.46451
64.57510052564542 1.1220185607446966e-10 10844859.380601062 584865622421.8821 112879065127.42595
64.24051451255919 1.1294956799939272e-10 10973989.452254236 591829635239.4121 114814949236.44267
63.90937783981403 1.0221436054805814e-10 9982430.637327597 538354652936.06104 104979157322.53282
63.5816374406355 1.043225436477302e-10 10240836.543180415 552290539576.9187 108248945757.07419
63.257241331244494 1.0421966636359007e-10 10283202.901658216 554575366493.6412 109251347199.24345
62.936138583370145 9.959158925972096e-11 9876692.76120471 532652186305.3916 105465132888.46559
62.61827929759554 1.0004205192645206e-10 9971728.28929726 537777472981.71924 107017717123.36098
62.30361457750712 1.001888447166678e-10 10036796.075790418 541286592843.15405 108257318568.63022
61.99209650461958 1.0206481696322585e-10 10276109.229964545 554192803238.1143 111392753450.86119
61.683678114049336 1.0032493362387587e-10 10151438.635933097 547469291017.5374 110588796785.54196
61.378313370910476 1.0059050880070417e-10 10228949.38291267 551649462441.2152 111984840875.56082
61.07595714740844 9.998671830168761e-11 10217884.932589443 551052754231.5518 112414761863.23598
60.776565200607415 1.038137188188312e-10 10661236.34774377 574962792368.117 117867372435.46582
60.48009415084836 9.823364000398386e-11 10137637.394472621 546724987067.2792 112625347335.8566
60.18650146079569 1.0132787950826854e-10 10507970.136174401 566697112281.3739 117306302242.24422
59.89574541509136 1.0032358442181782e-10 10454326.059877466 563804075592.6017 117271247723.25981
59.60778510059573 9.406143168283696e-11 9849123.312628496 531165359954.2636 111013560230.43636
59.322580387195735 9.177251785492562e-11 9655651.6330357 520731390242.45197 109353591950.91425
59.04009190916147 9.412262682804324e-11 9950295.745662153 536621611247.2966 113227159973.17972
58.76028104703274 9.850848026600342e-11 10463542.185717784 564301103261.3567 119631833891.40709
58.483109910018435 9.632659738437974e-11 10280275.082834026 554417468588.3893 118090920809.32526
58.208541318891584 9.091859789245139e-11 9748885.917564875 525759535462.08984 112512540588.88904
57.93653878936406 8.500639837307235e-11 9157734.419974225 493878606770.4335 106183900455.63849
57.66706651592514 9.379829169309164e-11 10152103.669791453 547505156437.9959 118261113790.60718
57.40008935612919 9.702822783362244e-11 10550535.562169611 568992674952.5573 123471410464.70154
57.13557281531753 1.0137323602553947e-10 11074030.09152606 597224848648.9893 130195017005.47859
56.873483031761026 9.707033682711748e-11 10652846.898230383 574510347533.2672 125817766109.78595
56.61378676220961 9.193392990366708e-11 10135439.727850184 546606466428.892 120253422614.35469
56.35645136783592 8.986024586149235e-11 9952058.920171885 536716699631.6529 118614390618.5929
56.10144480056064 9.487486861319706e-11 10555191.484896513 569243769876.7098 126372116912.62616
55.8487355897473 9.733856583657369e-11 10878288.510089502 586668462637.6116 130827067168.18665
55.59829282925516 1.0927181693303519e-10 12266924.228807766 661557888626.6835 148188967052.37842
55.35008616483884 1.0656739978267818e-10 12016971.82119504 648077900982.421 145817527721.0444
55.104085781884 1.0086296052408797e-10 11424491.653903116 616125316845.1239 139244321606.9948
54.86026239346858 9.101491997607078e-11 10354846.992096735 558439147855.5396 126765686563.20999
54.61858722873965 9.977941461866185e-11 11402221.257284408 614924269517.2737 140202733449.9296
54.37903202159604 1.0466745536794944e-10 12013489.36148059 647890091173.4628 148366830878.7254
54.141568999667676 1.1521052215605813e-10 13281596.5130499 716279385351.5785 164744258630.8617
53.90617087358216 1.2605594062990117e-10 14595326.29922162 787129118125.237 181826826286.9299
53.67281082651038 1.1471385510577198e-10 13339836.606601413 719420286249.3665 166905506409.85193
53.441462503982315 1.0905099501228892e-10 12736211.800312944 686866669309.833 160039933949.1878
53.21210000396522 1.0215903208139516e-10 11982718.191699142 646230595302.1683 151217959300.70456
52.98469786719613 1.153670608581157e-10 13590027.674607815 732913144900.5083 172234589051.61456
52.75923106776125 1.1923220972882988e-10 14105357.905362476 760705016199.6669 179526383823.12228
52.535675003914804 1.409061587676341e-10 16740353.862069024 902810920592.9521 213966188180.5285
52.31400548913035 1.4475558570224794e-10 17270556.511837073 931404864680.5088 221674357793.96048
52.0941987433777 1.2118728942401537e-10 14519667.932048682 783048845946.9572 187148674181.3206
51.8762313846188 1.0586710386868001e-10 12737423.501281613 686932016606.3132 164863683985.50726
51.66008042051621 1.0106955981831633e-10 12211085.473949363 658546492446.3014 158709704679.56033
51.445723240348094 1.1572069152874659e-10 14039470.157748817 757151675656.8683 183230705508.96338
51.23313760712352 1.3982501238230643e-10 17034244.934919264 918660529999.0692 223234508789.77234
51.022301649892555 1.5227218644371316e-10 18627282.991072927 1004573418452.0698 245115914102.298
50.81319385624545 1.7375392053201094e-10 21342588.66050893 1151010443099.9944 281997558559.4993
50.60579306499547 1.376760066328162e-10 16980364.170858376 915754728687.767 225275663257.1841
50.400078459040195 1.147407843817127e-10 14209394.659980021 766315740977.9877 189279988021.56024
50.196029558396305 1.0158012255389617e-10 12630726.782534765 681177839384.6267 168932104167.38657
49.99362621340277 1.1795535959320065e-10 14726244.776850961 794189580065.5896 197753205436.33264
49.7928485980879 1.4346742736299228e-10 17983545.290086146 969856504387.0027 242464126096.7509
49.59367720369555 1.7554597306959125e-10 22092941.13065301 1191477114827.5803 299060755821.715
49.39609283236608 2.0208853824376753e-10 25535129.179731462 1377115064123.5032 347032996159.1269
49.200076590967804 1.968255766682363e-10 24969205.77965774 1346594692211.693 340688457129.5418
49.00560988507464 1.595172518910976e-10 20316590.89669891 1095678160801.5634 278302252843.5952
48.81267441308616 1.1029971984899419e-10 14103625.947873387 760611611356.0157 193955960895.7891
48.621252160485824 1.057086124993077e-10 13569792.541267134 731821859763.3993 187346396099.42715
48.43132539423392 1.239008358579874e-10 15967497.496975342 861130608921.8038 221310566492.9004
48.242876657291376 1.4876716102482915e-10 19246991.470524885 1037994431379.4592 267802563295.89764
48.055888763270865 2.095341652492569e-10 27214302.472807348 1467673244616.4436 380127370355.64886
47.8703447912119 2.300648841106014e-10 29996649.918425743 1617725846818.589 420608720172.832
47.68622808047647 2.397828008501088e-10 31384414.57311841 1692568296135.5234 441760325291.36926
47.503522225762 1.9692207690731313e-10 25873642.320157014 1395371151328.02 365587241647.94104
47.322211072228555 1.26846775429038e-10 16730286.495530317 902267985328.4026 237296480141.36438
47.14227871073719 1.066038247145364e-10 14114035.005359933 761172974087.614 200949665159.13016
46.963709473196516 1.2593200269453897e-10 16736424.861553144 902599028741.5625 239188742616.50616
46.78648792801464 1.5094978285050883e-10 20137289.87546663 1086008417773.6842 288878239127.7989
46.61059887565368 2.077688406566448e-10 27821766.942278147 1500433935425.56 400615860758.62933
46.43602734428419 2.970020398588413e-10 39920258.854941316 2152908232650.9497 576979406350.4395
46.26275858553686 3.0652591907952535e-10 41354678.84816052 2230266814510.4077 599941773103.3015
46.09077807034899 2.701052604572166e-10 36576991.184018694 1972605080839.2437 532603371826.6006
45.920071484903254 1.978401770890176e-10 26890625.937005877 1450217298722.5288 393008887953.7841
45.75062472665637 1.302008001739266e-10 17762561.69485873 957938811088.102 260559356615.97144
45.58242390045543 1.1566828163666272e-10 15838200.737456113 854157606591.4448 233185026599.461
45.415455314739475 1.2636665650743605e-10 17366719.79010603 936590971168.8517 256625926100.25952
45.249705477824364 1.606484041842695e-10 22158973.282323513 1195038243112.536 328635516855.954
45.08516109426864 2.2872640034419845e-10 31664427.78730128 1707669469608.7693 471316773612.01587
44.92180906131839 3.484870500974521e-10 48419286.058009245 2611262616110.6763 723319744662.6154
44.759636465429146 3.741867196862739e-10 52178404.36943072 2813992683307.284 782289965959.4514
44.59863057886286 3.5097982912559656e-10 49119010.49548473 2648998907037.5967 739070695063.468
44.43877885635797 2.701152055271346e-10 37938127.43475963 2046011454546.0889 572883207272.9081
44.28006893187098 1.7139309058398347e-10 24158724.245119017 1302885246978.3738 366110754400.9268
44.122488615387454 1.1776187902770799e-10 16658415.94653636 898391991007.4119 253346541464.0804
43.96602588980097 1.2502401973122262e-10 17748645.763624612 957188321893.4353 270884295095.8426
43.81066890785821 1.5364912163065706e-10 21889667.895158123 1180514545076.5986 335266130801.74384
43.65640598916856 2.2931875448043144e-10 32785406.257325124 1768124082027.6985 503915363377.8885
43.50322561727674 3.4814858448814285e-10 49949615.4423036 2693793612266.959 770424973108.3461
43.35111643679675 5.13154001163612e-10 73881619.70251083 3984451801204.534 1143537666945.7393
43.20006725060583 5.460546130716879e-10 78893392.63561319 4254737804285.3403 1225364487634.1274
43.05006701709677 4.978074920558697e-10 72173301.3895839 3892321823459.3237 1124881006979.7805
42.901104847487446 3.63852824816574e-10 52935406.07324591 2854817949651.287 827897205398.8362
42.75317000318576 2.38845004944834e-10 34868785.12756126 1880481157109.8208 547220016718.96313
42.606251893209176 1.6363085985192266e-10 23970707.73382336 1292745475677.9521 377481678897.9516
42.460340071657086 1.60923247361519e-10 23655073.103792083 1275723231509.3135 373786906832.23193
42.31542423523505 2.0656649949301957e-10 30468436.270860422 1643169387300.1223 483091799866.2333
42.17149422082949 2.731446135393559e-10 40426172.62927888 2180192272409.8262 643156720360.8953
42.02854000313176 4.1691910453629556e-10 61915084.14923254 3339093939108.051 988371805975.9446
41.88655169231036 6.661586128818605e-10 99264055.27112027 5353332065707.815 1589939623515.2502
41.745519531730196 7.969177870341013e-10 119149609.9118542 6425764347583.341 1914877775579.7761
41.605433895717674 8.819182632815575e-10 132302257.77884275 7135089504438.972 2133391761827.1848
41.46628528737079 7.089079090691468e-10 106704728.52321488 5754609190666.071 1726382757199.8376
41.328064336412886 5.176617306158704e-10 78178974.59069316 4216209083916.7764 1269078934258.9143
41.19076179708925 3.5446543356475235e-10 53710975.64286225 2896644585031.7812 874786664679.613
41.054368546105515 2.455606896851378e-10 37332617.67133375 2013356181458.6313 610046922981.9614
40.918875580606816 2.470450256937772e-10 37682646.6023054 2032233317749.0835 617798928595.7195
40.784274016196925 3.250335383685653e-10 49742134.15989042 2682604101631.4834 818194250997.5927
40.65055508499628 4.005515260034483e-10 61500817.00786576 3316752422175.354 1014926241185.6635
40.51771013373812 6.266687997881396e-10 96534411.76629534 5206121798482.498 1598279392134.1616
40.38573062190184 9.770180135395512e-10 150995359.9353736 8143212564783.282 2508109469953.1504
40.254608119882676 1.197197307576988e-09 185626126.9017553 10010857350751.674 3093354921382.3535
40.124334307196975 1.3889753623214533e-09 216060649.3195918 11652197756590.492 3612181304542.951
39.99490097072214 1.391215981145788e-09 217109539.85554153 11708764651063.832 3641425806480.891
39.866300002970625 9.835955627189649e-10 153992512.57962152 8304849658013.558 2591113093300.0503
39.73852340039699 7.561694589673675e-10 118767162.80045962 6405138891779.89 2004808473127.138
39.61156326173758 4.3356869369179087e-10 68316389.9338268 3684317750743.3125 1156875773733.38
39.485411786381725 3.6888381563059293e-10 58309847.3865334 3144662737264.527 990568762238.298
39.36006127277416 3.8053499494678256e-10 60343126.86914529 3254317941488.0723 1028364469510.2683
39.235504116847665 4.743462539781868e-10 75457986.60793966 4069465610877.167 1290020598648.0098
39.111732810485364 6.057344820599831e-10 96663878.02597764 5213103941993.475 1657767053554.0002
38.988739940012145 8.426561188823602e-10 134896336.0728352 7274988710392.798 2320721398615.1714
38.866518184714295 1.3658980468888776e-09 219346961.28787276 11829429274985.21 3785417367995.331
38.745060315387065 1.6537937957461535e-09 266412128.20748445 14367663951782.176 4612020128522.136
38.624359192909225 1.8294347898186359e-09 295627357.4306766 15943247610744.584 5133725730659.709
38.50440776684429 2.0425368085010477e-09 331091795.1901827 17855852443699.65 5767440339314.883
38.38519907406768 1.7011909119665143e-09 276616595.28066146 14917993077940.61 4833429757252.417
38.26672623741931 1.1976294857695958e-09 195339533.07250676 10534703455760.205 3423778623122.051
38.1489824643811 8.431949572873222e-10 137953910.84998372 7439884382377.002 2425402308655.0015
38.03196104577871 5.095054396409304e-10 83615940.75285882 4509425850213.426 1474582253019.7302
37.91565535450721 4.839882473449047e-10 79671909.0718321 4296723364821.913 1409325263661.582
37.80005884428005 4.764130795861808e-10 78664751.51498622 4242407138978.058 1395751948723.8062
37.68516504840078 6.287246303631559e-10 104130757.43124986 5615794370485.838 1853212142260.3296
37.570967578557145 8.514637524916552e-10 141449937.3769058 7628425852479.344 2525008957170.6963
37.457460123637034 1.0881152174957777e-09 181311576.05409098 9778172686208.777 3246353331821.261
37.344636448565836 1.7247142763689345e-09 288255695.58784956 15545692286080.734 5176715531264.912
37.23249039316474 2.2535868444326527e-09 377781935.64265686 20373861861650.066 6804869861791.039
37.12101587102951 2.3973778758737633e-09 403093333.012578 21738911020665.168 7282535191923.022
37.01020686842943 2.86714141542232e-09 483522375.542934 26076466757391.145 8761692830482.878
36.90005744322576 2.7792050217817922e-09 470091629.806814 25352143722037.0 8543672434326.281
36.79056172380966 1.88813498479885e-09 320321135.5154516 17274988427535.086 5838946088506.648
36.68171390805874 1.5691926473093197e-09 267002679.66566887 14399512520218.297 4881434744353.942
36.57350826231225 9.62345136728112e-10 164230270.93296325 8856974190143.746 3011371224648.887
36.465939120364276 6.571482257134532e-10 112477307.58427113 6065925633511.186 2068480641027.353
36.359000882474646 6.669856354145598e-10 114496843.76356372 6174839658401.014 2111795163173.1729
36.252688014397236 6.619019313323458e-10 113957367.87214689 6145745606376.743 2107990742987.2104
