string
20190130_2ndrun__Wed Jan 30 2019_15.05   full spectra  index number  Nphoton via eV
eV x-axis E [J] Nphoton Nphoton/sr Nphoton/sr @ 0.1bw
70.04756667188666 1.4473775452337627e-10 12896674.899346955 695520479101.0549 123802645279.98294
69.6540410164266 1.441513113844074e-10 12916987.971933983 696615967518.6516 124694258185.83441
69.26491229566443 1.4232609032436168e-10 12825083.629176956 691659546347.713 124498718342.58795
68.88010722735518 1.4064045120368992e-10 12743989.68762372 687286132462.2351 124398789975.66205
68.499554148751 1.4286704373997528e-10 13017670.911648039 702045820330.6171 127772339300.17389
68.12318297210952 1.453433905359217e-10 13316476.600944472 718160476069.3688 131423367120.69348
67.75092514166083 1.3850687952640857e-10 12759835.924845457 688140723478.1697 126617893119.9782
67.38271359197788 1.4153594568878488e-10 13110136.976165384 707032535278.1226 130801019026.44922
67.0184827076969 1.3735177850297715e-10 12791711.941098232 689859803959.6887 128313923536.5008
66.65816828453724 1.3938488949258816e-10 13051225.531047137 703855428244.4907 131620965081.72127
66.3017074915718 1.3732128619176526e-10 12927130.238310307 697162942147.7158 131066633123.76958
65.94903883470174 1.3306157260517268e-10 12593114.624411818 679149407525.8828 128359238022.39175
65.60010212129062 1.286638144480826e-10 12241676.032651702 660196247922.8619 125437287105.33516
65.25483842591538 1.330294450778046e-10 12724010.992621964 686208677100.4551 131065857326.19003
64.91319005719332 1.3823781021867682e-10 13291771.54473029 716828127020.6093 137631000387.95212
64.57510052564542 1.3840588979163476e-10 13377607.686284807 721457288782.3906 139241256735.00473
64.24051451255919 1.407982253814107e-10 13679718.015743302 737750164483.0094 143123531909.69974
63.90937783981403 1.26274846971441e-10 12332219.21433342 665079261381.2994 129690455969.35452
63.5816374406355 1.331425850077114e-10 13069959.783617122 704865770555.5725 138153691028.8898
63.257241331244494 1.3235309172047185e-10 13059087.064002275 704279402424.6652 138743042277.65414
62.936138583370145 1.2110156499836458e-10 12009879.14020221 647695391155.6056 128243687448.80754
62.61827929759554 1.247978747562246e-10 12439274.027143149 670852750693.5923 133499697388.02344
62.30361457750712 1.2434563659921362e-10 12456793.977314133 671797605412.491 134359521082.49745
61.99209650461958 1.3076336046393849e-10 13165541.421475442 710020509050.2095 142714122319.0924
61.683678114049336 1.3314864838031735e-10 13472725.918340916 726587035701.4403 146770581211.69016
61.378313370910476 1.2716281434519019e-10 12931060.860848987 697374921475.1475 141567109059.44754
61.07595714740844 1.263729241007444e-10 12914355.216261469 696473982433.2715 142080692416.38666
60.776565200607415 1.3045329279480739e-10 13397009.592286943 722503637788.1147 148113245746.56586
60.48009415084836 1.3319728326116191e-10 13745858.949905103 741317159431.3535 152711334842.85486
60.18650146079569 1.3782786208835948e-10 14293115.239217674 770830810004.4186 159561977670.9144
59.89574541509136 1.2633736943801894e-10 13165120.258253194 709997795626.1367 147679541490.23474
59.60778510059573 1.1853766322865944e-10 12412016.71548577 669382757954.3082 139900996412.44446
59.322580387195735 1.1884410405355717e-10 12503931.396928592 674339736692.8177 141611344705.49084
59.04009190916147 1.2899438334113318e-10 13636808.77838792 735436059990.4795 155177008657.99136
58.76028104703274 1.4072462205019634e-10 14947728.51449209 806134246153.5168 170900460184.54483
58.483109910018435 1.2904223066585895e-10 13771789.563519549 742715603056.9595 158198423451.13016
58.208541318891584 1.1642207732917513e-10 12483535.56343479 673239784961.5392 144073313981.7717
57.93653878936406 1.0881972957333228e-10 11723143.224024286 632231660903.2716 135929807094.19737
57.66706651592514 1.276593581368286e-10 13817000.446710395 745153835809.4243 160953228534.83575
57.40008935612919 1.4019738263211937e-10 15244609.782213448 822145117418.6475 178405490479.84158
57.13557281531753 1.4717719913841494e-10 16077663.059258712 867071861629.0149 189021665835.12372
56.873483031761026 1.2567763950670464e-10 13792314.892039211 743822538483.1154 162897135927.80283
56.61378676220961 1.1771843413818605e-10 12978103.898252852 699911962702.3527 153980631794.5156
56.35645136783592 1.1414587722566359e-10 12641702.509867184 681769762744.1208 150671117566.44766
56.10144480056064 1.280225032250872e-10 14242992.434865003 768127676276.5906 170524344133.3985
55.8487355897473 1.5151277973471644e-10 16932648.603916433 913181417796.4675 203639456168.6111
55.59829282925516 1.7064267404103439e-10 19156455.99583394 1033111833560.7086 231417050717.6008
55.35008616483884 1.4001069789277298e-10 15788173.631658645 851459633907.4893 191578417629.18466
55.104085781884 1.267605238192312e-10 14357842.947425112 774321589370.0231 174996679197.62122
54.86026239346858 1.16665273892673e-10 13273110.175422909 715821715319.7134 162491529377.57816
54.61858722873965 1.3315669900993813e-10 15216386.564338215 820623033147.1932 187102051557.5483
54.37903202159604 1.6154640408622788e-10 18541924.039835043 999969991667.7332 228993128091.91464
54.141568999667676 1.9925567124953377e-10 22970414.324557137 1238799434804.2927 284923870004.985
53.90617087358216 1.7724449086713263e-10 20522167.90433096 1106764973484.3926 255662708874.8949
53.67281082651038 1.4575712823343783e-10 16949794.53954099 914106101829.6234 212072615624.47125
53.441462503982315 1.4260516028550902e-10 16655047.714228984 898210341507.3326 209283009571.2042
53.21210000396522 1.329613552475526e-10 15595669.006029818 841077817626.0452 196812209324.4909
52.98469786719613 1.6926224542527536e-10 19938781.333995778 1075302809006.5399 252696160116.52972
52.75923106776125 1.928951497107568e-10 22819799.54130473 1230676746822.7014 290439712250.159
52.535675003914804 2.4151675995740883e-10 28693394.67251231 1547441008276.635 366743518961.5605
52.31400548913035 1.9020996163131058e-10 22693645.12278642 1223873211625.19 291281824366.7944
52.0941987433777 1.5960796160266574e-10 19122918.02875029 1031303123709.8246 246481446566.6452
51.8762313846188 1.39048788961728e-10 16729685.120533792 902235553044.1924 216536532730.59576
51.66008042051621 1.3444255324562707e-10 16243164.727040052 875997402527.4003 211115374009.1057
51.445723240348094 1.7575472676911635e-10 21322921.674256887 1149949798258.8044 278287851178.63257
51.23313760712352 2.14975724151166e-10 26189514.149587065 1412406187711.7659 343214703613.9568
51.022301649892555 2.7652659468166906e-10 33827183.11198084 1824307334123.417 445130989526.10095
50.81319385624545 2.4513464139114124e-10 30110444.711885687 1623862824751.5967 397846392064.1422
50.60579306499547 1.755135866803927e-10 21647087.91064115 1167432153811.5356 287188309837.6294
50.400078459040195 1.4538554003640126e-10 18004413.40333737 970981926268.201 239832535788.24225
50.196029558396305 1.35366538371894e-10 16831814.32239099 907743403087.7351 225120363965.75717
49.99362621340277 1.652201349638759e-10 20627058.896971382 1112421767504.8687 276993020108.71344
49.7928485980879 2.324887121965308e-10 29142303.32326016 1571650749336.0579 392912687334.01483
49.59367720369555 2.898027810446517e-10 36472473.1029908 1966968398023.0454 493709067903.7718
49.39609283236608 3.568710386253918e-10 45092849.653908335 2431867178175.2275 612830528900.1646
49.200076590967804 2.549547540507897e-10 32343447.56487912 1744289153729.3596 441305155893.50653
49.00560988507464 1.972983185469841e-10 25128499.739089116 1355185450050.1516 344217104312.73615
48.81267441308616 1.3781602573222898e-10 17622036.38604777 950360250655.0581 242341863917.04617
48.621252160485824 1.3747972905119844e-10 17648244.14724578 951773640910.0554 243654052072.97018
48.43132539423392 1.8328456608601776e-10 23620468.981880832 1273857023696.957 327381255090.1132
48.242876657291376 2.571468143598335e-10 33268783.97464563 1794192747335.7273 462901728812.61273
48.055888763270865 3.2955618589204673e-10 42802765.42959951 2308362438441.6006 597865871556.3588
47.8703447912119 4.3804391428385834e-10 57113670.33029231 3080152648754.1445 800839688676.0752
47.68622808047647 3.284456994499228e-10 42989221.74463185 2318418068018.592 605107115752.8492
47.503522225762 2.487869784851492e-10 32688185.0746837 1762880922526.7205 461874801702.0005
47.322211072228555 1.5106338936768977e-10 19924304.536390577 1074522072166.6333 282599304979.818
47.14227871073719 1.3473668842453847e-10 17838743.985241827 962047338558.9271 253980497379.55682
46.963709473196516 1.7704959335779027e-10 23529977.707006585 1268976809583.923 336278854539.7285
46.78648792801464 2.574925108176342e-10 34350505.401067875 1852530218864.7007 492773038218.0085
46.61059887565368 3.199142110158682e-10 42838852.02553168 2310308596399.97 616852395238.7994
46.43602734428419 4.849750790677592e-10 65185850.92473482 3515487101879.05 942150543303.5607
46.26275858553686 5.183125686987901e-10 69927691.22386213 3771215579367.2056 1014456990849.7814
46.09077807034899 3.7101757322068883e-10 50242288.80932397 2709577550533.1265 731585938643.9507
45.920071484903254 2.440619968711247e-10 33173139.853929263 1789034639126.9817 484828387203.3859
45.75062472665637 1.6053594289229213e-10 21901014.326006345 1181126460557.2349 321266397271.5774
45.58242390045543 1.465661241238084e-10 20068973.640289675 1082324108369.0126 295474481584.7361
45.415455314739475 1.787952823144833e-10 24572048.14599026 1325175894746.229 363098195160.4585
45.249705477824364 2.726454082443106e-10 37607235.176167704 2028166363154.482 557745749867.4938
45.08516109426864 3.3250506662151307e-10 46031339.867653176 2482480159287.7866 685164523963.4226
44.92180906131839 5.222022292618983e-10 72555519.95889458 3912934953938.541 1083882982240.913
44.759636465429146 6.524638008510881e-10 90982705.28084865 4906717061624.175 1364067343131.5667
44.59863057886286 4.953670716493078e-10 69325751.431581 3738752835599.1543 1043112041132.1338
44.43877885635797 3.5720351702374246e-10 50169824.84397656 2705669553139.2754 757587474879.0013
44.28006893187098 2.0591156308694402e-10 29024277.784764897 1565285606404.174 439845255399.57745
44.122488615387454 1.506571347905618e-10 21311728.696720846 1149346158548.6318 324115616710.7017
43.96602588980097 1.5966655265002722e-10 22666565.107862566 1222412780537.2622 345942816892.0457
43.81066890785821 2.421731931143117e-10 34501276.1161439 1860661316283.4153 528427813824.47394
43.65640598916856 3.662765820175397e-10 52366090.03566794 2824114612061.8286 804872664437.6122
43.50322561727674 4.4178209794042827e-10 63383414.107116796 3418281292728.774 977628449720.424
43.35111643679675 7.846631962921147e-10 112972300.18971829 6092620692259.198 1748582138678.448
43.20006725060583 9.215814849429532e-10 133149117.68316233 7180760843057.707 2068059122800.5342
43.05006701709677 6.938834183762721e-10 100600850.49520487 5425425722559.04 1567948033819.6128
42.901104847487446 4.824293263369838e-10 70186598.94743088 3785178529146.5024 1097701773452.4365
42.75317000318576 2.780611196961991e-10 40593913.350858055 2189238565965.959 637068422696.1002
42.606251893209176 2.0644695278554532e-10 30242947.890385907 1631008749954.1892 476254554986.6101
42.460340071657086 1.9696904330205934e-10 28953660.79723027 1561477216925.0188 457512824559.0343
42.31542423523505 2.605237775359319e-10 38427102.808921814 2072382002703.6702 609280308794.8756
42.17149422082949 4.656449534717983e-10 68916765.4784859 3716696134297.2773 1096425359617.6908
42.02854000313176 5.101475360183358e-10 75760086.97473621 4085757949289.2627 1209384352989.5747
41.88655169231036 7.635424664740521e-10 113775188.2634131 6135920620499.54 1822368424288.3967
41.745519531730196 1.3980127514524291e-09 209021152.1156912 11272556143066.111 3359221730633.597
41.605433895717674 1.312312043641797e-09 196868410.0475955 10617156123172.496 3174529680828.4756
41.46628528737079 9.686427510899632e-10 145799983.98769864 7863024811239.152 2358907443371.768
41.328064336412886 6.106617251266068e-10 92224139.17942847 4973667861473.852 1497074026303.5876
41.19076179708925 4.0682073235021714e-10 61644201.03401221 3324485153855.3525 1003994516464.3339
41.054368546105515 3.1073332031290575e-10 47240819.61107108 2547707664607.5986 771955422376.0975
40.918875580606816 3.006816749124718e-10 45864033.34249102 2473457282038.752 751931013739.7783
40.784274016196925 3.7041806333493776e-10 56687642.43264079 3057176871680.009 932438945862.3916
40.65055508499628 5.95304185508775e-10 91403206.32975581 4929394774544.829 1508394801010.7253
40.51771013373812 7.41797484602393e-10 114269266.07806017 6162566344380.967 1891907867724.998
40.38573062190184 8.506441554278621e-10 131464638.97879028 7089916540580.974 2183694294498.8523
40.254608119882676 1.8129979310839488e-09 281106365.5907588 15160127366158.63 4684479356143.147
40.124334307196975 2.3012972965339324e-09 357975959.58471006 19305721270032.55 5984773593709.923
39.99490097072214 1.8601836653830326e-09 290295414.3076245 15655694759763.396 4868921070286.469
39.866300002970625 1.2737924893791293e-09 199425976.87438804 10755086257768.182 3355586912423.44
39.73852340039699 7.521257542159167e-10 118132041.48626587 6370886661326.465 1994087524995.2158
39.61156326173758 5.0232220824453e-10 79149718.02657165 4268561488305.957 1340328307328.047
39.485411786381725 4.493455596712413e-10 71028518.73145054 3830583446004.232 1206633785491.299
39.36006127277416 4.706876377126185e-10 74639032.4553539 4025299235511.91 1271994558421.81
39.235504116847665 5.032333965788852e-10 80053291.41160189 4317291397260.3203 1368581372931.466
39.111732810485364 7.692805625210788e-10 122762769.27541551 6620622817012.533 2105358055810.081
38.988739940012145 9.656073946400549e-10 154578951.84401348 8336476454945.085 2659335989127.332
38.866518184714295 9.807320629964662e-10 157493890.81113648 8493679746707.242 2717977518946.3633
38.745060315387065 1.9877680114227553e-09 320212536.57380414 17269131663019.113 5543391263829.204
38.624359192909225 3.2158789963963756e-09 519669689.6836243 28025899261937.133 9024339562343.674
38.50440776684429 2.8527676755276345e-09 462428861.51174325 24938888963161.293 8055261135100.952
38.38519907406768 2.295903766904178e-09 373317937.81977355 20133117489266.523 6523130066521.894
38.26672623741931 1.3048274223649598e-09 212824068.25612292 11477648236696.24 3730235676926.2607
38.1489824643811 7.694590405449011e-10 125890083.85859482 6789279571886.825 2213305140435.1953
38.03196104577871 5.853833374317741e-10 96068411.93864629 5180990326539.766 1694183836778.4346
37.91565535450721 5.691924784133234e-10 93697835.91501188 5053144646581.8125 1657431444078.8281
37.80005884428005 5.972680290357381e-10 98620174.60299964 5318607441394.161 1749821848218.7104
37.68516504840078 6.432629976192818e-10 106538633.82273088 5745651667385.196 1896065050237.118
37.570967578557145 9.121707750882301e-10 151534928.6868654 8172311624771.568 2705035147799.425
37.457460123637034 1.2687643774237831e-09 211412969.15359637 11401547355538.258 3785313722038.64
37.344636448565836 1.1804518221623486e-09 197291786.68465114 10639988917186.715 3543116309423.1953
37.23249039316474 2.090115772124377e-09 350378324.2527668 18895979146008.332 6311257034766.706
37.12101587102951 4.101219832747962e-09 689576052.4181601 37188986316060.35 12458310415880.545
37.01020686842943 4.5436821740553325e-09 766258680.7521354 41324497121273.82 13885031032747.137
36.90005744322576 3.800710403746456e-09 642875258.9743866 34670402379974.816 11683925602051.256
36.79056172380966 2.5530580664176348e-09 433124996.6002315 23358525162271.867 7895181504847.606
36.68171390805874 1.4619916982534604e-09 248762127.29646376 13415795568220.086 4547954697626.554
36.57350826231225 8.751829097720557e-10 149355486.8229898 8054773851572.958 2738623109534.818
36.465939120364276 7.595738662390588e-10 130008451.73581605 7011384046213.331 2390881959758.7905
36.359000882474646 7.381205901331951e-10 126708092.94809145 6833394979794.372 2337021083089.704
36.252688014397236 8.446236972563666e-10 145415942.79387018 7842313386223.7295 2689913491474.7236
