string
20190130_2ndrun__Wed Jan 30 2019_15.29.   full spectra  index number  Nphoton via eV
eV x-axis E [J] Nphoton Nphoton/sr Nphoton/sr @ 0.1bw
70.04756667188666 9.139121065134775e-11 8143298.452497457 439169854660.034 78172234129.48299
69.6540410164266 9.048882131929691e-11 8108445.253466305 437290214064.4896 78274948317.541
69.26491229566443 8.993352597360823e-11 8103960.342405734 437048341836.6542 78668701530.5975
68.88010722735518 8.73918707041858e-11 7918924.388427085 427069312639.8596 77299545587.81303
68.499554148751 8.626305312665414e-11 7860063.5110824155 423894932737.24255 77148877758.17911
68.12318297210952 8.89492987272889e-11 8149605.226662266 439509980360.87744 80430326406.03996
67.75092514166083 8.29266921700215e-11 7639555.446615134 412002884915.5443 75808530824.45714
67.38271359197788 8.544331302489732e-11 7914410.236936302 426825863469.27045 78962784741.81294
67.0184827076969 8.313234818540571e-11 7742200.81141316 417538571738.62146 77662174343.3828
66.65816828453724 8.230238473176823e-11 7706337.385548782 415604449390.4912 77718032036.02275
66.3017074915718 8.125757421063975e-11 7649413.093926409 412534509976.59735 77556487875.5997
65.94903883470174 7.908457492577972e-11 7484663.660321964 403649537230.79346 76289762536.6199
65.60010212129062 7.410893953744766e-11 7051070.5191853335 380265764931.97003 72250495337.06935
65.25483842591538 7.401345575758725e-11 7079244.930403805 381785217049.8221 72920976456.51775
64.91319005719332 7.755215194028301e-11 7456755.027888783 402144418620.57214 77211728375.14713
64.57510052564542 7.893198464613297e-11 7629163.224812725 411442430136.04895 79408389016.25935
64.24051451255919 7.813969874256256e-11 7591921.28833831 409433964411.2405 79430189095.7784
63.90937783981403 6.67455716024371e-11 6518487.571585839 351543450865.2481 68550972918.72398
63.5816374406355 6.86725244720722e-11 6741247.610878683 363556948178.5264 71257161842.98994
63.257241331244494 6.733532434001507e-11 6643878.519258466 358305811914.1893 70586244947.09279
62.936138583370145 6.247412043151698e-11 6195680.755926557 334134409167.54675 66158613015.17304
62.61827929759554 6.496943974724238e-11 6475852.781824752 349244147391.1018 69499585330.82852
62.30361457750712 6.429630415476557e-11 6441125.207635204 347371281770.5569 69474256354.111
61.99209650461958 6.290988866607564e-11 6333905.324206145 341588890163.90216 68659366922.94447
61.683678114049336 6.283240563471894e-11 6357734.683784629 342874012702.85504 69260550565.97635
61.378313370910476 6.371857128568798e-11 6479478.5134663945 349439683886.21924 70936255828.89879
61.07595714740844 6.176846823570587e-11 6312269.385523937 340422059290.40216 69446100095.24168
60.776565200607415 6.249149799233876e-11 6417616.451863657 346103449464.5627 70951207140.23647
60.48009415084836 5.480710582686337e-11 5656051.8931263825 305032107363.33984 62836614116.84638
60.18650146079569 5.805420657542549e-11 6020375.359025361 324680151027.88513 67208791262.772125
59.89574541509136 5.6995216226493666e-11 5939247.263930517 320304895234.48846 66623418208.77284
59.60778510059573 5.124606932215352e-11 5365949.114439156 289386801484.43427 60481841510.24418
59.322580387195735 4.929695461147113e-11 5186674.95916797 279718507343.6735 58740886542.17108
59.04009190916147 4.8547741906642075e-11 5132287.591566015 276785384793.34296 58401716191.39544
58.76028104703274 5.0249234939140935e-11 5337459.1524096485 287850331642.7902 61024270308.271255
58.483109910018435 4.9828727232403895e-11 5317877.272593059 286794276610.1536 61087180917.96186
58.208541318891584 4.558594386390866e-11 4888022.654060967 263612123647.58026 56412994460.583084
57.93653878936406 4.139576780267401e-11 4459563.690536195 240505238662.7552 51708626312.490074
57.66706651592514 4.77347915342901e-11 5166496.570082935 278630282436.59906 60184141006.30543
57.40008935612919 4.969880877004751e-11 5404087.666374492 291443621875.8383 63243265947.055176
57.13557281531753 4.741535428665514e-11 5179661.622309288 279340276563.25006 60896180290.78802
56.873483031761026 4.555241553533858e-11 4999085.450860108 269601764407.14948 59042786405.16594
56.61378676220961 4.4342020138911764e-11 4888574.57741652 263641888994.04956 58001215578.69015
56.35645136783592 4.54029889318232e-11 5028399.562782058 271182680831.53793 59931372463.76867
56.10144480056064 4.326774747403277e-11 4813702.157212121 259604003106.52863 57632088689.6478
55.8487355897473 4.724512114118954e-11 5279983.879471545 284750677686.83936 63499401124.16482
55.59829282925516 5.465248241834309e-11 6135322.7168622445 330879287008.13367 74116960289.8226
55.35008616483884 4.768193593695438e-11 5376808.308196557 289972440162.9111 65243799036.65485
55.104085781884 4.8358881720716395e-11 5477487.848261908 295402109631.08325 66760876776.62329
54.86026239346858 4.4374315922238813e-11 5048504.705322508 272266955536.55023 61804598906.79813
54.61858722873965 4.621979816236328e-11 5281734.385077526 284845082834.46405 64944678886.25372
54.37903202159604 4.8411889863204667e-11 5556605.172030117 299668924089.99817 68624183616.6107
54.141568999667676 6.366776580440711e-11 7339690.511566928 395831103823.2802 91041153879.3537
53.90617087358216 5.4243060523797725e-11 6280506.605695507 338709085673.8485 78241798790.65907
53.67281082651038 5.419805340393099e-11 6302579.3714077575 339899474723.9786 78856678135.96252
53.441462503982315 5.593529865808201e-11 6532758.465365789 352313083267.12665 82088948401.23882
53.21210000396522 5.4083819619947277e-11 6343748.1349682985 342119715086.63794 80056013330.27179
52.98469786719613 5.313322687640438e-11 6258996.444224271 337549037992.66113 79324023928.27312
52.75923106776125 5.842245531071281e-11 6911468.333446412 372736988726.7479 87965929339.51295
52.535675003914804 7.84080408142306e-11 9315265.992214868 502374318684.82025 119062713528.30174
52.31400548913035 5.965604357029025e-11 7117466.775151273 383846529440.67957 91355474006.88148
52.0941987433777 5.336862247397174e-11 6394191.007950552 344840110185.19366 82416786334.26033
51.8762313846188 5.1590931068853365e-11 6207174.030797505 334754243978.2301 80341018554.77136
51.66008042051621 4.799349273595596e-11 5798507.909261902 312714791261.84 75364264694.10425
51.445723240348094 5.2777701221865617e-11 6403098.283550253 345320481493.37506 83567556521.39732
51.23313760712352 6.38448367068193e-11 7777925.907278544 419465233919.85406 101930051842.52386
51.022301649892555 8.665328876457574e-11 10600198.037621032 571670983042.7354 139487719862.42343
50.81319385624545 7.341086227113719e-11 9017222.931539584 486300791673.2868 119143693959.95558
50.60579306499547 6.199851595042509e-11 7646629.2467263965 412384376492.31494 101446556617.10652
50.400078459040195 5.0559212864938075e-11 6261207.060480448 337668257007.60913 83404059480.87827
50.196029558396305 4.8398928965576954e-11 6018044.012569102 324554421007.0183 80489496409.74013
49.99362621340277 5.0757098133894995e-11 6336816.350356573 341745882436.6099 85094724726.71622
49.7928485980879 6.312736296468764e-11 7912972.385340257 426748319820.3251 106687079955.08136
49.59367720369555 8.198982209549847e-11 10318643.49375006 556486685324.5588 139678158016.4607
49.39609283236608 9.912938879449162e-11 12525607.688456982 675508743804.079 170228203438.6299
49.200076590967804 8.858209959870276e-11 11237486.056003466 606040064323.7682 153328136273.90588
49.00560988507464 6.220493963437784e-11 7922605.833056208 427267853748.4954 108526034852.1171
48.81267441308616 4.438083280927177e-11 5674816.455146088 306044084269.6297 78041241488.75761
48.621252160485824 5.030285531673786e-11 6457367.046473906 348247207667.6382 89151285162.91391
48.43132539423392 5.4735388978667416e-11 7053924.862255084 380419700273.8226 97767862970.37099
48.242876657291376 6.172612331562002e-11 7985916.789566362 430682227387.2787 111116014665.91672
48.055888763270865 8.219096443009303e-11 10674964.456853576 575703152274.8156 149107116439.17328
47.8703447912119 1.0837570040686182e-10 14130396.115584431 762055332316.4427 198134386402.27454
47.68622808047647 1.0910124910529265e-10 14279918.410436798 770119102161.2788 201001085664.0927
47.503522225762 7.509726177285297e-11 9867048.534373036 532132071057.1686 139418602616.9781
47.322211072228555 4.873659921860945e-11 6428048.840715879 346666070461.78064 91173176531.4462
47.14227871073719 4.8580920650442175e-11 6431971.990583339 346877646786.42993 91575698751.61752
46.963709473196516 5.91298070525207e-11 7858380.3293677205 423804158381.70087 112308101971.14703
46.78648792801464 6.263209420250979e-11 8355365.689479169 450606686821.681 119861378694.56668
46.61059887565368 8.799055624858332e-11 11782578.857024625 635437037503.2634 169661689013.37338
46.43602734428419 1.2549794760005594e-10 16868269.84871618 909709457542.3499 243802134621.34338
46.26275858553686 1.4332922964744246e-10 19337138.860633958 1042856099712.3988 280528290822.6361
46.09077807034899 1.3420322070044187e-10 18173470.639252882 980099219728.503 264626789326.6982
45.920071484903254 6.458258124234364e-11 8778126.161162639 473406250903.5177 128293093994.84639
45.75062472665637 5.0074162140028637e-11 6831335.853101261 368415426653.0976 100208996049.64551
45.58242390045543 5.382835783335371e-11 7370597.407250219 397497919421.94727 108516932002.19
45.415455314739475 5.863505577983171e-11 8058285.4033623375 434585082451.246 119076312591.63869
45.249705477824364 6.457140502392911e-11 8906630.887451053 480336538709.67096 132092548145.16217
45.08516109426864 9.338846203486148e-11 12928512.877481675 697237508178.6035 192437552257.29276
44.92180906131839 1.287768461928749e-10 17892438.04530875 964943070883.2737 267289230634.6513
44.759636465429146 1.6054649592755208e-10 22387379.1983491 1207356223784.5676 335645030212.12115
44.59863057886286 1.7546162319805195e-10 24555545.92094752 1324285926164.5955 369475773399.91144
44.43877885635797 9.868340336598275e-11 13860247.24260978 747486144907.5663 209296120574.11975
44.28006893187098 5.286955128788646e-11 7452231.044876117 401900439233.87195 112934023424.71918
44.122488615387454 4.978672501570801e-11 7042754.249296163 379817266690.1525 107108469206.6189
43.96602588980097 6.170398837522962e-11 8759614.626286594 472407919806.0551 133691441305.11378
43.81066890785821 7.503631910411695e-11 10690071.559358025 576517881594.8712 163731078372.93845
43.65640598916856 8.938323471048798e-11 12779005.664917212 689174551724.8308 196414747241.57462
43.50322561727674 1.4871015031257953e-10 21335760.509844877 1150642199451.2786 329083669043.06384
43.35111643679675 2.1999477486321869e-10 31673864.485374227 1708178392785.949 490247198729.5836
43.20006725060583 2.457860273314597e-10 35510905.12637552 1915110828145.2812 551551918505.8182
43.05006701709677 2.73842028087736e-10 39702261.500099964 2141151587944.825 618792808916.0742
42.901104847487446 1.4485662928549207e-10 21074577.3308062 1136556533864.15 329601394820.58875
42.75317000318576 8.102363118471799e-11 11828573.039185967 637917513739.3774 185633996498.1606
42.606251893209176 8.153157102773605e-11 11943770.642982153 644130145538.5767 188086002497.2592
42.460340071657086 9.718024194504742e-11 14285106.503536815 770398897149.2665 225726876864.73694
42.31542423523505 1.1715464340803807e-10 17280240.480784297 931927123229.6573 273986574229.51773
42.17149422082949 1.3728164814299343e-10 20318070.837084033 1095757974308.0474 323248602420.8722
42.02854000313176 1.984634405943361e-10 29473057.2220031 1589488378950.9504 470488560169.463
41.88655169231036 3.577257202545893e-10 53304580.891983815 2874727627828.3833 853794105465.0454
41.745519531730196 4.27764947080141e-10 63956442.44339443 3449184835393.595 1027857080947.2595
41.605433895717674 4.765956293109523e-10 71497190.19395885 3855858999795.3315 1152901840938.7676
41.46628528737079 4.17298222852616e-10 62811675.55483598 3387447308395.1045 1016234192518.5409
41.328064336412886 2.0966353538483343e-10 31664075.66181263 1707650479404.668 514002794300.7908
41.19076179708925 1.5403142641253492e-10 23339872.971753903 1258724419911.8364 380134774813.38116
41.054368546105515 1.5477828051092023e-10 23530958.38568316 1269029697798.0015 384515998432.792
40.918875580606816 1.6977997030592394e-10 25897135.9703406 1396638168986.3738 424578003371.8563
40.784274016196925 2.1878625158443378e-10 33482375.798130717 1805711800778.715 550742099237.5015
40.65055508499628 2.540668601228944e-10 39009511.78013147 2103791445048.3013 643760182184.7834
40.51771013373812 3.5336997694791153e-10 54434436.295645304 2935660975206.888 901247919388.5343
40.38573062190184 5.360219465905444e-10 82840669.91301426 4467615325394.423 1376025520221.427
40.254608119882676 8.120405129209985e-10 125907345.72057694 6790210507853.629 2098175046926.8298
40.124334307196975 8.437970228433721e-10 131255987.39546593 7078663915363.112 2194385813762.5034
39.99490097072214 9.02727370116439e-10 140877280.4489837 7597542339947.823 2362835667723.799
39.866300002970625 5.102869092397932e-10 79890929.0248366 4308535158469.134 1344262969442.2766
39.73852340039699 2.9247755391226626e-10 45937757.53442245 2477433243726.061 775436605286.2697
39.61156326173758 2.48127806121272e-10 39096909.447193205 2108504820219.9258 662070513549.0452
39.485411786381725 2.6791744363422336e-10 42349988.23083666 2283944065747.2935 719442380710.3772
39.36006127277416 3.0445041603177997e-10 48278056.74623696 2603646088644.9844 822752164011.8451
39.235504116847665 3.66676165341709e-10 58330059.406514704 3145752775893.143 997203629958.0859
39.111732810485364 4.0968639265281895e-10 65378274.90622084 3525864569004.352 1121224932943.4348
38.988739940012145 5.514940229509431e-10 88285744.7956611 4761269396748.228 1518844937562.5989
38.866518184714295 7.436194186378922e-10 119416423.6521132 6440153670560.312 2060849174579.3342
38.745060315387065 1.2197130902254198e-09 196485414.93220037 10596501113394.242 3401476857399.594
38.624359192909225 1.3306065954566257e-09 215019258.28887752 11596035312063.756 3733923370484.495
38.50440776684429 1.3673958362950034e-09 221652574.52899492 11953771497969.232 3861068193843.9927
38.38519907406768 1.122132044835975e-09 182460618.33180293 9840140785873.137 3188205614622.6714
38.26672623741931 4.928001558685454e-10 80378241.75943819 4334816040114.0063 1408815213037.0454
38.1489824643811 3.574949328985027e-10 58489230.368577376 3154336900456.786 1028313829548.9542
38.03196104577871 3.2161572742774636e-10 52780990.18675459 2846490267346.2383 930802317422.182
37.91565535450721 3.567724302761061e-10 58730229.05045492 3167334011726.9697 1038885555846.4421
37.80005884428005 4.139235216621096e-10 68346551.28704901 3685944359075.0854 1212675694135.7249
37.68516504840078 5.229780975512244e-10 86616783.86372057 4671261971109.934 1541516450466.2805
37.570967578557145 5.686765750743707e-10 94471744.33038633 5094881695553.158 1686405841228.1177
37.457460123637034 7.89264945428715e-10 131514447.07231267 7092602701885.3545 2354744097025.8994
37.344636448565836 1.0633202985857696e-09 177715310.00880727 9584225277104.34 3191547017275.762
37.23249039316474 1.7138552438758381e-09 287303572.54358786 15494344083456.693 5175110923874.473
37.12101587102951 2.1626322565550402e-09 363623379.17111343 19610287835218.97 6569446424798.527
37.01020686842943 2.0333258842147775e-09 342905500.40541 18492968132462.926 6213637292507.155
36.90005744322576 2.0236745226011424e-09 342296608.94833726 18460130483902.426 6221063973074.98
36.79056172380966 1.0986227621558992e-09 186380790.30900967 10051556512254.162 3397426101141.784
36.68171390805874 6.344253551781865e-10 107949314.0443123 5821729958202.807 1973566455830.7273
36.57350826231225 4.814300762976796e-10 82159080.82048441 4430857077560.292 1506491406370.506
36.465939120364276 4.826829083133284e-10 82615872.3704781 4455491945088.588 1519322753275.237
36.359000882474646 5.250110238037272e-10 90125037.14452827 4860462832705.566 1662278288785.3245
36.252688014397236 5.949541466945856e-10 102431199.17396277 5524136824444.391 1894778930784.4148
