string
20190130_2ndrun__Wed Jan 30 2019_16.27.   full spectra  index number  Nphoton via eV
eV x-axis E [J] Nphoton Nphoton/sr Nphoton/sr @ 0.1bw
70.04756667188666 9.323153222805876e-11 8307277.983361757 448013306383.80194 79746368536.31363
69.6540410164266 9.106206865804437e-11 8159812.3129015 440060450739.2303 78770820682.31955
69.26491229566443 9.005715159154962e-11 8115100.31600575 437649123033.0421 78776842145.94733
68.88010722735518 9.026316380234484e-11 8179103.656339757 441100837081.8649 79839251511.81595
68.499554148751 8.964684013538497e-11 8168385.322478885 440522795008.2095 80175148691.49512
68.12318297210952 9.190357226421164e-11 8420278.10887701 454107427701.91223 83101659269.44931
67.75092514166083 8.336237098500187e-11 7679692.010330156 414167458516.29126 76206812366.99457
67.38271359197788 8.602449376244792e-11 7968243.62208887 429729109625.7539 79499885280.76237
67.0184827076969 8.270650192539798e-11 7702541.31265323 415399726354.5441 77264349101.94443
66.65816828453724 8.236200549205373e-11 7711919.941819057 415905517862.9474 77774331840.37206
66.3017074915718 7.813537479889228e-11 7355495.963196419 396683495263.36444 74576497109.51195
65.94903883470174 7.779301795803199e-11 7362429.084100124 397057399979.90924 75043848596.20279
65.60010212129062 7.16377679566965e-11 6815951.717194132 367585756861.45044 69841293803.67079
65.25483842591538 7.25566260416714e-11 6939901.965326787 374270420671.21155 71485650348.20311
64.91319005719332 7.279552437290994e-11 6999398.1958550885 377479065309.0512 72475980539.33528
64.57510052564542 7.594764258437812e-11 7340711.935897651 395886189459.33875 76406034565.65422
64.24051451255919 7.46067003911564e-11 7248661.129579922 390921869476.7526 75838842678.48785
63.90937783981403 6.354658962732489e-11 6206069.477832715 334694675196.8769 65265461663.39156
63.5816374406355 6.503250246854837e-11 6383924.360809725 344286427674.47833 67480139824.19658
63.257241331244494 6.332172335024582e-11 6247862.347031374 336948573712.1858 66378869021.298256
62.936138583370145 5.846149416390298e-11 5797740.75812805 312673418634.5292 61909336889.635635
62.61827929759554 6.089068509823688e-11 6069301.413321316 327318743765.1627 65136430009.266685
62.30361457750712 5.990227860745231e-11 6000937.095925603 323631841275.98773 64726368255.19719
61.99209650461958 5.53343603205094e-11 5571184.544705999 300455192825.7508 60391493757.976036
61.683678114049336 5.3893370277421043e-11 5453233.024862522 294094041735.8379 59406996430.63893
61.378313370910476 5.5024030417536347e-11 5595339.249152761 301757861284.13043 61256845840.67527
61.07595714740844 5.409392019831348e-11 5527988.732176581 298125633271.8272 60817629187.45244
60.776565200607415 5.4360859015628555e-11 5582633.708011104 301072648690.10504 61719892981.4725
60.48009415084836 4.785359787510188e-11 4938455.128599676 266331957955.81662 54864383338.896805
60.18650146079569 4.84810595073572e-11 5027614.590827715 271140347123.5065 56126051854.56576
59.89574541509136 4.651086207932479e-11 4846713.9636759935 261384337000.88043 54367942096.18251
59.60778510059573 4.28983473272403e-11 4491863.510632178 242247174977.60895 50629659570.31811
59.322580387195735 4.169249360684082e-11 4386587.655975667 236569625264.99448 49679621305.64854
59.04009190916147 3.948006659939123e-11 4173686.518971412 225087820693.96844 47493530166.42741
58.76028104703274 3.898975241959259e-11 4141480.186796622 223350926203.01465 47350396355.038895
58.483109910018435 3.618344744046819e-11 3861610.4298686567 208257489410.69147 44358845244.47666
58.208541318891584 3.5713497621244837e-11 3829434.4842250077 206522233671.96353 44195758005.80091
57.93653878936406 3.0465990652441304e-11 3282099.4251751993 177004335029.8567 38055932031.4175
57.66706651592514 3.806471259103671e-11 4119871.4966946705 222185564851.3676 47992082007.89543
57.40008935612919 3.678638414396271e-11 4000032.390368157 215722615812.34985 46811807631.27863
57.13557281531753 3.341931120598624e-11 3650731.4202727815 196884738610.10287 42920873017.002075
56.873483031761026 3.07036624761129e-11 3369530.036302488 181719486882.09335 39796567627.17858
56.61378676220961 3.3064187860352623e-11 3645227.4319185 196587907322.42496 43249339610.93293
56.35645136783592 3.5823389351634036e-11 3967454.9978111885 213965709954.373 47286421899.915474
56.10144480056064 3.197077687786158e-11 3556871.032333536 191822827497.54 42584667704.45273
55.8487355897473 3.0996477905622006e-11 3464080.5168641265 186818614839.70325 41660551109.253586
55.59829282925516 3.234061335620808e-11 3630577.9906349857 195797859771.44043 43858720588.80305
55.35008616483884 3.1790306372084874e-11 3584803.76399872 193329245784.57874 43499080301.53012
55.104085781884 3.4684822820506255e-11 3928661.8870893493 211873589065.4111 47883431128.781815
54.86026239346858 3.383755841710887e-11 3849728.5949096954 207616699470.04755 47128990779.70173
54.61858722873965 3.725622843496703e-11 4257428.863969035 229604063552.5631 52349726489.9811
54.37903202159604 3.6137223571748206e-11 4147747.2573158625 223688910677.627 51224760545.17742
54.141568999667676 3.4743342469587246e-11 4005250.9749996318 216004055215.25333 49680932699.50785
53.90617087358216 3.5965022029905476e-11 4164192.7327037062 224575818738.04318 51877014128.48802
53.67281082651038 4.1714544396569556e-11 4850897.965690102 261609981138.46817 60693515624.12422
53.441462503982315 4.6625502568039925e-11 5445454.907914164 293674566199.0311 68426173924.37284
53.21210000396522 4.070696419889248e-11 4774713.214258687 257501320942.7726 60255309100.607666
52.98469786719613 4.1088665160714675e-11 4840169.217221807 261031377402.77182 61342373689.649635
52.75923106776125 3.681650963575493e-11 4355450.984424576 234890417803.85864 55434138601.710915
52.535675003914804 3.731022466458665e-11 4432640.624236096 239053271848.2034 56655625428.023895
52.31400548913035 3.607836993812115e-11 4304452.39020306 232140052538.13998 55249332504.07716
52.0941987433777 3.6857819576944315e-11 4416001.904986436 238155942104.3376 56919270162.93602
51.8762313846188 4.006921855328038e-11 4820936.697310886 259994163425.74576 62398599222.17599
51.66008042051621 3.7388711835419194e-11 4517252.838578471 243616426949.53806 58711558894.839294
51.445723240348094 3.920050040057518e-11 4755884.606911291 256485890058.04672 62069585394.04773
51.23313760712352 3.7157902445965317e-11 4526778.154696618 244130129317.14743 59323621424.06643
51.022301649892555 3.332688765884396e-11 4076840.1776542086 219864876467.03934 53647029857.956055
50.81319385624545 3.0157411350374224e-11 3704303.324759927 199773883057.4939 48944601349.08613
50.60579306499547 3.329013486186644e-11 4105861.4865194783 221430001958.97015 54471780481.90507
50.400078459040195 3.5405907304924616e-11 4384635.445027745 236464342104.45877 58406692499.80048
50.196029558396305 3.53326815840244e-11 4393354.096864029 236934540892.10086 58759766141.240715
49.99362621340277 3.965054783646597e-11 4950208.9179311395 266965842367.9519 66474494749.6203
49.7928485980879 3.988042686224402e-11 4998984.618651736 269596326504.2463 67399081626.06164
49.59367720369555 3.435881224073608e-11 4324150.5508805895 233202378622.8689 58533797034.3386
49.39609283236608 3.6034252706966515e-11 4553149.356039025 245552333934.63916 61879188151.5298
49.200076590967804 3.3267207764183295e-11 4220263.293213415 227599716247.55954 57582728210.62977
49.00560988507464 3.4272688112188505e-11 4365071.33272868 235409245277.90222 59793948300.58676
48.81267441308616 3.199986158253712e-11 4091706.4772394598 220666619233.3486 56269987904.50537
48.621252160485824 3.7779367391598476e-11 4849729.513266114 261546966245.3983 66956023358.82086
48.43132539423392 4.2239902503896763e-11 5443591.504713597 293574072459.6036 75448536622.11702
48.242876657291376 3.373405073161268e-11 4364397.238105785 235372891208.44363 60726205931.77782
48.055888763270865 3.06328886953763e-11 3978600.3279232187 214566780028.61755 55572796027.41048
47.8703447912119 3.135129089889477e-11 4087689.006605499 220449956169.27087 57316988604.01026
47.68622808047647 3.275239847620011e-11 4286858.141604569 231191190888.90472 60340900822.003815
47.503522225762 3.4013915748833625e-11 4469097.136363758 241019379467.35947 63147077420.44814
47.322211072228555 3.253343241352254e-11 4290953.736271358 231412067199.0452 60861373673.34748
47.14227871073719 3.722632131229487e-11 4928656.20468551 265803499860.32718 70172123963.1264
46.963709473196516 5.755638191301205e-11 7649271.357389089 412526866094.34766 109319619514.99852
46.78648792801464 5.127322007975115e-11 6840047.571430241 368885251515.1845 98123476903.0387
46.61059887565368 3.6094649574061436e-11 4833337.4972828 260662941262.2824 69597005317.03024
46.43602734428419 4.7386620183014775e-11 6369269.870556493 343496107831.4601 92056956898.82889
46.26275858553686 4.506480878269121e-11 6079879.640058933 327889229831.223 88202202824.59926
46.09077807034899 3.299646724964893e-11 4468300.579008307 240976420956.12936 65063633658.15551
45.920071484903254 3.3398592459860855e-11 4539568.6046951 244819921064.26767 66346198608.412964
45.75062472665637 3.436828255771002e-11 4688671.179149257 252861055296.84473 68778207040.74379
45.58242390045543 4.299919433617254e-11 5887784.116863066 317529476532.8653 86685547093.47095
45.415455314739475 6.409987061043796e-11 8809321.40044413 475088616935.0777 130174281040.20833
45.249705477824364 6.404506920121433e-11 8834030.966572357 476421209204.48157 131015832531.23506
45.08516109426864 3.8412568313964604e-11 5317759.531352502 286787926799.4713 79153467796.65334
44.92180906131839 3.731575358261622e-11 5184703.841022552 279612204513.86926 77452580650.3373
44.759636465429146 3.627209963370523e-11 5057956.84999875 272776711752.4013 75831925867.17012
44.59863057886286 3.332903300614721e-11 4664339.617783211 251548848906.3862 70182128844.87971
44.43877885635797 2.8049744150545492e-11 3939632.965197504 212465261691.23074 59490273273.544945
44.28006893187098 2.802190516488224e-11 3949829.4674227023 213015161271.40735 59857260317.26608
44.122488615387454 3.102120251857714e-11 4388212.034172882 236657228334.06354 66737338390.203354
43.96602588980097 6.633923620750458e-11 9417643.155352611 507895541334.0921 143734438197.54828
43.81066890785821 1.0446219698766892e-10 14882238.019917289 802602329553.4064 227939061593.1605
43.65640598916856 8.048956295025016e-11 11507488.895870838 620601376135.4437 176871392198.5995
43.50322561727674 5.2317246105423206e-11 7506066.203911983 404803781056.267 115773881382.09174
43.35111643679675 6.485850694559952e-11 9338037.964746622 503602416110.62756 144533893423.7549
43.20006725060583 5.2006176698299074e-11 7513797.373958523 405220724736.45966 116703568724.09555
43.05006701709677 4.7807408924402934e-11 6931230.622316087 373802773258.8109 108029001471.79982
42.901104847487446 4.711851466454415e-11 6855073.087843239 369695580879.60376 107211718455.08029
42.75317000318576 5.3322237453586106e-11 7784469.433301864 419818127699.8609 122167075160.6607
42.606251893209176 5.903267391547211e-11 8647849.033210669 466380377090.5977 136183070110.45078
42.460340071657086 8.964953135715085e-11 13178122.196415553 710698992975.8802 208234804941.93463
42.31542423523505 1.699170126446584e-10 25062658.67798039 1351634627320.7065 397380580432.2855
42.17149422082949 1.7929768685190766e-10 26536562.983187795 1431122606703.584 422181168977.555
42.02854000313176 1.2619563700342088e-10 18740838.208944675 1010697476021.5587 299166452902.36975
41.88655169231036 1.0198594073851631e-10 15196888.342477428 819571489806.2876 243412732472.47186
41.745519531730196 1.15113479885535e-10 17210967.614367798 928191222494.4108 276600984303.32587
41.605433895717674 1.0371492364699743e-10 15558945.919546412 839097333593.9711 250890102744.5894
41.46628528737079 9.960217227741323e-11 14992106.333161537 808527551555.3607 242558265466.6105
41.328064336412886 1.0869881602879697e-10 16416052.170291955 885321259901.4595 266481699230.33188
41.19076179708925 1.1657178290937184e-10 17663736.995518714 952609173583.208 287687970422.1338
41.054368546105515 1.2964202843275296e-10 19709491.318915583 1062937148680.4243 322069956050.1665
40.918875580606816 1.588670098255508e-10 24232543.728452828 1306866347751.7153 397287369716.52026
40.784274016196925 3.241349371454111e-10 49604614.98933735 2675187662887.765 815932237180.7587
40.65055508499628 3.904275117468136e-10 59946372.42892548 3232920888332.834 989273791829.8522
40.51771013373812 2.9670119422193e-10 45704964.51116512 2464878665407.9307 756717750280.2512
40.38573062190184 1.939692745430184e-10 29977400.64169321 1616687729142.533 497939820575.8802
40.254608119882676 2.2414819998799277e-10 34754306.53948034 1874307301984.3513 579160956313.1808
40.124334307196975 2.1681115435035455e-10 33725838.527743846 1818841798678.5884 563840957590.3466
39.99490097072214 2.0709216069594144e-10 32318262.818801023 1742930934902.0273 542051520754.5364
39.866300002970625 1.9708190305266222e-10 30855301.289849617 1664033101819.9346 519178327767.78357
39.73852340039699 2.0702159417355046e-10 32515684.264738098 1753577916370.8655 548869887824.0898
39.61156326173758 2.192459266010436e-10 34546060.246055216 1863076534138.804 585006031719.5742
39.485411786381725 2.4196257419442674e-10 38247275.095035896 2062683855026.5571 649745414333.3472
39.36006127277416 2.8802874781735254e-10 45673999.76954606 2463208730165.381 778373958732.2887
39.235504116847665 5.472176230513688e-10 87050207.9979272 4694636628828.306 1488199811338.5127
39.111732810485364 7.251304068449305e-10 115717231.35491702 6240655426329.691 1984528425572.932
38.988739940012145 5.723790738230371e-10 91629121.50439128 4941578428992.583 1576363518848.545
38.866518184714295 3.3033354307468854e-10 53047633.42324651 2860870395018.008 915478526405.7778
38.745060315387065 3.2045359673393657e-10 51622351.539366394 2784004633380.4443 893665487315.1338
38.624359192909225 3.3916471825596266e-10 54807293.46011305 2955769243089.1777 951757696274.7065
38.50440776684429 2.9735377785032824e-10 48200549.29012431 2599466094698.475 839627548587.5923
38.38519907406768 2.966372686181602e-10 48233734.79209229 2601255796029.0986 842806877913.3685
38.26672623741931 2.741306601630418e-10 44712121.564622596 2411334429607.5596 783683689622.4532
38.1489824643811 2.7889538119452137e-10 45629671.07578515 2460818074080.5264 802226692150.2843
38.03196104577871 2.884253627654721e-10 47334054.10080754 2552735820894.1104 834744613432.3401
37.91565535450721 3.322977976527522e-10 54701328.10992287 2950054508732.6406 967617878864.3025
37.80005884428005 3.895281823258408e-10 64318422.36019782 3468706490946.2837 1141204435521.3477
37.68516504840078 7.696047733072614e-10 127463636.85625185 6874141626902.009 2268466736877.6665
37.570967578557145 1.255225941146695e-09 208525178.2586103 11245808165204.316 3722362502682.6777
37.457460123637034 1.0245079945171491e-09 170712766.60703543 9206576590156.906 3056583427932.043
37.344636448565836 6.060395283838644e-10 101288861.69818784 5462530316205.101 1819022595296.3083
37.23249039316474 4.5142326436097717e-10 75674720.5130897 4081154117466.957 1363105475233.947
37.12101587102951 4.935564433897685e-10 82986213.31161875 4475464512500.202 1499280611687.6072
37.01020686842943 4.5263196349354186e-10 76333061.58455493 4116658594474.483 1383197287743.3398
36.90005744322576 4.3171972579329686e-10 73023698.47756273 3938183923161.2495 1327167982105.312
36.79056172380966 4.03919383985215e-10 68524717.12907198 3695552881641.591 1249096873994.8127
36.68171390805874 3.94845910889816e-10 67184176.80798079 3623257250895.185 1228284208053.4526
36.57350826231225 4.0018561886010295e-10 68294201.42582239 3683121119686.221 1252261180693.3208
36.465939120364276 4.3554021238204026e-10 74546941.64353524 4020332758023.968 1370933470486.1987
36.359000882474646 4.90098259728277e-10 84131802.68571351 4537246396322.351 1551738267542.2632
36.252688014397236 5.540436801041294e-10 95387785.53459547 5144283996704.451 1764489410869.6165
