string
integrated and resized binned spectra ROIsize spatial in px50:1600
converted file:ndrun__Wed Jan 30 2019_16.24.55_31 binning:0.1
nm muJ
17.500000000000007 0.0005769872423133236
17.60000000000001 0.0005314076645160518
17.70000000000001 0.0004930963365211683
17.80000000000001 0.00045835378216389343
17.900000000000013 0.00044921756195494944
18.000000000000014 0.0004484996011160011
18.100000000000016 0.0004519525887041185
18.200000000000017 0.00045214050535028225
18.30000000000002 0.00045606524449691183
18.40000000000002 0.0004915918666719184
18.50000000000002 0.0004717226111378785
18.600000000000023 0.00043510859914263575
18.700000000000024 0.0003954645549489907
18.800000000000026 0.0003776851650719338
18.900000000000027 0.00037011873149087103
19.00000000000003 0.00038290878601641976
19.10000000000003 0.00041147215089782567
19.20000000000003 0.0005133293925399816
19.300000000000033 0.0006501752835367742
19.400000000000034 0.00047676510081564775
19.500000000000036 0.0004163786190631255
19.600000000000037 0.0003955096019222866
19.70000000000004 0.0003617566389058964
19.80000000000004 0.00036264090347747573
19.90000000000004 0.00036005922820937775
20.000000000000043 0.0003631388391621359
20.100000000000044 0.0003875697390208479
20.200000000000045 0.0004479925871881434
20.300000000000047 0.0005053041034795805
20.40000000000005 0.0005579752789208083
20.50000000000005 0.00044451558440844864
20.60000000000005 0.000415432683004648
20.700000000000053 0.00042775864511507007
20.800000000000054 0.00046377428584347185
20.900000000000055 0.000394424633353826
21.000000000000057 0.00035709932958726996
21.10000000000006 0.00034178034506877154
21.20000000000006 0.0003391817362566834
21.30000000000006 0.00034262436731641874
21.400000000000063 0.0003745305434352776
21.500000000000064 0.0004346464369647836
21.600000000000065 0.00043055482508659723
21.700000000000067 0.0004410030482611076
21.800000000000068 0.0004045746141794953
21.90000000000007 0.0003306612646542597
22.00000000000007 0.0003810639756446538
22.100000000000072 0.0003901438850599483
22.200000000000074 0.0003293158912822939
22.300000000000075 0.000311341094258262
22.400000000000077 0.00030947072668281804
22.500000000000078 0.000321419301410291
22.60000000000008 0.00030629773659903933
22.70000000000008 0.0003591592761459442
22.800000000000082 0.00034646933788880967
22.900000000000084 0.00030493157694215663
23.000000000000085 0.0003033988799172374
23.100000000000087 0.0003727861122030304
23.200000000000088 0.00038834902492101693
23.30000000000009 0.00037831506299832
23.40000000000009 0.00038205253834810857
23.500000000000092 0.0003250666277247355
23.600000000000094 0.00030493195691902003
23.700000000000095 0.0002855064856816235
23.800000000000097 0.0003409177923964367
23.900000000000098 0.00036510919761805345
24.0000000000001 0.0002878313096412736
24.1000000000001 0.0002787586317156077
24.200000000000102 0.00026842447543846883
24.300000000000104 0.0002570927581669152
24.400000000000105 0.0002615264305156585
24.500000000000107 0.00027951083972979624
24.600000000000108 0.00035827521311583376
24.70000000000011 0.0002890726505513442
24.80000000000011 0.00028137578249968164
24.900000000000112 0.0003288587791165244
25.000000000000114 0.00029443161212862735
25.100000000000115 0.00030234851037898135
25.200000000000117 0.0002712796642585901
25.300000000000118 0.0002937240628432557
25.40000000000012 0.0002618578423503993
25.50000000000012 0.0002429821523747987
25.600000000000122 0.00025458109823205306
25.700000000000124 0.00025368368516811283
25.800000000000125 0.0002958650097706384
25.900000000000126 0.0002590011510714616
26.000000000000128 0.0002704651660720936
26.10000000000013 0.0002985474242014362
26.20000000000013 0.00024372772464437273
26.300000000000132 0.0002236876632874097
26.400000000000134 0.00024145794540897936
26.500000000000135 0.00022840892164430153
26.600000000000136 0.00021557530569522653
26.700000000000138 0.0002695728236665695
26.80000000000014 0.00026609274720221975
26.90000000000014 0.00022084051183174778
27.000000000000142 0.000204212834167917
27.100000000000144 0.00020553904865355105
27.200000000000145 0.0002582527673626168
27.300000000000146 0.00024175128957217183
27.400000000000148 0.00022312455244003588
27.50000000000015 0.00023478805028657285
27.60000000000015 0.00023670070860452126
27.700000000000152 0.00027254954469933216
27.800000000000153 0.0002299118456013151
27.900000000000155 0.00021874025818849826
28.000000000000156 0.00022635367916510859
28.100000000000158 0.00020063008858031985
28.20000000000016 0.00018706478124989583
28.30000000000016 0.00018050237788801385
28.400000000000162 0.00017459558575667544
28.500000000000163 0.0001827257029438184
28.600000000000165 0.00021037230222985324
28.700000000000166 0.0001953077983754316
28.800000000000168 0.00018457920745519775
28.90000000000017 0.00019161790162562729
29.00000000000017 0.0001888330480819944
29.100000000000172 0.0001889874401725946
29.200000000000173 0.0001955147135587001
29.300000000000175 0.00019274291101993994
29.400000000000176 0.00018474540400478895
29.500000000000178 0.0001996416953213414
29.60000000000018 0.0002405113823981166
29.70000000000018 0.00019737908394756856
29.800000000000182 0.00019714585552175096
29.900000000000183 0.00020245323747462602
30.000000000000185 0.000250509168208712
30.100000000000186 0.0002481433830289824
30.200000000000188 0.000236041813799588
30.30000000000019 0.0002575289418635537
30.40000000000019 0.0002700531387729042
30.500000000000192 0.00024740020286437026
30.600000000000193 0.00030254894926273805
30.700000000000195 0.00027513847111767603
30.800000000000196 0.0002857818842171109
30.900000000000198 0.0002737335879971569
31.0000000000002 0.00025067929268084393
31.1000000000002 0.0002421331772543462
31.200000000000202 0.0002698430692007634
31.300000000000203 0.0002618164646402449
31.400000000000205 0.0002679801972536609
31.500000000000206 0.00025773689579118667
31.600000000000207 0.00025959805802750786
31.70000000000021 0.00024787070981100904
31.80000000000021 0.000267224850802005
31.90000000000021 0.00025623636755002575
32.00000000000021 0.00030071563657551307
32.100000000000215 0.00028652179224487493
32.200000000000216 0.00026758491842927194
32.30000000000022 0.0002726865591708341
32.40000000000022 0.00027031131536180207
32.50000000000022 0.00028138453181802536
32.60000000000022 0.0002483853859937144
32.70000000000022 0.00024838662571104593
32.800000000000225 0.000258702682285474
32.900000000000226 0.0002901154482563022
33.00000000000023 0.00027455394410900053
33.10000000000023 0.0002636706448451551
33.20000000000023 0.000268602941855118
33.30000000000023 0.0002942638751047769
33.40000000000023 0.00031278886073583974
33.500000000000234 0.000285632583275326
33.600000000000236 0.00030645090773502375
33.70000000000024 0.0002733597718802683
33.80000000000024 0.0002708775338877558
33.90000000000024 0.0002599932592012422
34.00000000000024 0.00029201853108130893
34.10000000000024 0.00031561135516153493
34.200000000000244 0.00040646887646404695
34.300000000000246 0.00044492427039736907
