string
20190130_2ndrun__Wed Jan 30 2019_15.18.   full spectra  index number  Nphoton via eV
eV x-axis E [J] Nphoton Nphoton/sr Nphoton/sr @ 0.1bw
70.04756667188666 1.765893539996516e-10 15734771.46110748 848579643248.14 151047176498.16302
69.6540410164266 1.770990042507304e-10 15869336.780765591 855836780171.374 153194783650.67078
69.26491229566443 1.748182405563067e-10 15752969.465616236 849561065584.7808 152920991805.26004
68.88010722735518 1.7518045077639418e-10 15873796.187800266 856077276961.5521 154949987130.0378
68.499554148751 1.7598222537762114e-10 16035039.546523092 864773166327.302 157388716271.57092
68.12318297210952 1.7574917307174558e-10 16102278.48831433 868399377065.6418 158917086003.01126
67.75092514166083 1.7293101709627178e-10 15931132.171989726 859169419045.0284 158087173104.27896
67.38271359197788 1.7439510048535828e-10 16153802.090406634 871178056119.889 161167940382.1752
67.0184827076969 1.7244109554604252e-10 16059616.00988342 866098580335.5166 161094335942.40445
66.65816828453724 1.711099983290216e-10 16021788.207737617 864058518747.772 161578943005.8352
66.3017074915718 1.6888762940093984e-10 15898717.82774167 857421306417.7732 161195205606.54013
65.94903883470174 1.6970612307192945e-10 16061200.97987078 866184058111.2667 163708786983.0293
65.60010212129062 1.653112131443034e-10 15728480.649808327 848240378428.1094 161165671901.32974
65.25483842591538 1.6482226663926256e-10 15764933.329762151 850206279377.2979 162389399361.06775
64.91319005719332 1.6744245992071918e-10 16099842.153410815 868267984995.0059 166707453119.03525
64.57510052564542 1.705883133725089e-10 16488196.67716456 889212028830.3625 171617921564.2641
64.24051451255919 1.770068384494383e-10 17197685.76831962 927474929651.5756 179930136352.40054
63.90937783981403 1.632338348289334e-10 15941697.674454354 859739218888.2821 167649147683.2165
63.5816374406355 1.6211951607207874e-10 15914484.12300855 858271586146.7151 168221230884.75323
63.257241331244494 1.6583874910793442e-10 16363068.176447917 882463821602.7737 173845372855.74026
62.936138583370145 1.610613469094797e-10 15972768.894994495 861414896562.1785 170560149519.3082
62.61827929759554 1.6407450925233206e-10 16354187.003949717 881984858040.5271 175514986750.06302
62.30361457750712 1.6191453145999565e-10 16220399.971343018 874769694307.0573 174953938861.4105
61.99209650461958 1.626282833693786e-10 16373771.623844607 883041060846.1818 177491253230.0829
61.683678114049336 1.6489374610805307e-10 16684872.689182293 899818808885.9865 181763399394.9683
61.378313370910476 1.6637356798135096e-10 16918363.629192673 912411026006.2302 185219438279.25504
61.07595714740844 1.68286500060301e-10 17197605.06726561 927470577426.2007 189203997794.94397
60.776565200607415 1.7015195818460327e-10 17473897.109910835 942371067310.0037 193186068798.55377
60.48009415084836 1.6325782792782606e-10 16848084.43700535 908620853903.5405 187175895904.1245
60.18650146079569 1.6703189199854954e-10 17321650.679231293 934160384228.1946 193371199535.236
59.89574541509136 1.670887166440072e-10 17411657.83489532 939014489687.0471 195315013854.90356
59.60778510059573 1.6419337277288113e-10 17192602.18161831 927200770716.3739 193784961079.71387
59.322580387195735 1.6260775735465414e-10 17108431.74563146 922661440817.7281 193758902571.7217
59.04009190916147 1.6143428110676667e-10 17066234.705023084 920385745250.4878 194201392247.85318
58.76028104703274 1.610987102708777e-10 17111858.252530575 922846233079.1998 195643401412.7895
58.483109910018435 1.595473206625559e-10 17027387.96632897 918290732193.3307 195595925957.1767
58.208541318891584 1.5968281886812776e-10 17122234.83672753 923405844519.2358 197608850727.11966
57.93653878936406 1.6077645207895442e-10 17320437.958834592 934094981953.7391 200830421120.045
57.66706651592514 1.6510749456399488e-10 17870137.83745337 963740415828.9532 208167929819.05402
57.40008935612919 1.6420402916906375e-10 17855014.853722952 962924830030.931 208954688116.7063
57.13557281531753 1.5941122130361103e-10 17414109.78730482 939146724013.1736 204733985834.87018
56.873483031761026 1.5923223349146455e-10 17474716.376733266 942415250547.7216 206388939869.95172
56.61378676220961 1.6153822290796244e-10 17809104.035292346 960448849618.9263 211298746916.16104
56.35645136783592 1.6467807288853644e-10 18238163.81242936 983588136612.3853 217372978191.33276
56.10144480056064 1.6398919539560202e-10 18244424.30494092 983925766333.6143 218431520126.05646
55.8487355897473 1.640505702388724e-10 18333837.34356008 988747830931.1664 220490766297.64886
55.59829282925516 1.6396117654304387e-10 18406386.802850295 992660439031.9263 222355938343.15347
55.35008616483884 1.6341768924774666e-10 18427640.824301876 993806673026.2078 223606501430.89624
55.104085781884 1.6703316396217017e-10 18919422.72659261 1020328577855.4751 230594258595.3321
54.86026239346858 1.6475024453063604e-10 18743779.310840268 1010856090285.737 229464332494.86688
54.61858722873965 1.6754606607784e-10 19146206.895563625 1032559097356.532 235423474197.2745
54.37903202159604 1.6932415492388782e-10 19434636.36016424 1048114161043.2222 240018142878.9018
54.141568999667676 1.6940746283571467e-10 19529479.821606264 1053229089523.3608 242242690590.37097
53.90617087358216 1.6820699381360402e-10 19475765.66604394 1050332273444.5817 242626755165.69858
53.67281082651038 1.7703911591123258e-10 20587512.093072183 1110288999779.1133 257587047948.75262
53.441462503982315 1.8222937382609108e-10 21282812.697178576 1147786712411.3687 267434303991.84338
53.21210000396522 1.7820445608539624e-10 20902447.236138355 1127273520463.7617 263782003788.51532
52.98469786719613 1.7822750694645658e-10 20994872.65916867 1132258043607.0425 266080640247.64743
52.75923106776125 1.7799115482335537e-10 21056633.509369172 1135588819675.7883 267998961443.48737
52.535675003914804 1.7840775382167536e-10 21195730.242259372 1143090336699.0703 270912409797.6782
52.31400548913035 1.7763491104692284e-10 21193336.027953986 1142961216201.4421 272024769455.94247
52.0941987433777 1.8185785664195712e-10 21788718.122381464 1175070301899.5981 280841802154.0007
51.8762313846188 1.8328829121415352e-10 22052370.4031502 1189289126679.4368 285429390403.0511
51.66008042051621 1.7407200145830886e-10 21031140.258747168 1134213963131.381 273345565114.66574
51.445723240348094 1.8031440078070863e-10 21876110.618853804 1179783398220.213 285507582369.29346
51.23313760712352 1.833894434780573e-10 22341501.31982439 1204882019828.844 292786330818.40717
51.022301649892555 1.801297880313794e-10 22035071.638133794 1188356200523.9766 289958912927.8419
50.81319385624545 1.7967188235531243e-10 22069505.351174626 1190213218148.9304 291602238446.4887
50.60579306499547 1.7980237661660296e-10 22176048.742308706 1195959126379.1501 294205945089.2624
50.400078459040195 1.8269950362264775e-10 22625340.807504606 1220189545063.0527 301386817630.5697
50.196029558396305 1.831586009707791e-10 22774399.051406585 1228228288539.32 304600615557.7498
49.99362621340277 1.8431924747781507e-10 23011505.07110774 1241015467692.657 309012851455.4729
49.7928485980879 1.9213882969789015e-10 24084472.757106595 1298880848098.8625 324720212024.71594
49.59367720369555 1.901998906050119e-10 23937176.756127305 1290937142766.2598 324025222834.32294
49.39609283236608 1.9548861067029795e-10 24701187.756679896 1332140422006.0679 335699386345.5331
49.200076590967804 1.8474433637032671e-10 23436584.96798109 1263940118878.8748 319776850076.3398
49.00560988507464 1.8913571166939802e-10 24088885.8878192 1299118849196.938 329976187696.02
48.81267441308616 1.8349343762073837e-10 23462641.715095263 1265345364911.5232 322663068052.44684
48.621252160485824 1.843509968469143e-10 23665099.01929516 1276263931310.5066 326723566415.4843
48.43132539423392 1.8548944616622815e-10 23904618.938724082 1289181292600.5771 331319592198.3435
48.242876657291376 1.8688948458609396e-10 24179128.58577032 1303985657502.5046 336428299635.64264
48.055888763270865 1.992808182810293e-10 25882597.519488383 1395854107173.4617 361526213757.91705
47.8703447912119 1.9769116903502098e-10 25775653.735391572 1390086605663.777 361422517472.581
47.68622808047647 1.9505954188471757e-10 25530728.255940937 1376877721347.3875 359365085271.6662
47.503522225762 1.9571052152233416e-10 25714455.746592887 1386786184832.7117 363337980426.1702
47.322211072228555 1.8888262567281427e-10 24912422.336679954 1343532348795.801 353349007733.2875
47.14227871073719 1.8942043447616738e-10 25078712.232756875 1352500399017.4082 357060105340.5959
46.963709473196516 1.9664965067666218e-10 26134834.928209655 1409457325423.9202 373506191237.32654
46.78648792801464 1.9795247018734658e-10 26407631.71998049 1424169315668.7305 378829037967.8808
46.61059887565368 2.004329438728679e-10 26839436.72382091 1447456653334.6997 386470926440.36945
46.43602734428419 2.1900847391823256e-10 29437087.281948663 1587548512269.4104 425463001288.19086
46.26275858553686 2.2392584863984985e-10 30210761.896126214 1629272952291.415 438274424166.39197
46.09077807034899 2.060765220690962e-10 27906376.640704103 1504996954842.9756 406349177807.60706
45.920071484903254 1.9832549298898416e-10 26956590.53792417 1453774783980.7427 393972966458.7601
45.75062472665637 1.9971635407955023e-10 27246177.105451167 1469392250479.631 399674692130.47144
45.58242390045543 2.0464551050445162e-10 28021654.938818924 1511213938504.3096 412561405211.6704
45.415455314739475 2.0014575815993813e-10 27506269.41639019 1483419085313.1562 406456829375.7956
45.249705477824364 1.9811303459727086e-10 27326642.071623027 1473731743586.1477 405276229486.1987
45.08516109426864 2.0699092638000533e-10 28655412.016816273 1545392595403.2844 426528356331.3025
44.92180906131839 2.162458878103435e-10 30045511.01060771 1620360936134.9463 448839979309.35406
44.759636465429146 2.2339715439951978e-10 31151578.727891132 1680011408419.2505 467043171540.5674
44.59863057886286 2.2149006706970498e-10 30997145.779421188 1671682805957.9878 466399502862.2651
44.43877885635797 2.1850317591175877e-10 30689132.499826144 1655071582874.0999 463420043204.7506
44.28006893187098 2.1834440164420825e-10 30776749.353283882 1659796778815.6785 466402894847.21045
44.122488615387454 2.1518619516664056e-10 30439911.239825092 1641631026179.3755 462939949382.5661
43.96602588980097 2.1997426480452395e-10 31227961.72705551 1684130760158.2537 476609005124.7865
43.81066890785821 2.1939178400576728e-10 31255715.87943462 1685627547625.5984 478718223525.6554
43.65640598916856 2.2538917123958847e-10 32223598.814820424 1737825684601.7703 495280320111.499
43.50322561727674 2.4107988202147204e-10 34588241.72889482 1865351390672.1946 533490497732.2447
43.35111643679675 2.6650140895195987e-10 38369681.81427914 2069285275987.9834 593884874208.5709
43.20006725060583 2.638295059962608e-10 38117807.82939798 2055701657264.175 592042077292.058
43.05006701709677 2.683178632920527e-10 38901355.0913233 2097958531324.032 606310015552.6647
42.901104847487446 2.7089506999063856e-10 39411376.125563666 2125464076501.7612 616384582185.4832
42.75317000318576 2.6578851262455604e-10 38802245.57436447 2092613533543.079 608950538261.0419
42.606251893209176 2.668013597273851e-10 39084421.01202264 2107831316198.0872 615486744329.8245
42.460340071657086 2.713354421820142e-10 39885223.70572121 2151018779442.1863 630248502376.5658
42.31542423523505 2.76023697503873e-10 40713331.819461875 2195678829921.209 645529575996.8319
42.17149422082949 2.83408218480048e-10 41945215.08724541 2262114562177.185 667323795842.266
42.02854000313176 3.062402294284803e-10 45478581.740775004 2452669793419.5444 725990258852.1569
41.88655169231036 3.430318583653259e-10 51115053.81762514 2756645957037.427 818723849240.1307
41.745519531730196 3.5474064664822115e-10 53038356.47253007 2860370087050.469 852390285941.0134
41.605433895717674 3.625972638442266e-10 54395558.713706374 2933564298766.8374 877135725331.2566
41.46628528737079 3.728412441699744e-10 56120016.76445434 3026564696079.065 907969408823.728
41.328064336412886 3.7462869422604355e-10 56577655.70577897 3051245263605.9336 918424824345.3605
41.19076179708925 3.8071985292230483e-10 57689221.03748235 3111192223430.253 939580051475.9526
41.054368546105515 3.7297360911065807e-10 56703217.31169343 3058016828290.932 926579098972.1466
40.918875580606816 3.8028130201334304e-10 58005644.408303216 3128257004561.0264 950990129386.5491
40.784274016196925 3.885006056503743e-10 59454939.15629891 3206417785177.0947 977957424479.0022
40.65055508499628 3.992583511411999e-10 61302262.50139352 3306044334505.699 1011649566358.749
40.51771013373812 4.2619892942019786e-10 65653281.22432927 3540695719484.5645 1086993585881.7849
40.38573062190184 4.659687674863289e-10 72014149.98516034 3883738753643.4062 1196191536122.121
40.254608119882676 5.137846963382979e-10 79662610.8654522 4296221910531.826 1327532570354.3713
40.124334307196975 5.514346729556505e-10 85777859.51293282 4626018598617.153 1434065765571.2773
39.99490097072214 5.467318055637836e-10 85321540.53648958 4601409217083.098 1431038266512.859
39.866300002970625 5.35263571653464e-10 83801295.38547981 4519422065818.635 1410059684535.3164
39.73852340039699 5.28122977206719e-10 82949221.06247175 4473469512467.205 1400195957402.2578
39.61156326173758 5.165020592443451e-10 81384003.49090813 4389056988792.096 1378163894480.694
39.485411786381725 5.027881237625865e-10 79476240.27430083 4286170904062.3594 1350143834779.6052
39.36006127277416 5.196531969789275e-10 82403718.99998759 4444050467728.1 1404319947802.1306
39.235504116847665 5.126234570847787e-10 81547042.13474777 4397849698274.2183 1394118354352.8706
39.111732810485364 5.189703296584696e-10 82817944.38151208 4466389732543.429 1420311934948.8748
38.988739940012145 5.422262619716917e-10 86802118.23473614 4681257094002.359 1493321012986.6682
38.866518184714295 5.887015783741462e-10 94538463.25929242 5098479861883.631 1631513555802.7893
38.745060315387065 6.658301948246663e-10 107259586.82654946 5784532819506.867 1856835035061.7275
38.624359192909225 7.336644726473059e-10 118556447.32272522 6393774960288.117 2058795537212.755
38.50440776684429 7.194440621749437e-10 116620677.3327274 6289378464185.009 2031469243931.7212
38.38519907406768 7.102791124773312e-10 115492616.61957237 6228541904855.41 2018047577173.0107
38.26672623741931 6.655463075662418e-10 108554028.18892516 5854342323394.831 1902661255103.3113
38.1489824643811 6.527156072257754e-10 106789859.10838945 5759200301619.002 1877499298327.8713
38.03196104577871 6.251669482591592e-10 102597378.63274436 5533098918758.668 1809323346434.0107
37.91565535450721 6.307470093511319e-10 103830658.39311948 5599609964163.494 1836672068245.6191
37.80005884428005 6.256590457379296e-10 103308064.94403656 5571426385921.972 1832999280968.3616
37.68516504840078 6.51748660662882e-10 107944048.0173777 5821445960226.189 1921077166874.6458
37.570967578557145 6.3836216007792e-10 106048304.81928594 5719208117706.322 1893057886960.8176
37.457460123637034 6.769124262782994e-10 112793256.52808766 6082964828690.547 2019544323125.2288
37.344636448565836 7.310239345463787e-10 122177809.75737537 6589075823123.232 2194162249100.048
37.23249039316474 8.472891627894202e-10 142036035.02496356 7660034225967.751 2558451431473.1978
37.12101587102951 9.413514075523655e-10 158278125.54083368 8535973696053.387 2859551188177.9595
37.01020686842943 1.0064643565813337e-09 169732833.5379005 9153728586849.775 3075652805181.3325
36.90005744322576 9.91297273829246e-10 167674046.1481613 9042697735653.307 3047389136915.0977
36.79056172380966 9.066856215443545e-10 153818752.4657096 8295478737321.218 2803871813214.4707
36.68171390805874 8.702830990363204e-10 148081193.15934816 7986050917454.773 2707271261017.135
36.57350826231225 8.247034887267796e-10 140740855.04650372 7590184888353.907 2580662862040.34
36.465939120364276 7.942417484022409e-10 135942196.8069985 7331392206997.574 2500004742586.2197
36.359000882474646 7.945950096312778e-10 136402668.72691005 7356225557675.097 2515829140724.9146
36.252688014397236 8.16977438586918e-10 140656181.9889104 7585618451962.831 2601867129023.236
