string
20190130_2ndrun__Wed Jan 30 2019_14.55   full spectra  index number  Nphoton via eV
eV x-axis E [J] Nphoton Nphoton/sr Nphoton/sr @ 0.1bw
70.04756667188666 2.1404090721520552e-10 19071844.831404805 1028548735081.423 183081674844.4861
69.6540410164266 2.096230106506947e-10 18783720.25347041 1013010113998.8782 181328810405.79306
69.26491229566443 2.084647602319755e-10 18784876.178487822 1013072453286.1898 182353041591.51358
68.88010722735518 2.0751714559776894e-10 18803952.49637604 1014101243254.197 183552325029.00598
68.499554148751 2.0714015562219682e-10 18874068.559751566 1017882617784.627 185254636436.8044
68.12318297210952 2.0675304447396478e-10 18942877.751507547 1021593512444.6992 186951612777.37854
67.75092514166083 2.025549237962946e-10 18660210.97470111 1006349231762.6826 185168258644.32623
67.38271359197788 2.0564839483085063e-10 19048720.182286717 1027301617730.6964 190050799280.17383
67.0184827076969 2.0287869666419736e-10 18894301.005775534 1018973757994.1617 189529118986.91214
66.65816828453724 2.0107389876845112e-10 18827441.129287854 1015367990329.994 189873814191.71106
66.3017074915718 1.9807650266936348e-10 18646495.515488625 1005609554067.6946 189054596164.72513
65.94903883470174 1.9759261285234305e-10 18700413.454228576 1008517360217.5148 190609781081.11017
65.60010212129062 1.9144436558109838e-10 18214910.787259564 982334095913.3004 186643478223.51428
65.25483842591538 1.9250044725597674e-10 18412298.161035936 992979239863.1099 189659034813.8585
64.91319005719332 1.9525387023066293e-10 18773950.71742643 1012483240797.6123 194396782233.1347
64.57510052564542 2.0105693718664233e-10 19433138.519885957 1048033382191.6113 202270442762.98584
64.24051451255919 2.0648192509895361e-10 20061435.45524007 1081917572411.6304 209892009047.8503
63.90937783981403 1.87260763115735e-10 18288208.905997716 986287079380.7325 192325980479.24454
63.5816374406355 1.8499145930368824e-10 18159711.509820934 979357186889.092 191954008630.2587
63.257241331244494 1.8691526010007134e-10 18442656.86209057 994616491206.359 195939448767.64578
62.936138583370145 1.8131172932666515e-10 17981038.939865984 969721336375.1293 192004824602.27206
62.61827929759554 1.8482194044296762e-10 18422194.832157865 993512969486.7494 197709080927.86102
62.30361457750712 1.8338034775900872e-10 18370819.22612987 990742271892.4022 198148454378.47934
61.99209650461958 1.82112570624842e-10 18335492.323126208 988837084338.709 198756253952.0809
61.683678114049336 1.8289229011298914e-10 18506066.169232275 998036168916.0684 201603306121.04474
61.378313370910476 1.8483452030401774e-10 18795639.61795475 1013652927914.979 205771544366.72998
61.07595714740844 1.8817734686282315e-10 19230298.88192505 1037094196449.8354 211567216075.76535
60.776565200607415 1.9104851835742354e-10 19619886.767078135 1058104755733.404 216911474925.35123
60.48009415084836 1.7731656350199606e-10 18298935.321385976 986865557292.9158 203294304802.3354
60.18650146079569 1.8247135997946336e-10 18922764.501499966 1020508800502.2233 211245321703.9599
59.89574541509136 1.8312487658884833e-10 19082722.976535704 1029135395811.5897 214060162328.80823
59.60778510059573 1.805285620780772e-10 18903051.309636027 1019445663782.3458 213064143730.5012
59.322580387195735 1.7537580409426757e-10 18451794.81590171 995109303040.5979 208972953638.52426
59.04009190916147 1.7462949820348858e-10 18461184.218921285 995615675585.2743 210074907548.49313
58.76028104703274 1.7093140832237295e-10 18156284.58601399 979172372143.6907 207584542894.46152
58.483109910018435 1.6963503224314782e-10 18103980.02730415 976351575929.3982 207962885672.9589
58.208541318891584 1.671802823816594e-10 17926161.845709637 966761802765.3281 206887025791.78357
57.93653878936406 1.678100140907302e-10 18078163.190852724 974959268330.9119 209616242691.13675
57.66706651592514 1.7481901764972663e-10 18921248.54936821 1020427044874.4198 220412241692.8748
57.40008935612919 1.7454794267915315e-10 18979778.54133085 1023583580056.4999 222117636872.25436
57.13557281531753 1.7012564380715916e-10 18584555.18166634 1002269098408.2334 218494663452.9931
56.873483031761026 1.674635179271955e-10 18378047.05153868 991132070086.9313 217057923349.0387
56.61378676220961 1.681033388694762e-10 18532888.35740274 999482695351.1733 219886192977.25528
56.35645136783592 1.718022139466479e-10 19027165.343487084 1026139160591.4824 226776754490.71304
56.10144480056064 1.689651236411201e-10 18798015.326612625 1013781050399.0166 225059393188.5756
55.8487355897473 1.6889022253761082e-10 18874703.479625683 1017916859151.3732 226995459590.75494
55.59829282925516 1.6861495750135956e-10 18928823.237014394 1020835549424.7657 228667163071.14957
55.35008616483884 1.696268092987211e-10 19127806.361221593 1031566752541.9834 232102519321.94574
55.104085781884 1.7273082552299444e-10 19564782.396883633 1055132965077.4899 238460050107.50726
54.86026239346858 1.6985737372175962e-10 19324821.86251047 1042191841327.7534 236577547981.40472
54.61858722873965 1.7395861873996398e-10 19878996.765668258 1072078614248.5475 244433924048.65347
54.37903202159604 1.71284999276049e-10 19659697.556898184 1060251760277.2213 242797653103.48767
54.141568999667676 1.729964119220712e-10 19943217.844651584 1075542070990.0314 247374676327.70517
53.90617087358216 1.7203414408647983e-10 19918890.41486302 1074230087416.4441 248147150193.1988
53.67281082651038 1.8579808544368274e-10 21606074.517788447 1165220292624.9043 270331107888.97604
53.441462503982315 1.9252820813991926e-10 22485627.353775382 1212654768150.941 282548560979.1634
53.21210000396522 1.8526775071700946e-10 21730934.61851809 1171954024982.8848 274237241845.9899
52.98469786719613 1.872403275819829e-10 22056566.36057723 1189515415575.0405 279536122660.1266
52.75923106776125 1.8152550467072504e-10 21474752.654131263 1158138075988.435 273320585933.27203
52.535675003914804 1.790000092985922e-10 21266093.1443997 1146885023297.7112 271811750521.55606
52.31400548913035 1.7735962799015917e-10 21160492.448443577 1141189954823.2375 271603209247.92978
52.0941987433777 1.8744139677212836e-10 22457692.145652987 1211148216308.0269 289464423697.61505
51.8762313846188 1.9431547659215726e-10 23379108.59711271 1260840405711.3057 302601697370.69885
51.66008042051621 1.8026870774106798e-10 21779817.80529781 1174590305865.699 283076263713.6365
51.445723240348094 1.83228012900869e-10 22229595.979785003 1198846940529.2874 290120959608.0895
51.23313760712352 1.82856408290847e-10 22276564.068733398 1201379939770.0066 291935325364.1097
51.022301649892555 1.7766051196716074e-10 21733007.911950376 1172065838148.1072 285984064508.12994
50.81319385624545 1.786290229027372e-10 21941408.55624253 1183304930169.4456 289909707891.5149
50.60579306499547 1.830498181878505e-10 22576574.163200922 1217559549341.29 299519649137.9486
50.400078459040195 1.911079919803935e-10 23666640.37864558 1276347057155.1323 315257723117.3132
50.196029558396305 1.852138712960208e-10 23029956.50979226 1242010557789.4548 308018618331.78326
49.99362621340277 1.8665285593940405e-10 23302846.554336715 1256727577176.6055 312925166716.9761
49.7928485980879 1.9516690755219074e-10 24464040.274526015 1319351006773.6477 329837751693.41223
49.59367720369555 1.907480639448767e-10 24006165.8711452 1294657740726.9353 324959092922.45245
49.39609283236608 1.9258104141730184e-10 24333798.506802138 1312327039945.511 330706414066.2727
49.200076590967804 1.8519228431777783e-10 23493411.446875826 1267004783231.1174 320552210157.45715
49.00560988507464 1.9449803377510543e-10 24771847.154932547 1335951098704.4597 339331579070.9305
48.81267441308616 1.9215497745511837e-10 24570161.463322576 1325074145540.0825 337893907112.7299
48.621252160485824 1.8938119826888287e-10 24310824.92679723 1311088069784.8774 335638545864.92316
48.43132539423392 1.8836349798601057e-10 24275007.20060113 1309156412029.7856 336453197891.65
48.242876657291376 1.834825087721436e-10 23738345.59320892 1280214134954.361 330295246818.2217
48.055888763270865 1.8765647673970653e-10 24372827.757710125 1314431895926.0127 340437861044.8283
47.8703447912119 1.8850102285968015e-10 24577410.906693168 1325465109595.987 344620928494.9556
47.68622808047647 1.9482553341374658e-10 25500099.62519454 1375225912637.2195 358933963198.3124
47.503522225762 1.977435150489323e-10 25981571.288803797 1401191784054.5142 367112247422.2825
47.322211072228555 1.9529273017854522e-10 25757874.53272071 1389127769401.238 365340603352.51715
47.14227871073719 1.9509416989744164e-10 25829898.22970822 1393012023026.7922 367755174079.07324
46.963709473196516 1.9738008403638252e-10 26231909.879610088 1414692598642.303 374893538640.19794
46.78648792801464 1.9947845372578225e-10 26611203.87674935 1435148006308.9578 381749369678.1813
46.61059887565368 1.9389842885459593e-10 25964417.38336253 1400266670207.4119 373871200945.3835
46.43602734428419 2.0883736039766837e-10 28069980.561816726 1513820149851.235 405703800160.12036
46.26275858553686 2.1281545675328085e-10 28711812.998995386 1548434312625.2153 416528830096.18414
46.09077807034899 1.9745274675118375e-10 26738566.16103296 1442016681969.5984 389344504131.79504
45.920071484903254 1.9423288239903545e-10 26400318.995412253 1423774938844.0894 385843008426.7274
45.75062472665637 2.0656873991585075e-10 28181009.502883993 1519807964763.8293 413387766415.7738
45.58242390045543 2.132969822314721e-10 29206281.734930545 1575101118976.636 430002605480.6153
45.415455314739475 2.045181844837551e-10 28107177.16268436 1515826170616.9207 415336370749.0268
45.249705477824364 2.0198749429882942e-10 27861064.118615773 1502553240682.6885 413202141187.7476
45.08516109426864 1.9779586611626686e-10 27382466.168488823 1476742349257.804 407580888395.15
44.92180906131839 1.9409360667833018e-10 26967641.58427336 1454370769311.174 402860703099.1719
44.759636465429146 1.9980232923156951e-10 27861402.289583687 1502571478316.4553 417714870971.98865
44.59863057886286 2.0025478631813668e-10 28025305.54373176 1511410816420.3462 421683617781.26434
44.43877885635797 2.0273912967480089e-10 28475046.129316088 1535665423906.2368 429986318693.7487
44.28006893187098 2.125634415965395e-10 29961893.753283802 1615851439281.7703 454054254438.1821
44.122488615387454 2.3053966697809068e-10 32611789.9646744 1758760917647.2197 495970578776.49695
43.96602588980097 2.3114297096817684e-10 32813492.32959765 1769638770007.0042 500807771911.9829
43.81066890785821 2.2599710140637897e-10 32196744.391065568 1736377419694.596 493131187193.2503
43.65640598916856 2.2682900733379448e-10 32429450.322253644 1748927301118.5112 498444280818.7702
43.50322561727674 2.2809888656224323e-10 32725830.792483706 1764911164266.139 504764592980.113
43.35111643679675 2.3783354302011184e-10 34242210.59967964 1846689856698.9836 529999988872.6259
43.20006725060583 2.3995254239517656e-10 34668089.39605277 1869657592708.784 538461386700.10754
43.05006701709677 2.436521783905011e-10 35325266.06335745 1905099273146.9666 550573689939.491
42.901104847487446 2.492432777079891e-10 36261348.59101473 1955582407225.758 567118898095.4445
42.75317000318576 2.6167476208269623e-10 38201682.528276786 2060225037996.336 599525486056.9396
42.606251893209176 2.8924575658233537e-10 42372358.738187656 2285150512068.685 667263949524.0376
42.460340071657086 3.1220879312369583e-10 45893442.65714681 2475043332767.2593 725187696500.813
42.31542423523505 2.9814441120555977e-10 43976123.98246974 2371641920107.9136 697262724511.7228
42.17149422082949 2.9396856246485607e-10 43508175.76006463 2346405370812.702 692189584389.7434
42.02854000313176 3.1482853271326625e-10 46753998.2779185 2521453284349.627 746350172167.4604
41.88655169231036 3.1668985967083947e-10 47189842.06805492 2544958434637.9585 755852655087.4874
41.745519531730196 3.1490882344915385e-10 47082979.050337166 2539195288876.6426 756680196085.2161
41.605433895717674 3.33301241974264e-10 50000673.15717834 2696547165922.35 806267602610.7571
41.46628528737079 3.454579494629455e-10 51998286.71968531 2804278899326.281 841283669797.8921
41.328064336412886 3.6675829100348e-10 55389041.564217314 2987143044727.243 899130056462.8752
41.19076179708925 3.9158065726352585e-10 59334922.824442774 3199945278326.762 966383474054.6989
41.054368546105515 4.345154329987239e-10 66059427.31808994 3562599266555.581 1079467577766.3342
40.918875580606816 4.879156605566236e-10 74423491.65643923 4013675073400.5933 1220157222313.7766
40.784274016196925 4.753386731490735e-10 72744370.22666402 3923119689906.7256 1196551505421.537
40.65055508499628 4.507928764876596e-10 69214890.98278533 3732774107511.372 1142228876898.4856
40.51771013373812 4.725858297554642e-10 72798893.29092741 3926060130607.4873 1205300460096.525
40.38573062190184 4.679485787401148e-10 72320124.19313475 3900240009151.8096 1201273922818.7092
40.254608119882676 4.682150222482359e-10 72597006.84848902 3915172350907.321 1209788256430.396
40.124334307196975 4.929764175155566e-10 76684445.0643372 4135608781876.5654 1282038722381.6995
39.99490097072214 5.173767307550024e-10 80740464.07493934 4354350768281.126 1354203088935.4448
39.866300002970625 5.273462934432854e-10 82561759.93962333 4452573649936.763 1389202978780.1736
39.73852340039699 5.504134734398769e-10 86450260.36474903 4662281322633.47 1459294053984.2996
39.61156326173758 5.716579138821033e-10 90074780.58664823 4857752485620.949 1525334280484.9514
39.485411786381725 6.366767596670374e-10 100640155.83680348 5427545468170.468 1709676822473.6492
39.36006127277416 7.488622414119431e-10 118750416.75826158 6404235774086.102 2023738504611.282
39.235504116847665 7.053687145233541e-10 112208545.0612845 6051431212258.345 1918303694285.8176
39.111732810485364 6.364360111976134e-10 101563267.04157113 5477329055987.825 1741790639804.2075
38.988739940012145 6.292777017903083e-10 100737720.21786928 5432807136437.031 1733065476523.315
38.866518184714295 6.262388350606065e-10 100566499.69144921 5423573176249.848 1735543416399.9805
38.745060315387065 6.218620153200331e-10 100176686.70600988 5402550477258.939 1734218703200.141
38.624359192909225 6.25407086060277e-10 101062604.25316858 5450328203041.191 1755005681379.2476
38.50440776684429 6.321031926179461e-10 102462868.6828457 5525844767938.591 1784847860044.1328
38.38519907406768 6.853624531822543e-10 111441124.56686379 6010044058273.522 1947254274880.4841
38.26672623741931 6.815728858022596e-10 111168045.58459906 5995316849434.071 1948477976066.064
38.1489824643811 7.11102441484827e-10 116342444.85214089 6274373326061.476 2045445704296.1245
38.03196104577871 7.207646852891092e-10 118286111.45812309 6379195688380.146 2085996990100.2231
37.91565535450721 8.314394243372543e-10 136867716.47437927 7381305683726.893 2421068264262.4116
37.80005884428005 1.006504970915279e-09 166192883.50442156 8962818312496.52 2948767224811.4077
37.68516504840078 1.0174661803767166e-09 168514988.7671984 9088049953791.24 2999056484751.1143
37.570967578557145 8.568742366659e-10 142348757.37410018 7676899410195.054 2541053704774.596
37.457460123637034 8.132165072463406e-10 135505472.42724255 7307839566319.756 2426202736018.1196
37.344636448565836 8.018095591467147e-10 134008383.51464015 7227101236023.253 2406624711595.7563
37.23249039316474 8.110081200912375e-10 135954031.7635787 7332030468777.069 2448898176571.511
37.12101587102951 7.925030272599302e-10 133250869.58364187 7186248345155.985 2407393195627.3184
37.01020686842943 7.773787262093317e-10 131099221.81425096 7070209513511.151 2375590396539.5986
36.90005744322576 8.472024655002639e-10 143300974.43766046 7728252683300.292 2604421154272.141
36.79056172380966 8.819980299905852e-10 149630515.17160136 8069606190162.99 2727526892274.9927
36.68171390805874 9.197800230970809e-10 156503238.33148953 8440253643262.424 2861245985065.9263
36.57350826231225 9.325292685399687e-10 159142004.85901755 8582562895359.261 2918071384422.1616
36.465939120364276 9.793306693950026e-10 167621965.05767238 9039888991128.717 3082602145974.95
36.359000882474646 1.0751882587446157e-09 184570184.93566957 9953910171119.191 3404237278522.8057
36.252688014397236 1.4142149814256508e-09 243480505.58520663 13130956561909.234 4503918100734.841
