string
integrated and resized binned spectra ROIsize spatial in px50:1600
converted file:an 29 2019_14.57.15_18 binning:0.1
nm muJ
17.500000000000007 0.00016673702046976285
17.60000000000001 0.0001709980209639182
17.70000000000001 0.0001739759982860364
17.80000000000001 0.00017502919932220484
17.900000000000013 0.00018117856229633335
18.000000000000014 0.00018767182386989303
18.100000000000016 0.00019170162048318863
18.200000000000017 0.00019863170606645398
18.30000000000002 0.00019668144237069334
18.40000000000002 0.0002071031602702104
18.50000000000002 0.00020863140932034935
18.600000000000023 0.00021561455822833594
18.700000000000024 0.00021707347472934663
18.800000000000026 0.00022420528314878724
18.900000000000027 0.000224542233145504
19.00000000000003 0.0002306745004764889
19.10000000000003 0.00023811741386080778
19.20000000000003 0.00024526383654252824
19.300000000000033 0.0002634125591669706
19.400000000000034 0.000246828649338599
19.500000000000036 0.0002501853612329059
19.600000000000037 0.0002597324777993566
19.70000000000004 0.00025855231217826875
19.80000000000004 0.0002697172417192694
19.90000000000004 0.0002777498718111677
20.000000000000043 0.0002789410955672695
20.100000000000044 0.0002846980699565459
20.200000000000045 0.00029621549743223
20.300000000000047 0.0003000866817106846
20.40000000000005 0.00031385211553232485
20.50000000000005 0.0003063591019944652
20.60000000000005 0.00031500755373833764
20.700000000000053 0.0003217678933503144
20.800000000000054 0.00032723794488139716
20.900000000000055 0.00032934861886022617
21.000000000000057 0.0003357145547878378
21.10000000000006 0.0003421959874107967
21.20000000000006 0.0003457062652833555
21.30000000000006 0.00034544776280568193
21.400000000000063 0.0003498783106965888
21.500000000000064 0.0003635653651876814
21.600000000000065 0.00036785293411719804
21.700000000000067 0.00036885735420096256
21.800000000000068 0.00037622481397356393
21.90000000000007 0.00037845398838874666
22.00000000000007 0.00038936392999907335
22.100000000000072 0.00039105390030506307
22.200000000000074 0.0003931902152537046
22.300000000000075 0.0003999640425454943
22.400000000000077 0.0004039503619416684
22.500000000000078 0.0004137603428355471
22.60000000000008 0.00041554046286076203
22.70000000000008 0.00042567295765529105
22.800000000000082 0.00043184017772877767
22.900000000000084 0.0004417002627616046
23.000000000000085 0.00043944056954923523
23.100000000000087 0.00045585589608640746
23.200000000000088 0.00047418949406321023
23.30000000000009 0.0004642161958408138
23.40000000000009 0.0004733341086346205
23.500000000000092 0.0004807008469441546
23.600000000000094 0.0004802210680898699
23.700000000000095 0.0004823442828095441
23.800000000000097 0.0004941558009760685
23.900000000000098 0.0005053918599877049
24.0000000000001 0.0005031958252860417
24.1000000000001 0.0005143667394495348
24.200000000000102 0.0005182022064181308
24.300000000000104 0.0005232620477249524
24.400000000000105 0.0005272948412965476
24.500000000000107 0.0005240541234873087
24.600000000000108 0.000540682605735152
24.70000000000011 0.0005386276704649214
24.80000000000011 0.000545565143104225
24.900000000000112 0.0005614341761164268
25.000000000000114 0.0005582843158647631
25.100000000000115 0.0005832510489791635
25.200000000000117 0.0005655400269257524
25.300000000000118 0.0005816289065511662
25.40000000000012 0.0005752142814136603
25.50000000000012 0.0005735999461851971
25.600000000000122 0.0005847336475396537
25.700000000000124 0.0005764974466006939
25.800000000000125 0.0005906529117779304
25.900000000000126 0.0006030345364660269
26.000000000000128 0.0006020794711507602
26.10000000000013 0.0006129234235684401
26.20000000000013 0.0006097047540343132
26.300000000000132 0.0006098432989894361
26.400000000000134 0.0006216440351831016
26.500000000000135 0.0006251033530861326
26.600000000000136 0.0006200984358798469
26.700000000000138 0.0006451899420143728
26.80000000000014 0.0006732218030802785
26.90000000000014 0.0006446254578182938
27.000000000000142 0.0006394959022023236
27.100000000000144 0.0006504121520278984
27.200000000000145 0.0006607299304345976
27.300000000000146 0.0006574948067281456
27.400000000000148 0.0006573022250659765
27.50000000000015 0.0006654672590652328
27.60000000000015 0.0006626910279534541
27.700000000000152 0.0007056155960324879
27.800000000000153 0.0007170751448866713
27.900000000000155 0.0007069717394809844
28.000000000000156 0.0007134792854578454
28.100000000000158 0.000719356754132879
28.20000000000016 0.0007341138420054006
28.30000000000016 0.0007474740743568017
28.400000000000162 0.0007606760219230149
28.500000000000163 0.0007732620185055453
28.600000000000165 0.0007921050239374138
28.700000000000166 0.0008149774432096458
28.800000000000168 0.0008764629642949368
28.90000000000017 0.0008465462682542809
29.00000000000017 0.0008532380367175638
29.100000000000172 0.0008699379486447627
29.200000000000173 0.0008938760169959801
29.300000000000175 0.0009096139192181884
29.400000000000176 0.0009248745561635104
29.500000000000178 0.0009589167839905192
29.60000000000018 0.0009660433306805355
29.70000000000018 0.0009857451938245863
29.800000000000182 0.001042481043547456
29.900000000000183 0.001144269731663933
30.000000000000185 0.0011096777493995323
30.100000000000186 0.0011316408022583634
30.200000000000188 0.0011312804993407247
30.30000000000019 0.0011544123690610609
30.40000000000019 0.0011766858277608434
30.500000000000192 0.0012183136271660113
30.600000000000193 0.0012379317140956644
30.700000000000195 0.0012411468672147857
30.800000000000196 0.0012629800507420984
30.900000000000198 0.001326100275677643
31.0000000000002 0.0014164968255497813
31.1000000000002 0.0015909869251801193
31.200000000000202 0.0015151123263630608
31.300000000000203 0.001423285683619329
31.400000000000205 0.0014159526898150532
31.500000000000206 0.0014564760898010728
31.600000000000207 0.0014368212109978898
31.70000000000021 0.0014418847409547943
31.80000000000021 0.0014648567773913562
31.90000000000021 0.0014357834555086253
32.00000000000021 0.0014720883458006805
32.100000000000215 0.0014690128757004785
32.200000000000216 0.001490014896432606
32.30000000000022 0.0016967566890659547
32.40000000000022 0.0019215735242213122
32.50000000000022 0.0017727552327184524
32.60000000000022 0.0016128435012884635
32.70000000000022 0.0016345022289048481
32.800000000000225 0.0016060624840091655
32.900000000000226 0.001637165744101699
33.00000000000023 0.0016274482389584937
33.10000000000023 0.001638801850373211
33.20000000000023 0.0016164077634968882
33.30000000000023 0.0016528021276336798
33.40000000000023 0.0016530128542006763
33.500000000000234 0.0016394512278359833
33.600000000000236 0.0017147139789609937
33.70000000000024 0.001977266531744804
33.80000000000024 0.0024015915288374975
33.90000000000024 0.002200037338275837
34.00000000000024 0.0018760505032245126
34.10000000000024 0.0019016883490283315
34.200000000000244 0.0019284283479059385
34.300000000000246 0.00186578944530992
