string
20190129an 29 2019_13.07   full spectra  index number  Nphoton via eV
eV x-axis E [J] Nphoton Nphoton/sr Nphoton/sr @ 0.1bw
70.04756667188666 3.47630353714245e-10 30975163.817907117 1670497313997.9927 297348521891.63104
69.6540410164266 3.499910332488711e-10 31361698.505154394 1691343213655.1995 302750435244.27045
69.26491229566443 3.5167487969928693e-10 31689620.168341596 1709028100191.2727 307625058034.4281
68.88010722735518 3.578910387094194e-10 32429928.001298387 1748953062453.169 316560504304.0172
68.499554148751 3.596450072513318e-10 32769911.288541097 1767288434994.922 321646495169.07983
68.12318297210952 3.66998140705059e-10 33624660.43532396 1813385242173.6265 331849499317.7711
67.75092514166083 3.643930250350075e-10 33569417.11128708 1810405957706.8054 333114696218.03894
67.38271359197788 3.7656698089246296e-10 34880501.03580458 1881112998586.643 348005904738.5198
67.0184827076969 3.692945184864804e-10 34392777.096826896 1854809940600.434 344994648951.67725
66.65816828453724 3.764583661096721e-10 35249466.83268782 1901011404169.7075 355489132579.7394
66.3017074915718 3.8306446778630517e-10 36060864.284560874 1944770245023.849 365616806064.48083
65.94903883470174 3.923186729662699e-10 37129532.751135625 2002403767592.515 378454312074.98505
65.60010212129062 3.8283252053834493e-10 36424473.43332077 1964379765409.8994 373232155427.8553
65.25483842591538 3.8637248999045465e-10 36955786.79599794 1993033610485.9453 380669419602.8246
64.91319005719332 4.0649510306561824e-10 39085110.18405734 2107868483395.64 404710748811.9486
64.57510052564542 4.0917316077632344e-10 39548591.673832275 2132864140829.7168 411642779180.14526
64.24051451255919 4.287701696386469e-10 41658586.23807281 2246656606071.708 435851381577.8989
63.90937783981403 4.0443379479213434e-10 39497701.51920559 2130119623734.9058 415373326628.31024
63.5816374406355 4.087861439751694e-10 40128546.862342626 2164141250140.2947 424171685027.49036
63.257241331244494 4.2944200178102055e-10 42372417.729704805 2285153693494.0205 450175277618.3061
62.936138583370145 4.209518737039616e-10 41746620.92182307 2251404335691.7354 445778058466.9554
62.61827929759554 4.199655866542934e-10 41860224.17903495 2257530984033.274 449248665822.6167
62.30361457750712 4.217186320822524e-10 42247257.4021675 2278403769839.079 455680753967.8133
61.99209650461958 4.3514614638147303e-10 43811466.715560645 2362761917932.013 474915145504.33563
61.683678114049336 4.5442340196992734e-10 45981104.728404604 2479770967314.618 500913735397.5502
61.378313370910476 4.609663581670284e-10 46875213.189925894 2527990430887.906 513182057470.218
61.07595714740844 4.538705424251952e-10 46382130.102517076 2501398352862.54 510285263983.95557
60.776565200607415 4.658111065335496e-10 47836859.68156839 2579852235098.145 528869708195.12805
60.48009415084836 4.617220178101681e-10 47649363.22642514 2569740510539.0044 529366545171.0212
60.18650146079569 4.825101716565438e-10 50037585.89217895 2698537877740.1577 558597340692.2118
59.89574541509136 4.920696630527595e-10 51276643.78595352 2765360539134.5044 575194992139.9703
59.60778510059573 4.690728061113303e-10 49116368.179139204 2648856406343.044 553610988925.6725
59.322580387195735 4.704366502122972e-10 49495998.54111897 2669329954238.6216 560559290390.107
59.04009190916147 4.749845055890681e-10 50213603.93875231 2708030569231.461 571394450107.839
58.76028104703274 5.073262175518064e-10 53888043.59725743 2906193898280.0054 616113106435.3584
58.483109910018435 5.058842947629717e-10 53989550.66892223 2911668196707.1157 620185325898.6069
58.208541318891584 4.964219126164259e-10 53229599.94171561 2870683888890.9434 614326352222.6718
57.93653878936406 4.82642730046729e-10 51995073.61906259 2804105616111.657 602882707463.9796
57.66706651592514 4.935933403183777e-10 53423262.526218176 2881128154146.012 622323681295.539
57.40008935612919 5.04368403629139e-10 54843388.33899612 2957715847748.8887 641824338961.4912
57.13557281531753 5.245554439072406e-10 57302528.73686617 3090337823649.82 673693645555.6553
56.873483031761026 5.319911898811499e-10 58382621.120442115 3148587440544.1855 689540649479.1791
56.61378676220961 5.089187302041663e-10 56106761.90785388 3025849858783.0083 665686968932.2532
56.35645136783592 4.919676367248952e-10 54485616.6435439 2938421142487.8975 649391072489.8123
56.10144480056064 5.009469795377008e-10 55732264.71973701 3005653144069.0293 667254997983.3064
55.8487355897473 5.232645227919537e-10 58478593.73212994 3153763264342.386 703289207948.3481
55.59829282925516 5.437078293935357e-10 61036989.52738539 3291738105387.367 737349335606.7769
55.35008616483884 5.642321228942209e-10 63625100.50221768 3431315492522.4966 772045985817.56
55.104085781884 5.592717096123039e-10 63347287.701355785 3416332987817.6865 772091255246.7795
54.86026239346858 5.161786227172416e-10 58726093.0431355 3167110955953.6934 718934187001.5027
54.61858722873965 5.242568513908495e-10 59909076.81761167 3230909527912.2764 736647372363.9528
54.37903202159604 5.505760427796664e-10 63193849.60079008 3408058037720.0283 780445290637.8993
54.141568999667676 5.86416704586927e-10 67602766.77060783 3645831898517.5728 838541336659.0348
53.90617087358216 5.862930963078678e-10 67883663.43414119 3660980716606.2188 845686545536.0372
53.67281082651038 6.335345664534632e-10 73672422.51017356 3973169751174.0737 921775382272.3792
53.441462503982315 5.74178021185089e-10 67059020.30580998 3616507533543.09 842646255315.5226
53.21210000396522 5.524504167376307e-10 64799533.86186559 3494652938751.829 817748787667.9127
52.98469786719613 5.634558870779387e-10 66374067.62253674 3579567886529.4336 841198453334.3931
52.75923106776125 6.339503627968997e-10 74997324.81534724 4044622020324.7173 954530796796.6381
52.535675003914804 6.340237507339951e-10 75325181.22040589 4062303387475.7407 962765902831.7452
52.31400548913035 6.657326467733504e-10 79427493.19203278 4283541963325.428 1019482987271.4491
52.0941987433777 6.964586403269118e-10 83443967.05310705 4500151271224.838 1075536153822.7238
51.8762313846188 5.870532196869612e-10 70631435.10772766 3809168639911.1587 914200473578.6342
51.66008042051621 5.727183548779967e-10 69195045.43689011 3731703832909.834 899340623731.2795
51.445723240348094 5.855062542801874e-10 71034812.14593306 3830922851214.507 927083329993.9169
51.23313760712352 6.98588811712524e-10 85105895.75324906 4589779447074.498 1115316405639.0957
51.022301649892555 7.147669983785423e-10 87436632.14160521 4715476566846.807 1150576282310.5876
50.81319385624545 7.338439450534481e-10 90139718.35758033 4861254593714.932 1191007375460.1614
50.60579306499547 8.057391582927782e-10 99376388.5890566 5359390225948.332 1318409995583.2512
50.400078459040195 6.496694023659146e-10 80454469.49377778 4338927018387.2783 1071714973541.6425
50.196029558396305 5.873493423412076e-10 73032487.87750873 3938657937409.819 976787168477.6301
49.99362621340277 6.108190135211445e-10 76258258.53516805 4112624449770.2217 1024043487992.7894
49.7928485980879 6.630584890449429e-10 83113934.54868405 4482352546562.342 1120588136640.5864
49.59367720369555 8.679636070170991e-10 109235595.31483054 5891099386564.133 1478665946027.5596
49.39609283236608 7.945332909376125e-10 100394165.83446337 5414279173903.383 1364398351823.6687
49.200076590967804 9.122251201606595e-10 115724476.09823443 6241046136910.707 1578984672638.332
49.00560988507464 8.701012009555053e-10 110818672.77031471 5976475097659.105 1518024674805.4026
48.81267441308616 6.145117669890563e-10 78575395.4229958 4237588145524.5664 1080584977108.7927
48.621252160485824 6.229827961714639e-10 79972171.62301359 4312916589438.626 1104106646896.2703
48.43132539423392 6.493874847385397e-10 83688644.75631614 4513346792914.692 1159930125779.059
48.242876657291376 6.776558667728181e-10 87672821.05726771 4728214286380.099 1219879285886.0525
48.055888763270865 1.0037672063845512e-09 130369309.1498399 7030845164947.257 1820988897721.2915
47.8703447912119 8.785677296464077e-10 114550678.68227965 6177742987262.902 1606213176688.3499
47.68622808047647 1.0152452949014406e-09 132882254.75568013 7166368867403.1045 1870422274392.2004
47.503522225762 1.0394940300714993e-09 136579387.90005565 7365756061074.759 1929828088001.5857
47.322211072228555 6.554412480976958e-10 86448550.42292327 4662189105099.324 1226155734641.094
47.14227871073719 6.374553721684353e-10 84397229.28546304 4551560910510.291 1201612080374.7173
46.963709473196516 7.120663666179718e-10 94633969.01777086 5103630508186.825 1352462084669.464
46.78648792801464 6.473056941995886e-10 86353104.69473349 4657041696242.638 1238773091200.5369
46.61059887565368 9.637735400603297e-10 129056323.99905924 6960035590522.01 1858329502669.399
46.43602734428419 1.149806894715289e-09 154546375.81629458 8334719622693.121 2233704858881.6978
46.26275858553686 1.0463839215057015e-09 141171980.3522401 7613435569753.461 2048014168263.687
46.09077807034899 1.2678019112146524e-09 171682621.99367854 9258881101857.896 2499897897501.6543
45.920071484903254 9.991707122165252e-10 135808238.0675236 7324167783075.4 1984849469213.3267
45.75062472665637 6.768564529240965e-10 92339712.87094374 4979900775765.445 1354533011008.2412
45.58242390045543 6.877702658104294e-10 94174853.9619216 5078870333482.961 1386531601040.828
45.415455314739475 7.745400782600787e-10 106445963.49321029 5740653936381.689 1572939178568.547
45.249705477824364 6.943140669237785e-10 95769932.70881116 5164893276830.685 1420345651128.4668
45.08516109426864 9.608163997895416e-10 133013510.73687905 7173447530984.286 1979871518551.6443
44.92180906131839 1.2989686604609625e-09 180480551.95640764 9733355376082.234 2696139439174.6226
44.759636465429146 1.188153019311601e-09 165681798.50524744 8935255387458.77 2484000997713.6216
44.59863057886286 1.4778855708519938e-09 206827489.33651027 11154251432815.615 3112036149755.4663
44.43877885635797 1.3963490245058187e-09 196119530.30086797 10576768875738.713 2961495285206.8564
44.28006893187098 8.509780887274069e-10 119949671.91591693 6468911865274.467 1817764234142.144
44.122488615387454 6.78932549390037e-10 96040763.79182504 5179499255975.186 1460618790184.9463
43.96602588980097 7.620309058452854e-10 108179345.35986055 5834135597024.211 1651060373957.854
43.81066890785821 8.803928671985824e-10 125425432.15162672 6764220804385.293 1921038708445.365
43.65640598916856 7.854390890599677e-10 112293212.49174944 6055997345177.165 1725959243375.473
43.50322561727674 1.3727592872527143e-09 196952684.997802 10621701089545.713 3037806511610.057
43.35111643679675 1.5986202289268212e-09 230162196.01619148 12412697233473.605 3562444106007.043
43.20006725060583 1.5164791632127622e-09 219099304.6905435 11816073100888.297 3403029053055.689
43.05006701709677 2.0070351884484147e-09 290984683.57147694 15692867200905.457 4535238621061.822
42.901104847487446 1.8854292718852187e-09 274303117.42101425 14793226714370.959 4290035747167.386
42.75317000318576 1.0804868553885993e-09 157739384.17678556 8506919257249.686 2475513503859.682
42.606251893209176 8.014975396810048e-10 117413446.89173011 6332132698729.776 1848982748029.0437
42.460340071657086 9.328374651814692e-10 137123372.75453466 7395093282456.536 2166762331759.783
42.31542423523505 1.1294156540931534e-09 166588139.72501016 8984134566341.56 2641335562504.4043
42.17149422082949 1.0217673885885381e-09 151224453.24039367 8155567616493.12 2405892446865.4575
42.02854000313176 1.3605835293600276e-09 202055129.63019472 10896877037067.512 3225475602971.858
41.88655169231036 2.3082511667216585e-09 343951676.01581526 18549388610411.84 5509168417292.417
41.745519531730196 2.127026611523692e-09 318018238.7174351 17150792702917.896 5110936225469.375
41.605433895717674 2.419381389824817e-09 362947036.73660886 19573812540791.965 5852569949696.611
41.46628528737079 2.966115893574311e-09 446459387.9448008 24077651784356.867 7223295535307.128
41.328064336412886 2.307280157116529e-09 348453026.5782285 18792147424153.043 5656436374669.908
41.19076179708925 1.3619043759285265e-09 206364869.00221825 11129302217683.816 3361049269740.571
41.054368546105515 9.820177664689788e-10 149296265.0864487 8051580010455.481 2439628743167.9956
40.918875580606816 1.1721892397977715e-09 178798147.22145632 9642622923226.926 2931357368660.9766
40.784274016196925 1.5705580976257456e-09 240353386.2693769 12962310337845.527 3953504653042.8384
40.65055508499628 1.5106844202958025e-09 231950997.70621285 12509167697230.385 3827805315352.517
40.51771013373812 1.6376175318067287e-09 252264745.2443458 13604692515086.773 4176640602131.7305
40.38573062190184 2.995062392470185e-09 462878388.84521186 24963132069914.254 7688644677533.282
40.254608119882676 3.190522497194161e-09 494692337.00977325 26678865205951.695 8243769348639.304
40.124334307196975 3.3309165241098747e-09 518137330.9787912 27943258824083.324 8662410235465.588
39.99490097072214 4.17130661488055e-09 650963237.9346497 35106588842400.594 10918149129986.703
39.866300002970625 4.072612006409345e-09 637611412.0475144 34386521971647.387 10728594855153.24
39.73852340039699 2.6836255343166895e-09 421501539.0398297 22731669570864.28 7115012575680.636
39.61156326173758 1.4322031009355723e-09 225668843.09572327 12170369734299.967 3821496096570.1226
39.485411786381725 1.25282096903197e-09 198034710.14857015 10680054940994.645 3364217306413.2183
39.36006127277416 1.4375693085316672e-09 227961759.94285995 12294027237998.082 3884912607207.5356
39.235504116847665 2.1262963558361613e-09 338246672.33605736 18241716522560.777 5782624137651.532
39.111732810485364 1.863678116408194e-09 297408120.983157 16039284575997.51 5100492495167.439
38.988739940012145 1.9642680754869307e-09 314449228.4699329 16958315204909.088 5409702550365.693
38.866518184714295 3.654455462796276e-09 586862030.2606256 31649596786669.156 10127870971734.3
38.745060315387065 4.367612675995323e-09 703585290.494404 37944507568993.79 12180186929647.158
38.624359192909225 4.1837117824909286e-09 676066545.4667522 36460415671254.99 11740253846144.0
38.50440776684429 5.2785847526859155e-09 855649746.2157779 46145376701775.195 14904956674673.12
38.38519907406768 5.808155890630023e-09 944416229.8446485 50932572448238.055 16502153473227.967
38.26672623741931 4.186435116637858e-09 682829114.2121322 36825122472849.16 11968164803675.92
38.1489824643811 2.3471217333994064e-09 384009201.626554 20709699669023.9 6751362092102.066
38.03196104577871 1.4901472065565934e-09 244550991.69163924 13188688110190.312 4312701012032.0566
37.91565535450721 1.3586044964919502e-09 223647194.9533765 12061341810783.807 3956120113937.0737
37.80005884428005 1.6468426730943588e-09 271924670.4472746 14664956552363.88 4824770705727.803
37.68516504840078 2.513668523611543e-09 416319314.7746936 22452191090416.656 7409223059837.509
37.570967578557145 2.3619192286060403e-09 392375278.45192486 21160884009731.195 7004252607221.118
37.457460123637034 2.3021043783679576e-09 383597404.3663602 20687491353319.438 6868247129301.941
37.344636448565836 4.133798353532998e-09 690891781.9861935 37259943897504.26 12407561317868.984
37.23249039316474 5.18178760314313e-09 868653345.062175 46846663612569.7 15646785646598.09
37.12101587102951 5.125463162424132e-09 861791564.0944715 46476606274271.95 15569663101881.514
37.01020686842943 6.458179975142289e-09 1089124696.2803357 58736731480767.016 19735541777536.484
36.90005744322576 7.700610322565e-09 1302528035.4167328 70245619921881.99 23672773913673.71
36.79056172380966 6.805792528368876e-09 1154599225.3313088 62267787056708.9 21046512025166.848
36.68171390805874 4.590191847757161e-09 781034454.649137 42121357817549.24 14279140300149.018
36.57350826231225 2.286913744603429e-09 390276263.20581704 21047683661501.336 7156212444910.486
36.465939120364276 1.575716375982791e-09 269699176.76422495 14544935194552.54 4959822901342.509
36.359000882474646 1.3782022758694646e-09 236586520.4229395 12759162444402.373 4363633555985.666
36.252688014397236 1.7405269424830248e-09 299660508.13096994 16160756304206.094 5543139412342.657
