string
20190129an 29 2019_16.40.   full spectra  index number  Nphoton via eV
eV x-axis E [J] Nphoton Nphoton/sr Nphoton/sr @ 0.1bw
70.04756667188666 1.2862969077874662e-10 11461386.21425896 618115048500.391 110024478633.06529
69.6540410164266 1.3155262253730672e-10 11788055.388961026 635732388060.3602 113796097462.80063
69.26491229566443 1.3873392239104097e-10 12501391.366922772 674202752322.787 121356495418.10127
68.88010722735518 1.4169532649802726e-10 12839576.126359574 692441129869.2405 125331844506.33
68.499554148751 1.4542520630131982e-10 13250763.985392127 714616580436.684 130060217639.4781
68.12318297210952 1.538681308914836e-10 14097520.066735305 760282319859.7473 139131664534.3327
67.75092514166083 1.554191588511391e-10 14317866.183245527 772165633792.9385 142078476617.89502
67.38271359197788 1.635932824585545e-10 15153255.457296234 817218358829.3004 151185396383.4166
67.0184827076969 1.6317987125677675e-10 15197108.697481766 819583373599.5433 152442507489.51352
66.65816828453724 1.6955138147220224e-10 15875847.997224892 856187931489.5741 160107143188.5522
66.3017074915718 1.7651428985173044e-10 16616675.222876035 896140904712.3138 168474490085.9137
65.94903883470174 1.8364382144844302e-10 17380282.28801617 937322399627.5739 177153933529.61133
65.60010212129062 1.7964400922399296e-10 17092169.788065758 921784429913.329 175139041683.5205
65.25483842591538 1.863819956713905e-10 17827080.014973853 961418298108.3989 183630894938.70856
64.91319005719332 1.987204486340514e-10 19107267.399069797 1030459081851.0847 197848143715.4013
64.57510052564542 2.024027066522588e-10 19563213.7354299 1055048366824.5013 203624334797.13367
64.24051451255919 2.094687514675019e-10 20351630.465674635 1097567852368.707 212928163359.5231
63.90937783981403 1.9995691602882497e-10 19528137.083763275 1053156675379.781 205365551699.05908
63.5816374406355 2.096177786874729e-10 20577157.467821036 1109730572589.7954 217507192227.59613
63.257241331244494 2.197723611462824e-10 21684619.23452543 1169456226262.2273 230382876573.65063
62.936138583370145 2.201943026024848e-10 21837099.806700833 1177679536645.775 233180548255.85913
62.61827929759554 2.2395917551478065e-10 22323213.120121278 1203895733245.7769 239575250915.90704
62.30361457750712 2.3024989062382124e-10 23066152.77578782 1243962630278.1685 248792526055.63232
61.99209650461958 2.392782289076641e-10 24091055.956074897 1299235881449.4111 261146412171.33218
61.683678114049336 2.5103807060513114e-10 25401437.87769771 1369905063160.6296 276720822758.4457
61.378313370910476 2.5851547646724326e-10 26288183.19949159 1417727431008.7893 287798668494.76917
61.07595714740844 2.545428154941306e-10 26012346.872799337 1402851517985.3335 286181709669.00653
60.776565200607415 2.622479358600316e-10 26931770.26815639 1452436221440.0076 297749425395.20624
60.48009415084836 2.6661110475843507e-10 27514064.482097548 1483839474900.218 305670931829.437
60.18650146079569 2.8228598079824133e-10 29273805.693788044 1578742700747.2788 326799739054.6862
59.89574541509136 2.9439417402598117e-10 30677658.729332615 1654452799938.7278 344126182387.25146
59.60778510059573 2.7805756853759824e-10 29115262.563414298 1570192435283.0146 328170218974.13605
59.322580387195735 2.7765250213981464e-10 29212621.58177629 1575443028294.3474 330843035941.8109
59.04009190916147 2.98767354061068e-10 31584578.886517532 1703363201042.4727 359409635419.9622
58.76028104703274 3.0753765331181283e-10 32666560.284306362 1761714692883.724 373483514891.3479
58.483109910018435 3.2635940236506107e-10 34830093.90224964 1878394530923.167 400098035086.62897
58.208541318891584 3.1075847885121345e-10 33321553.878560293 1797038639718.0112 384566268899.6606
57.93653878936406 3.0321474780771753e-10 32665307.386110116 1761647123811.8108 378754131619.5225
57.66706651592514 3.125818226774456e-10 33831778.93577265 1824555187898.9436 394103920586.17206
57.40008935612919 3.341656158354011e-10 36336087.88126294 1959613113385.8198 425236045604.71124
57.13557281531753 3.4522644602801825e-10 37712597.5414429 2033848578403.5564 443378990091.9717
56.873483031761026 3.6630590352547596e-10 40199723.579044275 2167979825935.0276 474787581879.7727
56.61378676220961 3.418307044616198e-10 37685808.77408048 2032403854359.89 447128847959.17
56.35645136783592 3.3641307242146816e-10 37257885.13215293 2009325839385.1006 444061010504.09827
56.10144480056064 3.4194390345737783e-10 38042565.23190104 2051643807634.8474 455464925294.9238
55.8487355897473 3.6986126702428643e-10 41334670.76300069 2229187774131.018 497108873631.21423
55.59829282925516 3.9544613529703364e-10 44393036.68974725 2394126112984.921 536284249308.6271
55.35008616483884 4.116878767588655e-10 46423593.183541715 2503634465829.9785 563317754811.7439
55.104085781884 3.8437629203219813e-10 43537327.45363297 2347977527979.9956 530642921323.4669
54.86026239346858 3.656103680600513e-10 41595811.11515955 2243271130055.214 509222546522.54364
54.61858722873965 3.7193555882908643e-10 42502670.028971955 2292178228290.574 522616636050.2181
54.37903202159604 4.1375785306902176e-10 47490173.030382365 2561155348682.6353 586504574848.3331
54.141568999667676 4.5484071070952685e-10 52434540.56366444 2827806163907.4326 650395417698.7041
53.90617087358216 4.738418158170379e-10 54863546.14869183 2958802962805.0264 683483484407.9617
53.67281082651038 4.447447037534843e-10 51718440.41203627 2789186727158.664 647091320700.8059
53.441462503982315 4.239858205915209e-10 49517871.98983901 2670509594080.06 622228735420.6411
53.21210000396522 4.051932376779721e-10 47527039.766868964 2563143579790.5894 599775597670.9867
52.98469786719613 4.2349241792419747e-10 49886628.26952445 2690396700355.13 632243224583.4376
52.75923106776125 4.933544842856759e-10 58364611.29833729 3147616166925.471 742837415394.4149
52.535675003914804 5.398066715683381e-10 64131722.68830122 3458637737080.7344 819697143688.1295
52.31400548913035 5.326486109062865e-10 63549450.55129352 3427235674234.342 815682090467.7711
52.0941987433777 4.961173485281744e-10 59440715.1954177 3205650683876.641 766150513446.5083
51.8762313846188 4.507552952945076e-10 54232720.85286507 2924782417555.4355 701947780213.2709
51.66008042051621 4.36727203567202e-10 52764781.21745545 2845616114110.566 685793483500.6537
51.445723240348094 4.61527891464973e-10 55993504.4769552 3019741860929.6704 730777530344.9852
51.23313760712352 5.598944432261765e-10 68209392.01877594 3678547329939.516 893887001175.2965
51.022301649892555 6.225603628492601e-10 76157099.52457309 4107168922352.223 1002149217053.9137
50.81319385624545 6.2646122567667e-10 76949655.06641443 4149911614904.9834 1016728345651.7235
50.60579306499547 5.484389472842345e-10 67642091.58975378 3647952694557.3594 897396362861.0842
50.400078459040195 5.06785170079268e-10 62759815.773310386 3384650499110.9854 836008673280.4015
50.196029558396305 4.6515876319871506e-10 57839005.316689365 3119270122148.2505 773578990292.7622
49.99362621340277 4.749418061041182e-10 59294544.271408394 3197767654189.4507 796244145893.1765
49.7928485980879 5.591170808150299e-10 70084949.1073507 3779696531187.7354 944924132796.9347
49.59367720369555 7.162418363987171e-10 90140995.26278871 4861323457490.225 1220192187830.0151
49.39609283236608 7.566063614922924e-10 95601865.13699086 5155829356170.04 1299268997754.8655
49.200076590967804 6.755145945813528e-10 85695483.3044616 4621576031798.219 1169258736044.8926
49.00560988507464 5.975510553261966e-10 76105876.8693003 4104406473425.333 1042519244250.0275
48.81267441308616 5.18874988975183e-10 66346666.77514358 3578090152876.736 912412988983.5916
48.621252160485824 4.872242046892654e-10 62544869.546561345 3373058402405.731 863502951015.853
48.43132539423392 5.066703244127276e-10 65296227.26778694 3521439722038.911 905010008563.987
48.242876657291376 5.989764189268009e-10 77493540.55499908 4179243477462.4917 1078244817185.3114
48.055888763270865 8.502837461897058e-10 110434873.61114472 5955776725625.3955 1542546171936.9368
47.8703447912119 8.793288994704869e-10 114649922.6187441 6183095234316.996 1607604760922.4143
47.68622808047647 7.526458773713705e-10 98511445.18466748 5312743640242.238 1386626090103.2168
47.503522225762 6.672751467808625e-10 87673453.11447473 4728248373362.587 1238801073820.997
47.322211072228555 5.740988665773606e-10 75720005.35379569 4083596338764.281 1073985837094.981
47.14227871073719 5.227980443468121e-10 69216933.99278624 3732884287484.5615 985481451895.9246
46.963709473196516 5.328491207497191e-10 70815909.23002972 3819117369403.5776 1012066102891.9147
46.78648792801464 5.714538100173528e-10 76234167.45259981 4111325212453.5723 1093612506512.646
46.61059887565368 8.551289665634322e-10 114508021.21303597 6175442460679.333 1648843137001.4019
46.43602734428419 1.1235582595652768e-09 151018277.79287556 8144448529817.226 2182712205990.9592
46.26275858553686 9.580002658519524e-10 129247776.01101138 6970360639119.191 1875027011923.068
46.09077807034899 7.96873705691048e-10 107910680.66760054 5819646451803.71 1571304541987.0159
45.920071484903254 6.756154073031081e-10 91830291.81626357 4952427587615.741 1342107876243.7937
45.75062472665637 5.946505101287334e-10 81124819.19412997 4375079123359.531 1190021521553.8274
45.58242390045543 5.580185990203161e-10 76408246.59503253 4120713338423.347 1124954741389.5571
45.415455314739475 5.592149832197668e-10 76853579.76876636 4144730253230.6387 1135656089385.1692
45.249705477824364 5.965372102005353e-10 82283121.14188947 4437546599041.201 1220325314736.3547
45.08516109426864 9.078407782619483e-10 125679671.09342912 6777931965749.646 1870709222546.8848
44.92180906131839 1.3208157309655193e-09 183516014.98435608 9897058556628.34 2741485220185.891
44.759636465429146 1.1720454753073937e-09 163435684.73307884 8814121983761.564 2450325911485.798
44.59863057886286 9.57028867014631e-10 133934508.65961818 7223117149042.739 2015249684582.8657
44.43877885635797 8.145623496616056e-10 114406629.44061789 6169974380365.646 1727592826502.3909
44.28006893187098 6.806407879014665e-10 95939766.58490044 5174052454664.281 1453908739760.678
44.122488615387454 6.129030039351076e-10 86700324.91609906 4675767358213.848 1318566395016.2544
43.96602588980097 5.995319109142257e-10 85110681.40091293 4590037538092.684 1298980623280.2314
43.81066890785821 6.265948047526391e-10 89268015.5623488 4814243472592.24 1367245146216.1548
43.65640598916856 7.25244945448653e-10 103687333.49558942 5591880421302.623 1593685920071.23
43.50322561727674 1.2612925429124025e-09 180960314.89355484 9759229095510.21 2791139521315.905
43.35111643679675 1.7526774571547184e-09 252342667.22473115 13608894864417.363 3905752826087.913
43.20006725060583 1.4345918125856106e-09 207268306.92902496 11178024821346.758 3219271148547.7334
43.05006701709677 1.2003117791058412e-09 174024025.70741314 9385153512805.322 2712309365200.825
42.901104847487446 9.990944701426936e-10 145354021.94334936 7838973981302.948 2273302454577.7534
42.75317000318576 8.154488014205929e-10 119046697.44225694 6420214255740.414 1868282348420.4785
42.606251893209176 7.501347420690577e-10 109889177.86899395 5926347235699.792 1730493392824.2915
42.460340071657086 7.296285714369781e-10 107252478.92359078 5784149488756.127 1694755800205.5593
42.31542423523505 7.581440038155646e-10 111825791.31215845 6030789219415.418 1773052030508.123
42.17149422082949 8.443486633753741e-10 124965981.87536879 6739442551171.962 1988135552595.718
42.02854000313176 1.110803421569733e-09 164961227.66127184 8896394845300.453 2633332874208.8315
41.88655169231036 2.160651500742984e-09 321957902.88373333 17363259647291.266 5156888115245.601
41.745519531730196 2.3109379720083587e-09 345515387.37772566 18633719903873.13 5552848531354.0205
41.605433895717674 1.749335810444506e-09 262429169.4266693 14152862119442.23 4231705773713.093
41.46628528737079 1.5392797824890511e-09 231692197.54853475 12495210548502.94 3748563164550.917
41.328064336412886 1.2462533748006567e-09 188213277.43542323 10150382941086.156 3055265265266.848
41.19076179708925 1.0414081346441017e-09 157801132.79770613 8510249373790.708 2570095310884.8384
41.054368546105515 9.583158434616581e-10 145692859.22029698 7857247549260.519 2380746007425.922
40.918875580606816 9.259780553762389e-10 141242689.36094472 7617248921954.306 2315643672274.102
40.784274016196925 9.73712118927426e-10 149013911.29021844 8036352608883.933 2451087545709.5703
40.65055508499628 1.1000236825530575e-09 168898008.90293398 9108706312921.89 2787264131754.113
40.51771013373812 1.3382185402587407e-09 206144201.9170282 11117401593839.992 3413042289308.952
40.38573062190184 2.4002037474363766e-09 370944674.2434263 20005126869006.902 6161579075653.879
40.254608119882676 3.5311311158280306e-09 547503898.0333487 29527004165169.14 9123844287037.52
40.124334307196975 2.896542618149027e-09 450568739.97619003 24299270032158.977 7532773709969.071
39.99490097072214 2.4461839321472606e-09 381745088.5470077 20587595558769.5 6402742218777.384
39.866300002970625 1.93648019139872e-09 303176896.61981386 16350395899338.479 5101323520593.252
39.73852340039699 1.4779226507931657e-09 232128761.60449865 12518754542883.824 3918370171922.7007
39.61156326173758 1.2179669798238857e-09 191912166.0092069 10349864805447.154 3249857548910.3496
39.485411786381725 1.1607632527478882e-09 183483051.44242328 9895280825650.635 3117013460079.862
39.36006127277416 1.1408373050596243e-09 180907646.2097636 9756388661951.174 3083018817176.6836
39.235504116847665 1.175843287741928e-09 187050632.9824338 10087681273154.033 3197794963589.6987
39.111732810485364 1.307642793048416e-09 208675297.82837063 11253904146214.695 3578741518496.4355
38.988739940012145 1.7044632544367002e-09 272858456.54244936 14715315839339.994 4694185752749.193
38.866518184714295 2.4297535904241702e-09 390189493.24348736 21043004138582.28 6733761324346.443
38.745060315387065 4.279983390930399e-09 689468957.2565508 37183210650728.53 11935810618884.008
38.624359192909225 4.267329412628636e-09 689578729.2132287 37189130676199.93 11974900077736.268
38.50440776684429 3.402917688717348e-09 551607257.0896223 29748299210521.3 9608700644998.207
38.38519907406768 2.946591599530902e-09 479120908.89472145 25839094704842.383 8371866684368.342
38.26672623741931 1.9059378675981384e-09 310868275.6608874 16765193641961.748 5448687933637.543
38.1489824643811 1.4136674693460588e-09 231288095.77455056 12473417252041.594 4066334024165.7256
38.03196104577871 1.238647621812588e-09 203276899.71699104 10962767363275.777 3584824927791.033
37.91565535450721 1.240320301808744e-09 204175797.34169126 11011245107459.74 3611688395246.7812
37.80005884428005 1.19828848005161e-09 197859944.5850829 10670629796188.275 3510637202946.0054
37.68516504840078 1.3145603600780608e-09 217720380.8684234 11741707439592.656 3874763455065.583
37.570967578557145 1.4558141436801772e-09 241848016.25832328 13042916057855.064 4317205215150.083
37.457460123637034 2.1640357210263358e-09 360591158.8293348 19446759533442.465 6456324165102.793
37.344636448565836 2.835164267208275e-09 473847905.793712 25554720502054.566 8509721927184.217
37.23249039316474 4.673336670991684e-09 783418743.2530558 42249943019940.97 14111480968660.111
37.12101587102951 6.335589946698692e-09 1065261381.5771412 57449777734561.82 19245675541078.715
37.01020686842943 5.365206270170465e-09 904802695.4919319 48796205934627.42 16395525194033.791
36.90005744322576 4.7084268608884045e-09 796411937.7713885 42950668823062.64 14474375393371.793
36.79056172380966 3.0129479377679304e-09 511145078.3152448 27566165118884.035 9317363810182.469
36.68171390805874 1.929029625072118e-09 328229984.9746798 17701514397054.49 6000813380601.397
36.57350826231225 1.3803013578323173e-09 235557137.78183064 12703647614935.855 4319240189078.21
36.465939120364276 1.3015842977475672e-09 222778806.47957072 12014509431735.637 4096947716221.929
36.359000882474646 1.3161118737010513e-09 225927887.4647124 12184340053396.47 4167044298261.645
36.252688014397236 1.333120064496602e-09 229518674.01532012 12377991952162.623 4245651239591.755
