string
20190129an 29 2019_15.10.   full spectra  index number  Nphoton via eV
eV x-axis E [J] Nphoton Nphoton/sr Nphoton/sr @ 0.1bw
70.04756667188666 2.1695306228611454e-10 19331328.73268319 1042542758249.774 185572610968.4525
69.6540410164266 2.1924111972758552e-10 19645571.582229022 1059489943394.471 189648699867.60388
69.26491229566443 2.258340112282908e-10 20350029.10369102 1097481490569.0377 197546668302.42618
68.88010722735518 2.2870139005279773e-10 20723540.997155137 1117625068128.34 202290137331.2255
68.499554148751 2.36140517600293e-10 21516505.602381397 1160389821558.3174 211190947523.6164
68.12318297210952 2.404308892140106e-10 22028468.570583846 1188000095656.5034 217404017505.13846
67.75092514166083 2.3851986439016977e-10 21973452.472840294 1185033065553.046 218046084061.75177
67.38271359197788 2.517904873913753e-10 23322752.13149574 1257801089277.2422 232693201516.28366
67.0184827076969 2.523681686004907e-10 23503306.262394086 1267538412781.648 235762144777.38412
66.65816828453724 2.562938146830302e-10 23997926.818448257 1294213406825.0698 242017907076.29083
66.3017074915718 2.6287802542342943e-10 24746771.354099825 1334598755317.8787 250904565999.75928
65.94903883470174 2.7034787772481053e-10 25586063.248756915 1379861949531.3801 260793908461.43066
65.60010212129062 2.7029928160474226e-10 25717535.668110743 1386952285669.277 263520934277.14456
65.25483842591538 2.7617363420234415e-10 26415477.832052432 1424592458197.324 272097159515.69534
64.91319005719332 2.847128543166419e-10 27375565.407456037 1476370189716.128 283463076425.4866
64.57510052564542 2.879470881545681e-10 27831497.529035766 1500958708083.3508 289685030660.0937
64.24051451255919 3.0411781126775163e-10 29547573.418898728 1593507053638.0405 309140368405.77106
63.90937783981403 2.944418619743452e-10 28755699.767867174 1550801135604.7917 302406221442.937
63.5816374406355 2.9666747791929026e-10 29122402.913295325 1570577515903.3264 307833193117.04663
63.257241331244494 3.061647333208799e-10 30208828.94680411 1629168707914.5442 320946235459.1539
62.936138583370145 3.062962940890023e-10 30376002.763881937 1638184428187.7605 324360516781.1706
62.61827929759554 3.1757491022292355e-10 31654395.87913571 1707128446621.9863 339718560877.77167
62.30361457750712 3.25696107350634e-10 32627838.17301791 1759626401009.6294 351925280201.92395
61.99209650461958 3.2780559798857476e-10 33004185.294704847 1779922883042.9368 357764499491.63104
61.683678114049336 3.371800388886075e-10 34117764.65132535 1839978459668.5798 371675648853.05115
61.378313370910476 3.441216939821766e-10 34993394.816998936 1887201384732.4243 383101881100.6621
61.07595714740844 3.511957517833785e-10 35889544.5464004 1935530934325.9517 394848310602.4921
60.776565200607415 3.6304229002083434e-10 37282930.44672409 2010676538640.9724 412188690421.4058
60.48009415084836 3.55600834435062e-10 36697737.31817689 1979116946086.2742 407698090893.7619
60.18650146079569 3.657348979390571e-10 37927679.96281614 2045448020114.482 423407740163.69714
59.89574541509136 3.7221939331071906e-10 38787518.66678491 2091819308217.9197 435098416109.3223
59.60778510059573 3.738789716413905e-10 39148671.562977046 2111296362369.3743 441260939735.18036
59.322580387195735 3.8049855779959915e-10 40033352.10649056 2159007376276.3044 453391549018.0211
59.04009190916147 3.8749153445356913e-10 40964170.85551081 2209206633629.655 466142599695.8578
58.76028104703274 3.929551012279703e-10 41739576.81297082 2251024445371.013 477217182418.6527
58.483109910018435 3.9667145824142294e-10 42334015.930806726 2283082676136.726 486296610017.11584
58.208541318891584 3.943884858823873e-10 42288909.47720788 2280650075294.8447 488059116113.1047
57.93653878936406 4.0391139314816663e-10 43513351.211741485 2346684484045.992 504537164069.86597
57.66706651592514 4.146790588780609e-10 44882105.20076763 2420501684033.4985 522828363751.23596
57.40008935612919 4.170638025310639e-10 45350168.487493396 2445744438772.5205 530726543213.6224
57.13557281531753 4.1796212268229744e-10 45658255.62218198 2462359644877.6484 536794402583.323
56.873483031761026 4.2503036535800367e-10 46644356.631024465 2515540286513.182 550903322746.3888
56.61378676220961 4.305077594955861e-10 47462187.826752394 2559646100571.136 563122142125.6427
56.35645136783592 4.3820666299770966e-10 48531566.85201045 2617317943723.9604 578427265562.9835
56.10144480056064 4.387663564292251e-10 48814432.91502612 2632572971954.5356 584431199773.8911
55.8487355897473 4.4234181891030234e-10 49434896.4855615 2666034707108.0957 594525739685.1019
55.59829282925516 4.457191904197267e-10 50036722.09051879 2698491292728.966 604462049571.2937
55.35008616483884 4.5090158175160636e-10 50845489.456354946 2742108292471.756 616974365806.1437
55.104085781884 4.5818240365580594e-10 51897158.47455148 2798825031096.2847 632534457027.7458
54.86026239346858 4.613972226175498e-10 52493565.2752236 2830989379424.83 642634589129.4492
54.61858722873965 4.723290418322695e-10 53975063.51180181 2910886901176.3027 663682213468.1553
54.37903202159604 4.789629579932844e-10 54974264.73365429 2964774040145.464 678933255193.3224
54.141568999667676 4.903243249419787e-10 56525130.8868449 3048412588709.8975 701134895403.2706
53.90617087358216 4.881534971712473e-10 56520617.27291954 3048169168530.328 704127077930.5063
53.67281082651038 4.990485645179109e-10 58033323.902240194 3129749765682.3677 726101945638.3046
53.441462503982315 5.17711477518222e-10 60464217.02417285 3260848359855.3257 759777667846.2753
53.21210000396522 5.130895164284119e-10 60182706.87586649 3245666456399.5933 759485950797.4906
52.98469786719613 5.226584843228733e-10 61568208.581234336 3320386864367.819 780290913126.4153
52.75923106776125 5.302926522912418e-10 62734454.659220114 3383282768718.441 798454733417.556
52.535675003914804 5.267453239736539e-10 62579969.50332459 3374951350699.3745 799863470115.7474
52.31400548913035 5.328900154657074e-10 63578252.14168099 3428788950261.0312 816051770162.1232
52.0941987433777 5.435435527978462e-10 65122934.3501328 3512093997342.2505 839390465364.7881
51.8762313846188 5.487791299713052e-10 66026479.72480646 3560822395691.998 854597374966.0385
51.66008042051621 5.480675005536201e-10 66216763.05689417 3571084417130.1973 860631344528.3867
51.445723240348094 5.650354177638537e-10 68551248.53618893 3696983726191.308 894670061738.3026
51.23313760712352 5.678927752350973e-10 69183792.40815866 3731096954625.6465 906656559974.026
51.022301649892555 5.686722150477303e-10 69565023.83164996 3751656848116.369 915404270940.3678
50.81319385624545 5.782558481050757e-10 71028479.06310509 3830581306681.7437 938492420137.0297
50.60579306499547 5.735552826196383e-10 70739831.93727848 3815014504477.849 938493568101.5236
50.400078459040195 5.904425877124434e-10 73119874.48992151 3943370716401.823 974012566951.2365
50.196029558396305 5.887264018032842e-10 73203714.89901152 3947892247878.225 979077277473.7949
49.99362621340277 5.926954617041984e-10 73995607.1287145 3990599167863.26 993659192797.9558
49.7928485980879 6.129401681716408e-10 76831636.8184287 4143546865151.862 1035886716287.9664
49.59367720369555 6.022859739068198e-10 75799338.10310996 4087874771169.6953 1026056567563.5674
49.39609283236608 6.222562560373036e-10 78625903.37331332 4240312050257.9507 1068558636665.0162
49.200076590967804 6.12948349163826e-10 77758357.02679269 4193525087317.2197 1060961847091.2051
49.00560988507464 6.267128130488624e-10 79820004.93041138 4304710206648.6504 1093396392488.7498
48.81267441308616 6.218836192638889e-10 79518007.49100068 4288423419132.8345 1093547971878.9015
48.621252160485824 6.230594129540302e-10 79982006.90341337 4313447008247.283 1104242434111.2864
48.43132539423392 6.31316635839486e-10 81359796.58862029 4387751505292.807 1127652136860.235
48.242876657291376 6.256605987652733e-10 80945849.37242225 4365427241993.9634 1126280228434.4307
48.055888763270865 6.41095984868021e-10 83265562.0888657 4490529852745.146 1163047231860.9622
47.8703447912119 6.390393295864012e-10 83320143.04492223 4493473415562.89 1168303088046.348
47.68622808047647 6.484593929420704e-10 84874804.82242185 4577316662970.9 1194679649035.3987
47.503522225762 6.601794704624404e-10 86741150.37845965 4677969084268.212 1225627900078.2708
47.322211072228555 6.607590681334095e-10 87149937.21362598 4700015047096.933 1236103957386.4646
47.14227871073719 6.573798904745631e-10 87035177.3102235 4693826020575.056 1239170069431.8152
46.963709473196516 6.640090246153187e-10 88247124.71875422 4759186607610.497 1261184451016.7402
46.78648792801464 6.682583457033423e-10 89148270.13997677 4807785575949.24 1278870963202.493
46.61059887565368 6.646316536278509e-10 88999038.11974041 4799737460677.508 1281529902000.91
46.43602734428419 6.919052902735757e-10 92999490.18515877 5015482709656.488 1344149366187.9036
46.26275858553686 7.003859944571555e-10 94491969.74109942 5095972456346.85 1370816590757.3066
46.09077807034899 6.883078887659042e-10 93208964.30030395 5026779694194.141 1357230517432.4302
45.920071484903254 6.838557560756919e-10 92950327.89636834 5012831376741.603 1358477303096.9011
45.75062472665637 6.934185914144292e-10 94599192.12406927 5101754982754.282 1387677355309.2058
45.58242390045543 7.021854260681175e-10 96148689.819024 5185319730068.76 1415592286308.7505
45.415455314739475 7.014299941839509e-10 96398357.74757206 5198784375695.262 1424466918940.4692
45.249705477824364 7.01911652637266e-10 96817902.65093537 5221410523479.016 1435887893956.758
45.08516109426864 7.089241387716961e-10 98142047.28894778 5292821931475.051 1460818853087.1
44.92180906131839 7.014136062545283e-10 97455403.39797601 5255791077262.801 1455854128401.7114
44.759636465429146 7.26134959138411e-10 101255767.59236841 5460745543888.624 1518087261201.0886
44.59863057886286 7.380839174231294e-10 103293547.60008691 5570643462408.9 1554209526012.038
44.43877885635797 7.489670150974891e-10 105193656.19476648 5673116731715.121 1588472684880.243
44.28006893187098 7.57376436618658e-10 106756044.94718693 5757376696559.284 1617822851733.1755
44.122488615387454 7.663479112847124e-10 108406407.67065515 5846381116774.239 1648679474930.2722
43.96602588980097 7.773730187390154e-10 110357340.6570982 5951595356569.772 1684301485909.248
43.81066890785821 7.858833221782613e-10 111961101.65977868 6038086535858.505 1714816576183.7634
43.65640598916856 7.988010693782966e-10 114203557.56636557 6159022670070.222 1755321460969.9937
43.50322561727674 8.136365018325427e-10 116734153.7122946 6295498269987.605 1800512505216.4453
43.35111643679675 8.264034623367925e-10 118981877.1494647 6416718483268.036 1841598204697.9875
43.20006725060583 8.448082701902359e-10 122057004.86076006 6582560788804.124 1895777507175.5093
43.05006701709677 8.625203553886802e-10 125050230.37526265 6743986091074.072 1949011980320.4692
42.901104847487446 8.792793000660108e-10 127922620.42835057 6898894710658.643 2000679466090.9167
42.75317000318576 8.92113308427805e-10 130238885.54082038 7023811391378.542 2043929114891.1753
42.606251893209176 9.106064133132379e-10 133397087.89546096 7194133930478.053 2100687107699.5334
42.460340071657086 9.245530786645363e-10 135905601.10319662 7329418592741.189 2147519647673.1863
42.31542423523505 9.408744968724442e-10 138778430.75810394 7484350920147.383 2200399170523.3184
42.17149422082949 9.653620529930785e-10 142876304.60056734 7705350146727.107 2273078293284.4844
42.02854000313176 9.992246294067563e-10 148391081.96424487 8002763288025.635 2368817933255.4956
41.88655169231036 1.0038955722917034e-09 149590118.1001004 8067427567320.753 2396025987494.3076
41.745519531730196 1.023851593998452e-09 153079175.8163198 8255593207947.9375 2460166775968.409
41.605433895717674 1.0594861125179046e-09 158940358.31605968 8571688053490.196 2562934727993.4873
41.46628528737079 1.0764526838222927e-09 162027521.38309145 8738179428375.807 2621453828512.7666
41.328064336412886 1.1072136344892525e-09 167215039.23850328 9017943393297.03 2714400961382.3306
41.19076179708925 1.1532457333273947e-09 174747514.50388518 9424171420775.69 2846099769074.3076
41.054368546105515 1.1614040231346895e-09 176568376.69429475 9522370914283.492 2885278387027.88
40.918875580606816 1.1766121975045673e-09 179472796.51558426 9679006906225.584 2942418099492.5684
40.784274016196925 1.200616410122026e-09 183738646.93044734 9909065145847.43 3022264869483.43
40.65055508499628 1.252750852044166e-09 192347790.2499687 10373358115390.018 3174247583309.3613
40.51771013373812 1.2713654485671039e-09 195845900.99093744 10562011987608.686 3242537680195.937
40.38573062190184 1.2791904793877243e-09 197695256.570859 10661748135803.006 3283818425827.1943
40.254608119882676 1.2992709608056118e-09 201452705.18390185 10864388155803.316 3357095940143.3184
40.124334307196975 1.3645434372113719e-09 212260166.0665345 11447236869105.006 3548643429422.452
39.99490097072214 1.3795317752090507e-09 215286133.13158113 11610427930308.838 3610843086326.088
39.866300002970625 1.380634400458336e-09 216153232.42484492 11657190783570.307 3637043524473.6836
39.73852340039699 1.4264990732362178e-09 224051957.74121055 12083170755865.68 3782032446586.019
39.61156326173758 1.417929055166645e-09 223419715.5852012 12049073799038.63 3783409172898.064
39.485411786381725 1.41534135606144e-09 223724476.31163412 12065509611223.875 3800635527535.4136
39.36006127277416 1.4489584745355208e-09 229767790.65811756 12391426866828.828 3915690889918.0527
39.235504116847665 1.4487149991991942e-09 230458480.68048865 12428675929786.457 3939890269742.1475
39.111732810485364 1.4586255147135882e-09 232769312.32369718 12553299582328.686 3991949267180.703
38.988739940012145 1.484992861057853e-09 237724608.6063099 12820539787379.135 4089752192173.713
38.866518184714295 1.4685447352603998e-09 235830797.1289444 12718406122977.7 4069889959352.932
38.745060315387065 1.495684585985429e-09 240942077.96911502 12994058609104.61 4171092813522.6313
38.624359192909225 1.4945459547545396e-09 241511024.94699663 13024742043224.465 4193966937918.2393
38.50440776684429 1.517629171922263e-09 246005146.57725188 13267110999083.92 4285276852704.029
38.38519907406768 1.5504083837691525e-09 252099094.4614556 13595758932378.172 4405025894090.217
38.26672623741931 1.5244168157290025e-09 248640228.49356326 13409221539297.367 4357997000271.624
38.1489824643811 1.5736819553694e-09 257467835.04930523 13885296278630.074 4526606586833.589
38.03196104577871 1.5709176898281053e-09 257806394.71259648 13903554874822.846 4546462444066.886
37.91565535450721 1.60288405093914e-09 263859366.54388785 14229992960681.56 4667437691103.534
37.80005884428005 1.580628473497e-09 260991461.89092198 14075326239700.018 4630782332861.389
37.68516504840078 1.6376541399952502e-09 271231883.99606365 14627594428543.47 4827106161419.354
37.570967578557145 1.627305565531995e-09 270337133.7464502 14579340353198.945 4825761656908.914
37.457460123637034 1.6585213668543983e-09 276357795.6715076 14904035958795.195 4948139938319.925
37.344636448565836 1.638917910789083e-09 273916340.149106 14772367732070.285 4919198454779.432
37.23249039316474 1.6668331598404643e-09 279420985.7381491 15069234464561.668 5033124311163.536
37.12101587102951 1.6596695332239872e-09 279055600.94603693 15049529183343.873 5041592276420.33
37.01020686842943 1.6576894452335408e-09 279557169.4372485 15076578881039.762 5065730504029.044
36.90005744322576 1.706307299091623e-09 288615187.7586172 15565079776949.258 5245431884831.785
36.79056172380966 1.6866748079262686e-09 286143519.43582386 15431782167335.543 5215942372559.226
36.68171390805874 1.7139013883360907e-09 291625291.61293024 15727415331751.97 5331593797463.853
36.57350826231225 1.736300393286248e-09 296310619.88831395 15980096103522.5 5433232675197.674
36.465939120364276 1.7554206959255372e-09 300457318.1964384 16203728444142.35 5525471399452.645
36.359000882474646 1.7885680396839935e-09 307031193.06747717 16558258944099.887 5662924558882.231
36.252688014397236 1.8284200539596083e-09 314792761.36039203 16976842008323.445 5823056808854.907
