string
20190129an 29 2019_16.48.   full spectra  index number  Nphoton via eV
eV x-axis E [J] Nphoton Nphoton/sr Nphoton/sr @ 0.1bw
70.04756667188666 1.920661662809678e-10 17113813.281451035 922951668213.6068 164285396942.0156
69.6540410164266 1.9187604894603843e-10 17193465.61980903 927247336125.5798 165977273166.47318
69.26491229566443 1.9842622344791632e-10 17880298.01241358 964288356271.837 173571904128.9301
68.88010722735518 1.999616984278192e-10 18119323.429879565 977179048963.6168 176869407862.4111
68.499554148751 2.0651673622843774e-10 18817264.217088293 1014819147244.156 184697084798.4387
68.12318297210952 2.1139720726034317e-10 19368379.6257087 1044540920959.8793 191150988535.65646
67.75092514166083 2.1345305403614416e-10 19664192.54026344 1060494175706.6366 195130928330.01337
67.38271359197788 2.1955061835107023e-10 20336449.979380857 1096749165444.9504 202898595607.31046
67.0184827076969 2.2358072132045979e-10 20822301.78513699 1122951258879.804 208868934151.64142
66.65816828453724 2.276617442057127e-10 21316979.044405803 1149629310939.91 214980681145.76562
66.3017074915718 2.338791465907928e-10 22016879.333492216 1187375085582.411 223226516089.49155
65.94903883470174 2.4109061806324145e-10 22817119.388401575 1230532205594.376 232570586857.33688
65.60010212129062 2.429787352617564e-10 23118131.330531165 1246765845027.724 236885510555.25134
65.25483842591538 2.4707506849105004e-10 23632255.893755306 1274492694415.0327 243428104633.27704
64.91319005719332 2.5529440840969627e-10 24546937.974935424 1323821697766.1025 254173765971.08273
64.57510052564542 2.589486547211121e-10 25028656.79318533 1349800898286.8613 260511573369.3705
64.24051451255919 2.6673666622753715e-10 25915684.43826354 1397638491891.079 271141867426.86163
63.90937783981403 2.6413517924138223e-10 25795896.89274128 1391178323537.4363 271279773089.80246
63.5816374406355 2.663696464574291e-10 26148212.208537716 1410178765058.2026 276395037951.4029
63.257241331244494 2.73215960003582e-10 26957821.404710446 1453841164893.93 286406709484.09406
62.936138583370145 2.7584153332070607e-10 27355744.552718855 1475301246714.107 292109646849.3878
62.61827929759554 2.8466786620961517e-10 28374374.174404025 1530236163507.0293 304516996537.89557
62.30361457750712 2.911965043152439e-10 29171710.084694676 1573236662368.787 314647332473.7557
61.99209650461958 2.9425946194242206e-10 29626686.872523572 1597773659379.283 321152505535.2365
61.683678114049336 3.0081677935942526e-10 30438326.40622341 1641545555758.9346 331592202263.303
61.378313370910476 3.079057762038328e-10 31310633.945947327 1688589290883.4792 342783626049.32837
61.07595714740844 3.133569479410655e-10 32022705.52803198 1726991466001.5667 352306259064.3178
60.776565200607415 3.2223905382544033e-10 33092608.10993289 1784691544677.8816 365861766658.97144
60.48009415084836 3.2067016825262353e-10 33092918.971930455 1784708309532.9446 367649911763.77704
60.18650146079569 3.2887978410289164e-10 34105706.80562466 1839328177430.3962 380740932728.09143
59.89574541509136 3.3350003193187475e-10 34752726.3393625 1874222081448.7004 389838192941.32526
59.60778510059573 3.365957723307304e-10 35244767.26415485 1900757955417.752 397258412682.2932
59.322580387195735 3.403529395929479e-10 35809515.67858466 1931214960098.522 405555141620.68713
59.04009190916147 3.4861475483858417e-10 36854261.60367112 1987558334807.5957 419374808644.40326
58.76028104703274 3.5250509530439205e-10 37442988.922760874 2019308527026.0505 428093407729.5208
58.483109910018435 3.5335434858254213e-10 37711078.806705706 2033766672709.237 433192301287.0614
58.208541318891584 3.5672886989160253e-10 38250799.4699709 2062873925332.4658 441455020021.1548
57.93653878936406 3.6468955440763036e-10 39287984.77435262 2118809554124.4019 455544054136.7262
57.66706651592514 3.687876249740192e-10 39915121.40884931 2152631169067.1067 464968332518.4953
57.40008935612919 3.7170307649794335e-10 40417789.90217173 2179740190115.8052 473003621255.1167
57.13557281531753 3.725285448993996e-10 40695083.61288809 2194694700176.2952 478443444638.42847
56.873483031761026 3.80430501588817e-10 41749807.62723085 2251576195406.683 493095186794.0653
56.61378676220961 3.804075464718449e-10 41938789.773534514 2261768043612.8687 497588969594.82465
56.35645136783592 3.851361465602675e-10 42653985.487238035 2300338703827.8735 508374853545.94977
56.10144480056064 3.8762958445665716e-10 43125271.728510775 2325755273205.795 516317670651.6725
55.8487355897473 3.930785309737023e-10 43929367.87494178 2369120353071.251 528313838734.886
55.59829282925516 3.9859693594395173e-10 44746747.590514176 2413201818706.334 540557207390.22363
55.35008616483884 3.989538332305191e-10 44987650.835674815 2426193783053.641 545893601187.06805
55.104085781884 4.0521909399817687e-10 45898138.75509594 2475296594349.874 559417030323.0587
54.86026239346858 4.068462251988703e-10 46287250.62170082 2496281481849.724 566655896379.8987
54.61858722873965 4.16156260468877e-10 47555959.08840635 2564703205083.7705 584752330759.0629
54.37903202159604 4.2445488652228205e-10 48717953.882972926 2627369836796.0117 601667692626.2965
54.141568999667676 4.3754397306906835e-10 50440553.50385861 2720270008582.026 625662101973.8607
53.90617087358216 4.290202768278337e-10 49673905.870639406 2678924535169.7036 618831567624.202
53.67281082651038 4.3677743163953096e-10 50791942.84029595 2739220511834.7886 635499158745.6669
53.441462503982315 4.4567817844121884e-10 52051351.523802 2807140695740.5264 654063782107.5292
53.21210000396522 4.437331690685907e-10 52047571.408293016 2806936833289.904 656823218989.8252
52.98469786719613 4.488088290613708e-10 52868854.95898711 2851228833601.2007 670038775896.2632
52.75923106776125 4.696122098007105e-10 55555862.89168241 2996139755159.067 707088982217.5433
52.535675003914804 4.673271423472511e-10 55520793.41786347 2994248450817.232 709636882843.68
52.31400548913035 4.6256165397599407e-10 55187488.25094334 2976273230755.285 708353028919.7559
52.0941987433777 4.69349527129458e-10 56233614.188199945 3032691029820.5 724813156127.0911
51.8762313846188 4.692365913625261e-10 56456301.98683964 3044700631179.6597 730728151483.0833
51.66008042051621 4.734895685669275e-10 57206359.6911634 3085151406122.5186 743521488875.5349
51.445723240348094 4.853291528927673e-10 58881122.02501735 3175471702626.347 768464152035.5812
51.23313760712352 4.983014928849119e-10 60705803.17940041 3273877153690.903 795552148346.884
51.022301649892555 4.96706128480909e-10 60761494.49679173 3276880598536.6543 799558866042.9207
50.81319385624545 4.986169815641122e-10 61246256.22307533 3303023903748.7363 809240856418.4425
50.60579306499547 4.825693323237525e-10 59518017.70659537 3209819625098.283 789615627774.1547
50.400078459040195 4.992829955587918e-10 61830753.285687335 3334545957316.3306 823632851457.122
50.196029558396305 4.979783850408354e-10 61919879.272851296 3339352541166.5425 828159430209.2983
49.99362621340277 4.98175446407609e-10 62195169.34979812 3354198994822.5557 835195549710.8198
49.7928485980879 5.222681443878369e-10 65465959.7708146 3530593432801.2715 882648358200.3186
49.59367720369555 5.281976481437543e-10 66475119.54696475 3585017638767.1836 899839427330.5402
49.39609283236608 5.349609479759671e-10 67595604.5374543 3645445637727.621 918652300707.3713
49.200076590967804 5.101404218442001e-10 64716188.74522451 3490158118504.8003 883010003981.6715
49.00560988507464 5.182559880022946e-10 66006621.623568326 3559751443978.089 904176866770.4285
48.81267441308616 5.15399456115207e-10 65902262.96801016 3554123359012.108 906301456548.1112
48.621252160485824 5.10910080274991e-10 65585420.45587033 3537035973498.945 905481209215.7151
48.43132539423392 5.206729474766488e-10 67100790.1440255 3618760189992.474 930021368828.0524
48.242876657291376 5.342689535173435e-10 69121907.8221055 3727759505455.4854 961761952407.505
48.055888763270865 5.593918731786817e-10 72653830.07780838 3918236840009.2573 1014823341562.3708
47.8703447912119 5.47263007927401e-10 71354030.95333333 3848138390847.3115 1000515981620.2981
47.68622808047647 5.282199951922361e-10 69137049.26354074 3728576086681.539 973158358623.8766
47.503522225762 5.302648416639048e-10 69671633.89518896 3757406352003.8706 984440464225.0135
47.322211072228555 5.313918360844958e-10 70087218.44926228 3779818917290.0366 994092375247.2566
47.14227871073719 5.262266634616448e-10 69670873.14868781 3757365324779.7925 991944445741.8655
46.963709473196516 5.388059655749074e-10 71607576.82599832 3861812174842.516 1023380226333.233
46.78648792801464 5.550127365549931e-10 74040864.11738893 3993039887094.4707 1062148609967.1251
46.61059887565368 5.787005190037712e-10 77492230.87645605 4179172846214.1406 1115839149939.189
46.43602734428419 6.037988378920287e-10 81157038.23589411 4376816703281.3994 1172986876479.3843
46.26275858553686 5.843606033138097e-10 78838504.60061835 4251777680633.742 1143728196090.48
46.09077807034899 5.452604985124367e-10 73837837.93519296 3982090640981.5713 1075164473065.0339
45.920071484903254 5.338015993447424e-10 72554823.51340745 3912897394482.1187 1060395193904.597
45.75062472665637 5.422952765014629e-10 73982289.60820685 3989880951089.075 1085247618696.2605
45.58242390045543 5.455944814896638e-10 74707039.79354885 4028966886035.235 1099907959887.6028
45.415455314739475 5.501933983447583e-10 75613732.63727476 4077865028074.7515 1117335017692.4565
45.249705477824364 5.756287942665625e-10 79399127.1650481 4282012177327.676 1177553348765.1345
45.08516109426864 6.233730820780727e-10 86298529.21352649 4654098428684.72 1284531166316.9705
44.92180906131839 6.234047526654646e-10 86616742.40345705 4671259735148.914 1293938946636.174
44.759636465429146 6.222188006352281e-10 86765196.29832835 4679265885950.664 1300835916294.3286
44.59863057886286 5.836755154460474e-10 81684363.00335819 4405255442551.088 1229066268471.7178
44.43877885635797 5.732055595524294e-10 80507669.02283192 4341796080546.669 1215702902553.0742
44.28006893187098 5.664685761171147e-10 79846615.0374527 4306145295502.386 1210026828036.183
44.122488615387454 5.740456540700138e-10 81203623.42001884 4379329052381.7925 1234970792771.6182
43.96602588980097 5.818976622186649e-10 82607290.17994578 4455029105688.715 1260773236909.9082
43.81066890785821 6.03212032968528e-10 85936782.01287994 4634589323564.927 1316223367892.3992
43.65640598916856 6.695891091948774e-10 95730290.44298159 5162755360822.285 1471385277834.335
43.50322561727674 7.630820768831235e-10 109481003.1965662 5904334286940.555 1688639606064.9893
43.35111643679675 7.480654991494583e-10 107703127.31734443 5808453054533.809 1667026026651.2583
43.20006725060583 7.131536838609798e-10 103035689.55105928 5556737121805.6455 1600340291079.9597
43.05006701709677 6.606899920454301e-10 95788389.45160943 5165888652979.489 1492941820711.12
42.901104847487446 6.426973548206854e-10 93503315.45944417 5042654116153.828 1462369693684.5447
42.75317000318576 6.503765748415238e-10 94947939.33574726 5120562995644.776 1490083831732.6443
42.606251893209176 6.652936093537494e-10 97460580.97739558 5256070305245.718 1534772529131.7073
42.460340071657086 6.794231085662948e-10 99872476.87983559 5386144375244.326 1578140301946.6006
42.31542423523505 7.110392360736304e-10 104877865.9829242 5656086096985.615 1662889312513.7617
42.17149422082949 8.10666290724414e-10 119980895.79328421 6470595775764.215 1908825753850.4329
42.02854000313176 9.663183081748148e-10 143504288.27705377 7739217442828.338 2290808363077.0986
41.88655169231036 1.0250726731961648e-09 152745710.28792572 8237609339556.862 2446569973848.4326
41.745519531730196 9.665572451574113e-10 144512922.90336832 7793613327349.527 2322496771550.0874
41.605433895717674 8.825722753637315e-10 132400370.3576256 7140380737127.511 2134973840401.0579
41.46628528737079 8.051436004292476e-10 121190112.57585892 6535809099548.626 1960742729864.6062
41.328064336412886 8.01854189666148e-10 121098653.06204799 6530876668099.389 1965793877097.8613
41.19076179708925 8.219165597733646e-10 124542299.87530762 6716593288864.516 2028411173237.119
41.054368546105515 8.300428985270166e-10 126191509.81066118 6805535538966.006 2062077268306.6868
40.918875580606816 8.393910722535818e-10 128035272.30728066 6904970050962.759 2099110895492.6724
40.784274016196925 8.7858175087762e-10 134455452.01870948 7251211737572.534 2211619579959.5967
40.65055508499628 1.056747825627183e-09 162253419.1688435 8750362145037.301 2677610816381.4277
40.51771013373812 1.3311466992707403e-09 205054829.01365054 11058651476496.545 3395006003284.513
40.38573062190184 1.4621754783235385e-09 225975068.605224 12186884542554.28 3753560439106.568
40.254608119882676 1.3566453204182437e-09 210348632.43913123 11344147445301.928 3505341560598.3936
40.124334307196975 1.2931806987950612e-09 201159407.89780617 10848570569445.873 3363056876528.1265
39.99490097072214 1.0651955220335269e-09 166231636.76887622 8964908284467.637 2788086476469.4653
39.866300002970625 9.93892823670844e-10 155604660.0381608 8391793120688.698 2618239453654.6924
39.73852340039699 9.865183929783832e-10 154946737.39470315 8356311209594.523 2615525408603.1284
39.61156326173758 9.699007975717184e-10 152824966.4887963 8241883643688.079 2587951464118.0117
39.485411786381725 9.7182756756297e-10 153617791.69886452 8284640879506.899 2609661877044.5996
39.36006127277416 9.928988038752895e-10 157448380.00733203 8491225339170.928 2683227207178.111
39.235504116847665 1.0182858979992343e-09 161986740.71918252 8735980118311.673 2769305697504.688
39.111732810485364 1.2873732133760507e-09 205440652.55867416 11079459024099.135 3523267969663.685
38.988739940012145 1.6567268214749975e-09 265216584.8946637 14303188041192.133 4562716985140.032
38.866518184714295 1.9609818104622293e-09 314910327.49143016 16983182375311.361 5434618360099.727
38.745060315387065 1.7996259508947539e-09 289904449.2659837 15634609930131.26 5018709787572.197
38.624359192909225 1.601496788234857e-09 258793735.67970827 13956802387677.223 4494090368832.024
38.50440776684429 1.2875107774185726e-09 208703340.30115193 11255416482863.967 3635499523964.9956
38.38519907406768 1.130641411467956e-09 183844256.1170604 9914760672224.877 3212382457800.634
38.26672623741931 1.060209723609672e-09 172925662.59402165 9325918551482.72 3030923529231.87
38.1489824643811 1.01770289161758e-09 166504902.29881877 8979645553863.879 2927364450559.744
38.03196104577871 1.0054726440889513e-09 165010095.07575065 8899030275579.652 2909982900114.4277
37.91565535450721 1.0271503397508093e-09 169084743.11238763 9118776929405.395 2990958832844.958
37.80005884428005 1.026726367797831e-09 169531816.1013888 9142887672828.025 3008010044360.474
37.68516504840078 1.097778591909716e-09 181816507.17475778 9805403731241.709 3235783231309.769
37.570967578557145 1.4479035692884873e-09 240533867.24253082 12972043715936.883 4293746469975.1646
37.457460123637034 1.9876550615579927e-09 331201021.79286844 17861743058111.773 5930098695293.013
37.344636448565836 2.5553104645048487e-09 427075258.4825205 23032261471289.06 7669743069939.298
37.23249039316474 2.5031989229726666e-09 419625867.427932 22630514193348.38 7558591740578.267
37.12101587102951 2.1688021189689414e-09 364660775.2485849 19666234831049.426 6588188668401.73
37.01020686842943 1.762790015969022e-09 297281610.0105617 16032461811761.168 5386907168751.416
36.90005744322576 1.3352001570692772e-09 225843870.11239773 12179808979333.523 4104595626035.307
36.79056172380966 1.14024159963864e-09 193441404.82472703 10432336986992.52 3526129901603.3447
36.68171390805874 1.1351802242222224e-09 193154207.22275525 10416848357925.023 3531311593336.5396
36.57350826231225 1.024009414371583e-09 174753669.07544684 9424503338157.08 3204331134973.4214
36.465939120364276 1.025038878421742e-09 175445369.40491092 9461806887195.723 3226476148533.802
36.359000882474646 1.0253749519717129e-09 176019076.63574558 9492747042791.492 3246519488634.7305
36.252688014397236 1.0776135383761766e-09 185528998.48705843 10005619194246.1 3431927383626.392
