string
20190129an 29 2019_15.52.   full spectra  index number  Nphoton via eV
eV x-axis E [J] Nphoton Nphoton/sr Nphoton/sr @ 0.1bw
70.04756667188666 3.125668055757966e-10 27850870.625379138 1502003503377.919 267356623601.25912
69.6540410164266 3.1419801773524636e-10 28154388.447212406 1518372285448.0845 271788639095.19794
69.26491229566443 3.2428846883237923e-10 29221815.362696823 1575938850896.7239 283668993161.4094
68.88010722735518 3.213903289519763e-10 29122453.766406305 1570580258422.6494 284275026774.49384
68.499554148751 3.261656688066713e-10 29719361.638997737 1602771629668.66 291704436599.6997
68.12318297210952 3.2968269982264744e-10 30205790.17550469 1629004826318.1987 298107883216.2281
67.75092514166083 3.3690623203566526e-10 31037218.20556467 1673843920605.5679 307987281391.41223
67.38271359197788 3.4228074201116855e-10 31704648.527497817 1709838582865.4517 316320137830.1002
67.0184827076969 3.442699033680941e-10 32062209.036331702 1729121898786.2363 321616673174.2367
66.65816828453724 3.4575292478674805e-10 32374380.14865292 1745957354692.3284 326494025327.4691
66.3017074915718 3.545788885617045e-10 33379293.183953155 1800152533001.608 338428676204.2997
65.94903883470174 3.61528149795149e-10 34215478.90337237 1845248210509.7197 348751911786.3368
65.60010212129062 3.5715806656277175e-10 33981686.009114444 1832639708931.307 348201544696.92444
65.25483842591538 3.625346741738075e-10 34675745.48398826 1870070487194.4163 357183463054.142
64.91319005719332 3.7185305493070974e-10 35754225.60969692 1928233154671.7388 370220765696.9608
64.57510052564542 3.7782962569963806e-10 36519085.36894563 1969482207652.42 380110066076.9262
64.24051451255919 3.8799984471626737e-10 37697410.25849246 2033029524934.6296 394407727837.3069
63.90937783981403 3.76735460473577e-10 36792634.44622313 1984234768818.0374 386925779919.5207
63.5816374406355 3.798651673902316e-10 37289515.301958114 2011031661314.2913 394162205617.59424
63.257241331244494 3.915160824257027e-10 38630322.42686559 2083341680848.4722 410418311127.1345
62.936138583370145 3.89386957719597e-10 38616266.4458262 2082583638737.3813 412351560469.9939
62.61827929759554 3.9788015568582707e-10 39658850.73128235 2138810435751.58 425623276714.5599
62.30361457750712 4.0310021563566355e-10 40382087.18629149 2177814734892.0334 435562946978.4043
61.99209650461958 4.1300107969357376e-10 41581852.91757877 2242518361427.2896 450746190646.8861
61.683678114049336 4.1838101653481375e-10 42334134.321138576 2283089060953.043 461183990312.5122
61.378313370910476 4.242881727704237e-10 43145444.78183202 2326843210353.9688 472349171701.83093
61.07595714740844 4.242737983972147e-10 43357567.140617125 2338283015246.448 477009735110.273
60.776565200607415 4.3525038087657344e-10 44698400.498190425 2410594449513.9956 494171862150.37683
60.48009415084836 4.367540348756047e-10 45072686.26065538 2430779761996.6353 500740630971.2939
60.18650146079569 4.5150892256446175e-10 46822674.05128605 2525156983727.0264 522707495631.49365
59.89574541509136 4.5308566573814336e-10 47214274.78874141 2546276096572.545 529625428087.0833
59.60778510059573 4.4571302526254696e-10 46670377.74480878 2516943610832.6104 526041214663.9931
59.322580387195735 4.4907101978270454e-10 47248058.86189548 2548098078977.273 535100596585.22406
59.04009190916147 4.600135131111354e-10 48630926.023975596 2622676405453.641 553384721550.719
58.76028104703274 4.703425738819543e-10 49959651.6996656 2694334869806.85 571198992399.0497
58.483109910018435 4.809990086466038e-10 51333715.27415121 2768438416891.6836 589677382797.9203
58.208541318891584 4.650623789247889e-10 49867025.90873898 2689339540779.392 575518661726.7992
57.93653878936406 4.70246993064501e-10 50659681.58510181 2732087633608.651 587398841225.8339
57.66706651592514 4.816161651386487e-10 52126932.690129936 2811216804460.4634 607222829763.4604
57.40008935612919 4.8976571605191e-10 53255539.338486806 2872082806194.1006 623241968944.1027
57.13557281531753 4.902890814785181e-10 53559265.292388484 2888462812871.9316 629684893206.0759
56.873483031761026 4.992448463358601e-10 54788919.937699586 2954778355033.805 647096459752.4055
56.61378676220961 4.879436963150953e-10 53794327.4019532 2901139763507.5747 638250747971.6582
56.35645136783592 4.888775007997104e-10 54143382.82809027 2919964398470.8066 645312132062.0353
56.10144480056064 5.039628117780632e-10 56067787.5747212 3023747964530.0596 671272048125.655
55.8487355897473 5.101169233135846e-10 57009254.43057367 3074521476598.1533 685618289281.3843
55.59829282925516 5.137102096179785e-10 57669437.4983306 3110125292865.861 696668065601.9591
55.35008616483884 5.273807660209559e-10 59469592.17582602 3207208025703.5337 721621805783.2935
55.104085781884 5.09540087833736e-10 57714313.069318995 3112545442158.4014 703435269927.7826
54.86026239346858 5.03100065815684e-10 57238134.193875775 3086865011956.75 700718357714.1962
54.61858722873965 5.26454093732568e-10 60160165.11505155 3244450774341.6875 739734776549.8583
54.37903202159604 5.57118691577332e-10 63944799.75478348 3448556942667.454 789719539870.86
54.141568999667676 5.566985206550449e-10 64176821.63385014 3461069933011.852 796046084592.7194
53.90617087358216 5.57170329229449e-10 64511697.891527764 3479129882339.667 803679002820.4637
53.67281082651038 5.584927769301532e-10 64945968.238499805 3502550176496.316 812591640947.14
53.441462503982315 5.538346481858416e-10 64683090.5197316 3488373124013.4385 812790937895.1144
53.21210000396522 5.431225918228175e-10 63705428.96464356 3435647623952.3374 803941544004.8319
52.98469786719613 5.752250197818141e-10 67760449.81830494 3654335779536.235 858768908190.9908
52.75923106776125 6.181554409324497e-10 73128760.72103077 3943849952776.0635 930748588855.1556
52.535675003914804 5.826208081014619e-10 69218255.47105463 3732955555094.664 884710466557.4305
52.31400548913035 6.045853753432228e-10 72132110.41522668 3890100385263.574 925843891692.728
52.0941987433777 6.00768717577035e-10 71979184.65410185 3881853065743.2676 927762882712.6301
51.8762313846188 5.769898494763613e-10 69420658.544107 3743871196796.08 898529087231.0161
51.66008042051621 5.769746392559848e-10 69709283.87262167 3759436823466.206 906024274455.3652
51.445723240348094 5.987610320503324e-10 72642908.80084561 3917647853170.028 948070780467.1532
51.23313760712352 6.866053347912976e-10 83646003.29502425 4511047129643.44 1096184452503.3488
51.022301649892555 6.265836023369254e-10 76649257.8249683 4133711126413.0366 1008625514844.752
50.81319385624545 6.293158543785578e-10 77300295.59283438 4168821734670.831 1021361324994.3562
50.60579306499547 6.355837859490075e-10 78390159.69783786 4227598342624.6724 1039989192285.639
50.400078459040195 6.181948593607036e-10 76556690.63760643 4128718957888.557 1019793582598.4591
50.196029558396305 6.175925940929609e-10 76793009.52571931 4141463686864.336 1027082994342.3501
49.99362621340277 6.159466830955919e-10 76898427.13410705 4147148881386.471 1032640071465.2356
49.7928485980879 6.61379117583141e-10 82903426.46822768 4470999800050.83 1117749950012.7085
49.59367720369555 7.521703095033463e-10 94662691.92910957 5105179541035.323 1281400064799.8335
49.39609283236608 6.705616642599494e-10 84729588.66771159 4569485124199.429 1151510251298.2698
49.200076590967804 6.490393703472688e-10 82336848.04397562 4440444102542.78 1123432357943.2688
49.00560988507464 6.62803005857997e-10 84416559.05853006 4552603369371.153 1156361255820.2651
48.81267441308616 6.449379367402216e-10 82465879.62172651 4447402803562.762 1134087714908.534
48.621252160485824 6.303646750369597e-10 80919781.87350474 4364021416114.225 1117189482525.2234
48.43132539423392 6.390122258815861e-10 82351551.92169829 4441237085862.754 1141397931066.7112
48.242876657291376 6.868519332610969e-10 88862576.99562792 4792378082608.189 1236433545312.8997
48.055888763270865 8.384447914911797e-10 108897229.8872953 5872851265547.881 1521068477776.861
47.8703447912119 7.049873731694563e-10 91918675.51463619 4957194139670.175 1288870476314.2417
47.68622808047647 6.728784825914896e-10 88070942.45338808 4749685059764.023 1239667800598.4036
47.503522225762 6.788821837331592e-10 89198504.68419753 4810494735832.43 1260349620788.0957
47.322211072228555 6.766877747949095e-10 89250832.7629909 4813316800489.9375 1265902318528.8242
47.14227871073719 6.415756317401897e-10 84942739.61759825 4580980401233.475 1209378825925.6377
46.963709473196516 6.604157649818232e-10 87769578.75285767 4733432449923.7 1254359599229.7393
46.78648792801464 6.897440075544868e-10 92014541.24479336 4962364199324.208 1319988877020.2341
46.61059887565368 8.619491203417179e-10 115421289.67201312 6224695227077.89 1661993625629.8164
46.43602734428419 9.115447206293134e-10 122521384.77793726 6607604898623.187 1770838112830.9675
46.26275858553686 7.452620090863004e-10 100546378.38147335 5422488029631.531 1458649279970.8862
46.09077807034899 7.19857165816231e-10 97481289.93579358 5257187143871.105 1419440528845.2112
45.920071484903254 6.867276282630771e-10 93340675.50859837 5033882908271.48 1364182268141.4978
45.75062472665637 6.891010072261902e-10 94010168.43593606 5069988807288.928 1379036955582.6292
45.58242390045543 6.549448571876307e-10 89680143.71205376 4836469633239.924 1320356209874.4797
45.415455314739475 6.713911982659584e-10 92270090.32356803 4976146016660.101 1363464008564.8364
45.249705477824364 7.233556039357266e-10 99775765.48376495 5380928708643.86 1479755394877.0913
45.08516109426864 1.00838102108496e-09 139598262.27396724 7528564611904.803 2077883832885.7058
44.92180906131839 9.63640398209192e-10 133889566.58474681 7220693413181.342 2000132075451.1157
44.759636465429146 8.012164001368371e-10 111725486.54001054 6025379761262.451 1675055573631.018
44.59863057886286 7.853335241357848e-10 109906047.05285726 5927256994450.34 1653704701451.597
44.43877885635797 7.130871332060256e-10 100154267.43142 5401341400909.761 1512375592254.7417
44.28006893187098 7.186189039623335e-10 101292974.40755785 5462752115514.903 1535033344459.7036
44.122488615387454 6.795234677859315e-10 96124354.20759068 5184007305257.293 1461890060082.5005
43.96602588980097 6.818476400083099e-10 96796377.63437462 5220249674659.624 1477330657928.6758
43.81066890785821 7.256966645888257e-10 103386591.55278778 5575661342991.688 1583487821409.5916
43.65640598916856 9.089751904564181e-10 129955009.4123949 7008501890100.98 1997423038678.7573
43.50322561727674 1.3524478611102435e-09 194038561.63178924 10464541783328.62 2992858950031.9688
43.35111643679675 1.1819915956488125e-09 170177867.39120913 9177729359241.508 2634008326102.4004
43.20006725060583 9.053379315045097e-10 130802266.27207747 7054194636608.681 2031608055343.216
43.05006701709677 8.909785423551698e-10 129176165.27522007 6966498656580.663 2013318111751.8762
42.901104847487446 8.352687486254416e-10 121519711.74353144 6553584454266.026 1900539491737.0625
42.75317000318576 7.844913754784097e-10 114527248.38143319 6176479386048.0625 1797355501340.0034
42.606251893209176 7.743687128146778e-10 113439274.90141787 6117804739910.567 1786398984053.8364
42.460340071657086 8.049247063352494e-10 118320709.30456379 6381061557755.014 1869651036422.2344
42.31542423523505 8.690984967497711e-10 128191513.27205323 6913396160136.011 2032538471079.9758
42.17149422082949 1.0270776120704513e-09 152010381.28194717 8197952886515.544 2418396101522.0723
42.02854000313176 1.480911897421324e-09 219924641.85209486 11860583713313.766 3510732779140.738
41.88655169231036 1.9674477154381254e-09 293168676.33583266 15810650405155.635 4695763170331.31
41.745519531730196 1.462223569011898e-09 218621507.37041032 11790305387612.912 3513511005508.539
41.605433895717674 1.0824268914055533e-09 162381852.80416298 8757288598892.055 2618429291068.641
41.46628528737079 1.1543070347945015e-09 173746148.41286874 9370167529942.203 2811050258982.6875
41.328064336412886 1.0526367316829506e-09 158972656.14277712 8573429882301.712 2580602394572.7437
41.19076179708925 9.799298468571406e-10 148485531.0345595 8007856946906.592 2418372797965.8325
41.054368546105515 9.56001775508304e-10 145341051.22416037 7838274467599.222 2374997163682.5493
40.918875580606816 1.0510070514445408e-09 160313801.846014 8645758161438.753 2628310481077.373
40.784274016196925 1.2078336824438555e-09 184843156.11403143 9968631566070.74 3040432627651.5396
40.65055508499628 1.337859719832048e-09 205415434.64467287 11078099016518.5 3389898299054.678
40.51771013373812 1.9265942700023916e-09 296779805.5845001 16005399390047.56 4913657612744.708
40.38573062190184 2.6681578382156795e-09 412356218.16859746 22238460429474.33 6849445812277.818
40.254608119882676 2.4802253574549404e-09 384560359.4612792 20739423730788.67 6408481932813.879
40.124334307196975 1.7540028428604058e-09 272842127.669881 14714435219694.963 4561474918105.311
39.99490097072214 1.3365832499929534e-09 208583698.23037946 11248964159995.184 3498427853758.54
39.866300002970625 1.4719392753765386e-09 230447997.09474143 12428110547729.57 3877570490891.357
39.73852340039699 1.3185600188604947e-09 207098594.85205638 11168872212166.201 3495857002408.0776
39.61156326173758 1.1439997157117946e-09 180257319.77390164 9721316415982.898 3052493354618.5767
39.485411786381725 1.17563048274786e-09 185833129.91056344 10022021067987.727 3156936636416.045
39.36006127277416 1.3907393043287493e-09 220535717.86414266 11893539175398.66 3758358379426.114
39.235504116847665 1.6755097195837047e-09 266536499.27977285 14374371310730.08 4556675705501.251
39.111732810485364 1.7406060243021383e-09 277768120.2037997 14980095067212.16 4763670231373.684
38.988739940012145 2.2788958515708424e-09 364816315.6712415 19674623159834.168 6276204787986.745
38.866518184714295 3.0297539681895104e-09 486542409.1394936 26239337825350.438 8396588104112.281
38.745060315387065 3.4486386113738945e-09 555546377.2072626 29960736814232.36 9617396517368.707
38.624359192909225 2.3893835444461023e-09 386112228.24890727 20823116351646.137 6705043465229.994
38.50440776684429 1.5957467291680008e-09 258667871.751514 13950014518685.994 4505854689535.495
38.38519907406768 1.5229523575220508e-09 247634696.93441355 13354993003862.514 4327017733251.1494
38.26672623741931 1.4756960290583292e-09 240693617.4320805 12980659078364.736 4218714200468.5195
38.1489824643811 1.3385763935377845e-09 219002553.1628979 11810855269983.275 3850338818014.705
38.03196104577871 1.2482460790207104e-09 204852121.42571083 11047719412241.1 3612604247802.693
37.91565535450721 1.4229859827523266e-09 234245377.75509802 12632904111716.674 4143592548643.053
37.80005884428005 1.7901193307180212e-09 295582338.87160325 15940819750073.56 5244529697774.295
37.68516504840078 2.2041010123354866e-09 365048062.0377628 19687121291727.14 6496750026269.967
37.570967578557145 2.184327254549353e-09 362872702.9923715 19569803705816.375 6477605026625.306
37.457460123637034 2.7367289575853653e-09 456018473.55341995 24593175347923.74 8164934215510.548
37.344636448565836 3.3387775427322724e-09 558018018.5088873 30094032966588.574 10021312977874.049
37.23249039316474 4.161832065048806e-09 697672236.2566135 37625615269349.42 12566955499962.555
37.12101587102951 3.806947480656722e-09 640097318.0010103 34520587419777.984 11564396785625.928
37.01020686842943 2.1677604603474683e-09 365576905.8886346 19715641955495.027 6624455697045.916
36.90005744322576 1.7111080861103292e-09 289427222.0548608 15608872962958.652 5260190188516.95
36.79056172380966 1.5539459816835579e-09 263626141.87543318 14217415103644.164 4805486305031.555
36.68171390805874 1.4395019229260153e-09 244935426.80318582 13209420779273.852 4477993644173.78
36.57350826231225 1.4176628435763541e-09 241933111.11200476 13047505241800.809 4436151782212.295
36.465939120364276 1.436091592146521e-09 245801037.58734548 13256103356915.959 4520331244708.427
36.359000882474646 1.7886075042357954e-09 307037967.6760773 16558624300213.465 5663049510673.075
36.252688014397236 2.4683727411817392e-09 424971203.73439384 22918789341620.5 7861144744175.785
