string
20190129an 29 2019_15.45.   full spectra  index number  Nphoton via eV
eV x-axis E [J] Nphoton Nphoton/sr Nphoton/sr @ 0.1bw
70.04756667188666 2.6662820964470217e-10 23757570.027986616 1281250912898.396 228062662495.90558
69.6540410164266 2.688600090540053e-10 24091778.768655043 1299274862888.8882 232570200457.10312
69.26491229566443 2.736934296835755e-10 24662668.077570975 1330063047343.393 239411348521.81
68.88010722735518 2.747958998812161e-10 24900347.54805748 1342881152822.165 243061488660.80698
68.499554148751 2.815372555195117e-10 25652937.48495256 1383468491617.718 251791265474.42783
68.12318297210952 2.9058415888431437e-10 26623550.875756815 1435813882647.7935 262753940524.5442
67.75092514166083 2.885823024384533e-10 26585414.692175705 1433757189982.2473 263811322956.72302
67.38271359197788 2.992017636373547e-10 27714345.537501138 1494640675728.8303 276508525009.8263
67.0184827076969 3.0010820721143726e-10 27949384.99995408 1507316405000.815 280360851330.14874
66.65816828453724 3.0590154613312024e-10 28642918.779884454 1544718832421.4182 288862421662.80853
66.3017074915718 3.0913125935704194e-10 29100951.216410916 1569420621230.008 295051076791.23926
65.94903883470174 3.174036004638972e-10 30039476.04544908 1620035469152.8562 306186703669.8896
65.60010212129062 3.1682723394777267e-10 30144422.291123684 1625695242981.4695 308882096166.458
65.25483842591538 3.2271066174129947e-10 30866655.160675403 1664645418540.177 317947274941.1814
64.91319005719332 3.3179785616299985e-10 31902858.531782728 1720528091457.3015 330341393559.7902
64.57510052564542 3.3368594184535027e-10 32252381.940940656 1739377964846.5164 335699947215.38574
64.24051451255919 3.4716317102981476e-10 33729787.944941975 1819054791606.0872 352896629571.57086
63.90937783981403 3.3886660408686194e-10 33094296.65720406 1784782608399.0498 348032608637.81775
63.5816374406355 3.4248958904745935e-10 33620536.6216871 1813162844008.2996 355379917425.62054
63.257241331244494 3.5328162522829393e-10 34857784.14388873 1879887871670.4177 370337910719.0592
62.936138583370145 3.496273181148748e-10 34673225.19514411 1869934567469.523 370247044358.95874
62.61827929759554 3.602467474274731e-10 35907726.93357788 1936511514416.524 385365791368.88416
62.30361457750712 3.6929788967117887e-10 36995811.46315715 1995192149481.128 399038429896.2234
61.99209650461958 3.735285734109673e-10 37607674.56494749 2028190059486.8325 407666201956.8542
61.683678114049336 3.8284273664721514e-10 38738172.13632317 2089158039109.6733 422009923900.15173
61.378313370910476 3.8762363274683064e-10 39417063.95822807 2125770822553.0237 431531476978.2412
61.07595714740844 3.9236196392149053e-10 40096419.47821518 2162408613334.6855 441131357120.27356
60.776565200607415 4.039900905761407e-10 41488098.94090201 2237462189097.23 458679748764.93933
60.48009415084836 3.9908713783656364e-10 41185490.95830023 2221142474854.48 457555349820.01105
60.18650146079569 4.122005485380088e-10 42746291.29881923 2305316776299.718 477200572694.0409
59.89574541509136 4.1658151332048344e-10 43410320.67253772 2341128024683.535 486954629134.16974
59.60778510059573 4.162872909528115e-10 43589224.4963822 2350776346769.9995 491312256474.90894
59.322580387195735 4.2483609655940676e-10 44698232.60162609 2410585394815.806 506222932911.31616
59.04009190916147 4.318681945914691e-10 45655507.12031299 2462211417574.7466 519526609108.2722
58.76028104703274 4.4119240550162886e-10 46863329.27397515 2527349528718.923 535798100088.4093
58.483109910018435 4.406255826880555e-10 47024937.26101221 2536065082568.8745 540181862587.16266
58.208541318891584 4.352230503326765e-10 46667458.19603245 2516786158932.836 538592238011.63556
57.93653878936406 4.441559303962906e-10 47848892.90068129 2580501189219.0986 554807755682.0815
57.66706651592514 4.567851901717915e-10 49439392.996866025 2666277204939.608 575915876266.9556
57.40008935612919 4.5842059650637217e-10 49847172.45547283 2688268839731.622 583354338221.746
57.13557281531753 4.628247460738143e-10 50559056.47357529 2726660899483.402 594412076087.3767
56.873483031761026 4.669757342232137e-10 51247591.84392685 2763793761589.524 605270833788.1078
56.61378676220961 4.6479494568207593e-10 51242247.15191003 2763505521187.9326 607971214661.3373
56.35645136783592 4.705282335671933e-10 52111193.98986405 2810368012935.9204 621091330858.8258
56.10144480056064 4.762373939201985e-10 52983228.94748718 2857397047648.552 634342144577.9613
55.8487355897473 4.785814487309058e-10 53484937.13799159 2884454279357.6504 643233304296.7524
55.59829282925516 4.896388542847339e-10 54967171.715209454 2964391512119.788 664023698714.8385
55.35008616483884 4.940572522953504e-10 55711897.73793567 3004554748315.793 676024818371.0519
55.104085781884 4.952219757637268e-10 56092536.83953638 3025082697758.275 683668689693.3545
54.86026239346858 4.950532386760543e-10 56322639.637328096 3037492191632.5986 689510727500.6135
54.61858722873965 5.104759267320753e-10 58334271.506417535 3145979935355.9736 717283425261.117
54.37903202159604 5.143461904904345e-10 59035470.63270848 3183795756571.0854 729089228254.7905
54.141568999667676 5.279586761253256e-10 60863660.546232894 3282390435778.406 754949800229.0271
53.90617087358216 5.271738957683287e-10 61038575.30809206 3291823626885.3857 760411257810.5248
53.67281082651038 5.323428765670671e-10 61905050.48884496 3338552821623.554 774544254616.6595
53.441462503982315 5.416161969571392e-10 63256081.231984966 3411414203110.0776 794859509324.6317
53.21210000396522 5.45109115165106e-10 63938437.72468065 3448213837001.8687 806882037858.4222
52.98469786719613 5.580691295392826e-10 65739517.48766964 3545346459901.1826 833156418076.7543
52.75923106776125 5.641759446971255e-10 66742901.43282275 3599459174046.6357 849472365075.0103
52.535675003914804 5.650018969461649e-10 67125041.02263285 3620068045144.2285 857956126699.1775
52.31400548913035 5.692188507145023e-10 67912587.14595564 3662540578667.9956 871684657722.9805
52.0941987433777 5.738464915144024e-10 68753584.14534496 3707895729550.137 886187079362.4725
51.8762313846188 5.681985321628248e-10 68362929.29994477 3686827628868.6475 884838630928.4329
51.66008042051621 5.761061382198686e-10 69604352.76967344 3753777866288.1157 904660465775.4454
51.445723240348094 6.103270526332325e-10 74046121.991783 3993323445402.806 966384273787.4856
51.23313760712352 6.039611572383519e-10 73577839.24557142 3968068855166.037 964240731805.3406
51.022301649892555 5.97031806121613e-10 73034220.28033686 3938751366270.701 961055333370.0234
50.81319385624545 6.15079130458429e-10 75551566.46159984 4074512392715.1143 998255536215.2056
50.60579306499547 6.00134239063766e-10 74017965.6567315 3991804968136.5664 981984022161.5668
50.400078459040195 6.042814620024349e-10 74833668.12917504 4035795979685.3315 996841606982.2627
50.196029558396305 6.098960035074931e-10 75835996.18100226 4089851749274.328 1014283233820.0282
49.99362621340277 6.415215901750274e-10 80091349.80498749 4319343894683.7227 1075516629776.2515
49.7928485980879 6.757565746539405e-10 84705631.01835743 4568193082965.003 1142048270741.2517
49.59367720369555 6.336704811606233e-10 79749164.23155074 4300889752369.0825 1079523327844.6122
49.39609283236608 6.633667172257878e-10 83820462.87782128 4520455772844.713 1139154854756.881
49.200076590967804 6.370311138503254e-10 80813485.92507535 4358288852522.8257 1102647079688.2212
49.00560988507464 6.442370975685465e-10 82051949.84623052 4425079480844.769 1123970188134.5635
48.81267441308616 6.268398070580867e-10 80151737.28535083 4322600604618.7886 1102263154177.82
48.621252160485824 6.331793516934977e-10 81281101.3289107 4383507452840.2656 1122177907927.0896
48.43132539423392 6.851944026465092e-10 88303196.93516688 4762210594423.22 1223888122766.7498
48.242876657291376 7.052011458390262e-10 91236535.97653037 4920406206186.549 1269464801196.1162
48.055888763270865 6.738673017269772e-10 87521901.51862371 4720075162874.031 1222499467184.3418
47.8703447912119 6.861410622224265e-10 89461428.75176181 4824674287915.949 1254415314858.143
47.68622808047647 6.745904758546059e-10 88295019.8522905 4761769602567.239 1242821866270.043
47.503522225762 6.649316363213198e-10 87365538.67259988 4711642480618.421 1234450329922.0254
47.322211072228555 6.528943187089294e-10 86112626.56349662 4644072658381.595 1221391109154.331
47.14227871073719 6.581608005758798e-10 87138567.52662086 4699401877406.702 1240642095635.3696
46.963709473196516 6.929376548612857e-10 92091753.85272953 4966528292044.505 1316129997391.7505
46.78648792801464 7.564453240542962e-10 100912757.06244783 5442246911491.591 1447637678456.7576
46.61059887565368 7.328298013159169e-10 98131268.75103146 5292240642583.605 1413028251569.8396
46.43602734428419 7.32314801677576e-10 98430961.82156941 5308403154985.494 1422652045536.0752
46.26275858553686 7.431877051821127e-10 100266525.4670811 5407395501160.818 1454589389812.2644
46.09077807034899 7.016897061792665e-10 95021097.15816154 5124508412900.982 1383617271483.2776
45.920071484903254 6.683190191071715e-10 90838559.75983787 4898943262360.709 1327613624099.6807
45.75062472665637 6.783197943601582e-10 92539348.29948157 4990667157796.926 1357461466920.804
45.58242390045543 6.894076928271792e-10 94399063.20422435 5090961986629.399 1389832622349.8054
45.415455314739475 7.140413222500448e-10 98131547.55221066 5292255678391.769 1450078055879.3115
45.249705477824364 7.783263527384906e-10 107358133.7009591 5789847473852.909 1592208055309.582
45.08516109426864 7.968652851674421e-10 110316444.62738435 5949389824802.716 1642031591645.534
44.92180906131839 7.392478576795927e-10 102712148.0661884 5539288459237.757 1534382903208.7695
44.759636465429146 7.743431685101066e-10 107978153.26290075 5823285263526.55 1618873303260.4355
44.59863057886286 7.568361593624396e-10 105917890.91612755 5712174867576.806 1593696788053.8826
44.43877885635797 7.229200496204401e-10 101535316.80721283 5475821693776.744 1533230074257.497
44.28006893187098 7.175077171110809e-10 101136346.99257427 5454305164997.817 1532659751364.4026
44.122488615387454 7.28026589641738e-10 102985531.91000704 5554032109327.042 1566237054830.1658
43.96602588980097 7.510208369179156e-10 106616335.19873247 5749842119473.445 1627205319810.9873
43.81066890785821 8.084454409154973e-10 115175420.62839867 6211435456141.158 1764047669544.0354
43.65640598916856 9.371504349260976e-10 133983187.73749879 7225742422288.282 2059336590352.1377
43.50322561727674 9.125006879258217e-10 130918408.06919782 7060458188958.977 2019291042042.256
43.35111643679675 8.648856519654383e-10 124522370.82780789 6715518511003.306 1927353812658.0127
43.20006725060583 8.735730939124998e-10 126212916.15184705 6806689987596.649 1960326716427.754
43.05006701709677 8.759482001748037e-10 126997030.9040355 6848977466529.682 1979354487827.1414
42.901104847487446 8.397630132470682e-10 122173563.26403663 6588846808814.931 1910765574556.2444
42.75317000318576 8.27514574433459e-10 120808169.68523195 6515210836480.712 1895926353415.9055
42.606251893209176 8.455743193890743e-10 123870368.31343734 6680355873756.937 1950663915136.9717
42.460340071657086 8.851302657160871e-10 130110605.42952815 7016893217107.93 2055949712612.6404
42.31542423523505 9.560060202730349e-10 141010321.49325922 7604717272368.528 2235786878076.335
42.17149422082949 1.1243126458920538e-09 166401440.3328682 8974065827563.24 2647349419131.1416
42.02854000313176 1.2932011082574425e-09 192048420.3493002 10357213031609.396 3065735057356.2617
41.88655169231036 1.1475289443639215e-09 170992875.20395932 9221682907642.098 2738839823569.753
41.745519531730196 1.0669501487741702e-09 159522972.24405813 8603108549198.974 2563726347661.215
41.605433895717674 1.0821080667774691e-09 162334023.8614058 8754709173618.408 2617658042911.821
41.46628528737079 1.0958939913640424e-09 164953824.52746272 8895995592685.81 2668798677805.768
41.328064336412886 1.0572019608109502e-09 159662112.03818193 8610612388523.938 2591794328945.6333
41.19076179708925 1.0549304194594342e-09 159850119.9247386 8620751694690.3125 2603467011796.5195
41.054368546105515 1.0516745176289627e-09 159886188.34581602 8622696872474.817 2612677152359.853
40.918875580606816 1.113164306005366e-09 169794866.48517182 9157074037172.662 2783750507300.481
40.784274016196925 1.2157191134875506e-09 186049918.2557255 10033712510539.191 3060282315714.417
40.65055508499628 1.4434754928121711e-09 221631716.21025336 11952646604308.066 3657509860918.2866
40.51771013373812 1.8375135316094919e-09 283057474.6125847 15265351099580.605 4686462787571.348
40.38573062190184 1.7527489813866121e-09 270882378.47532505 14608745519880.598 4499493620123.044
40.254608119882676 1.4412209982522493e-09 223462139.63385692 12051361737199.182 3723870776794.6514
40.124334307196975 1.4102702348671067e-09 219373151.55267817 11830841721655.955 3667560933713.243
39.99490097072214 1.402831531692916e-09 218922232.3983477 11806523553701.543 3671828825201.2197
39.866300002970625 1.3691042679256113e-09 214348065.59979117 11559837744525.934 3606669376291.8413
39.73852340039699 1.3321393214773849e-09 209231417.36358616 11283895793564.83 3531859383385.849
39.61156326173758 1.2707862206236167e-09 200234768.40874317 10798704560924.451 3390793232130.2183
39.485411786381725 1.256382785142536e-09 198597730.11590314 10710418730147.982 3373781899996.5195
39.36006127277416 1.3617364679756505e-09 215936609.09133488 11645508240133.082 3679980603882.188
39.235504116847665 1.51798191207691e-09 241477312.8952791 13022923944951.457 4128266890549.445
39.111732810485364 1.811781118843866e-09 289126332.19442517 15592645907417.582 4958461398559.017
38.988739940012145 2.215250635431277e-09 354627691.541652 19125148447065.26 6100922354613.474
38.866518184714295 2.482621874181417e-09 398679510.0621443 21500872590053.23 6880279228817.149
38.745060315387065 1.939253367992489e-09 312397239.74615276 16847651007244.787 5408095973325.644
38.624359192909225 1.5719241794897548e-09 254014952.5143829 13699081573389.234 4411104266631.293
38.50440776684429 1.5942180144859216e-09 258420069.6623097 13936650498180.652 4501538110912.27
38.38519907406768 1.5767322722836854e-09 256379404.42797223 13826596978762.004 4479817421118.573
38.26672623741931 1.4903075607037689e-09 243076833.4458882 13109186435738.748 4260485591615.073
38.1489824643811 1.425777884125617e-09 233269463.2701892 12580272831529.887 4101168943078.9106
38.03196104577871 1.3406227116448238e-09 220012232.4657225 11865307494135.607 3879955550582.186
37.91565535450721 1.3895534028227762e-09 228741860.91807508 12336098253066.959 4046240227005.9473
37.80005884428005 1.5053162057220628e-09 248555991.3205263 13404678610255.111 4410139262774.011
37.68516504840078 1.776669511992307e-09 294255915.951483 15869285473828.498 5236864206363.413
37.570967578557145 2.286147109733016e-09 379787588.796152 20482027171942.574 6779550993913.081
37.457460123637034 2.7517722673176666e-09 458525125.56303954 24728359635368.137 8209815398942.088
37.344636448565836 3.2547155428143076e-09 543968531.8252882 29336341097516.527 9769001585473.057
37.23249039316474 2.868583014616135e-09 480877338.49287534 25933819334651.973 8661895657773.653
37.12101587102951 2.046766543588232e-09 344141804.36737204 18559642273716.336 6217480161695.136
37.01020686842943 1.7801900657336528e-09 300216000.8123214 16190714145191.158 5440079952783.89
36.90005744322576 1.855297786192735e-09 313816344.3333019 16924183625927.645 5703449881937.491
36.79056172380966 1.669696555466393e-09 283263167.5802626 15276444166013.898 5163438128112.512
36.68171390805874 1.6386267997285751e-09 278817102.06182563 15036666886704.908 5097430074592.901
36.57350826231225 1.558123800109977e-09 265903659.79212695 14340242139678.104 4875682327490.577
36.465939120364276 1.443037228911653e-09 246989850.84473833 13320216314154.684 4542193763126.832
36.359000882474646 1.5036513608550534e-09 258121503.3689357 13920548753116.006 4760827673565.733
36.252688014397236 1.6678095336652836e-09 287141003.1785183 15485576682280.592 5311552802022.212
