string
20190129an 29 2019_15.02.   full spectra  index number  Nphoton via eV
eV x-axis E [J] Nphoton Nphoton/sr Nphoton/sr @ 0.1bw
70.04756667188666 1.6286340337791858e-10 14511737.958647067 782621180758.6357 139306570175.0317
69.6540410164266 1.6492795364777552e-10 14778723.6414586 797019776634.818 142666540017.6276
69.26491229566443 1.7215152004594618e-10 15512669.788423732 836601651789.1191 150588297322.04095
68.88010722735518 1.7517049578844406e-10 15872894.126816455 856028628616.7241 154941181779.62396
68.499554148751 1.808571099951967e-10 16479226.267425314 888728252684.3197 161748541988.5482
68.12318297210952 1.880487516633433e-10 17229175.624211323 929173184420.9292 170038692749.02875
67.75092514166083 1.856097584823203e-10 17099151.120742958 922160934701.2924 169677611985.03104
67.38271359197788 1.9559731765817014e-10 18117712.883394644 977092191841.7966 180762055490.7276
67.0184827076969 1.995539375249023e-10 18584662.77868498 1002274901138.824 186423131611.81937
66.65816828453724 2.0331183191840597e-10 19036988.73785428 1026668938383.82 191987091477.77652
66.3017074915718 2.0872559334867906e-10 19648977.985240966 1059673651448.9401 199218646472.3992
65.94903883470174 2.164602052484475e-10 20486066.134253997 1104817997181.0977 208810601467.22733
65.60010212129062 2.1589554719207069e-10 20541310.367289383 1107797330670.4058 210481492827.36267
65.25483842591538 2.236262975927305e-10 21389425.981180765 1153536389979.1497 220325450486.02283
64.91319005719332 2.297045931712604e-10 22086439.089116175 1191126458314.9421 228696279996.46085
64.57510052564542 2.3569704760674094e-10 22781274.99086491 1228599109448.093 237119628123.48764
64.24051451255919 2.467851526563188e-10 23977229.04294733 1293097171295.7505 250860851231.36844
63.90937783981403 2.3743166529770814e-10 23187985.692335095 1250533105935.5437 243853955657.43317
63.5816374406355 2.4261926110326584e-10 23816752.432491273 1284442632830.6023 251750756034.79367
63.257241331244494 2.5099038927215945e-10 24764856.665799897 1335574100106.8647 263108097721.04306
62.936138583370145 2.5059241194671983e-10 24851739.785299327 1340259725616.6694 265371425672.09567
62.61827929759554 2.6362229736333933e-10 26276649.36581008 1417105408852.641 282003976361.67255
62.30361457750712 2.7037343307474567e-10 27085680.244710233 1460736619912.22 292147323982.4424
61.99209650461958 2.720525138863617e-10 27390842.722913757 1477194098657.732 296916013830.2047
61.683678114049336 2.7843743266507724e-10 28173858.77615582 1519422324517.8962 306923309552.6134
61.378313370910476 2.871415709443593e-10 29199142.443340704 1574716095430.1978 319667367372.3134
61.07595714740844 2.925109874983035e-10 29892406.336985737 1612103967824.8003 328869209436.25757
60.776565200607415 3.0198508533310313e-10 31012609.940775752 1672516791539.4006 342865942265.5825
60.48009415084836 2.97944755561098e-10 30747673.560103215 1658228714972.7817 341595115284.3842
60.18650146079569 3.0840330370019866e-10 31982241.421668805 1724809227954.6467 357035510186.6113
59.89574541509136 3.165091673616769e-10 32982175.184519205 1778735873018.9685 369977061587.9412
59.60778510059573 3.1864346695092065e-10 33364990.757797755 1799381200051.8708 376070670810.82495
59.322580387195735 3.2275758532494537e-10 33958257.64248881 1831376212029.416 384589004526.175
59.04009190916147 3.321982195989114e-10 35118766.25830364 1893962693798.7058 399626128391.52747
58.76028104703274 3.3677895565745525e-10 35772562.93334481 1929222090519.82 408995083190.2001
58.483109910018435 3.40534729768162e-10 36342929.08017677 1959982060729.4805 417476178935.3735
58.208541318891584 3.3986786429022107e-10 36442852.318633035 1965370942687.5696 420589381735.14667
57.93653878936406 3.457565208277363e-10 37248330.15296535 2008810537281.7126 431894265515.5491
57.66706651592514 3.5595814025094325e-10 38526543.25259846 2077744847434.4077 448792887045.83234
57.40008935612919 3.6255386320170274e-10 39422934.050394416 2126087397898.8218 461360965344.0317
57.13557281531753 3.626824079093777e-10 39619489.88038339 2136687696511.5254 465797917839.5087
56.873483031761026 3.729691966533003e-10 40930977.264247455 2207416496041.574 483424212633.10645
56.61378676220961 3.753995670293491e-10 41386675.07713336 2231992378090.0356 491038323179.80145
56.35645136783592 3.8678009264751084e-10 42836053.18764306 2310157654464.5947 510544841636.6651
56.10144480056064 3.8768434721477776e-10 43131364.29450484 2326083846613.454 516390613948.17285
55.8487355897473 3.911467771604507e-10 43713480.41933351 2357477495689.138 525717481538.67487
55.59829282925516 3.9614486584270633e-10 44471476.62879734 2398356395938.8267 537231832690.30194
55.35008616483884 4.023312155675897e-10 45368498.15349195 2446732961641.9097 550514916369.4285
55.104085781884 4.115738585503015e-10 46617926.81417169 2514114920748.482 568189972089.1439
54.86026239346858 4.115415696208872e-10 46821444.06029269 2525090650045.541 573195577560.3492
54.61858722873965 4.2337714336226897e-10 48381120.31768455 2609204329443.528 594898587113.0869
54.37903202159604 4.3014363943784305e-10 49370895.835091025 2662583138124.1978 609731538630.4513
54.141568999667676 4.396095582682895e-10 50678676.45188432 2733112030900.8315 628615767107.186
53.90617087358216 4.397934212229995e-10 50921269.199415185 2746195110478.0063 634371070520.42
53.67281082651038 4.5372805190349923e-10 52763095.36143989 2845525195529.398 660161845362.816
53.441462503982315 4.670724751786732e-10 54550020.10116122 2941894434948.734 685461403343.0409
53.21210000396522 4.62070754772853e-10 54198473.95047091 2922935474669.2407 683966901072.5896
52.98469786719613 4.675527775522346e-10 55076857.63173911 2970306897427.2993 698022120895.3955
52.75923106776125 4.801631338901839e-10 56804053.802953824 3063454962171.1504 722975371072.3951
52.535675003914804 4.797527653777173e-10 56997019.35650185 3073861636395.412 728505207825.7087
52.31400548913035 4.838870095246769e-10 57731782.18165296 3113487555181.7056 741010038133.2439
52.0941987433777 4.940026899090077e-10 59187354.12854445 3191986866497.9336 762884861092.9973
51.8762313846188 4.993601024868644e-10 60080618.74355576 3240160821245.6143 777638597098.91
51.66008042051621 4.982438048242585e-10 60197132.53438127 3246444435297.2437 782393108906.644
51.445723240348094 5.099782516036424e-10 61871600.92032166 3336748879126.2344 807493228748.5542
51.23313760712352 5.225411698985319e-10 63658812.71866926 3433133599679.648 834251464722.1489
51.022301649892555 5.240554809481169e-10 64107109.60830516 3457310348329.4 843583724992.3494
50.81319385624545 5.297106815489168e-10 65065566.00714838 3509000110141.932 859705026984.7756
50.60579306499547 5.287313211971619e-10 65211438.08602383 3516867023046.1304 865149287669.3229
50.400078459040195 5.402237339771401e-10 66900817.19532569 3607975605425.3325 891169974540.0444
50.196029558396305 5.411766289121103e-10 67291257.07891649 3629032113169.742 899999964066.0916
49.99362621340277 5.456273734001627e-10 68119348.58536282 3673691268013.7734 914749125735.4333
49.7928485980879 5.635842623388585e-10 70644907.29946038 3809895198138.1133 952473799534.5292
49.59367720369555 5.638550594012239e-10 70962702.33800071 3827033953606.99 960585522355.3301
49.39609283236608 5.81030273312387e-10 73416747.01248945 3959381116038.9307 997764041241.8224
49.200076590967804 5.67520073324874e-10 71995346.00536531 3882724650927.93 982329336684.7186
49.00560988507464 5.809353664633645e-10 73989653.394466 3990278081681.8 1013530632747.1703
48.81267441308616 5.758953541673956e-10 73637654.48737973 3971294704151.512 1012680149558.6621
48.621252160485824 5.742784567670513e-10 73720005.73083833 3975735924601.893 1017788396698.068
48.43132539423392 5.848800573027918e-10 75375366.00412747 4065009863764.399 1044707534987.4354
48.242876657291376 5.812849075092608e-10 75204672.72282168 4055804338020.7715 1046397519209.3479
48.055888763270865 5.994752601248878e-10 77859861.34813122 4198999237418.637 1087540802491.3983
47.8703447912119 6.103375428697155e-10 79577905.49527581 4291653731516.125 1115829970194.1892
47.68622808047647 6.067321099877741e-10 79413252.35658802 4282773951976.096 1117804001465.7551
47.503522225762 6.172950914551698e-10 81106560.79367469 4374094443856.373 1146012744290.3691
47.322211072228555 6.142338435486917e-10 81013554.68487445 4369078604203.3667 1149067672905.4587
47.14227871073719 6.123514981526552e-10 81073549.6935004 4372314148052.3716 1154290935085.8264
46.963709473196516 6.203684920345422e-10 82447276.55602822 4446399536188.171 1178295877089.8264
46.78648792801464 6.240100296069123e-10 83245372.16351849 4489441005684.947 1194191307512.1914
46.61059887565368 6.232261799867708e-10 83454542.44783884 4500721604560.209 1201692668417.5903
46.43602734428419 6.609804069162324e-10 88842854.26013027 4791314431198.072 1284072267561.0498
46.26275858553686 6.733043522707272e-10 90838273.44466983 4898927821321.496 1317811583935.4863
46.09077807034899 6.532898936923441e-10 88466913.38682127 4771039858228.044 1288180761721.5835
45.920071484903254 6.44055926418968e-10 87540697.01449765 4721088808049.801 1279415066981.427
45.75062472665637 6.534548438793398e-10 89147163.1795349 4807725877332.125 1307701438634.3767
45.58242390045543 6.634687580980114e-10 90847302.51976274 4899414761302.807 1337540229835.6465
45.415455314739475 6.605069948889391e-10 90774261.31763008 4895475633403.724 1341360323552.5898
45.249705477824364 6.633403340442261e-10 91497583.27081388 4934484543479.311 1356983249456.8376
45.08516109426864 6.689319008571598e-10 92605601.44101866 4994240204113.3955 1378410296335.2842
44.92180906131839 6.660293699000403e-10 92539067.30596612 4990652003755.592 1382410605040.2188
44.759636465429146 7.205186247328327e-10 100472598.78313354 5418509079864.581 1506345524202.4043
44.59863057886286 7.129723034581023e-10 99779221.34099768 5381115083775.2 1501331108373.2373
44.43877885635797 7.16721952163537e-10 100664783.7666379 5428873657776.812 1520084624177.5159
44.28006893187098 7.234419557494689e-10 101972807.98631136 5499415688109.694 1545335808358.84
44.122488615387454 7.274472948229046e-10 102903585.74773897 5549612734993.27 1564990791268.042
43.96602588980097 7.390679767994718e-10 104919484.62105556 5658330599181.613 1601307559568.399
43.81066890785821 7.474912518365065e-10 106491563.91905083 5743113177253.88 1631044142340.0525
43.65640598916856 7.612639791356118e-10 108836928.23806389 5869599184504.406 1672835767583.7373
43.50322561727674 7.793779851054443e-10 111819011.69424462 6030423593148.466 1724701147640.4517
43.35111643679675 7.962577623481726e-10 114641633.99209899 6182648226881.336 1774420041115.0022
43.20006725060583 8.527567059478034e-10 123205386.44760035 6644493257266.241 1913614058092.5984
43.05006701709677 8.692097978327765e-10 126020081.47905411 6796290371799.942 1964127917450.2463
42.901104847487446 8.668592098899604e-10 126115674.12453389 6801445703937.996 1972419254141.9307
42.75317000318576 8.779365876232878e-10 128169237.77213325 6912194837586.014 2011448697737.5493
42.606251893209176 8.81152611688764e-10 129082324.34151281 6961437794639.058 2032739836034.5488
42.460340071657086 8.949911611477833e-10 131560117.57976207 7095065722273.936 2078854256626.2803
42.31542423523505 9.136351688603879e-10 134760646.01743525 7267670916226.659 2136695249370.626
42.17149422082949 9.294089987764427e-10 137555151.2471181 7418379190364.656 2188421861157.5618
42.02854000313176 9.679243334381226e-10 143742793.03311214 7752080056137.292 2294615696616.549
41.88655169231036 9.696988091315558e-10 144494470.72306302 7792618197256.96 2314407604585.3594
41.745519531730196 9.944308052135404e-10 148680383.91575542 8018365405120.924 2389472890725.9614
41.605433895717674 1.1059669432977661e-09 165913248.1082838 8947737514832.525 2675373516934.8403
41.46628528737079 1.1302809139584723e-09 170129739.75318712 9175133825267.34 2752540147580.228
41.328064336412886 1.1290249264012655e-09 170509052.1726848 9195590226455.785 2767872658163.1143
41.19076179708925 1.1708749428762608e-09 177418810.3624392 9568234986761.697 2889606966002.0825
41.054368546105515 1.15383105343291e-09 175417057.30813554 9460280009665.875 2866464842928.742
40.918875580606816 1.1575567348880857e-09 176566199.7864909 9522253513172.701 2894765068004.492
40.784274016196925 1.1734620897468157e-09 179583033.16239142 9684951992536.605 2953910357723.6294
40.65055508499628 1.2112325889913123e-09 185973062.0746078 10029567639994.646 3069047697838.3774
40.51771013373812 1.2435890562555612e-09 191567121.36493546 10331256472821.271 3171695737156.199
40.38573062190184 1.2570175916469289e-09 194268499.7262243 10476942394715.139 3226898257572.1333
40.254608119882676 1.2830098018144102e-09 198931403.18684042 10728413791353.5 3315079861528.324
40.124334307196975 1.3454438391380526e-09 209289147.52048376 11287009193468.09 3498972849975.01
39.99490097072214 1.5275243319566008e-09 238381465.79951334 12855964238509.633 3998204878176.539
39.866300002970625 1.515819227084933e-09 237317877.63463444 12798604697715.11 3993164665686.8374
39.73852340039699 1.5176927641875554e-09 238375223.26212034 12855627577111.848 4023811431636.0737
39.61156326173758 1.4899222473590103e-09 234763511.9938294 12660847203775.184 3975506021985.338
39.485411786381725 1.474021427342944e-09 233000096.0489931 12565745798771.24 3958209926612.829
39.36006127277416 1.4684256439633446e-09 232854786.30941263 12557909212947.387 3968299311291.519
39.235504116847665 1.4382266076003915e-09 228790009.79837713 12338694932641.904 3911366293647.325
39.111732810485364 1.4390164561513735e-09 229640073.85172507 12384539071713.836 3938283424805.1787
38.988739940012145 1.471764325251317e-09 235606922.6702286 12706332524782.834 4053320075405.495
38.866518184714295 1.4629852548943763e-09 234938010.78416237 12670257961447.387 4054482547663.232
38.745060315387065 1.4948918924707371e-09 240814381.7794156 12987171925852.354 4168882188198.657
38.624359192909225 1.4977526863064826e-09 242029216.456181 13052688223890.945 4202965608092.8457
38.50440776684429 1.5394923966479262e-09 249549138.6820397 13458239263220.996 4347011282020.3037
38.38519907406768 1.896450510045106e-09 308366144.8676237 16630253184697.65 5388202031841.659
38.26672623741931 1.8012611445835938e-09 293794963.38845146 15844426201963.096 5149438515637.982
38.1489824643811 1.7817516535794112e-09 291509818.2815008 15721187829901.61 5125107232548.134
38.03196104577871 1.7073232652576895e-09 280192182.23533183 15110825259195.775 4941239859756.817
37.91565535450721 1.7472814897682323e-09 287629405.75394845 15511916339278.115 5087908559283.202
37.80005884428005 1.6437652811766798e-09 271416535.2157047 14637552708933.855 4815754841239.324
37.68516504840078 1.6508935372556798e-09 273424622.1171476 14745849271781.918 4866130259688.041
37.570967578557145 1.6408839533885874e-09 272592851.74545354 14700991714935.848 4866028257643.83
37.457460123637034 1.6446559947602928e-09 274047422.26018417 14779437018798.082 4906773090240.884
37.344636448565836 1.648878588833546e-09 275581092.5185698 14862148189019.908 4949095346943.656
37.23249039316474 1.6973807193462768e-09 284541851.69801867 15345403878276.293 5125364895344.22
37.12101587102951 1.6922611542757734e-09 284535531.8698423 15345063048569.77 5140596121271.008
37.01020686842943 1.6880707655728157e-09 284680756.33239067 15352895035384.754 5158572731888.955
36.90005744322576 1.8054608175132993e-09 305386616.53433335 16469566574386.166 5550243935568.016
36.79056172380966 2.2973638125841667e-09 389746597.0725949 21019118651867.656 7104462104331.012
36.68171390805874 2.298673398474026e-09 391125945.00181335 21093507185351.25 7150698935833.986
36.57350826231225 2.07850953096825e-09 354710768.91211396 19129628827702.684 6504073801418.941
36.465939120364276 2.0561582540548674e-09 351931475.02175874 18979740904399.258 6472091648400.269
36.359000882474646 2.1410105679876475e-09 367532581.6374685 19821111973496.656 6778820294935.94
36.252688014397236 2.0359726064575947e-09 350526366.987145 18903963122835.363 6484059351132.491
