string
20190129an 29 2019_15.46.   full spectra  index number  Nphoton via eV
eV x-axis E [J] Nphoton Nphoton/sr Nphoton/sr @ 0.1bw
70.04756667188666 2.901026447113243e-10 25849229.930387273 1394054585844.1904 248141716280.2562
69.6540410164266 2.9413708974911446e-10 26356785.893242653 1421427189186.5952 254435466864.39194
69.26491229566443 3.056143395638305e-10 27539079.126316104 1485188520097.3108 267333933617.5151
68.88010722735518 3.0800457720612283e-10 27909517.653429925 1505166350341.6587 272435109411.83475
68.499554148751 3.0338379429697407e-10 27643536.890657127 1490821950021.4824 271329594903.91318
68.12318297210952 3.159962925116571e-10 28951830.693509847 1561378519033.7898 285732268983.18134
67.75092514166083 3.2333396051288147e-10 29786883.504860118 1606413098563.6213 295580010135.6946
67.38271359197788 3.330324018762964e-10 30847996.845267605 1663639171536.7493 307773246734.29047
67.0184827076969 3.2060101424412813e-10 29857901.127548393 1610243094383.65 299505215555.35583
66.65816828453724 3.3199213988547987e-10 31085896.813877746 1676469168527.2317 313499734514.5959
66.3017074915718 3.4498836818416954e-10 32476462.243377555 1751462664237.9785 329274980876.7374
65.94903883470174 3.6100357065373493e-10 34165832.07350208 1842570746189.131 348245871029.74554
65.60010212129062 3.3768165176143115e-10 32128608.970334735 1732702861652.2854 329213543713.9116
65.25483842591538 3.4416241263386835e-10 32918473.944166485 1775300451287.767 339082386195.97156
64.91319005719332 3.655972038362857e-10 35152716.20041592 1895793621552.3843 363992375338.045
64.57510052564542 3.9032841740575623e-10 37727154.85391306 2034633657427.622 392684295883.5405
64.24051451255919 3.8388183266762476e-10 37297311.155977055 2011452093415.168 390221706122.5315
63.90937783981403 3.575077486667953e-10 34914822.96849561 1882963987873.048 367177977635.2476
63.5816374406355 3.677551763959051e-10 36100736.40550928 1946920557168.7424 381596429205.0669
63.257241331244494 3.952334247377715e-10 38997107.18624645 2103122462605.2065 414315125133.21106
62.936138583370145 4.1646060345708775e-10 41301212.8641182 2227383382375.6177 441021909710.3642
62.61827929759554 3.9227388002030873e-10 39100043.144123435 2108673821176.163 419626090414.05194
62.30361457750712 3.8414852018739925e-10 38483529.48715206 2075425105719.221 415085021143.8419
61.99209650461958 3.9427701598115366e-10 39696673.18902481 2140850209114.4915 430310892032.0137
61.683678114049336 4.350785010080544e-10 44023679.31142011 2374206589329.5166 479589731044.55975
61.378313370910476 4.705541309838216e-10 47850184.32793009 2580570836171.187 523855879742.7236
61.07595714740844 4.2377697042297654e-10 43306795.086505495 2335544867338.0713 476451152936.9641
60.776565200607415 4.196656380710046e-10 43097912.3511573 2324279776041.3467 476477354088.4835
60.48009415084836 4.1733997126202837e-10 43069169.57065305 2322729671644.4355 478482312358.74133
60.18650146079569 4.640091958493679e-10 48118985.579853006 2595067346083.975 537178940639.382
59.89574541509136 5.266296117464192e-10 54878000.080571525 2959582466491.3887 615593153030.2018
59.60778510059573 4.4845069117104927e-10 46957037.31015046 2532403223467.759 529272273704.73895
59.322580387195735 4.354110103805871e-10 45810849.82400747 2470589083332.9106 518823707499.908
59.04009190916147 4.4113315900380764e-10 46634964.86689955 2515033786633.582 530672128979.6865
58.76028104703274 4.700082947171817e-10 49924144.663794585 2692419967648.4873 570793033141.4768
58.483109910018435 5.610632997719604e-10 59878426.28264204 3229256537902.591 687831642573.2422
58.208541318891584 5.147273208728305e-10 55192425.38010654 2976539491203.6387 636979451117.589
57.93653878936406 4.622750694957691e-10 49800866.71638593 2685771561162.8276 577440885649.9823
57.66706651592514 4.6180999112914433e-10 49983244.05554016 2695607210684.562 582251157507.8657
57.40008935612919 4.77173193042754e-10 51886269.12927145 2798237766339.6426 607217595295.6858
57.13557281531753 5.308630583157791e-10 57991573.64166037 3127498165059.1294 681794599982.8846
56.873483031761026 6.214397324046628e-10 68199024.97685312 3677988233116.397 805479423052.4938
56.61378676220961 5.345621625398202e-10 58933873.32499408 3178316591694.2163 699229650172.7185
56.35645136783592 4.788563579150598e-10 53033537.161862895 2860110180579.202 632084349907.991
56.10144480056064 4.745849881132904e-10 52799392.490503214 2847482707585.2686 632141161083.9125
55.8487355897473 5.123223995578736e-10 57255732.34691984 3087814084173.5835 688582540770.7052
55.59829282925516 5.980189534993815e-10 67133991.14122394 3620550726984.2427 811003362844.4775
55.35008616483884 6.77181296368286e-10 76361706.98443507 4118203447113.18 926595775600.4635
55.104085781884 5.924781941646661e-10 67108501.963288195 3619176090080.6904 817933796358.2174
54.86026239346858 5.097333749770286e-10 57992811.574628904 3127564927053.061 709957238441.059
54.61858722873965 5.055028910011038e-10 57765981.40427945 3115331926687.671 710295679284.7444
54.37903202159604 5.432424403944498e-10 62352115.61646407 3362663141080.1426 770049859307.3652
54.141568999667676 6.444588511819643e-10 74293929.67309314 4006687767491.6323 921538186523.0677
53.90617087358216 7.618469605332469e-10 88210082.94800958 4757188936866.981 1098910644416.2737
53.67281082651038 7.10483352379602e-10 82620637.44362316 4455748926518.505 1033733750952.2864
53.441462503982315 5.831362098699486e-10 68105259.1633709 3672931422424.848 855793021424.9719
53.21210000396522 5.429251779881349e-10 63682273.35813527 3434398837062.8315 803649327872.6876
52.98469786719613 5.506226111546448e-10 64862331.31187582 3498039618873.5137 822039310435.2524
52.75923106776125 6.349307440319204e-10 75113305.45711441 4050876881531.8057 956006944041.5109
52.535675003914804 7.770019196688594e-10 92311700.2161256 4978390047205.403 1179878441187.674
52.31400548913035 8.737159352491623e-10 104241645.40393902 5621774582943.176 1337982350740.4722
52.0941987433777 7.60994037051332e-10 91176069.4440028 4917145232951.093 1175197710675.2976
51.8762313846188 6.03134340103382e-10 72566238.58901623 3913513011989.6045 939243122877.46
51.66008042051621 5.677392462611909e-10 68593476.36888202 3699261082382.366 891521920854.1597
51.445723240348094 5.815804400661355e-10 70558524.36390442 3805236547657.044 920867244533.0109
51.23313760712352 6.77892873877987e-10 82584603.83111815 4453805625967.873 1082274767110.1859
51.022301649892555 8.369380403979397e-10 102381676.44784683 5521466053066.235 1347237716948.1228
50.81319385624545 1.0145175391454545e-09 124615493.33998564 6720540628315.749 1646532453937.3628
50.60579306499547 8.522345254130312e-10 105110926.40191807 5668655096013.909 1394489153619.381
50.400078459040195 6.873723069525045e-10 85123562.99863108 4590732245456.127 1133910864627.6472
50.196029558396305 6.044016875211304e-10 75152819.17416373 4053007864876.5586 1005145950489.3815
49.99362621340277 5.884887231846517e-10 73470413.00981477 3962275334933.526 986606558398.452
49.7928485980879 6.475214061501937e-10 81166371.68337527 4377320058131.7324 1094330014532.9341
49.59367720369555 8.115416101187124e-10 102134732.59406744 5508148317383.808 1382545227663.3005
49.39609283236608 1.0633702481887947e-09 134363368.10270035 7246245631977.099 1826053899258.2505
49.200076590967804 1.1134687543918384e-09 141254154.71024886 7617867250733.1045 1927320414435.3818
49.00560988507464 8.97982908183881e-10 114369769.79928789 6167986531901.029 1566668579102.8508
48.81267441308616 6.654541410562601e-10 85089212.40933187 4588879710712.618 1170164326231.7483
48.621252160485824 6.042555433259473e-10 77568158.08075675 4183267616837.125 1070916509910.2865
48.43132539423392 6.004526087071315e-10 77382250.57313326 4173241584562.9204 1072523087232.655
48.242876657291376 6.463313765772424e-10 83620164.6009671 4509653643259.528 1163490639960.946
48.055888763270865 8.505021934223984e-10 110463245.54303363 5957306830075.915 1542942468989.6213
47.8703447912119 1.117780688943013e-09 145740086.0692901 7859794503486.665 2043546570906.5269
47.68622808047647 1.3125810477797576e-09 171799593.70851335 9265189411850.832 2418214436493.054
47.503522225762 1.0257477108647684e-09 134773255.48484114 7268350947543.242 1904307948256.3284
47.322211072228555 7.32733264403516e-10 96642877.96684244 5211971404242.089 1370748479315.6377
47.14227871073719 6.228018189472663e-10 82457141.64160684 4446931562396.598 1173989932472.7021
46.963709473196516 6.176739806914567e-10 82089174.67829075 4427087024124.805 1173178061393.0347
46.78648792801464 6.259593687909307e-10 83505421.6148851 4503465529092.421 1197921830738.5793
46.61059887565368 7.672633503908683e-10 102742172.7457357 5540907696728.551 1479422355026.5408
46.43602734428419 1.067675562392464e-09 143507044.07302886 7739366063503.966 2074150105019.0085
46.26275858553686 1.4592476078240208e-09 196873126.95358875 10617410506937.453 2856083426366.1836
46.09077807034899 1.4076300727110596e-09 190617808.30465278 10280059813243.684 2775616149575.8193
45.920071484903254 9.649266886941964e-10 131153757.66487694 7073150643783.225 1916823824465.1506
45.75062472665637 7.199383761659867e-10 98217136.96123353 5296871533814.517 1440749057197.591
45.58242390045543 6.460681465147484e-10 88464675.44766772 4770919165683.305 1302460932231.523
45.415455314739475 6.2382561883638e-10 85733096.21105142 4623604504021.943 1266867634101.9836
45.249705477824364 6.370068132815956e-10 87865279.632495 4738593619153.384 1303113245267.2068
45.08516109426864 7.993096727574566e-10 110654840.78196779 5967639602935.353 1647068530410.1416
44.92180906131839 1.1740143750293687e-09 163119225.93641758 8797055292107.523 2436784315913.6426
44.759636465429146 1.679645122253995e-09 234217832.36879995 12631418583049.436 3511534366087.862
44.59863057886286 1.7160237082154253e-09 240154503.30671713 12951584536462.322 3613492085672.8833
44.43877885635797 1.2510122060904716e-09 175706733.74154925 9475902322651.557 2653252650342.4507
44.28006893187098 8.72340488793919e-10 122960810.40850331 6631303218344.036 1863396204354.6934
44.122488615387454 6.986379033909147e-10 98828253.13923201 5329829162057.857 1503011823700.258
43.96602588980097 6.57991127617907e-10 93409662.11776386 5037603371090.991 1425641754018.7527
43.81066890785821 6.593316259258203e-10 93931876.54520999 5065766508613.3 1438677688446.1335
43.65640598916856 7.588367735037087e-10 108489913.78260729 5850884619533.37 1667502116566.992
43.50322561727674 1.0927626435230092e-09 156780972.96859288 8455231932578.755 2418196332717.5107
43.35111643679675 1.6977938790373269e-09 244440774.93277314 13182744096440.273 3783447555678.484
43.20006725060583 2.3742633938181867e-09 343031062.58031106 18499739727833.496 5327925041615.826
43.05006701709677 2.203276084527021e-09 319436150.3807666 17227260986960.104 4978678425231.63
42.901104847487446 1.5202106526665239e-09 221169007.70619217 11927692634161.463 3459030863906.6694
42.75317000318576 1.058977310625661e-09 154599223.49097267 8337569709269.572 2426232785397.4688
42.606251893209176 8.35821257499838e-10 122441617.06035255 6603303008284.45 1928164478419.0063
42.460340071657086 7.73097918657194e-10 113642298.93485545 6128753870140.459 1795724883951.1694
42.31542423523505 7.73959441342973e-10 114158558.97575484 6156595886302.723 1810039190572.9905
42.17149422082949 8.524827447728919e-10 126169848.84713787 6804367358497.389 2007288370756.7188
42.02854000313176 1.1869533113539098e-09 176269960.6568154 9506277272551.889 2813858072675.2495
41.88655169231036 1.990201080440764e-09 296559147.06990457 15993499228417.762 4750069270840.162
41.745519531730196 2.960289306787949e-09 442601886.7551316 23869615907162.855 7113145540334.311
41.605433895717674 3.42920158656217e-09 514436690.07693654 27743682456288.77 8295361054430.079
41.46628528737079 2.5599298290156577e-09 385320313.0464045 20780408192733.016 6234122457819.964
41.328064336412886 1.8186183082833498e-09 274653709.3717596 14812134214440.121 4458452398546.353
41.19076179708925 1.3546538898275703e-09 205266226.80613443 11070052205370.988 3343155766022.096
41.054368546105515 1.0317515473791921e-09 156857297.0677954 8459348107830.019 2563182476672.4795
40.918875580606816 9.630142735025126e-10 146891953.96450812 7921914989316.987 2408262156752.357
40.784274016196925 9.486222442950733e-10 145174233.95636082 7829277976106.042 2387929782712.3145
40.65055508499628 1.0527977585590223e-09 161646924.53293076 8717653757562.664 2667602049814.1885
40.51771013373812 1.4793855302220845e-09 227890094.3909107 12290162299212.248 3773079825858.242
40.38573062190184 2.6202801331769777e-09 404956854.79452 21839411155212.035 6726538635805.037
40.254608119882676 4.231350623813697e-09 656073333.0177097 35382177380388.93 10933092810540.484
40.124334307196975 5.147360829498675e-09 800692476.8233081 43181519224072.016 13386270959461.95
39.99490097072214 4.3924163611969245e-09 685469048.6289657 36967494709469.96 11496890854645.283
39.866300002970625 2.6906923930196754e-09 421256965.65221524 22718479674937.11 7088165658579.887
39.73852340039699 2.128197616025867e-09 334263688.82877886 18026913356717.29 5642423880652.603
39.61156326173758 1.4512693604420146e-09 228673068.34992853 12332388254921.754 3872369912045.363
39.485411786381725 1.2315015649991312e-09 194664729.83809873 10498311170728.8 3306968018779.479
39.36006127277416 1.1710026590584082e-09 185691100.576834 10014361395164.082 3164538200871.9653
39.235504116847665 1.078612277131783e-09 171583331.96558177 9253526369072.059 2933367858995.7236
39.111732810485364 1.165310262072308e-09 185961691.75031883 10028954435935.56 3189207510627.6533
38.988739940012145 1.62170009449919e-09 259609342.47657406 14000788239421.295 4466251448375.141
38.866518184714295 3.0620283613348228e-09 491725292.35684574 26518851843234.234 8486032589835.098
38.745060315387065 5.421814047730069e-09 873408173.9309627 47103092566441.38 15120092713827.871
38.624359192909225 7.038872610431137e-09 1137446013.7599206 61342710630159.77 19752352822911.266
38.50440776684429 6.377289461045388e-09 1033747938.9928297 55750250929751.55 18007331050309.426
38.38519907406768 4.243431707773763e-09 689989361.6016953 37211276170119.08 12056453479117.732
38.26672623741931 2.6231697452846272e-09 427852486.35102874 23074177539089.055 7499107700203.908
38.1489824643811 2.1673902958291407e-09 354603600.3463047 19123849203666.414 6234374840395.506
38.03196104577871 1.4834005515614236e-09 243443784.85837433 13128976205133.656 4293175219078.531
37.91565535450721 1.3235766658222306e-09 217881075.3101599 11750373725746.082 3854122582044.7
37.80005884428005 1.17594112367071e-09 194169976.1269387 10471628995601.592 3445165939552.9854
37.68516504840078 1.1293018128407008e-09 187037452.4243817 10086970442794.832 3328700246122.3
37.570967578557145 1.1979862274079593e-09 199016195.7562747 10732986673044.123 3552618588777.6514
37.457460123637034 1.6711562445615612e-09 278463133.0048174 15017577258561.318 4985835649842.276
37.344636448565836 3.2338636822949192e-09 540483509.615713 29148393092639.37 9706414899848.963
37.23249039316474 6.205337148131642e-09 1040236938.2514884 56100204069494.36 18737468159210.887
37.12101587102951 9.130135634735283e-09 1535134215.1353636 82790121727379.19 27734690778672.758
37.01020686842943 9.2356593369815e-09 1557526223.9601805 83997727627924.94 28223236482981.02
36.90005744322576 7.001634560736908e-09 1184299026.5821967 63869503790397.336 21524022777363.43
36.79056172380966 3.526133114002822e-09 598206681.2751465 32261416280487.16 10904358702804.268
36.68171390805874 2.9095897250945835e-09 495075129.6598539 26699509296731.55 9051133651591.885
36.57350826231225 2.2491073499623574e-09 383824363.3645485 20699731301398.164 7037908642475.407
36.465939120364276 1.5019706638900404e-09 257076881.18841022 13864212051977.988 4727696309724.583
36.359000882474646 1.3253032033614345e-09 227505699.90957898 12269431821325.021 4196145682893.2095
36.252688014397236 1.2327140710990481e-09 212232121.15220678 11445724400782.605 3925883469468.4106
