string
integrated and resized binned spectra ROIsize spatial in px50:1600
converted file:an 29 2019_13.00.23_5 binning:0.1
nm muJ
17.500000000000007 0.00021452419903254528
17.60000000000001 0.00021462371901742093
17.70000000000001 0.00021730067729905443
17.80000000000001 0.00021960218593928188
17.900000000000013 0.00022689803395585414
18.000000000000014 0.0002266175068240144
18.100000000000016 0.00023312948376137923
18.200000000000017 0.0002420902487845907
18.30000000000002 0.00024191507675714008
18.40000000000002 0.00024747350745089907
18.50000000000002 0.00024773558202467136
18.600000000000023 0.00025572828558170736
18.700000000000024 0.0002626612973832404
18.800000000000026 0.00026197195010101783
18.900000000000027 0.0002619889905206113
19.00000000000003 0.00027146227742292625
19.10000000000003 0.0002838083932654845
19.20000000000003 0.00028497809147721564
19.300000000000033 0.00030491987304957037
19.400000000000034 0.00028842164564977087
19.500000000000036 0.0002936129866993371
19.600000000000037 0.0003058716416934118
19.70000000000004 0.0002935941301670817
19.80000000000004 0.0003012139284817798
19.90000000000004 0.00030929628541335455
20.000000000000043 0.0003246601526170545
20.100000000000044 0.0003290162621788925
20.200000000000045 0.00032750205639877304
20.300000000000047 0.00033493721278565525
20.40000000000005 0.0003492652891236968
20.50000000000005 0.00035184390830085
20.60000000000005 0.0003602047078521945
20.700000000000053 0.00035492608238401116
20.800000000000054 0.0003577885344936362
20.900000000000055 0.00035732172478355497
21.000000000000057 0.00037655069222537947
21.10000000000006 0.0003912784378051815
21.20000000000006 0.0003807726511876475
21.30000000000006 0.00036763392648204475
21.400000000000063 0.0003750525017115575
21.500000000000064 0.0003935531191245205
21.600000000000065 0.00041568641417139685
21.700000000000067 0.00041860277992230774
21.800000000000068 0.00039963360294421104
21.90000000000007 0.0003893923943304767
22.00000000000007 0.00039655055832849234
22.100000000000072 0.0004129603316557672
22.200000000000074 0.00044428879046875576
22.300000000000075 0.00045521239341271314
22.400000000000077 0.00042830166429079595
22.500000000000078 0.00041932461164881347
22.60000000000008 0.0004191054932591754
22.70000000000008 0.00043502400670297476
22.800000000000082 0.0004870346552756001
22.900000000000084 0.0005191847930304745
23.000000000000085 0.0004762863711784001
23.100000000000087 0.0004599616808893192
23.200000000000088 0.0004669893973211351
23.30000000000009 0.0004602776827226569
23.40000000000009 0.0005007145362309677
23.500000000000092 0.000566075612097557
23.600000000000094 0.0005640746628820576
23.700000000000095 0.0005144558116607737
23.800000000000097 0.0004928368635311256
23.900000000000098 0.00048812143159246684
24.0000000000001 0.0004829732128968744
24.1000000000001 0.0005281714303243233
24.200000000000102 0.0006252318100574395
24.300000000000104 0.0006265180739690596
24.400000000000105 0.0005782672116310304
24.500000000000107 0.0005074997396211509
24.600000000000108 0.0005083138097916
24.70000000000011 0.0005112931302071459
24.80000000000011 0.0005269455367761223
24.900000000000112 0.0006366093590201066
25.000000000000114 0.0007201296720831332
25.100000000000115 0.0006937168889802441
25.200000000000117 0.0005816102455168059
25.300000000000118 0.0005483633162540307
25.40000000000012 0.0005239635908756994
25.50000000000012 0.0005256346759598849
25.600000000000122 0.0005513357367504634
25.700000000000124 0.000679568479209846
25.800000000000125 0.00079917632586918
25.900000000000126 0.0007546984743155254
26.000000000000128 0.0006339305909147583
26.10000000000013 0.0005765315801701177
26.20000000000013 0.0005502276250096778
26.300000000000132 0.0005443747687700217
26.400000000000134 0.0005602792630677624
26.500000000000135 0.0006437889015043589
26.600000000000136 0.000846434961905389
26.700000000000138 0.0008951389341325904
26.80000000000014 0.000818026264912131
26.90000000000014 0.0006561175398649539
27.000000000000142 0.0005737552813129553
27.100000000000144 0.0005647193766732976
27.200000000000145 0.0005746494032166736
27.300000000000146 0.0005762059727557123
27.400000000000148 0.000665929210277931
27.50000000000015 0.0009268157652597574
27.60000000000015 0.0009877377047142874
27.700000000000152 0.0009233304294648102
27.800000000000153 0.0007713436583243512
27.900000000000155 0.0006379905863173476
28.000000000000156 0.0006097104476394906
28.100000000000158 0.0005976395479606306
28.20000000000016 0.0006191049784380207
28.30000000000016 0.0006428042313670918
28.400000000000162 0.0008502056868148272
28.500000000000163 0.0011873890106983815
28.600000000000165 0.0012908499579056415
28.700000000000166 0.0011641911444580234
28.800000000000168 0.0009171258955141053
28.90000000000017 0.0007342038305285877
29.00000000000017 0.0007028983174356791
29.100000000000172 0.0006964681266594958
29.200000000000173 0.0007328925988972765
29.300000000000175 0.0007562793482157574
29.400000000000176 0.0008990608216263986
29.500000000000178 0.0013604010152506486
29.60000000000018 0.0017577553175111664
29.70000000000018 0.0018060588448124092
29.800000000000182 0.00150080381543077
29.900000000000183 0.0010966932779877452
30.000000000000185 0.0009120743205840858
30.100000000000186 0.0008951085714270058
30.200000000000188 0.0008744717138664472
30.30000000000019 0.0009140840378904832
30.40000000000019 0.0009635748732150357
30.500000000000192 0.0010644470622025728
30.600000000000193 0.0017071636599395813
30.700000000000195 0.0024250203123010127
30.800000000000196 0.0026980088097271894
30.900000000000198 0.002447062772565024
31.0000000000002 0.0017384123770010649
31.1000000000002 0.0012349510514961571
31.200000000000202 0.0011259202362066704
31.300000000000203 0.0010658674896705685
31.400000000000205 0.001043584509454572
31.500000000000206 0.0011152408287485505
31.600000000000207 0.001123856027403357
31.70000000000021 0.0012065566573106416
31.80000000000021 0.0019176970568501016
31.90000000000021 0.0030019126262477154
32.00000000000021 0.0036579251859553646
32.100000000000215 0.0033434855720836237
32.200000000000216 0.002435883017462037
32.30000000000022 0.0017040787775214146
32.40000000000022 0.00124106107692268
32.50000000000022 0.0011836496028195408
32.60000000000022 0.0011070537220070023
32.70000000000022 0.0011252267882326658
32.800000000000225 0.001175804573355997
32.900000000000226 0.0012317250880552696
33.00000000000023 0.0012676943297708918
33.10000000000023 0.0021105924626934006
33.20000000000023 0.003531281798626328
33.30000000000023 0.004833345599982078
33.40000000000023 0.00497112620447215
33.500000000000234 0.003818706741885542
33.600000000000236 0.0025466423528551934
33.70000000000024 0.0015393688211806707
33.80000000000024 0.0013144980398435955
33.90000000000024 0.0012165961461299917
34.00000000000024 0.0011357078869442293
34.10000000000024 0.0011703281743771661
34.200000000000244 0.001275010704718258
34.300000000000246 0.001328137688120422
