string
20190129an 29 2019_16.42.   full spectra  index number  Nphoton via eV
eV x-axis E [J] Nphoton Nphoton/sr Nphoton/sr @ 0.1bw
70.04756667188666 1.726711106018788e-10 15385641.329553401 829750979405.5396 147695674334.18027
69.6540410164266 1.7640757184211504e-10 15807379.494219143 852495410247.8158 152596678434.35385
69.26491229566443 1.8057110903585811e-10 16271363.662981987 877518177268.9166 157953271908.40448
68.88010722735518 1.8404462108692336e-10 16677013.854267482 899394980211.713 162790491418.31677
68.499554148751 1.8969179128642173e-10 17284219.292043217 932141701385.2405 169649789652.11588
68.12318297210952 1.9767273677958547e-10 18110932.765941154 976726538634.5618 178740956570.12344
67.75092514166083 1.9895042565485627e-10 18328149.45520529 988441081876.5092 181873159065.27045
67.38271359197788 2.0664443221938722e-10 19140980.74926529 1032277250151.292 190971291277.98398
67.0184827076969 2.1112515565832407e-10 19662302.18593252 1060392228486.894 197232954498.56027
66.65816828453724 2.1578473793596424e-10 20204882.259564642 1089653689732.413 203765239979.96356
66.3017074915718 2.220330367724333e-10 20901712.0590945 1127233872206.0706 211919967974.73965
65.94903883470174 2.2935420845672275e-10 21706370.81869624 1170629293922.0513 221248936551.26755
65.60010212129062 2.2931156730027438e-10 21817773.15923032 1176637246349.011 223561076806.29675
65.25483842591538 2.3715871568705694e-10 22683775.788385175 1223340956276.8357 233658122648.88116
64.91319005719332 2.446453537780051e-10 23523015.49592709 1268601336027.8784 243571456517.3441
64.57510052564542 2.5034875132446214e-10 24197433.974896826 1304972871114.9097 251859764125.18362
64.24051451255919 2.6218540583049203e-10 25473491.657217186 1373790939143.668 266515442193.86398
63.90937783981403 2.573484471952147e-10 25133092.942868285 1355433162527.8274 264309466692.92865
63.5816374406355 2.611959000237918e-10 25640330.693285808 1382788604604.3274 271026566502.44345
63.257241331244494 2.695811520567292e-10 26599180.191106394 1434499566330.1091 282596414567.0215
62.936138583370145 2.7109765899208124e-10 26885285.253998306 1449929274527.6768 287085996356.47473
62.61827929759554 2.801642889279814e-10 27925478.453879226 1506027119777.3445 299699396835.68835
62.30361457750712 2.8844583498605087e-10 28896151.3914378 1558375722176.8167 311675144435.36163
61.99209650461958 2.9435936709082413e-10 29636745.541594476 1598316125587.5044 321261541243.08905
61.683678114049336 3.024725689925439e-10 30605868.474256415 1650581135886.1655 333417389449.00366
61.378313370910476 3.093266021226671e-10 31455116.328817878 1696381257180.224 344365395207.5675
61.07595714740844 3.177212261003935e-10 32468701.684354212 1751044135603.882 357213003663.1901
60.776565200607415 3.278117286000756e-10 33664898.58885483 1815555294535.2122 372188835379.7243
60.48009415084836 3.2648787700427633e-10 33693302.1175465 1817087103008.1692 374319943219.67316
60.18650146079569 3.3376702080074127e-10 34612526.22707746 1866661058934.9478 386398839199.5336
59.89574541509136 3.40661528891503e-10 35498997.76421495 1914468661517.109 398209481595.5541
59.60778510059573 3.415421815772571e-10 35762703.18913671 1928690352372.6655 403096283645.8699
59.322580387195735 3.494302583460255e-10 36764566.59895161 1982721063716.995 416371423380.5664
59.04009190916147 3.5871185181863967e-10 37921689.32546362 2045124943740.6055 431521363129.2683
58.76028104703274 3.6466764368348213e-10 38734891.28189577 2088981101917.644 442863993606.5386
58.483109910018435 3.667400532646376e-10 39139642.98364232 2110809449124.41 449602412663.493
58.208541318891584 3.674655084063867e-10 39402051.97985429 2124961223298.001 454741701785.77954
57.93653878936406 3.7629739773187084e-10 40538497.0697393 2186249953886.1377 470043740085.4988
57.66706651592514 3.8614845344196613e-10 41794142.094820336 2253967162875.3667 486856907181.07947
57.40008935612919 3.9415783881389084e-10 42859448.10457348 2311419347417.156 501577998389.50903
57.13557281531753 3.9325726078556587e-10 42959492.17358816 2316814745793.51 505065614582.981
56.873483031761026 4.00820469045956e-10 43987475.78292765 2372254125172.7666 519523653412.8377
56.61378676220961 4.0342738162387567e-10 44476657.47888481 2398635800309.574 527699876068.0995
56.35645136783592 4.1151749347249835e-10 45575730.42958662 2457909043312.5317 543197898572.05853
56.10144480056064 4.159783909177832e-10 46279184.71874004 2495846485950.7466 554077919881.0508
55.8487355897473 4.2719502561376527e-10 47742132.820242435 2574743594887.597 574167821659.9309
55.59829282925516 4.32342587953684e-10 48535056.12123792 2617506120771.435 586321371052.8066
55.35008616483884 4.32971703092941e-10 48823643.685152695 2633069710788.485 592440684927.4077
55.104085781884 4.3782339223542076e-10 49591144.90083368 2674461218088.41 604428235287.9669
54.86026239346858 4.3937935832635195e-10 49988573.61135083 2695894634787.2676 611968082096.7219
54.61858722873965 4.5144202684766865e-10 51588214.809904434 2782163632144.418 634333308128.8875
54.37903202159604 4.680338352859745e-10 53719845.21124382 2897122922781.497 663441149316.9738
54.141568999667676 4.890748286234929e-10 56381087.56826512 3040644301245.7393 699348189286.5142
53.90617087358216 4.723759041369414e-10 54693816.2717028 2949649393665.4995 681369009936.731
53.67281082651038 4.806699963912292e-10 55896118.28181039 3014489802268.5366 699361634126.296
53.441462503982315 4.902560074838831e-10 57257655.89747171 3087917821672.7334 719484852449.732
53.21210000396522 4.900970854863871e-10 57485815.42234456 3100222514416.37 725452068373.417
52.98469786719613 5.031889230140086e-10 59274730.05251154 3196699069059.74 751224281229.0177
52.75923106776125 5.370030231476391e-10 63528302.08369095 3426095132782.069 808558451336.5723
52.535675003914804 5.389645734372366e-10 64031677.233762406 3453242263982.762 818418416563.9102
52.31400548913035 5.192144702421845e-10 61946644.79839787 3340796011774.0312 795109450802.2172
52.0941987433777 5.286832771092969e-10 63342497.891805075 3416074672348.039 816441846691.1719
51.8762313846188 5.270551984161301e-10 63412760.20080442 3419863933936.7334 820767344144.7766
51.66008042051621 5.307688540980598e-10 64126764.33886081 3458370332218.2207 833467250064.6001
51.445723240348094 5.550876403436048e-10 67344363.90404153 3631896175786.097 878918874540.2415
51.23313760712352 5.919553749268844e-10 72115229.42316215 3889189989694.169 945073167495.6768
51.022301649892555 5.905787006023804e-10 72244819.23812859 3896178796568.462 950667626362.6774
50.81319385624545 5.715560001652802e-10 70205521.52505822 3786199027868.841 927618761827.8684
50.60579306499547 5.637108352318301e-10 69525660.30494997 3749533964569.7837 922385355284.1399
50.400078459040195 5.725699146435735e-10 70906538.868827 3824005045513.04 944529246241.7074
50.196029558396305 5.717570418520893e-10 71093702.19348137 3834098804272.5435 950856503459.5859
49.99362621340277 5.823525894246694e-10 72704341.77706507 3920960946923.746 976319275784.0168
49.7928485980879 6.309689617581608e-10 79091533.93896793 4265423607821.101 1066355901955.2762
49.59367720369555 6.476347597127057e-10 81506606.90362442 4395669017475.2544 1103312923386.2607
49.39609283236608 6.308566030062787e-10 79712610.0848953 4298918379298.6323 1083327431583.2682
49.200076590967804 6.081220694747014e-10 77146097.31569295 4160505788085.297 1052607964385.5289
49.00560988507464 6.172774529490846e-10 78618289.44924767 4239901429678.979 1076934963138.4534
48.81267441308616 6.044489169784471e-10 77288695.2145684 4168196123750.7856 1062890011556.4781
48.621252160485824 5.996533593176483e-10 76977376.67938548 4151406647514.9824 1062760101763.8181
48.43132539423392 6.182536664107808e-10 79676329.88549821 4296961780263.34 1104319177527.6624
48.242876657291376 6.506584195817811e-10 84179982.7706978 4539844758772.59 1171279947763.3157
48.055888763270865 6.881458692303129e-10 89376402.2128276 4820088788199.365 1248402996143.6025
47.8703447912119 6.544287252794341e-10 85326665.32164705 4601685597859.99 1196438255443.594
47.68622808047647 6.504669971422452e-10 85137573.80457418 4591487851264.461 1198378329180.0178
47.503522225762 6.464244773123875e-10 84933878.29160173 4580502507997.376 1200091657095.3118
47.322211072228555 6.433493655512861e-10 84853707.67987767 4576178889490.177 1203535047935.8887
47.14227871073719 6.32574377161706e-10 83750999.80382445 4516709614173.337 1192411338141.7612
46.963709473196516 6.492137495698056e-10 86280825.41590051 4653143659032.633 1233083069643.607
46.78648792801464 6.833498841360597e-10 91161540.23780355 4916361669704.323 1307752204141.345
46.61059887565368 7.09164725447903e-10 94962342.0563916 5121339737498.091 1367397709912.0066
46.43602734428419 7.376726531126892e-10 99151114.5056981 5347241145692.421 1433060627045.5312
46.26275858553686 7.21063187613275e-10 97281615.34438317 5246418649777.398 1411286616790.1245
46.09077807034899 7.000994145592294e-10 94805743.7716053 5112894357978.871 1380481476654.3076
45.920071484903254 6.595533913630843e-10 89647127.25994058 4834689048804.695 1310200732226.002
45.75062472665637 6.68322540683258e-10 91175479.29884654 4917113406294.607 1337454846512.1726
45.58242390045543 6.747029794633632e-10 92385579.48381735 4982374372162.157 1360188203600.2488
45.415455314739475 6.728026251741236e-10 92464064.40103267 4986607080798.286 1366330340138.6992
45.249705477824364 7.060585333998953e-10 97389900.98786674 5252258518055.328 1444371092465.2441
45.08516109426864 7.481628218080592e-10 103574172.49882294 5585777624162.985 1541674624268.9695
44.92180906131839 7.671346215817042e-10 106586774.67923157 5748247914234.792 1592264672242.945
44.759636465429146 7.813921593588298e-10 108961098.60957012 5876295719615.525 1633610210053.1711
44.59863057886286 7.773555614714564e-10 108789545.19342563 5867043806613.185 1636905222045.031
44.43877885635797 7.267533020853341e-10 102073703.45678686 5504857002751.797 1541359960770.512
44.28006893187098 7.254080054648576e-10 102249932.65198156 5514361081534.12 1549535463911.1038
44.122488615387454 7.235300415771693e-10 102349457.07321243 5519728455192.602 1556563424364.254
43.96602588980097 7.351132252792139e-10 104358060.6325523 5628052881513.287 1592738965468.2625
43.81066890785821 7.495407297377691e-10 106783543.3989267 5758859694035.6 1635516153106.0608
43.65640598916856 8.280083414892819e-10 118379283.55090821 6384220479585.517 1819502836681.852
43.50322561727674 8.742276972553344e-10 125427300.9643725 6764321589862.669 1934595974700.7126
43.35111643679675 9.310704240231984e-10 134051358.5160667 7229418887186.428 2074843220622.5737
43.20006725060583 9.558348164031906e-10 138098002.7640316 7447655290605.311 2144924723694.2407
43.05006701709677 9.432846450363724e-10 136759627.1024705 7375476400417.631 2131512679720.7637
42.901104847487446 8.494200991786573e-10 123578531.7853903 6664617066398.402 1932738949255.4502
42.75317000318576 8.465298354069514e-10 123584191.93942294 6664922319735.04 1939492395042.9153
42.606251893209176 8.540547703281377e-10 125112691.49804491 6747354632995.285 1970227552834.5688
42.460340071657086 8.742893860783885e-10 128517039.52439158 6930951861644.606 2030768895461.8865
42.31542423523505 8.977399882376138e-10 132416116.29452549 7141229918925.298 2099521596164.026
42.17149422082949 9.81198125465403e-10 145220087.95854932 7831750892405.767 2310366513259.6885
42.02854000313176 1.106448552648707e-09 164314502.49859527 8861516816777.436 2623008977766.0186
41.88655169231036 1.1444707093021598e-09 170537168.6975321 9197106556749.064 2731540647354.522
41.745519531730196 1.2747215216470536e-09 190587504.15868476 10278425504068.107 3062970800212.201
41.605433895717674 1.3373100349383536e-09 200618520.26321128 10819400381805.31 3235000714159.685
41.46628528737079 1.1783488941329999e-09 177364926.02994505 9565328993004.014 2869598697901.231
41.328064336412886 1.0721821444788564e-09 161924468.5715572 8732621767861.728 2628519152126.307
41.19076179708925 1.0887321771894268e-09 164971988.55904627 8896975182855.213 2686886505222.321
41.054368546105515 1.0693721320112741e-09 162576758.53551814 8767799907326.955 2656643371920.051
40.918875580606816 1.1009755304723017e-09 167935669.68638012 9056807149906.688 2753269373571.6245
40.784274016196925 1.1328816834038866e-09 173372732.4447961 9350029125660.102 2851758883326.297
40.65055508499628 1.2329230093989473e-09 189303416.57262596 10209174381586.254 3124007360765.4097
40.51771013373812 1.4916736446550867e-09 229783001.61544117 12392247197061.844 3804419889498.069
40.38573062190184 1.5889918298913992e-09 245574175.66908252 13243868644378.695 4079111542468.4746
40.254608119882676 1.7748844638335175e-09 275196850.7065219 14841425944620.326 4586000616887.809
40.124334307196975 1.9374839807294188e-09 301383349.3943754 16253669507825.695 5038637547425.824
39.99490097072214 1.7795211704480038e-09 277707435.5923995 14976822332935.723 4657791745543.061
39.866300002970625 1.4150740546536677e-09 221545132.39158735 11947977120157.232 3727768861488.798
39.73852340039699 1.3712728892709286e-09 215377900.48582926 11615376963659.732 3635612989625.555
39.61156326173758 1.3211405414322233e-09 208168979.21608335 11226598273457.24 3525151857865.5117
39.485411786381725 1.3083338986707073e-09 206809696.52112406 11153291862416.38 3513286936661.061
39.36006127277416 1.351184280182957e-09 214263301.73412165 11555266410835.58 3651464185824.177
39.235504116847665 1.3515124692192706e-09 214995710.30132124 11594765363979.088 3675540620381.222
39.111732810485364 1.423191102069341e-09 227114643.74660516 12248342077499.602 3894972780645.0503
38.988739940012145 1.8473933015202907e-09 295739367.5502123 15949288340825.143 5087822980722.933
38.866518184714295 2.2218188422342036e-09 356797648.7602814 19242174711285.22 6157495907611.373
38.745060315387065 2.4685174651329394e-09 397657188.63801754 21445738573552.598 6884082082110.47
38.624359192909225 2.509307082784822e-09 405491262.1068601 21868231857665.555 7041570658168.244
38.50440776684429 2.2298980104620746e-09 361462732.17799217 19493763673483.29 6296485666534.989
38.38519907406768 1.8451375756637727e-09 300022572.6661848 16180282523248.096 5242411537532.014
38.26672623741931 1.5356580332363495e-09 250473728.92516008 13508102615898.033 4390133350166.8403
38.1489824643811 1.5049616086911582e-09 246224598.24232832 13278946075056.969 4328936420468.7485
38.03196104577871 1.4099822049925878e-09 231394955.46570092 12479180218400.408 4080691931416.7676
37.91565535450721 1.4525551375035055e-09 239112915.3897217 12895411473815.668 4229694963411.523
37.80005884428005 1.455843834775104e-09 240387173.2629277 12964132477747.885 4265199585179.1304
37.68516504840078 1.5176892421746234e-09 251363033.51376447 13556063005561.28 4473500791835.2295
37.570967578557145 1.5408740301094317e-09 255978641.98783454 13804983773300.465 4569449628962.514
37.457460123637034 2.1060731709936447e-09 350932915.7227567 18925888384468.88 6283394943643.565
37.344636448565836 3.1723247846182824e-09 530198363.83908355 28593712946476.445 9521706411176.707
37.23249039316474 3.6774486252509066e-09 616472208.8726377 33246480151972.668 11104324370758.736
37.12101587102951 3.6107800043668e-09 607113864.436123 32741782603428.043 10968497172148.682
37.01020686842943 2.957167728168264e-09 498704653.0427965 26895250281281.03 9036804094509.863
36.90005744322576 2.408087495641983e-09 407318555.7278505 21966778199621.797 7402804253272.383
36.79056172380966 1.8186449479321628e-09 308532186.26375437 16639207833263.172 5624052247642.749
36.68171390805874 1.7557390134289599e-09 298744084.8533894 16111333397754.877 5461742021838.836
36.57350826231225 1.6059418597425023e-09 274064113.44770247 14780337178167.074 5025314640576.828
36.465939120364276 1.5195661505291164e-09 260088519.78889433 14026630375975.129 4783080958207.608
36.359000882474646 1.5670956032912842e-09 269012540.7889602 14507904767236.09 4961703430394.805
36.252688014397236 1.6604256850861868e-09 285869751.48848826 15417017802460.143 5288037106243.798
