string
integrated and resized binned spectra ROIsize spatial in px50:1600
converted file:an 29 2019_16.11.53_35 binning:0.1
nm muJ
17.500000000000007 0.0001594166233669891
17.60000000000001 0.000155626111971669
17.70000000000001 0.00015588310073438806
17.80000000000001 0.00015894450777951183
17.900000000000013 0.00016900139530986937
18.000000000000014 0.0001645971818186252
18.100000000000016 0.0001692855352061579
18.200000000000017 0.00017902563874020613
18.30000000000002 0.00018540689713695012
18.40000000000002 0.00018564768907992162
18.50000000000002 0.0001825918925357683
18.600000000000023 0.00019016301726683908
18.700000000000024 0.00020422869042665374
18.800000000000026 0.00020410436642377954
18.900000000000027 0.00019633083249431663
19.00000000000003 0.00020475396513589214
19.10000000000003 0.00022025227297470875
19.20000000000003 0.00022873657618331444
19.300000000000033 0.00022713101075956483
19.400000000000034 0.00021610024450122877
19.500000000000036 0.00022098957903922086
19.600000000000037 0.00024719097441977815
19.70000000000004 0.00023827570641947948
19.80000000000004 0.00023922196694886299
19.90000000000004 0.00023795778010172078
20.000000000000043 0.0002447683582111107
20.100000000000044 0.00028418881844790954
20.200000000000045 0.00027394847359462195
20.300000000000047 0.0002629127251276934
20.40000000000005 0.0002655543791579801
20.50000000000005 0.00026660382420410435
20.60000000000005 0.0003168266975748033
20.700000000000053 0.00031054536604223934
20.800000000000054 0.00028007388393247977
20.900000000000055 0.0002759900681142368
21.000000000000057 0.00028777647742262954
21.10000000000006 0.0003396562038246835
21.20000000000006 0.00037374275241895834
21.30000000000006 0.00030072106871209233
21.400000000000063 0.0002966322095612413
21.500000000000064 0.00030682210427716877
21.600000000000065 0.00032713716500302624
21.700000000000067 0.0004133095668870962
21.800000000000068 0.0003967940021332236
21.90000000000007 0.0003258436172082504
22.00000000000007 0.0003260722381404698
22.100000000000072 0.0003281939864358119
22.200000000000074 0.0003595698384942487
22.300000000000075 0.00048065735275005486
22.400000000000077 0.0004743414059555768
22.500000000000078 0.0003626390880781218
22.60000000000008 0.0003451564463823574
22.70000000000008 0.0003532421548827854
22.800000000000082 0.0003804555872742497
22.900000000000084 0.0004839450423761847
23.000000000000085 0.0006700347777719417
23.100000000000087 0.00042880036647298885
23.200000000000088 0.00039480749488449103
23.30000000000009 0.0003752883079917765
23.40000000000009 0.0003892925994427333
23.500000000000092 0.0004414035481410946
23.600000000000094 0.0006673519829863448
23.700000000000095 0.0007380744523892856
23.800000000000097 0.0004657631291657897
23.900000000000098 0.0004176947766542688
24.0000000000001 0.0003940006399332184
24.1000000000001 0.00041367074754782766
24.200000000000102 0.0004669694008640871
24.300000000000104 0.0007466290059399451
24.400000000000105 0.0009431845155040291
24.500000000000107 0.000495756323770104
24.600000000000108 0.00047347289619675245
24.70000000000011 0.00042780044740640033
24.80000000000011 0.00041946587578114335
24.900000000000112 0.00045633101430246316
25.000000000000114 0.0006197045158383791
25.100000000000115 0.0011457692622040925
25.200000000000117 0.0008761762226514321
25.300000000000118 0.0005337032764861161
25.40000000000012 0.0004905840322524647
25.50000000000012 0.0004581792141378035
25.600000000000122 0.00043830224433900644
25.700000000000124 0.00046224752270075545
25.800000000000125 0.0006637771622935513
25.900000000000126 0.0013622212146971338
26.000000000000128 0.001156316517002705
26.10000000000013 0.0005746488442195769
26.20000000000013 0.000506308413791239
26.300000000000132 0.00048044105094671556
26.400000000000134 0.00047334479923251817
26.500000000000135 0.00048545538294934143
26.600000000000136 0.000563879345072962
26.700000000000138 0.0011304441671189294
26.80000000000014 0.0018647940208543316
26.90000000000014 0.0010347049990827768
27.000000000000142 0.000524357082551028
27.100000000000144 0.0005000534552543242
27.200000000000145 0.0004966403001709288
27.300000000000146 0.0004839808500473574
27.400000000000148 0.0004932478301271512
27.50000000000015 0.0006054994491226724
27.60000000000015 0.0011802951829385413
27.700000000000152 0.002208900491736148
27.800000000000153 0.0015658203751048225
27.900000000000155 0.0006947128493047195
28.000000000000156 0.000555440027137382
28.100000000000158 0.0005007774483538277
28.20000000000016 0.0005302051213914753
28.30000000000016 0.0005303363315956366
28.400000000000162 0.0006026738802021764
28.500000000000163 0.0008678720754783711
28.600000000000165 0.0018084887945574095
28.700000000000166 0.00319918239379473
28.800000000000168 0.002036712104474486
28.90000000000017 0.0008157594905391215
29.00000000000017 0.0006754841775080737
29.100000000000172 0.0006004366249521417
29.200000000000173 0.0006067188623675926
29.300000000000175 0.0006456431624516722
29.400000000000176 0.0007372090821912876
29.500000000000178 0.0010117135147588703
29.60000000000018 0.0016215088375474158
29.70000000000018 0.0036280017105087946
29.800000000000182 0.004684995154661733
29.900000000000183 0.002183005192888376
30.000000000000185 0.0010333494339433047
30.100000000000186 0.0008981315338850845
30.200000000000188 0.0007893628178941402
30.30000000000019 0.0007553243099352085
30.40000000000019 0.0008309733382265424
30.500000000000192 0.0009265837884255377
30.600000000000193 0.001356424837170023
30.700000000000195 0.0020201845735581003
30.800000000000196 0.0038187850198192976
30.900000000000198 0.007236239137060065
31.0000000000002 0.00573241927238447
31.1000000000002 0.0019317274875450198
31.200000000000202 0.0013177716955176833
31.300000000000203 0.001054712671278242
31.400000000000205 0.001013799116543744
31.500000000000206 0.0009408640650523184
31.600000000000207 0.0009992407301999857
31.70000000000021 0.0010710042295833445
31.80000000000021 0.0014689829436012848
31.90000000000021 0.002464284155276047
32.00000000000021 0.0036352890894651305
32.100000000000215 0.00821297278783626
32.200000000000216 0.009577921089936409
32.30000000000022 0.004915443258192751
32.40000000000022 0.0016663486674678791
32.50000000000022 0.0013954527374318883
32.60000000000022 0.0011091916581189524
32.70000000000022 0.0011985044897791946
32.800000000000225 0.0009753638107631871
32.900000000000226 0.001045557412937904
33.00000000000023 0.0011540105150111418
33.10000000000023 0.0014596245809629334
33.20000000000023 0.002818948238975878
33.30000000000023 0.003926952511062404
33.40000000000023 0.007500076667773756
33.500000000000234 0.013868390075577268
33.600000000000236 0.010976927698375244
33.70000000000024 0.003431787153290809
33.80000000000024 0.001972110244678003
33.90000000000024 0.0014685042868102388
34.00000000000024 0.001155721294885496
34.10000000000024 0.001343836027099005
34.200000000000244 0.0011387010036957763
34.300000000000246 0.0011223443501283672
