string
20190129an 29 2019_11.40   full spectra  index number  Nphoton via eV
eV x-axis E [J] Nphoton Nphoton/sr Nphoton/sr @ 0.1bw
70.04756667188666 -1.3509627495380455e-10 -12037583.033738527 -649189468152.64 -115555725331.1654
69.6540410164266 -1.27454941566696e-10 -11420873.88154446 -615930209595.8671 -110251507517.65648
69.26491229566443 -1.1893835921299427e-10 -10717602.09352594 -578002609283.5056 -104040469671.03069
68.88010722735518 -1.1157058605947748e-10 -10109853.786837192 -545226611071.5621 -98686016603.95074
68.499554148751 -1.0326813653333056e-10 -9409522.181313863 -507457575439.91547 -92357278730.06577
68.12318297210952 -9.497157855846329e-11 -8701371.276432196 -469266843295.14514 -85875832323.01091
67.75092514166083 -8.681187054083997e-11 -7997474.408618389 -431305532293.62634 -79360217942.0241
67.38271359197788 -7.98122541602739e-11 -7392818.688748321 -398696317960.6731 -73758818822.72258
67.0184827076969 -7.02699681564684e-11 -6544314.173174 -352936285099.6801 -65646149028.53983
66.65816828453724 -6.221220793111196e-11 -5825205.0093028 -314154571666.94226 -58746904901.71887
66.3017074915718 -5.411800000098557e-11 -5094552.007564652 -274750296550.1621 -51653055751.430084
65.94903883470174 -4.644975223247596e-11 -4396062.985628347 -237080631851.6617 -44808239419.964035
65.60010212129062 -3.718456944201456e-11 -3537913.5499395737 -190800446353.55487 -36252084807.172935
65.25483842591538 -2.8663706978407577e-11 -2741628.5354662766 -147856622531.53217 -28240614903.523315
64.91319005719332 -2.1490896145809978e-11 -2066381.7041789158 -111440414224.05318 -21396559531.017456
64.57510052564542 -1.1783104291330393e-11 -1138894.7881719705 -61420843348.945244 -11854222766.346718
64.24051451255919 -3.809791493436668e-12 -370152.9134178423 -19962427035.67455 -3872710844.920752
63.90937783981403 5.334274353061385e-12 520954.42797271826 28095185476.975033 5478561168.0101795
63.5816374406355 1.344874928880455e-11 1320198.2846768694 71198580303.31082 13954921739.448679
63.257241331244494 2.238176211394146e-11 2208375.9154569083 119098192886.26065 23462343998.592518
62.936138583370145 3.159857634347607e-11 3133692.6396675813 169000724846.32538 33462143519.571808
62.61827929759554 4.0821160055857134e-11 4068864.1295580235 219434726460.43005 43667510565.625114
62.30361457750712 5.0719971275044956e-11 5081064.7642180445 274022926586.4004 54804585317.27978
61.99209650461958 5.997563817575736e-11 6038478.560667718 325656460625.3452 65456948585.69452
61.683678114049336 6.92848759028133e-11 7010631.761417523 378084893940.3051 76373148575.94122
61.378313370910476 7.841594484733441e-11 7974039.899190172 430041704109.0578 87298465934.13417
61.07595714740844 8.871504508937116e-11 9066005.344605643 488931637807.8303 99742054112.79688
60.776565200607415 9.894120363284347e-11 10160849.341124343 547976812392.9599 112335246540.55855
60.48009415084836 1.0824627011317468e-10 11170933.253282687 602450857214.5607 124104876586.19629
60.18650146079569 1.1971644470292515e-10 12414913.169525653 669538964349.9286 138594565620.435
59.89574541509136 1.3018008629212074e-10 13565554.664381035 731593310142.2609 152171408509.58853
59.60778510059573 1.3899968463390954e-10 14554584.27415844 784931891862.4486 164050765399.24475
59.322580387195735 1.4951410459085198e-10 15730810.725239864 848366039902.3368 178156868379.48962
59.04009190916147 1.5844306746957016e-10 16750014.67024931 903331930076.9081 190603037246.22784
58.76028104703274 1.6866776655749294e-10 17915841.21467971 966205208891.7457 204835504285.0492
58.483109910018435 1.787467570925759e-10 19076411.738531653 1028795029374.9263 219133341256.8562
58.208541318891584 1.8685999380625677e-10 20036349.046307974 1080564656927.9454 231240836582.58405
57.93653878936406 1.9849235819690526e-10 21383570.36118662 1153220595120.7424 247942427950.94864
57.66706651592514 2.0816428094980628e-10 22530318.22226326 1215064956397.5024 262454030581.86066
57.40008935612919 2.177169211620251e-10 23673833.589384094 1276734988572.9722 277051492520.32733
57.13557281531753 2.270878343076032e-10 24807114.867165938 1337853094087.053 291651974510.97516
56.873483031761026 2.380855940408456e-10 26128366.964549612 1409108506738.5808 308594762975.75024
56.61378676220961 2.4708942843047697e-10 27240867.56511163 1469105905815.6318 323203299279.4348
56.35645136783592 2.576330542796918e-10 28532965.956128895 1538789052749.229 340072380657.57275
56.10144480056064 2.6670728284168613e-10 29672203.84027879 1600228399338.8008 355250704653.20416
55.8487355897473 2.7778050872583657e-10 31043980.260326494 1674208599687.9172 373348517730.40344
55.59829282925516 2.8808276032803206e-10 32340355.37942435 1744122391496.0122 390683415695.1102
55.35008616483884 2.97300500103387e-10 33524809.082845856 1808000237041.9568 406800053334.4394
55.104085781884 3.0778572990861374e-10 34862108.7886041 1880121100699.4392 424907368758.06354
54.86026239346858 3.1680525373693586e-10 36043210.60328174 1943818178157.2349 441246726441.70105
54.61858722873965 3.279642899443405e-10 37477884.719260916 2021190464912.3464 460831425999.986
54.37903202159604 3.381601001012475e-10 38813237.13051244 2093206310554.0347 479344245116.8818
54.141568999667676 3.526320377024111e-10 40651811.61139065 2192361031734.7742 504243037298.99384
53.90617087358216 3.5918006199258897e-10 41587490.27424234 2242822385296.8613 518091971003.5754
53.67281082651038 3.683533700547838e-10 42835050.44348003 2310103576254.038 535944029690.93335
53.441462503982315 3.7943107954569215e-10 44314264.09425012 2389877889796.5566 556841548322.5862
53.21210000396522 3.8971361137493144e-10 45711360.859943114 2465223621887.123 576862327521.576
52.98469786719613 3.9979798777778755e-10 47095467.95887223 2539868818427.1313 596869172330.3589
52.75923106776125 4.1722014225566196e-10 49357798.91378948 2661876818313.123 628202929121.9001
52.535675003914804 4.237073401767502e-10 50338543.54238564 2714768589198.309 643400155639.9957
52.31400548913035 4.318048217939414e-10 51517939.98620249 2778373695635.094 661252939561.1506
52.0941987433777 4.4790392648868846e-10 53664178.058493115 2894120781140.063 691694866692.467
51.8762313846188 4.5473521456861017e-10 54711565.70119529 2950606624254.0605 708145589820.9406
51.66008042051621 4.650708683700206e-10 56189223.890148915 3030297051402.896 730301589388.1057
51.445723240348094 4.81672795871507e-10 58437525.33882483 3151548436969.407 762674721746.6017
51.23313760712352 4.895576872582985e-10 59640585.13171794 3216429712962.695 781592420249.9297
51.022301649892555 4.985575754086252e-10 60987979.888976395 3289095004940.715 802539181205.5114
50.81319385624545 5.164357475603878e-10 63434975.71747264 3421062021576.931 838160195286.3503
50.60579306499547 5.208107442219608e-10 64234548.32308257 3464183145903.176 852189053892.1564
50.400078459040195 5.385711794115664e-10 66696166.336906664 3596938740170.766 888443868822.1665
50.196029558396305 5.460670401871174e-10 67899343.06184162 3661826322334.4736 908132927938.9448
49.99362621340277 5.531008011819347e-10 69052375.51365203 3724009612954.8213 927278393625.7544
49.7928485980879 5.740598368426806e-10 71958013.50058092 3880711300834.4893 970177825208.6232
49.59367720369555 5.738079316456774e-10 72215298.54817097 3894586739345.731 977541271575.7535
49.39609283236608 5.925263721245961e-10 74869349.77157626 4037720298411.802 1017505515199.7861
49.200076590967804 5.910131207623228e-10 74975663.63372761 4043453828094.118 1022993818507.7622
49.00560988507464 6.096335865968909e-10 77644743.93172221 4187397908417.8296 1063599068738.1215
48.81267441308616 6.170283600932545e-10 78897183.07443501 4254942223474.4673 1085010266986.0176
48.621252160485824 6.210057249105806e-10 79718375.3975673 4299229303863.537 1100602701789.0474
48.43132539423392 6.36126110461766e-10 81979608.98505192 4421178122485.485 1136242777478.7532
48.242876657291376 6.360040202924699e-10 82284046.22002338 4437596488705.935 1144899894086.119
48.055888763270865 6.537369000343199e-10 84907364.45775157 4579072611177.754 1185979806295.0068
47.8703447912119 6.60409586519522e-10 86106470.5558233 4643740663550.391 1207372572523.0981
47.68622808047647 6.64669192585145e-10 86996454.37502448 4691737684267.284 1224543535593.7546
47.503522225762 6.790195347056344e-10 89216551.26378861 4811467991790.364 1260604613849.0747
47.322211072228555 6.864552620203463e-10 90539102.48108403 4882793466260.964 1284174681626.6038
47.14227871073719 6.874800128075203e-10 91020345.58547623 4908747011430.028 1295909211017.5278
46.963709473196516 7.040684065839097e-10 93571036.21044888 5046306310967.724 1337271172406.4026
46.78648792801464 7.088426112921992e-10 94562369.48555249 5099769129859.42 1356538588542.6003
46.61059887565368 7.062908954990715e-10 94577515.2131776 5100585942240.625 1361856446578.2632
46.43602734428419 7.239823004133117e-10 97310984.30378316 5248002524138.193 1406464676468.999
46.26275858553686 7.302530961975893e-10 98521463.90038624 5313283951757.499 1429273383022.7715
46.09077807034899 7.361689103320987e-10 99690186.32804789 5376313406184.123 1451604619669.7263
45.920071484903254 7.335521500586875e-10 99705109.25917266 5377118203101.662 1457199033040.472
45.75062472665637 7.512451087607116e-10 102488138.12586083 5527207554490.137 1503400454821.3616
45.58242390045543 7.592139313343342e-10 103957476.30208628 5606449281545.034 1530560653861.7717
45.415455314739475 7.634453619900365e-10 104921203.45019044 5658423296010.2705 1550407983106.7788
45.249705477824364 7.683615786661374e-10 105983646.5807485 5715721084855.113 1571823298335.1877
45.08516109426864 7.755606052409037e-10 107367067.1263601 5790329255425.556 1598130874497.4382
44.92180906131839 7.710083213179526e-10 107124992.02641793 5777274092695.297 1600304923676.5044
44.759636465429146 7.971937356833712e-10 111164546.76996349 5995128157600.664 1666645627813.0408
44.59863057886286 8.142403165290211e-10 113951501.86572082 6145429251375.806 1714574761133.8
44.43877885635797 8.288662203513314e-10 116415631.74012978 6278320310830.436 1757929687032.532
44.28006893187098 8.433918590037657e-10 118880354.41117325 6411243339936.348 1801559378522.1323
44.122488615387454 8.601882887428504e-10 121680924.45982619 6562278691078.974 1850562590884.1995
43.96602588980097 8.763742826771405e-10 124411746.90292515 6709552538701.532 1898803368452.5364
43.81066890785821 8.911405682717912e-10 126956606.5874592 6846797374354.613 1944490454316.6511
43.65640598916856 9.078122396352841e-10 129788743.83496949 6999535151389.532 1994867518145.9946
43.50322561727674 9.2359041395735e-10 132509474.57159287 7146264751089.458 2043831718811.5737
43.35111643679675 9.414380087492515e-10 135544037.03017145 7309919363733.802 2097946857391.6707
43.20006725060583 9.592279122103027e-10 138588233.65550765 7474093549084.389 2152538942136.2148
43.05006701709677 9.77543975335551e-10 141726625.41114682 7643347698275.937 2208927484801.8164
42.901104847487446 9.952468183756809e-10 144794243.38778108 7808785002190.273 2264547650635.078
42.75317000318576 1.0145486941692737e-09 148113126.44619498 7987773086551.871 2324441968186.6167
42.606251893209176 1.0333478048949905e-09 151377791.70103586 8163837192988.056 2383840460352.4463
42.460340071657086 1.0515165768203251e-09 154568727.0320519 8335925028614.675 2442426033384.12
42.31542423523505 1.0724592293893752e-09 158187100.83166447 8531064713712.938 2508133025831.59
42.17149422082949 1.0908300673561874e-09 161445924.34291333 8706813773648.097 2568510063226.1743
42.02854000313176 1.134583467574304e-09 168492712.6266423 9086848596691.598 2689707184620.608
41.88655169231036 1.1382093867349799e-09 169604171.27415556 9146789803014.367 2716596571495.317
41.745519531730196 1.160605280648277e-09 173525636.77307257 9358275289302.24 2788766036211.981
41.605433895717674 1.1819462940688026e-09 177311401.50877592 9562442403949.258 2859170278780.7373
41.46628528737079 1.2029845956066704e-09 181073088.68985772 9765311010844.729 2929593303253.4463
41.328064336412886 1.2245976255601505e-09 184942755.06630442 9974002959204.514 3002174890720.475
41.19076179708925 1.2729303131588164e-09 192882923.3292351 10402217958611.547 3141469823500.7417
41.054368546105515 1.2801768317447995e-09 194625419.37192047 10496191148747.678 3180345918070.5264
40.918875580606816 1.303754206115943e-09 198866214.23510736 10724898137024.354 3260369033655.3936
40.784274016196925 1.3251962029610752e-09 202803955.69862908 10937261389619.285 3335864723833.8423
40.65055508499628 1.374573855360182e-09 211052535.45226863 11382109087722.084 3482925380842.975
40.51771013373812 1.3877600304067939e-09 213775758.82728902 11528973115952.281 3539394746597.4272
40.38573062190184 1.4114360480888426e-09 218133433.72743112 11763983470013.928 3623306908764.1445
40.254608119882676 1.4353903438260873e-09 222558093.33206436 12002606323741.088 3708805354036.0996
40.124334307196975 1.4939150886205254e-09 232384441.6766447 12532543424720.693 3885088461663.306
39.99490097072214 1.5059199876124324e-09 235009948.13222778 12674137558256.812 3941656780617.911
39.866300002970625 1.509767888123296e-09 236370475.1386355 12747511075284.41 3977223455488.4604
39.73852340039699 1.5447602084648116e-09 242626550.16106614 13084902560365.068 4095574501394.3325
39.61156326173758 1.536962323154374e-09 242175505.08122072 13060577601220.277 4101021366783.095
39.485411786381725 1.5423675312755968e-09 243803635.5942683 13148383033497.338 4141740655551.5444
39.36006127277416 1.5812973086362396e-09 250753348.2596497 13523182547353.852 4273325684963.973
39.235504116847665 1.5692716082647008e-09 249636367.96445137 13462943557371.86 4267753107686.7065
39.111732810485364 1.5724342051809498e-09 250931047.70356262 13532765916968.959 4303419561596.324
38.988739940012145 1.6182606914499832e-09 259058746.73624867 13971094491529.62 4456779142797.696
38.866518184714295 1.6006854489904004e-09 257051022.22927678 13862817472694.11 4436101591262.189
38.745060315387065 1.638955601941984e-09 264021821.26577753 14238754179126.066 4570640091499.524
38.624359192909225 1.6254202185910096e-09 262659640.34940538 14165291466374.777 4561223852172.637
38.50440776684429 1.6260515688017672e-09 263580235.49229655 14214939362428.527 4591425414064.332
38.38519907406768 1.6792448129865704e-09 273048121.4916103 14725544511252.61 4771076421645.509
38.26672623741931 1.652814937552202e-09 269582623.0006703 14538649424762.943 4725061063047.935
38.1489824643811 1.7002535048946017e-09 278176023.7172244 15002093392307.455 4890682445892.43
38.03196104577871 1.6724450118284342e-09 274468243.40092194 14802131994340.701 4840297162149.213
37.91565535450721 1.7186219693386893e-09 282911607.91850287 15257484477079.496 5004454908482.056
37.80005884428005 1.6956058603312352e-09 279976388.94836944 15099187480349.193 4967632681034.974
37.68516504840078 1.7412331996270888e-09 288386875.88376814 15552766867938.305 5132413066419.648
37.570967578557145 1.7164043199600836e-09 285138718.8959448 15377593055928.766 5089983301512.488
37.457460123637034 1.7611116717797944e-09 293452317.99305165 15825947261350.092 5254214490768.145
37.344636448565836 1.7356250659490381e-09 290079242.41118014 15644036562425.197 5209464175287.619
37.23249039316474 1.7884920421097544e-09 299815375.30665284 16169108324635.287 5400482180428.12
37.12101587102951 1.7904017191209084e-09 301036813.4513887 16234980749136.117 5438718550960.742
37.01020686842943 1.7753369028553744e-09 299397550.4801615 16146574940970.92 5425249180165.891
36.90005744322576 1.810764330621488e-09 306283684.976996 16517945670385.459 5566547690919.777
36.79056172380966 1.7909724585687113e-09 303837562.5812297 16386025758166.12 5538476706259.948
36.68171390805874 1.8387463883485014e-09 312868030.42089725 16873040850612.18 5719960848357.459
36.57350826231225 1.8427575417093151e-09 314478204.1166848 16959877867833.322 5766358475063.355
36.465939120364276 1.82933277527328e-09 313108089.14535695 16885987269774.615 5758121658993.252
36.359000882474646 1.8712403741631926e-09 321222985.0069701 17323625366537.848 5924679875356.018
36.252688014397236 1.8741493578941717e-09 322665817.57057506 17401437640145.824 5968693110569.982
