string
integrated and resized binned spectra ROIsize spatial in px50:1600
converted file:an 22 2019_16.40.30_41 binning:0.1
nm muJ
23.8 4.692218369132044e-05
23.900000000000002 0.00040026619379278177
24.000000000000004 0.0005274817914329647
24.100000000000005 0.0005205784184019812
24.200000000000006 0.0005289547587015453
24.300000000000008 0.0005222069076523671
24.40000000000001 0.0005271684629790073
24.50000000000001 0.000522150148848294
24.600000000000012 0.0005189031700065112
24.700000000000014 0.000527508364090899
24.800000000000015 0.0005174660249887369
24.900000000000016 0.0005236877850070235
25.000000000000018 0.0005212162740015506
25.10000000000002 0.0005198274194592511
25.20000000000002 0.0005111063449831385
25.300000000000022 0.0005152266637418018
25.400000000000023 0.0005082110225193901
25.500000000000025 0.0005149611357190776
25.600000000000026 0.0005036237517794304
25.700000000000028 0.0005096531064629609
25.80000000000003 0.0005090545078505217
25.90000000000003 0.0005027673322325595
26.000000000000032 0.0005113872195270931
26.100000000000033 0.0005131100257335083
26.200000000000035 0.000508638592167749
26.300000000000036 0.0005136281129910896
26.400000000000038 0.0005146658813120658
26.50000000000004 0.0005107972677252837
26.60000000000004 0.0005168054740257544
26.700000000000042 0.0005206327917157003
26.800000000000043 0.0005160051166150514
26.900000000000045 0.0005322776473348214
27.000000000000046 0.0005208490068547971
27.100000000000048 0.0005213292871409246
27.20000000000005 0.0005170266866585926
27.30000000000005 0.0005176868913566339
27.400000000000052 0.0005280347043928195
27.500000000000053 0.0005257952477742322
27.600000000000055 0.0005300171238648483
27.700000000000056 0.0005395133535270345
27.800000000000058 0.0005485884100065858
27.90000000000006 0.0005597631762779485
28.00000000000006 0.0005665226773252792
28.100000000000062 0.0005749720492386855
28.200000000000063 0.0005898601572798703
28.300000000000065 0.0006021330961622259
28.400000000000066 0.0006143498495212881
28.500000000000068 0.0006313417664479848
28.60000000000007 0.0006418096652023199
28.70000000000007 0.0006580089461774425
28.80000000000007 0.0006728968034757484
28.900000000000073 0.0006911285426620374
29.000000000000075 0.000707231525859557
29.100000000000076 0.0007277899038113291
29.200000000000077 0.0007600179027590164
29.30000000000008 0.0007647084935240679
29.40000000000008 0.0007839021805077601
29.50000000000008 0.000801571650485221
29.600000000000083 0.000822436119506776
29.700000000000085 0.0008429349178337431
29.800000000000086 0.0008655510006366126
29.900000000000087 0.0008865999268542845
30.00000000000009 0.0009114517297263268
30.10000000000009 0.0009561205593460186
30.20000000000009 0.000972093163399467
30.300000000000093 0.0010025197604032815
30.400000000000095 0.001018677779592375
30.500000000000096 0.0010484223505806613
30.600000000000097 0.001091028303100878
30.7000000000001 0.001110478511546362
30.8000000000001 0.0011301382308994028
30.9000000000001 0.0011590233842608644
31.000000000000103 0.0012195997682925952
31.100000000000104 0.001207425537221929
31.200000000000106 0.0012127817128619004
31.300000000000107 0.0012575278019439557
31.40000000000011 0.0012480654384826031
31.50000000000011 0.0012567759380917572
31.60000000000011 0.0012923817876737717
31.700000000000113 0.0012912374232998593
31.800000000000114 0.0012941643126513076
31.900000000000116 0.0013440643010573438
32.000000000000114 0.0013303517757245651
32.100000000000115 0.0013700622989586818
32.20000000000012 0.0013704491414914188
32.30000000000012 0.001373018844280054
32.40000000000012 0.00142486609506409
32.50000000000012 0.0014141360182021322
32.60000000000012 0.0014544313487268726
32.700000000000124 0.0014447235547898419
32.800000000000125 0.0014885774649591994
32.90000000000013 0.0014816225143943474
33.00000000000013 0.00153148154829646
33.10000000000013 0.0015196424107854114
33.20000000000013 0.0015572974477278385
33.30000000000013 0.0015467837811081718
33.400000000000134 0.001595285918892009
33.500000000000135 0.001576769275867848
33.600000000000136 0.0016277965435657217
33.70000000000014 0.001626909918087989
33.80000000000014 0.001622473450548877
33.90000000000014 0.0016574245661172833
34.00000000000014 0.0016432337661408708
34.10000000000014 0.0016915863468106808
34.200000000000145 0.0016979776555175621
34.300000000000146 0.0017240972137111288
34.40000000000015 0.0017881077580084238
34.50000000000015 0.001766977905065997
34.60000000000015 0.0018331822441877634
34.70000000000015 0.0018530818040948455
34.80000000000015 0.0018535153796575795
34.900000000000155 0.0018382945039575342
35.000000000000156 0.0018800321719669379
35.10000000000016 0.0018949336920887282
35.20000000000016 0.0018782080498579152
35.30000000000016 0.001928006135176813
35.40000000000016 0.0019458410362509422
35.50000000000016 0.001959611069813789
35.600000000000165 0.001963383138249289
35.700000000000166 0.002021844112269656
35.80000000000017 0.002036184460560103
35.90000000000017 0.002050582676501051
36.00000000000017 0.0020358303006628373
36.10000000000017 0.002101966387547585
36.20000000000017 0.0021196449867831846
36.300000000000175 0.0021434866574914805
36.400000000000176 0.002151937238098012
36.50000000000018 0.002167804833570997
36.60000000000018 0.0021487538263015196
36.70000000000018 0.0022131303637369986
36.80000000000018 0.0022328454965058753
36.90000000000018 0.0022564171484046225
37.000000000000185 0.0022865077173269575
37.100000000000186 0.002302023018563491
37.20000000000019 0.0023296777950450056
37.30000000000019 0.0024136381425249524
37.40000000000019 0.0025680565077297463
37.50000000000019 0.0024432991230566503
37.60000000000019 0.002423160469457623
37.700000000000195 0.002491778884329393
37.800000000000196 0.002542522115878399
37.9000000000002 0.002543671858653695
38.0000000000002 0.002540012833466916
38.1000000000002 0.002542638470417504
38.2000000000002 0.0025449490946951813
38.3000000000002 0.0025660700638305343
38.400000000000205 0.0025844024243280262
38.500000000000206 0.002609593111973126
38.60000000000021 0.002626285371533283
38.70000000000021 0.002650586673582761
38.80000000000021 0.002675293551933954
38.90000000000021 0.002679786578860829
39.00000000000021 0.002799560934343585
39.100000000000215 0.0028055728176962858
39.200000000000216 0.0028487737972187044
39.30000000000022 0.002954580702772236
39.40000000000022 0.0029685899985536545
39.50000000000022 0.0030726276659118674
39.60000000000022 0.0032105331445294234
39.70000000000022 0.003107274386752503
39.800000000000225 0.003105890795535411
39.900000000000226 0.003051041110509148
40.00000000000023 0.0031230702796842644
40.10000000000023 0.0030447644973291012
40.20000000000023 0.003042717556451298
40.30000000000023 0.003037713944139746
40.40000000000023 0.0030330197695930578
40.500000000000234 0.0030210510724081575
40.600000000000236 0.0031267554590605593
40.70000000000024 0.0030830776635331187
40.80000000000024 0.0031149056802746945
40.90000000000024 0.0031367155320520886
41.00000000000024 0.0032596131775972387
41.10000000000024 0.0033586031477735563
41.200000000000244 0.0036698950520535844
41.300000000000246 0.003987959425688076
41.40000000000025 0.003930549437374813
41.50000000000025 0.004717916532985818
41.60000000000025 0.004777999471888867
41.70000000000025 0.004103448023761641
41.80000000000025 0.004119108326088207
41.900000000000254 0.003780265667514041
42.000000000000256 0.003607251373105338
42.10000000000026 0.003428629955200636
42.20000000000026 0.0035212186394830976
42.30000000000026 0.00342302214068876
42.40000000000026 0.0032990640048531725
42.50000000000026 0.0033045047495999782
42.600000000000264 0.003213353782256519
42.700000000000266 0.003202433097454073
42.80000000000027 0.0033064131409332865
42.90000000000027 0.0032891066023095317
43.00000000000027 0.0034096862719592965
43.10000000000027 0.003415357039885914
43.20000000000027 0.0033849906438222148
43.300000000000274 0.004063357149895886
43.400000000000276 0.004999259136579364
43.50000000000028 0.005350764558487805
43.60000000000028 0.006512572581264877
43.70000000000028 0.008114366969125328
43.80000000000028 0.008203304079969217
43.90000000000028 0.0060836407097946835
44.000000000000284 0.00604066857413727
44.100000000000286 0.004879927681676882
44.20000000000029 0.004762420311018434
44.30000000000029 0.004216369690505091
44.40000000000029 0.004005966220778997
44.50000000000029 0.003989370293352799
44.60000000000029 0.0037282531632228957
44.700000000000294 0.0036571867065868543
44.800000000000296 0.0033782126498545445
44.9000000000003 0.003500187260573574
45.0000000000003 0.0034568782853634625
45.1000000000003 0.0034100885810717948
45.2000000000003 0.0034889438436463225
45.3000000000003 0.003419552312210725
45.400000000000304 0.003609556004327122
45.500000000000306 0.0038120167665537706
45.60000000000031 0.003845190573721036
45.70000000000031 0.004202178187763688
45.80000000000031 0.006620209880509691
45.90000000000031 0.00645555354937244
46.00000000000031 0.007388683787237998
46.100000000000314 0.011938742122006024
46.200000000000315 0.017025684662208967
46.30000000000032 0.00976503719810783
46.40000000000032 0.009787836829874778
46.50000000000032 0.008595938230117643
46.60000000000032 0.0069304091621250835
46.70000000000032 0.005573769105815281
46.800000000000324 0.005516649711810544
46.900000000000325 0.004963198520774851
47.00000000000033 0.0045355982404118944
47.10000000000033 0.0042951407013094075
47.20000000000033 0.004037545218930313
47.30000000000033 0.0039369102472615
47.40000000000033 0.004114765421560836
47.500000000000334 0.003827471102298031
47.600000000000335 0.003924663210009182
47.70000000000034 0.003942517460846191
47.80000000000034 0.003979425956807587
47.90000000000034 0.003927386305926973
48.00000000000034 0.004057640437755801
48.10000000000034 0.0042957938756065395
48.200000000000344 0.003932590955732763
48.300000000000345 0.004157018378397119
48.40000000000035 0.005826951952387872
48.50000000000035 0.007365389430202718
48.60000000000035 0.006704823849770267
48.70000000000035 0.009308488323057522
48.80000000000035 0.014161427672421158
48.900000000000354 0.0224752119806266
49.000000000000355 0.01662514109696174
49.10000000000036 0.01720481884615329
49.20000000000036 0.016711022190002936
49.30000000000036 0.010051410768186518
49.40000000000036 0.008670319338158686
49.50000000000036 0.009568423483258256
49.600000000000364 0.006670004015218647
49.700000000000365 0.005543241927097444
49.80000000000037 0.005296569906872243
49.90000000000037 0.0043539708931165065
50.00000000000037 0.0043521147314363575
50.10000000000037 0.004146710172669418
50.20000000000037 0.004144418551372288
50.300000000000374 0.004013445701332569
50.400000000000375 0.003955645697827746
50.50000000000038 0.004190698584366107
50.60000000000038 0.0039081516406939045
50.70000000000038 0.0036675194377963276
50.80000000000038 0.0035621675642792346
50.90000000000038 0.003673095729551505
51.000000000000384 0.0036567251963095055
51.100000000000385 0.0038709062180703386
51.20000000000039 0.0035706348105557107
51.30000000000039 0.00370569702009887
51.40000000000039 0.004994882482107123
51.50000000000039 0.007335648431267823
51.60000000000039 0.0057598085939989645
51.700000000000394 0.005498240283715302
51.800000000000395 0.009496417850327378
