string
20190122an 22 2019_18.08.   full spectra  index number  Nphoton via eV
eV x-axis E [J] Nphoton Nphoton/sr Nphoton/sr @ 0.1bw
51.660080420516415 1.049456817904659e-09 126793932.09675632 6838024303730.269 1647963857199.0188
51.4457232403483 1.032837683995644e-09 125305972.9482611 6757778343595.489 1635382359150.0713
51.233137607123716 1.0469168040281321e-09 127541109.86622494 6878319763160.729 1671431702448.0525
51.02230164989275 1.0340200777170825e-09 126490497.41731389 6821660005547.303 1664485041353.5571
50.813193856245654 1.039791314841941e-09 127719928.60646133 6887963496669.725 1687551056684.036
50.605793064995666 1.0242952933614633e-09 126332158.55948606 6813120756545.818 1676027706110.229
50.400078459040394 1.0067429531379881e-09 124674134.13090926 6723703138909.866 1660754675310.7197
50.1960295583965 1.011173095458198e-09 125731794.54283424 6780742994699.789 1681624262685.487
49.99362621340296 9.932143004145991e-10 123998747.95190932 6687279415549.975 1665132574471.9573
49.79284859808809 1.0042401436745073e-09 125880824.92201722 6788780235425.708 1697195058856.435
49.59367720369574 9.920278853888234e-10 124849424.27686992 6733156574562.991 1690022300215.2742
49.39609283236627 1.0033972911888455e-09 126785416.2921082 6837565044535.552 1723066391222.861
49.20007659096798 9.599894654462661e-10 121783839.85855061 6567828940890.365 1661660722045.248
49.005609885074826 9.616490929778371e-10 122478484.15512085 6605291258714.614 1677743979713.5068
48.81267441308634 9.418672406301736e-10 120433154.97618379 6494986211750.478 1656221483996.36
48.621252160486 9.493324161008157e-10 121865604.27394007 6572238513575.49 1682493059475.304
48.4313253942341 9.154741662662945e-10 117980087.52061404 6362691750947.138 1635211779993.4585
48.24287665729156 9.25981183789601e-10 119800309.58102627 6460856722105.116 1666901034303.0452
48.05588876327104 9.051545749451321e-10 117561498.18288146 6340117137025.443 1642090338489.5525
47.87034479121208 8.926194614923711e-10 116382791.75142682 6276549243105.256 1631902803207.368
47.686228080476646 9.035080615660604e-10 118257320.68276846 6377642995610.528 1664564821854.345
47.503522225762175 9.049234608089552e-10 118898126.20201917 6412201776477.558 1679996865437.0593
47.322211072228725 8.726832469614921e-10 115101394.51422769 6207443211721.877 1632557564682.8862
47.142278710737365 8.892385718045605e-10 117732589.46547331 6349344127064.894 1676226849545.072
46.96370947319669 8.957051700262978e-10 119039655.96903701 6419834507559.915 1701256144503.3276
46.78648792801481 8.667214523778475e-10 115624022.7592965 6235628666518.479 1658677225293.9148
46.61059887565385 8.824358201335411e-10 118164608.57018402 6372643011237.311 1701495684000.3193
46.436027344284355 8.617121084848799e-10 115823347.3598465 6246378285529.049 1674029380521.816
46.26275858553703 8.567873616236012e-10 115592724.71152468 6233940756002.7 1676930063364.6685
46.09077807034915 8.820430701190345e-10 119444106.88283809 6441646633207.437 1739244590966.0298
45.92007148490342 8.592003166332813e-10 116783328.13636091 6298150257360.557 1706798719744.625
45.75062472665653 8.522236867674563e-10 116264076.67084558 6270146913018.874 1705479960341.118
45.58242390045559 8.494067473075258e-10 116307378.14420909 6272482170884.534 1712387632651.4585
45.41545531473963 8.339614924738075e-10 114612319.07072671 6181067266803.115 1693612431104.0933
45.24970547782453 8.512972542897331e-10 117423345.77742805 6332666547785.98 1741483300641.1106
45.0851610942688 8.38278083370591e-10 116049550.01530753 6258577443880.18 1727367374510.9194
44.92180906131855 8.440503805233914e-10 117273559.54978803 6324588543988.568 1751911026684.7378
44.7596364654293 8.471580555405559e-10 118131812.97261605 6370874337535.686 1771103065834.9087
44.59863057886301 8.565592172606804e-10 119873957.67856404 6464828580005.244 1803687173821.4968
44.43877885635813 8.590044521933811e-10 120648596.25632781 6506605006792.873 1821849401901.9397
44.28006893187113 8.608926408452761e-10 121347178.25536896 6544279685766.837 1838942591700.506
44.1224886153876 8.572033363508408e-10 121258677.6433071 6539506828531.743 1844140925645.8872
43.96602588980112 8.688176919586859e-10 123338999.02510993 6651699012598.424 1882430820565.363
43.81066890785836 8.947226065651711e-10 127466922.74024683 6874318835339.71 1952306549236.425
43.65640598916871 8.997378974318023e-10 128634365.55482534 6937279279954.767 1977124594787.0933
43.50322561727689 9.094535823389544e-10 130481233.37121636 7036881262521.424 2012548041081.123
43.3511164367969 9.24094829181054e-10 133047043.5459842 7175255962664.269 2059298461284.6233
43.20006725060597 9.371761052444734e-10 135402211.92135602 7302270704804.138 2103053962983.611
43.05006701709692 9.558831634101876e-10 138586189.93683073 7473983330892.148 2159981182627.8044
42.90110484748759 9.73079778526417e-10 141569254.66753596 7634860659884.493 2214109591366.411
42.7531700031859 9.86948086506721e-10 144083736.51527274 7770467212199.566 2261205958749.994
42.60625189320931 9.990776860814067e-10 146357473.38927433 7893090335779.692 2304782378047.7256
42.46034007165723 1.0317715045357536e-09 151666280.45587766 8179395454210.334 2396562868083.538
42.315424235235184 1.0309653313152636e-09 152066775.4536209 8200994236445.44 2411092305514.9536
42.17149422082962 1.0498507735954925e-09 155380873.37108725 8379724257116.173 2472018655849.265
42.028540003131894 1.0570931381259303e-09 156984915.99092746 8466230624079.511 2506004264727.4453
41.8865516923105 1.0858186982503348e-09 161797453.62933773 8725771824434.065 2591554231856.973
41.74551953173033 1.100931265934972e-09 164603592.75467157 8877107517091.965 2645378040093.332
41.60543389571781 1.1146723230349013e-09 167219198.37827724 9018167696608.605 2696432141285.897
41.46628528737092 1.1304929511498447e-09 170161655.5643276 9176855051895.797 2753056515568.774
41.32806433641302 1.1507664652961927e-09 173792530.7771522 9372668940924.496 2821173351218.204
41.19076179708939 1.1939686499067027e-09 180918123.4642586 9756953702562.254 2946600018173.8613
41.05436854610565 1.2072807370704083e-09 183543018.37483102 9898514855343.092 2999250001168.9473
40.91887558060695 1.2344830819613665e-09 188300046.04802927 10155062391214.324 3087138966929.156
40.78427401619706 1.2330012678369672e-09 188694726.0639758 10176347570217.84 3103786008916.2495
40.650555084996405 1.2688974335121336e-09 194826941.8389587 10507059299175.441 3215160145547.539
40.51771013373824 1.3064979441894336e-09 201257842.3544292 10853879161076.26 3332140902450.494
40.38573062190196 1.3259954950082868e-09 204928838.8410603 11051856799117.617 3403971894128.0996
40.254608119882796 1.343840239817978e-09 208363197.37220514 11237072500810.43 3472255402750.53
40.124334307197095 1.3563221427380722e-09 210981310.9692196 11378267935877.86 3527263060122.049
39.99490097072226 1.4006240314124552e-09 218577735.65836054 11787944769672.742 3666050823368.274
39.866300002970746 1.395817324545062e-09 218530283.23418042 11785385650127.754 3677040322839.8203
39.73852340039712 1.3824180968082346e-09 217128413.76341552 11709782525015.799 3665161930329.8115
39.6115632617377 1.4237790680206765e-09 224341488.22485057 12098785197748.36 3799018552093.1445
39.48541178638185 1.3995298177980457e-09 221225130.05674616 11930719324719.318 3758176587286.4917
39.36006127277429 1.373893731293484e-09 217864440.41436985 11749476602202.223 3712834606295.8384
39.235504116847785 1.4113203141331183e-09 224509814.23428085 12107863056005.455 3838192588753.8057
39.11173281048549 1.3889766634776242e-09 221654660.17837575 11953883977493.443 3801335104842.6606
38.98873994001226 1.365947764603423e-09 218667312.3032348 11792775657591.174 3761895434771.3823
38.86651818471441 1.4173597140008238e-09 227611092.22321108 12275115651695.49 3928037008542.864
38.745060315387185 1.3693445644332122e-09 220589774.0083176 11896454434997.615 3818761873634.294
38.624359192909345 1.3950043659470777e-09 225425610.46959972 12157252145931.275 3914635190989.847
38.50440776684441 1.38010133919259e-09 223712115.26561534 12064842977326.668 3896944281676.4565
38.3851990740678 1.3715061312642586e-09 223009277.65850747 12026938792485.143 3896728168764.924
38.266726237419434 1.4144125615394715e-09 230697968.46681973 12441591558131.582 4043517256392.7583
38.14898246438122 1.3893015208620755e-09 227301618.0852753 12258425644203.918 3996246760010.41
38.03196104577882 1.4269136151530918e-09 234173602.51967627 12629033257677.34 4129693875260.334
37.91565535450732 1.3991162989572798e-09 230316060.69559216 12420995189060.506 4074086422011.8423
37.800058844280166 1.4017314636013245e-09 231452203.97961193 12482267643192.764 4106666054610.505
37.6851650484009 1.3856284502132478e-09 229490834.41450828 12376490556442.736 4084241883626.122
37.57096757855726 1.408189309268749e-09 233936311.47304106 12616236099981.252 4175974149093.863
37.45746012363715 1.3861263037653835e-09 230968872.32597482 12456201462109.188 4135458885420.1953
37.34463644856595 1.4009560968368914e-09 234145202.89815897 12627501659919.145 4204958052752.844
37.232490393164845 1.391277877765078e-09 233228043.09820983 12578039032656.582 4201065036907.527
37.12101587102963 1.3979744759380229e-09 235054388.64825848 12676534244940.97 4246638972055.077
37.010206868429535 1.380748434221032e-09 232853098.68240297 12557818198856.123 4219426914815.678
36.900057443225876 1.4036790973594556e-09 237426814.29829052 12804479675652.375 4315109650694.4883
36.790561723809766 1.380532390413089e-09 234206614.7140909 12630813612493.96 4269215001022.818
36.681713908058846 1.3414498834155686e-09 228251587.92536208 12309657724059.025 4172973968456.2446
36.573508262312366 1.357073163637371e-09 231593099.84956646 12489866188068.785 4246554503943.1387
36.46593912036438 1.3257152307827117e-09 226909050.2679371 12237254376530.22 4172903742396.8955
36.35900088247475 1.3507310693744887e-09 231870727.05192134 12504838683405.791 4276654829724.8467
36.25268801439734 1.3297897422971932e-09 228945303.9524056 12347069980106.035 4235045003176.3574
36.14699504642534 1.34282383788976e-09 231865331.3622477 12504547692689.486 4301564406285.022
36.04191657245317 1.3859161638515198e-09 240003766.70564196 12943455278819.084 4465492071192.713
35.937447249054756 1.3501550659137596e-09 234490579.85392606 12646127914176.184 4375560258304.9077
35.83358179457772 1.3723823813515916e-09 239041820.66728565 12891577319989.492 4473377330036.227
35.730314988253284 1.3809492606798203e-09 241229186.2908779 13009542423271.045 4527320763298.253
35.62764166932152 1.3533097314717346e-09 237082284.799506 12785899124934.518 4462278794601.859
35.525556736171595 1.3095429705444737e-09 230074155.10342118 12407949167921.174 4342782208772.5796
35.42405514549682 1.3228733944497511e-09 233082131.8323216 12570170006388.271 4412129672242.2295
35.32313191146407 1.305125156011592e-09 230612015.99178132 12436956122479.74 4377808555112.753
35.222782104897405 1.2683946484498915e-09 224760360.34641495 12121375062263.537 4278845396979.004
35.1230008524756 1.2785805753744598e-09 227208964.7100075 12253428827546.947 4337713804951.4927
35.02378333594318 1.2626555276098447e-09 225014653.6136518 12135089153410.373 4307956649460.656
34.92512479133489 1.276306629496224e-09 228089888.74327824 12300937252040.39 4379133661726.343
34.82702050821316 1.2435949161501935e-09 222869988.75832534 12019426911838.059 4290935407526.3965
34.72946582891845 1.2536902408374371e-09 225310336.6672354 12151035404726.744 4350070674891.948
34.63245614783208 1.2540965653083983e-09 226014686.3092859 12189021133941.21 4375858587084.8193
34.53598691065149 1.255509762171961e-09 226901411.5875593 12236842420837.957 4405263271501.678
34.440053613677456 1.2287577551123583e-09 222685237.79208103 12009463252091.69 4335416234005.356
34.34465180311326 1.2258044788221e-09 222767105.00452954 12013878368644.541 4349023969448.8555
34.249777074375366 1.2016532362900561e-09 218982992.44451854 11809800356191.545 4286957529297.63
34.15542507141566 1.2218450730876303e-09 223277737.2183458 12041416874869.576 4383075742452.499
34.061591486054624 1.2060689041409737e-09 221001977.20584616 11918684642990.729 4350319894691.545
33.968272057325706 1.1834202293339774e-09 217447544.84192443 11726993333410.434 4292079560028.188
33.87546257083028 1.1666188125513705e-09 214947657.27005428 11592173853563.428 4254327804257.7334
33.78315885810322 1.1968105711063028e-09 221112928.21773124 11924668255165.598 4388277917900.942
33.69135679598881 1.1788106215049617e-09 218380830.98509067 11777325657866.113 4345833167752.683
33.60005230602678 1.1579414091707923e-09 215097620.6677855 11600261412182.348 4292096722507.456
33.50924135384833 1.152930698217934e-09 214747235.7532444 11581365077620.658 4296686443796.966
33.41891994858189 1.1690246921060312e-09 218333435.88021657 11774769629563.752 4380214302197.9
33.3290841422685 1.1783616838314087e-09 220670463.61788046 11900806043171.012 4439000654102.888
33.23973002928655 1.1621456280652472e-09 218218737.97345427 11768583946534.148 4401450396003.388
33.150853745785774 1.2688872163029332e-09 238900621.42250374 12883962414043.125 4831485905266.127
33.062451469130345 1.1660898403205895e-09 220133396.4953083 11871841896573.836 4463812553111.702
32.97451941735074 1.1360060647840863e-09 215026086.16091043 11596403540685.834 4371844134838.5273
32.88705384860445 1.1501613240402535e-09 218284433.04908165 11772126896234.871 4449863966776.772
32.80005106064518 1.1602235690137372e-09 220778174.78424373 11906614929773.04 4512607058383.982
32.71350739030047 1.1453501203767732e-09 218524497.8791609 11785073644674.695 4478327984976.47
32.62741921295758 1.1189960819299884e-09 214059653.3173647 11544283607477.627 4398372054448.878
32.541782942057424 1.1220355065000063e-09 215205928.52239767 11606102478311.268 4433531146714.813
32.45659502859654 1.110208356715082e-09 213496377.3104334 11513906010053.129 4409826001850.201
32.371851960636754 1.116116002320156e-09 215194300.1886948 11605475359748.438 4456502538143.576
32.2875502628226 1.098944339896759e-09 212436714.51170656 11456758165107.967 4410851893566.542
32.203686495906176 1.1233449454003064e-09 217719094.91192308 11741638087679.223 4532272301844.006
32.12025725627947 1.1134208021860348e-09 216356173.03424722 11668135414723.852 4515568405497.896
32.03725917551389 1.100195328779578e-09 214340094.04356572 11559407836766.889 4485050240665.496
31.954688919906893 1.0858758128874482e-09 212097007.2068145 11438437676354.34 4449552256101.869
31.872543190035667 1.0623016815817068e-09 208027200.90642393 11218952138416.227 4375391333982.342
31.790818720317628 1.0725482193433384e-09 210573680.71974468 11356284347966.744 4440307180054.939
31.709512278577684 1.0607541632330799e-09 208792145.76542318 11260205780844.941 4414000666091.281
31.62862066562213 1.0425728494716608e-09 205738293.45173487 11095510862123.844 4360535768814.681
31.54814071481902 1.049640474437872e-09 207661398.5091882 11199224335663.395 4412494388251.412
31.468069291684962 1.0693244849034982e-09 212094002.67491955 11438275641296.516 4518118878312.014
31.388403293478163 1.035973948228713e-09 206000647.35414606 11109659665076.791 4399425227370.323
31.30913964879766 1.0319196151988608e-09 205713933.7110794 11094197136018.186 4404396262999.262
31.2302753171886 9.924345728655806e-10 198342163.92998937 10696635990220.361 4257261124107.735
31.151807288753453 9.749625738425838e-10 195341119.32039976 10534789002453.686 4203380811978.773
31.073732583769104 9.51543207440239e-10 191127889.55197576 10307568605726.04 4123027442290.3975
30.99604825230968 1.007634722958416e-09 202901739.99443024 10942534917935.303 4387956502092.0703
30.918751373874994 9.642652902786769e-10 194654102.82899398 10497738053819.082 4220090697635.2466
30.841839057024558 9.586425812906942e-10 194001650.1630467 10462551139800.385 4216408109339.479
30.76530843901705 9.624430601210352e-10 195255261.99916643 10530158698467.225 4254184114180.759
30.689156685455128 9.270484587203167e-10 188541282.33002785 10168072316310.652 4118069288105.8286
30.613380989935486 9.03525905078139e-10 184212156.71667272 9934601631487.707 4033448262383.924
30.537978573704116 9.165829133324734e-10 187335656.14885816 10103052634440.066 4111942422217.1665
30.462946685316638 8.741729348924868e-10 179107767.5279969 9659320813623.111 3941002891958.104
30.388282600303604 8.228759161735791e-10 169011855.6007532 9114846090068.27 3727972050837.8877
30.31398362084076 7.896315229341259e-10 162581243.43001327 8768041778661.413 3594897129251.302
30.240047075424076 7.850243914648599e-10 162027847.61237714 8738197021992.057 3591398976038.6694
30.166470318549564 7.597699424770922e-10 157197844.02667817 8477713879305.777 3492818118273.67
30.093250730397738 7.381441569701435e-10 153095017.78335327 8256447568671.691 3409912845861.533
30.020385716522686 7.388235449526464e-10 153607858.31888655 8284105170166.679 3429619540448.8447
29.947872707545574 7.145863473956403e-10 148928464.16253594 8031744426724.781 3333173937090.775
29.875709158852693 6.922204866401804e-10 144615618.8089831 7799151739849.831 3244447123777.601
29.80389255029776 6.420991451370395e-10 134467731.27400747 7251873960478.401 3024031441519.5186
29.732420385908558 5.977450169004341e-10 125480047.52254392 6767166223203.948 2828675481299.247
29.66129019359777 6.123433271815436e-10 128852819.67365497 6949060558042.011 2911656373819.533
29.590499524877966 5.634901318030852e-10 118856515.23699519 6409957688093.907 2692182228999.455
29.520045954580638 5.681297119001355e-10 120121140.8098931 6478159219977.908 2727305031610.648
29.449927080579258 5.693361302771323e-10 120662827.02166972 6507372475059.37 2746111184475.095
29.380140523516275 6.396112658249949e-10 135878646.0688078 7327964901880.668 3099729153495.452
29.310683926533965 6.281502743576423e-10 133760097.41806258 7213711112895.119 3058613511867.395
29.241554955009118 5.280576454300357e-10 112711919.69861303 6078578315806.701 2583395784217.8037
29.172751296291448 4.972463629668346e-10 106385686.52426125 5737403186351.206 2444133757385.571
29.104270659445692 3.883533565747047e-10 83283566.98656347 4491500860789.52 1917870867557.1729
29.036110774997343 3.6893555166986574e-10 79305085.436246 4276940486462.9834 1830530528206.158
28.96826939468193 3.5569379162581333e-10 76637743.53189626 4133090158086.2026 1773095677818.9504
28.90074429119782 2.8313294987118615e-10 61146325.11935789 3297634597615.404 1417982876974.6624
28.83353325796248 2.4294291277443794e-10 52589052.35496642 2836139018379.7554 1222375916921.6157
28.766634108872076 2.6611708126531913e-10 57739454.55110512 3113901327733.0684 1345205373580.7432
28.700044678064504 2.1312666874728717e-10 46349408.78691001 2499633685203.2046 1082341385692.9526
28.6337628196856 2.6646039962997683e-10 58082222.54139498 3132386879915.126 1359455905883.198
28.567786407658676 1.6817298179200965e-10 36742492.080990545 1981530580167.706 861965802372.9259
28.50211333545716 2.3836239935288263e-10 52197494.90330747 2815022239946.641 1227349696616.6782
28.43674151588042 2.1993723541993556e-10 48273402.00377479 2603395057372.7656 1137683640071.852
28.371668880832637 1.7669674598088346e-10 38871620.30093868 2096354927618.76 918203458297.0546
28.30689338110471 9.037138833894909e-11 19926348.424163878 1074632299478.2783 471763579470.9612
28.24241298615914 -6.328190613816495e-12 -1398513.7082830807 -75422148112.27779 -33185745169.40136
28.17822568391787 3.414790895881675e-11 7563789.720376064 407916822839.5044 179891318872.21774
28.114329480552975 7.624195043201274e-11 16926035.314147137 912824761642.4841 403468544645.98987
28.050722400280232 1.3956966779003205e-10 31055317.18865045 1674820002695.3555 741945261194.0374
27.987402485155446 5.6218102805253377e-11 12537258.105502965 676137053326.4008 300204851676.9227
27.924367794873564 1.7639731744550247e-10 39427351.226845875 2126325617184.4727 946214899647.0715
27.861616406570477 1.3427107309320026e-10 30079119.979326658 1622173475119.4468 723489369903.2751
27.799146414627494 1.68688197717474e-10 37874090.46126722 2042557926653.7263 913023393214.1957
27.736955930478437 -5.891703453440969e-11 -13257787.623422705 -714995366761.5457 -320317924309.1832
27.675043082419336 -1.9337251986028127e-10 -43610937.808246985 -2351947350396.0454 -1056024360327.7104
27.613406015420622 -2.927828574928715e-10 -66178152.887812875 -3569002162323.654 -1606050973045.708
27.552042890941912 -2.6892831283537635e-10 -60921655.4723728 -3285518114744.424 -1481768669749.75
27.490951886749137 -3.1395559112573984e-10 -71279955.31343628 -3844143475494.865 -1737552850923.672
27.430131196734205 -2.511243636395748e-10 -57141276.66451036 -3081641464355.95 -1395983583353.1853
27.369579030736997 -2.9823307648523227e-10 -68010609.32622074 -3667826936144.8335 -1665193429009.7842
27.309293614369736 -3.7604350620405814e-10 -85944205.55563669 -4634989676838.55 -2108920302961.552
27.24927318884365 -3.533223331411581e-10 -80929180.27639037 -4364528274023.6333 -1990224892954.7388
27.189516010797938 -3.162836685666215e-10 -72604621.44948031 -3915583007993.0396 -1789421434652.818
27.130020352130984 -2.2351349474284914e-10 -51421246.99246365 -2773159021476.3804 -1270106831836.217
27.070784499833756 -2.9757058876705e-10 -68608533.66849965 -3700073125821.9165 -1698333564752.16
27.0118067558254 -3.3670253380658073e-10 -77800381.28329033 -4195791464599.831 -1930064073715.9922
26.953085436791 -2.691816700973089e-10 -62334139.73522372 -3361693697899.6226 -1549740794731.5908
26.894618874021383 -4.0109998691360043e-10 -93084255.25744994 -5020054108420.21 -2319264998090.1885
26.836405413255104 -3.881094760979861e-10 -90264894.18993163 -4868005353547.859 -2253886478692.649
26.77844341452237 -6.206405792673532e-10 -144658452.1561997 -7801461751570.69 -3619878252728.746
26.720731251991072 -5.453766430970433e-10 -127390537.54887609 -6870199365374.542 -3194642704899.088
26.663267313814746 -3.666285849020027e-10 -85822652.03035457 -4628434268812.802 -2156850369266.8467
26.606050001982528 -1.9931888578043368e-10 -46758118.00345702 -2521675462042.922 -1177622440774.0022
26.549077732171 -8.429796779419861e-11 -19817854.740390114 -1068781211542.3029 -500189607001.794
26.492348933597984 -4.2433884560116254e-10 -99972671.787543 -5391547908384.148 -2528635969032.2114
26.43586204887816 -3.56634797527568e-10 -84201380.86107074 -4540998762435.099 -2134269418344.4575
26.379615533880546 -4.848165052785838e-10 -114709109.91139631 -6186287217868.062 -2913741279615.8486
26.323607857587806 -2.8085068219280746e-10 -66591537.998508975 -3591296111150.6616 -1695091764463.1235
26.267837501957324 -6.271600498488721e-10 -149019478.70052326 -8036652860531.182 -3801336803031.3774
26.212302961784054 -7.923182800449011e-10 -188661582.01017785 -10174560104196.03 -4822741489388.363
26.157002744565094 -1.0092776548632667e-09 -240830593.02878156 -12988046202052.525 -6169321945975.054
26.10193537036601 -8.549884983191408e-10 -204445020.51435766 -11025764371649.887 -5248263840905.196
26.04709937168877 -8.853857755251836e-10 -212159336.40376577 -11441799103486.828 -5457738172363.311
25.992493293341415 -8.716092490090379e-10 -209296933.01425344 -11287429066838.473 -5395391093948.891
25.93811569230932 -9.45228965401635e-10 -227450854.85541093 -12266474015638.752 -5875641053490.734
25.88396513762809 -8.598739406948323e-10 -207344708.28987518 -11182145163335.467 -5367429678401.037
25.83004021025803 -7.940974411190185e-10 -191883525.47651112 -10348320215296.768 -4977542023557.912
25.776339502960198 -7.893177186011555e-10 -191125917.6301329 -10307462259552.658 -4968196809104.29
25.722861620173973 -1.134777653956913e-09 -275347075.75525844 -14849527614134.807 -7172321837627.186
25.66960517789618 -5.592263961714925e-10 -135974493.08296826 -7333133952176.932 -3549236832853.626
25.616568803561684 -6.397169119012567e-10 -155867600.2336637 -8405973542555.451 -4076897168139.4717
25.563751135925475 -4.958669578083464e-10 -121068054.5552396 -6529226483979.742 -3173204071213.8193
25.5111508249462 -8.243753293369482e-10 -201689788.64823177 -10877174118540.584 -5297183795729.282
25.458766531671156 -8.00071686556844e-10 -196146479.65887725 -10578222260470.852 -5162172463109.78
25.40659692812265 -1.0152122060998672e-09 -249401641.7192216 -13450284719972.766 -6577189228066.702
25.354640697185793 -6.15927484643987e-10 -151621608.103961 -8176986264566.48 -4006723269637.5596
25.30289653249766 -1.002097655410942e-09 -247188795.48886183 -13330945442032.627 -6545494212038.163
25.251363138337787 -1.1655382894180029e-09 -288091664.3409903 -15536846045302.123 -7644128254288.514
25.200039229520026 -1.0482673620094688e-09 -259632958.5200696 -14002061857777.55 -6903016495884.473
25.148923531285707 -7.31164611631728e-10 -181461600.84435722 -9786263555740.45 -4834414196535.516
25.09801477919808 -7.075210160936561e-10 -175949869.37407693 -9489014680134.55 -4697062266666.569
25.047311719038085 -4.11730244566618e-10 -102598408.5752911 -5533154463783.967 -2744444614037.0166
24.996813106701318 -1.1571928310836054e-09 -288941595.24967736 -15582683003853.566 -7744593452915.1
24.946517708096284 -1.2413427246749919e-09 -310578041.66167986 -16749541259331.674 -8341271547146.739
24.89642429904388 -1.4252498526272766e-09 -357308216.1647919 -19269709722330.316 -9615585151442.693
24.84653166517806 -1.0705812314268218e-09 -268932213.3968199 -14503572693526.98 -7251786346763.564
24.796838601847703 -1.2767106532570191e-09 -321355059.41914374 -17330748168279.299 -8682704832307.653
24.747343914019662 -1.6216199040037628e-09 -408986946.88223195 -22056754897032.547 -11072490958310.06
24.69804641618297 -1.666939210612776e-09 -421256034.08950067 -22718429435557.53 -11427370006086.025
24.648944932254178 -1.965459459119011e-09 -497685205.099342 -26840271232217.31 -13527496701037.07
24.60003829548383 -1.557673818216453e-09 -395211626.0803884 -21313848853525.62 -10763493671030.178
24.55132534836406 -1.846700477244483e-09 -469472864.09894246 -25318773552985.758 -12811299417810.719
24.502804942537253 -1.5702312738709943e-09 -399978635.86841106 -21570934727017.93 -10936463906598.258
24.45447593870582 -1.6630192746803556e-09 -424451328.6211422 -22890752363820.914 -11628502200821.479
24.406337206543014 -1.8182699812513362e-09 -464991202.5692151 -25077076573054.707 -12764231975683.998
24.358387624604813 -1.9539107659914962e-09 -500662615.0253564 -27000843596364.184 -13770430234146.28
24.310626080242844 -1.8540233670217768e-09 -476001185.9452213 -25670847368421.676 -13117803005262.518
24.263051469518295 -1.9555609603348456e-09 -503054356.09630114 -27129830711921.652 -13890473324504.371
24.215662697116894 -1.5023986619249747e-09 -387237853.6855478 -20883821575984.25 -10713400468479.484
24.168458676264812 -1.659674361605666e-09 -428610598.08232284 -23115062669456.145 -11881142212100.535
24.12143832864562 -1.6296171333424528e-09 -421668691.52566075 -22740684140738.727 -11711452332479.996
24.07460058431815 -1.1532994060269624e-09 -299000526.19797844 -16125163335179.982 -8320584280952.966
24.027944381635365 -1.6544480480161481e-09 -429759505.3360106 -23177023487245.547 -11982521142906.598
23.98146866716412 -1.6576058202298245e-09 -431414225.3151624 -23266262895206.125 -12051924179716.336
