string
20190122an 22 2019_15.46.   full spectra  index number  Nphoton via eV
eV x-axis E [J] Nphoton Nphoton/sr Nphoton/sr @ 0.1bw
51.660080420516415 3.535986863850173e-10 42721307.886226155 2303969415430.972 555256629118.8724
51.4457232403483 3.3803414056309437e-10 41010990.91303725 2211731649503.628 535239059179.86584
51.233137607123716 3.412360418212778e-10 41571234.05870352 2241945684061.219 544792801226.87476
51.02230164989275 3.3462376195636867e-10 40934143.35915332 2207587244227.6763 538651287591.558
50.813193856245654 3.3418919720992617e-10 41049218.0492877 2213793247266.391 542379345580.2508
50.605793064995666 3.2677489716511257e-10 40303004.79703044 2173549804458.6792 534693251896.8216
50.400078459040394 3.235236261183184e-10 40064872.400119886 2160707272559.4607 533694696322.1813
50.1960295583965 3.3245660081723166e-10 41338486.17621695 2229393540194.6626 552889597968.2563
49.99362621340296 3.1289915093301823e-10 39064180.74600193 2106739754254.4292 524578198809.3571
49.79284859808809 3.203959566116297e-10 40161417.1411007 2165913951414.726 541478487853.6841
49.59367720369574 3.159828548895195e-10 39767307.04384966 2144659508250.2727 538309536570.8068
49.39609283236627 3.0877822018626905e-10 39016026.38558884 2104142779135.9036 530243980342.2175
49.20007659096798 3.051096022665054e-10 38706069.47176963 2087426735436.0554 528118964065.3175
49.005609885074826 3.041126223525786e-10 38732686.66311837 2088862206348.0295 530571000412.3979
48.81267441308634 2.962020424630564e-10 37874283.0681191 2042568313983.0918 520854920065.6847
48.621252160486 2.934346739888566e-10 37668147.9048758 2031451399846.8896 520051558360.7971
48.4313253942341 2.860428110999978e-10 36863253.08976958 1988043247606.2698 510927114634.8251
48.24287665729156 2.87859167175732e-10 37242244.16986082 2008482318890.7163 518188438273.78156
48.05588876327104 2.8322000288512045e-10 36784620.85501038 1983802594102.9956 513804871872.6642
47.87034479121208 2.765580438327936e-10 36058587.79816563 1944647473617.9907 505608343140.67804
47.686228080476646 2.814659409311569e-10 36840189.31749102 1986799413356.724 518554646886.1041
47.503522225762175 2.8452174818744e-10 37383385.65448163 2016094109819.0486 528216656772.57166
47.322211072228725 2.7747968143402547e-10 36597813.002166286 1973728006015.4458 519090465582.0726
47.142278710737365 2.7553366497474464e-10 36479852.41638672 1967366365997.6301 519384720623.35583
46.96370947319669 2.8127597699297313e-10 37381715.16037496 2016004019708.9644 534241065222.85986
46.78648792801481 2.755341760860127e-10 36757333.92698405 1982331004146.4998 527300047102.96875
46.61059887565385 2.7585527320757453e-10 36939038.099860154 1992130349664.6106 531898803360.43774
46.436027344284355 2.8000934132579387e-10 37636257.96253774 2029731568328.566 543968060312.0657
46.26275858553703 2.8945472227214045e-10 39051533.11861446 2106057664961.7485 566529511874.6908
46.09077807034915 3.066584234083778e-10 41526930.76220162 2239556397656.061 604680227367.144
45.92007148490342 2.95957656942501e-10 40226847.565207034 2169442628401.422 587918952296.7557
45.75062472665653 2.899119883011814e-10 39551059.37444237 2132997224459.7227 580175245053.0392
45.58242390045559 2.8284817296213483e-10 38729771.70758837 2088705002163.0276 570216465590.5001
45.41545531473963 2.9213030268768874e-10 40147814.694119014 2165180368493.897 593259420967.3417
45.24970547782453 2.943002591709092e-10 40594188.36472704 2189253397523.6597 602044684318.9946
45.0851610942688 2.916379641753985e-10 40373779.51461151 2177366700353.5056 600953209297.564
44.92180906131855 2.971675278793954e-10 41288878.69870673 2226718198155.402 616800940889.0127
44.7596364654293 3.099145353007202e-10 43215980.39728165 2330647211418.9023 647919924774.4504
44.59863057886301 3.2016893634907704e-10 44807080.17904592 2416455568312.9966 674191103559.3386
44.43877885635813 3.2798782342760545e-10 46066432.350458324 2484372704509.2466 695624357262.5643
44.28006893187113 3.3823484623139483e-10 47675914.77785089 2571172441475.6714 722499456054.6735
44.1224886153876 3.479198836365825e-10 49216216.534087576 2654241249817.2837 748496032448.4479
43.96602588980112 3.539996442523646e-10 50254457.50177918 2710233810760.8623 766996168445.3278
43.81066890785836 3.648692537099032e-10 51981206.948015206 2803357783529.5625 796153610522.3743
43.65640598916871 3.796405161705751e-10 54276714.447509296 2927155001672.1274 834239175476.5499
43.50322561727689 3.931612419522401e-10 56407676.8291489 3042078265861.671 870034384036.436
43.3511164367969 4.0820652812463114e-10 58771751.565024674 3169573329958.4077 909667545698.0535
43.20006725060597 4.2265675123155294e-10 61065000.14244154 3293248723942.601 948455632495.4778
43.05006701709692 4.316228609497475e-10 62577697.8592847 3374828840442.793 975325534887.9552
42.90110484748759 4.510380742614295e-10 65619618.667410046 3538880290476.7812 1026275284238.2241
42.7531700031859 4.684843903517231e-10 68393649.45716037 3688484373621.183 1073348952723.7263
42.60625189320931 4.900300773162833e-10 71785773.01837379 3871422334210.1255 1130455321589.384
42.46034007165723 5.116092246364519e-10 75204507.78725436 4055795443009.794 1188348064801.825
42.315424235235184 5.194132005121716e-10 76613139.28875232 4131763245908.222 1214738394297.0144
42.17149422082962 5.369215834170203e-10 79465907.5950429 4285613660425.223 1264256029825.438
42.028540003131894 5.597359945783636e-10 83124281.97364268 4482910585438.319 1326941533289.695
41.8865516923105 5.775505242291464e-10 86060595.85559009 4641266631000.619 1378456189407.2134
41.74551953173033 5.94532056248777e-10 88890301.77852315 4793873286172.888 1428574239279.4807
41.60543389571781 6.070640314131157e-10 91069598.30203667 4911403221134.196 1468509563119.0833
41.46628528737092 6.299935307329112e-10 94826546.30910565 5114016243345.579 1534204873003.6934
41.32806433641302 6.56954567954319e-10 99215436.33182327 5350710035749.152 1610563720760.4553
41.19076179708939 6.98545865548554e-10 105848346.31850348 5708424312318.502 1723944142320.223
41.05436854610565 7.185319439039229e-10 109238487.5641145 5891255366196.353 1785050375957.489
40.91887558060695 7.53222279362251e-10 114891643.28033465 6196131282109.95 1883623909761.4255
40.78427401619706 7.656365476617558e-10 117170665.10324614 6319039424132.932 1927307024360.425
40.650555084996405 7.840769162349741e-10 120387435.36092168 6492520542966.889 1986711286147.7778
40.51771013373824 8.2891017386129e-10 127688431.38169494 6886264844495.358 2114083307260.1274
40.38573062190196 8.595526857838998e-10 132841427.05123483 7164167020432.624 2206563442293.166
40.254608119882796 8.708447021888723e-10 135024968.88119432 7281925905692.85 2250115104859.1597
40.124334307197095 9.079057097244307e-10 141228348.95801872 7616475540909.08 2361107417681.7563
39.99490097072226 9.56976389254759e-10 149343240.97729385 8054113430454.1875 2504829276871.2876
39.866300002970746 9.478293306753565e-10 148392922.51775056 8002862549476.054 2496893115436.5024
39.73852340039712 9.594020416032706e-10 150687728.94080338 8126621958413.833 2543632672983.437
39.6115632617377 1.00285920542966e-09 158018144.58394176 8521952866567.813 2675893200102.406
39.48541178638185 1.000361413011491e-09 158128166.24758193 8527886358789.935 2686284203018.7627
39.36006127277429 1.0081188077987521e-09 159861883.73208314 8621386119376.07 2724358013722.791
39.235504116847785 1.0429375565363305e-09 165908273.78528112 8947469248512.33 2836347751778.465
39.11173281048549 1.0536172426654758e-09 168137577.84552982 9067696100793.812 2883527360052.2397
38.98873994001226 1.0616715445348468e-09 169957350.6455865 9165836843243.215 2923901952994.4287
38.86651818471441 1.1130372122700933e-09 178740522.3016849 9639515198784.744 3084644863611.3594
38.745060315387185 1.112749616309047e-09 179254508.1529966 9667234567408.48 3103182296138.1704
38.624359192909345 1.1447597261853444e-09 184987349.44183898 9976407943565.14 3212403357827.956
38.50440776684441 1.1567630115811127e-09 187509346.4754053 10112419791484.662 3266311592649.498
38.3851990740678 1.1539936541761785e-09 187641371.31716928 10119539919883.15 3278730934041.92
38.266726237419434 1.1989871054536083e-09 195560967.83034748 10546645480356.855 3427659781115.9727
38.14898246438122 1.2071563240206858e-09 197501105.1319615 10651277506524.217 3472316467126.8364
38.03196104577882 1.244713916994311e-09 204272451.3618596 11016457679765.33 3602381661283.127
37.91565535450732 1.2406459119278522e-09 204229397.77505815 11014135790475.814 3612636539276.064
37.800058844280166 1.2825977102431084e-09 211780982.7085418 11421394406506.744 3757638759740.797
37.6851650484009 1.2817768708100543e-09 212290707.20231405 11448883959192.604 3778131706533.577
37.57096757855726 1.3226030685308602e-09 219718244.81163284 11849452676082.266 3922168835783.2944
37.45746012363715 1.3341819087784934e-09 222313428.51743734 11989411497135.264 3980484617048.8545
37.34463644856595 1.3724646783866882e-09 229383362.77415982 12370694587530.725 4119441297647.505
37.232490393164845 1.363120889874272e-09 228507922.63179246 12323481910465.066 4116042958095.556
37.12101587102963 1.4111896821419747e-09 237276383.59065273 12796366914908.67 4286782916494.255
37.010206868429535 1.4114890898332622e-09 238037284.83639613 12837402484396.03 4313367234757.087
36.900057443225876 1.450584848107457e-09 245360738.07995647 13232357908828.2 4459304615274.729
36.790561723809766 1.4668056687656016e-09 248842832.3092336 13420148007091.781 4536010026396.872
36.681713908058846 1.453033272365251e-09 247237825.15176487 13333589622404.594 4520086881995.412
36.573508262312366 1.5050367723452255e-09 256844023.47238225 13851653984764.682 4709562354819.716
36.46593912036438 1.4887665696230973e-09 254816872.08525428 13742329270061.902 4686134281091.21
36.35900088247475 1.5323344862257624e-09 263045338.5309614 14186092253098.326 4851643550559.702
36.25268801439734 1.5367315831868867e-09 264573765.4722815 14268520650091.703 4894102582981.439
36.14699504642534 1.5921551088518129e-09 274917350.6438214 14826352445518.006 5100265241258.003
36.04191657245317 1.6906812209411837e-09 292780957.39696556 15789740638551.295 5447460520300.354
35.937447249054756 1.6898586865343742e-09 293489209.7067834 15827936839486.305 5476466146462.196
35.83358179457772 1.7632135712376648e-09 307116870.64855903 16562879554660.932 5747319205467.18
35.730314988253284 1.7945040468210961e-09 313470424.5377103 16905528096200.94 5883123777477.836
35.62764166932152 1.8086428434570698e-09 316850731.01983625 17087828759147.455 5963652236942.078
35.525556736171595 1.7915850401545368e-09 314764328.99189484 16975308644513.512 5941358025579.96
35.42405514549682 1.836970120297655e-09 323662803.6724171 17455205317211.592 6126777066341.194
35.32313191146407 1.8386849487957847e-09 324890560.0067791 17521418483051.574 6167539306033.991
35.222782104897405 1.8514698501215815e-09 328081667.0051484 17693515576735.85 6245810998587.72
35.1230008524756 1.8846006927942672e-09 334901202.5903344 18061294612376.69 6393698292781.162
35.02378333594318 1.9351776492662478e-09 344863122.92538106 18598543140254.914 6602482814790.453
34.92512479133489 1.964879346072983e-09 351145329.09434974 18937343883745.312 6741694422613.275
34.82702050821316 1.9219572017382772e-09 344442208.9400527 18575843157583.355 6631576007257.582
34.72946582891845 1.9775492213906923e-09 355400613.5917119 19166832301140.906 6861725963808.088
34.63245614783208 1.9845339261447427e-09 357654924.82426137 19288407795657.332 6924538398640.862
34.53598691065149 2.008487345329179e-09 362982931.3493793 19575748345056.715 7047269404220.4375
34.440053613677456 2.0121057600915595e-09 364649783.7222875 19665642055648.312 7099296782089.46
34.34465180311326 2.0916873861229466e-09 380125176.26697683 20500233337584.426 7421084468204.763
34.249777074375366 2.1180481615574577e-09 385982004.2522706 20816093343216.594 7556241883587.798
34.15542507141566 2.154899417858254e-09 393782384.1583018 21236769526167.27 7730184107524.839
34.061591486054624 2.2060533423392567e-09 404240710.2982184 21800789326945.395 7957288104334.939
33.968272057325706 2.23419362796165e-09 410521898.3582438 22139535163599.297 8103069869877.285
33.87546257083028 2.2359243249341622e-09 411965494.047408 22217388592734.47 8153781613533.464
33.78315885810322 2.2943842922437443e-09 423891668.0405226 22860569747122.848 8412689666941.212
33.69135679598881 2.3273038031276427e-09 431145197.7187985 23251754178488.46 8579897291862.415
33.60005230602678 2.363046390759154e-09 438956282.3769106 23673007671044.45 8759012838286.421
33.50924135384833 2.371104712807035e-09 441646825.38494724 23818109239983.46 8836518528033.25
33.41891994858189 2.44638365479858e-09 456899971.7800058 24640714738787.41 9166345882829.303
33.3290841422685 2.515298865586563e-09 471037181.89629155 25403137551642.004 9475370306762.682
33.23973002928655 2.6054998661838653e-09 489240658.70746917 26384855010741.19 9867935774016.346
33.150853745785774 2.8549802119560777e-09 537523381.1343125 28988752720554.89 10870782270207.982
33.062451469130345 2.5806649112765405e-09 487175612.4548559 26273486617710.2 9878830968258.902
32.97451941735074 2.5416413839604972e-09 481088275.98688835 25945195239529.883 9781338605302.693
32.88705384860445 2.626909176582531e-09 498550393.14613515 26886931011541.402 10163259922362.63
32.80005106064518 2.6843539698563566e-09 510803939.66096735 27547767437147.098 10440603858678.752
32.71350739030047 2.7238186509386227e-09 519684847.8214266 28026716743601.883 10650152362568.92
32.62741921295758 2.743443340990748e-09 524810175.7920677 28303126794526.785 10783491308714.467
32.541782942057424 2.846717856657259e-09 545999262.9771665 29445858869709.992 11248318088228.986
32.45659502859654 2.949681006814585e-09 567232452.6898878 30590969403789.074 11716341281650.824
32.371851960636754 2.9304791948348007e-09 565015122.2982929 30471388294059.348 11701013104919.254
32.2875502628226 2.973892733658709e-09 574882620.2681433 31003544603269.453 11936364672258.67
32.203686495906176 2.9842983595686367e-09 578396458.2320567 31193046648038.24 12040516006142.299
32.12025725627947 2.987247950858298e-09 580471941.320987 31304977901919.19 12115026448042.098
32.03725917551389 3.1457123895077957e-09 612847802.3525548 33051015120948.84 12823793866927.988
31.954688919906893 3.045054500251287e-09 594770542.4689136 32076104568172.086 12477604677019.03
31.872543190035667 3.1332857971546554e-09 613581513.9174306 33090584345040.1 12905327894565.68
31.790818720317628 3.4458881787566224e-09 676532154.0449642 36485526043030.586 14265840682824.775
31.709512278577684 3.3059327758060205e-09 650718914.84541 35093412445119.15 13756617678486.908
31.62862066562213 3.199155378855176e-09 631312016.6769632 34046794210781.32 13380390124837.092
31.54814071481902 3.298361993129808e-09 652549592.8972306 35192141310165.33 13865703676205.248
31.468069291684962 3.289712556332566e-09 652494461.291123 35189168050670.7 13899721380014.588
31.388403293478163 3.3785083543072234e-09 671807345.4150486 36230716087163.12 14347363570516.314
31.30913964879766 3.4319083026507324e-09 684153442.4538915 36896543782635.15 14647927881706.295
31.2302753171886 3.5250769190927093e-09 704501236.9265844 37993904759068.984 15121574094109.566
31.151807288753453 3.6147640855496813e-09 724245300.7888116 39058706412521.02 15584423858594.969
31.073732583769104 3.837186086864828e-09 770740911.0444826 41566224774696.516 16626489909878.533
30.99604825230968 4.241742892642169e-09 854135922.3898264 46063735853966.15 18471558077440.484
30.918751373874994 4.594678663482022e-09 927517626.1598469 50021227080325.65 20108533286290.793
30.841839057024558 4.4764024999415654e-09 905894948.4733068 48855111375202.95 19688609884206.434
30.76530843901705 4.2887436149616175e-09 870077195.0927392 46923452154046.87 18957074670234.934
30.689156685455128 4.466101773572123e-09 908306947.155756 48985190988149.79 19839002350200.734
30.613380989935486 4.193929979112103e-09 855064456.0701741 46113811877069.555 18722207622089.844
30.537978573704116 4.281363115345291e-09 875045734.2791424 47191406551775.734 19206902466573.004
30.462946685316638 4.700981791315741e-09 963175957.7821754 51944288651425.81 21193269769781.06
30.388282600303604 4.450334932412493e-09 914061707.4679652 49295546461998.49 20161878502957.195
30.31398362084076 4.453790289040011e-09 917013495.7100117 49454737043162.71 20276442187697.402
30.240047075424076 5.240259640945579e-09 1081581667.7594626 58329934313927.04 23973603003023.574
30.166470318549564 5.540200462823734e-09 1146277997.5107458 61819021432574.25 25469436830218.33
30.093250730397738 4.839753116201717e-09 1003790495.9287118 54134639517103.4 22357606120564.52
30.020385716522686 4.650335739348726e-09 966845356.0598388 52142180097710.33 21586862560451.066
29.947872707545574 4.854325625266905e-09 1011700353.0093651 54561219827865.164 22642906228563.98
29.875709158852693 4.657921789131214e-09 973112259.6046497 52480155567355.43 21831744716020.34
29.80389255029776 4.802672220606698e-09 1005770592.3589914 54241426547760.74 22618674870416.418
29.732420385908558 4.724722705016003e-09 991824963.4777 53489335752530.07 22358542344557.543
29.66129019359777 4.99804858134652e-09 1051718250.1794088 56719393716061.336 23765425967029.137
29.590499524877966 5.525681441675596e-09 1165527492.6745417 62857150888675.74 26400003373243.95
29.520045954580638 6.155295725365185e-09 1301430164.7421868 70186411517893.31 29548479249032.527
29.449927080579258 6.9081792976542215e-09 1464091947.2680995 78958796787493.55 33320612244322.777
29.380140523516275 8.535800330658232e-09 1813340467.8973656 97793845378638.7 41366796595163.234
29.310683926533965 8.080745263640037e-09 1720736769.2076035 92799707790313.94 39347076103091.37
29.241554955009118 6.611162632579687e-09 1411127815.6970108 76102429665503.03 32343532607838.23
29.172751296291448 7.031511936878472e-09 1504389534.8878555 81132054442404.95 34562255192463.9
29.104270659445692 5.940917060920797e-09 1274047862.9277346 68709678032284.41 29339032519786.176
29.036110774997343 6.157486701988242e-09 1323591632.0980878 71381584266935.72 30551318066248.504
28.96826939468193 5.885814559954948e-09 1268156929.7578735 68391978726639.234 29340158873727.727
28.90074429119782 6.581931368825998e-09 1421455593.8284044 76659408983820.2 32963545863043.586
28.83353325796248 7.153864951465096e-09 1548573589.476375 83514910105269.67 35994926255369.5
28.766634108872076 6.134180974196085e-09 1330933970.4305804 71777558168316.75 31007905128714.16
28.700044678064504 7.56534198395453e-09 1645261619.7124538 88729316581200.94 38419794079658.766
28.6337628196856 9.501337101100192e-09 2071072387.1661932 111693383776599.44 48474928559045.34
28.567786407658676 9.476372470501235e-09 2070401183.018399 111657185591091.0 48570875732123.11
28.50211333545716 7.719672975367222e-09 1690483028.702815 91168116992320.34 39749299008649.81
28.43674151588042 6.994798571637644e-09 1535268563.0488162 82797367139538.53 36182449439976.86
28.371668880832637 6.969422158638346e-09 1533207249.310906 82686200041836.34 36216555618325.805
28.30689338110471 6.7120926139539394e-09 1479976113.4493866 79815433320456.72 35038975227680.273
28.24241298615914 6.901862121701752e-09 1525293623.2365434 82259416468425.03 36194143246106.07
28.17822568391787 6.567839825905088e-09 1454781884.892866 78456703101003.0 34599406067541.613
28.114329480552975 6.8571695404517236e-09 1522320627.149726 82099082143584.95 36287794307465.62
28.050722400280232 8.553012671058616e-09 1903110651.6486378 102635170890754.7 45467380704604.016
27.987402485155446 9.386595535992354e-09 2093314521.3804889 112892906906839.8 50124450666637.01
27.924367794873564 1.127335851771071e-08 2519758646.1101108 135891131197722.36 60471553382985.25
27.861616406570477 1.5382106684117915e-08 3445866796.3815975 185836344937182.66 82883009841983.69
27.799146414627494 1.5682101406592044e-08 3520965517.0470037 189886435257729.12 84879236560203.06
27.736955930478437 1.3360727639171686e-08 3006493638.628053 162140855086510.94 72639103078759.34
27.675043082419336 1.0390322845581092e-08 2343309813.3780804 126375207315294.5 56742468084561.11
27.613406015420622 1.1752020202097296e-08 2656326932.3033915 143256288541338.9 64465329843605.07
27.552042890941912 8.12133872829933e-09 1839766868.5883555 99219026908991.5 44747781135955.62
27.490951886749137 8.810912565564295e-09 2000414936.6860144 107882812122000.19 48763031079143.89
27.430131196734205 9.983269448028292e-09 2271610580.8231497 122508452127078.61 55496328813564.22
27.369579030736997 8.578514160488748e-09 1956288625.1396153 105503070553941.6 47898394031490.336
27.309293614369736 9.34964785183997e-09 2136848645.420591 115240711674032.14 52434523811684.914
27.24927318884365 1.0908469325690623e-08 2498606506.839726 134750391731606.55 61446178629611.414
27.189516010797938 9.670823535943563e-09 2219989685.569263 119724526031490.47 54714108396391.12
27.130020352130984 1.1213896691167593e-08 2579855646.6038513 139132175490314.34 63722536374565.71
27.070784499833756 1.6174748849184103e-08 3729285900.1852183 201121198777599.12 92314630238912.58
27.0118067558254 1.749616248094613e-08 4042761712.015971 218027017411684.22 100292428009378.38
26.953085436791 1.565126461472155e-08 3624348252.146344 195461888621348.6 90107930654433.84
26.894618874021383 1.1813656655694993e-08 2741624202.2951255 147856388842670.62 68309651645315.34
26.836405413255104 1.0241077284992254e-08 2381827330.8208327 128452465398843.06 59473491479664.07
26.77844341452237 1.0861109312444958e-08 2531499412.5783215 136524313284013.22 63347281363781.19
26.720731251991072 9.220878356298597e-09 2153837472.4138303 116156922804569.44 54012969104123.53
26.663267313814746 9.630903700510676e-09 2254460593.2669244 121583549572367.64 56657934100725.445
26.606050001982528 9.161122139240597e-09 2149103073.4667315 115901595640812.8 54126045164257.63
26.549077732171 1.0341259131852571e-08 2431156725.0129027 131112810344342.98 61360795241152.06
26.492348933597984 1.2369402921861182e-08 2914185847.7821045 157162675872488.47 73709294984198.42
26.43586204887816 1.536766089320891e-08 3628300650.367245 195675042316053.12 91967269888543.3
26.379615533880546 1.804623343498532e-08 4269795586.664175 230271003594160.1 108457642692849.1
26.323607857587806 2.4767428296476305e-08 5872519623.783155 316706259104882.2 149485354297505.38
26.267837501957324 2.69539326657081e-08 6404523049.165406 345397319412528.0 163372932082131.28
26.212302961784054 2.3483824773410555e-08 5591812842.119916 301567681386743.56 142943080977300.03
26.157002744565094 1.5050975740173017e-08 3591415499.6909533 193685818126848.5 92000763610254.6
26.10193537036601 1.7292754191876516e-08 4135046836.8385897 223003974242144.34 106149891739257.67
26.04709937168877 1.4175975102518819e-08 3396898339.4189982 183195465414881.06 87384237002899.77
25.992493293341415 1.114128092294647e-08 2675322605.4841094 144280729322750.66 68966188616276.1
25.93811569230932 1.0592048235077969e-08 2548769148.980275 137455673919989.55 65841267807672.44
25.88396513762809 1.191385597855941e-08 2872833883.6339765 154932555462340.6 74367626621923.67
25.83004021025803 1.4657221254782894e-08 3541730702.5869923 191006306225099.66 91874033294276.02
25.776339502960198 1.3003148283148673e-08 3148590978.170193 169804195478408.3 81845622220591.31
25.722861620173973 1.210784971190256e-08 2937898010.4441705 158441477956278.1 76527233852883.11
25.66960517789618 1.566954663259365e-08 3810010891.4627585 205474715094555.1 99449762105764.42
25.616568803561684 1.5377498526421874e-08 3746741329.358576 202062573865078.7 98000348324565.03
25.563751135925475 1.531125201986996e-08 3738308160.405999 201607771231375.53 97981376818438.14
25.5111508249462 2.4125464806459866e-08 5902481217.831803 318322094381027.9 155022859963561.1
25.458766531671156 2.752638126406359e-08 6748398766.527958 363942611556267.5 177603994439458.72
25.40659692812265 2.7244463522815596e-08 6692998655.377914 360954871526371.75 176506932176396.3
25.354640697185793 2.40245175886811e-08 5914066317.113951 318946881302155.9 156283971838055.75
25.30289653249766 1.8251673023700586e-08 4502165079.445248 242802740821694.97 119216145743454.83
25.251363138337787 1.5548503501969078e-08 3843197853.354709 207264495159195.38 101974131618322.38
25.200039229520026 1.4414255611994957e-08 3570096680.519337 192536089577448.38 94920292161683.98
25.148923531285707 1.2533520387026555e-08 3110589103.2794805 167754746109713.66 82870844578193.98
25.09801477919808 1.0748640886669006e-08 2673025842.2570004 144156864382945.0 71357647869557.27
25.047311719038085 1.0968316516623681e-08 2733177448.5990944 147400853580801.72 73110823376082.16
24.996813106701318 1.2883262030318703e-08 3216845268.194492 173485164167539.66 86222126591265.84
24.946517708096284 1.5426722605384685e-08 3859692573.856084 208154059019282.66 103660721391597.38
24.89642429904388 1.7758178541470864e-08 4451951414.19754 240094706946058.25 119807258766081.38
24.84653166517806 2.0560152039645677e-08 5164752597.453881 278536229613839.3 139268114806921.08
24.796838601847703 2.9726897347037243e-08 7482422770.526387 403528685557288.75 202167871464195.25
24.747343914019662 3.7076026158508533e-08 9350903194.796371 504296240762158.44 253156712862597.2
24.69804641618297 3.6453716799700275e-08 9212302445.761332 496821472255936.94 249901200544749.12
24.648944932254178 2.594894835923975e-08 6570681285.92648 354358269218628.9 178596567686182.97
24.60003829548383 1.722963630333073e-08 4371488112.966928 235755303630184.78 119056428333240.42
24.55132534836406 2.4321225129893325e-08 6183003340.727763 333450713411730.3 168726060986334.56
24.502804942537253 1.4831007068682257e-08 3777842203.627931 203739850771033.66 103296104340915.66
24.45447593870582 1.2837346586474603e-08 3276467625.8166246 176700610866950.53 89763910320414.38
24.406337206543014 1.3329265172989942e-08 3408729784.939354 183833537842153.97 93571270761650.16
24.358387624604813 1.0627694562161923e-08 2723199771.348159 146862755279026.44 74900005192306.45
24.310626080242844 9.818380471402481e-09 2520766907.0300817 135945506928179.25 69468154040294.52
24.263051469518295 1.4014948360314581e-08 3605247274.8861594 194431768768054.1 99549065609247.17
24.215662697116894 1.650281159320923e-08 4253540357.2200737 229394355538820.56 117679304391410.16
24.168458676264812 1.480038157229145e-08 3822195814.008513 206131850614599.97 105951771215905.06
24.12143832864562 1.3651872639755033e-08 3532466095.930994 190506663975422.66 98110931947338.92
24.07460058431815 1.864321118872082e-08 4833376247.587563 260665031074636.7 134503156034514.06
24.027944381635365 1.6920676357804156e-08 4395315712.814493 237040331266466.94 122549851264770.06
23.98146866716412 1.6795519450250454e-08 4371259996.77711 235743001274510.1 122114874660191.8
