string
20190122an 22 2019_16.40.   full spectra  index number  Nphoton via eV
eV x-axis E [J] Nphoton Nphoton/sr Nphoton/sr @ 0.1bw
51.660080420516415 5.274817914329647e-10 63729625.939981036 3436952572089.036 828305569873.4698
51.4457232403483 5.205784184019812e-10 63157634.76151624 3406104963570.3823 824277401184.0138
51.233137607123716 5.289547587015453e-10 64440151.05521551 3475271345913.9263 844490937057.0818
51.02230164989275 5.222069076523671e-10 63880975.74424302 3445114899913.356 840608035578.8666
50.813193856245654 5.271684629790072e-10 64753299.52673398 3492159511013.856 855579080198.3711
50.605793064995666 5.22150148848294e-10 64399744.70612333 3473092222729.179 854380686791.3566
50.400078459040394 5.189031700065111e-10 64260497.89243332 3465582611815.759 855998905118.4836
50.1960295583965 5.27508364090899e-10 65591710.807386056 3537375213522.7554 877269052953.6117
49.99362621340296 5.17466024988737e-10 64603519.28025024 3484081829781.5005 867536375615.6007
49.79284859808809 5.236877850070234e-10 65643910.765266836 3540190368591.6123 885047592147.9073
49.59367720369574 5.212162740015506e-10 65596494.50511508 3537633199380.5312 887945933044.4941
49.39609283236627 5.198274194592511e-10 65683390.17350354 3542319501654.6475 892664514416.9204
49.20007659096798 5.111063449831385e-10 64838725.32828299 3496766543049.995 884681935391.6411
49.005609885074826 5.152266637418018e-10 65620797.889995396 3538943886206.993 898891747096.5735
48.81267441308634 5.0821102251939e-10 64983103.98260788 3504552915243.7373 893660993387.1467
48.621252160486 5.149611357190776e-10 66105453.59838991 3565081473851.2847 912660857305.9172
48.4313253942341 5.036237517794303e-10 64903605.69619147 3500265555386.4414 899568247734.3397
48.24287665729156 5.096531064629609e-10 65937192.895560585 3556007137593.3657 917449841499.0472
48.05588876327104 5.090545078505217e-10 66116011.84613618 3565650882446.001 923503578553.4933
47.87034479121208 5.027673322325594e-10 65552531.90291603 3535262286693.1406 919168194540.2174
47.686228080476646 5.11387219527093e-10 66933860.3441593 3609757629620.493 942146741330.9471
47.503522225762175 5.131100257335083e-10 67417658.21901236 3635848954115.5317 952592425978.2349
47.322211072228725 5.08638592167749e-10 67086209.64834999 3617973860693.108 951527125362.3064
47.142278710737365 5.136281129910896e-10 68002861.86640601 3667409113953.904 968196006083.796
46.96370947319669 5.146658813120658e-10 68399347.79944475 3688791686458.534 977529796911.4829
46.78648792801481 5.107972677252837e-10 68142348.09444551 3674931636535.2046 977531815318.364
46.61059887565385 5.168054740257543e-10 69204031.78549585 3732188468642.409 996494321127.4984
46.436027344284355 5.206327917157003e-10 69978629.8556721 3773962710847.0435 1011422006507.0262
46.26275858553703 5.160051166150514e-10 69616383.32478736 3754426676739.026 1009940776042.7631
46.09077807034915 5.322776473348214e-10 72079732.10540164 3887275611635.6167 1049564415141.6298
45.92007148490342 5.20849006854797e-10 70794294.76395671 3817951696552.5566 1034664909765.6908
45.75062472665653 5.213292871409246e-10 71122017.78950167 3835625870517.43 1043290236780.7313
45.58242390045559 5.170266866585926e-10 70795315.13784532 3818006725538.044 1042315836071.8743
45.41545531473963 5.176868913566338e-10 71146324.74803703 3836936750071.885 1051320669519.7211
45.24970547782453 5.280347043928195e-10 72834255.44245625 3927967219121.801 1080190985258.4741
45.0851610942688 5.257952477742323e-10 72790047.97434437 3925583100762.535 1083460935810.4532
44.92180906131855 5.300171238648483e-10 73641332.52262549 3971493061391.363 1100103578005.3474
44.7596364654293 5.395133535270345e-10 75232349.09737974 4057296930913.33 1127928546793.8982
44.59863057886301 5.485884100065857e-10 76773984.23706031 4140437648913.746 1155182104046.9568
44.43877885635813 5.597631762779485e-10 78619664.0558439 4239975562511.3447 1187193157503.1343
44.28006893187113 5.665226773252791e-10 79854240.87677255 4306556558673.606 1210142392987.2998
44.1224886153876 5.749720492386855e-10 81334669.86881855 4386396415835.165 1236963789265.4734
43.96602588980112 5.898601572798703e-10 83737661.004206 4515990249812.084 1278025240696.826
43.81066890785836 6.021330961622259e-10 85783070.9592845 4626299653051.077 1313869101466.4705
43.65640598916871 6.14349849521288e-10 87832804.80620557 4736842244716.498 1350000039744.1917
43.50322561727689 6.313417664479849e-10 90579941.58759938 4884995928147.559 1397108835450.1987
43.3511164367969 6.418096652023198e-10 92404887.22362098 4983415642764.339 1430240289473.35
43.20006725060597 6.580089461774424e-10 95068436.20732786 5127061418106.845 1476593688414.785
43.05006701709692 6.728968034757483e-10 97558161.691733 5261332854369.169 1520525194912.6711
42.90110484748759 6.911285426620374e-10 100549363.80683278 5422649034269.743 1572568219938.1604
42.7531700031859 7.072315258595569e-10 103248146.70639595 5568194982348.885 1620344739863.4683
42.60625189320931 7.277899038113291e-10 106615824.73914833 5749814590277.177 1678945860360.976
42.46034007165723 7.600179027590163e-10 111719588.96383977 6025061703698.323 1765343079183.5425
42.315424235235184 7.647084935240678e-10 112794049.65426649 6083007602157.677 1788404235034.3525
42.17149422082962 7.8390218050776e-10 116019732.04977255 6256969354520.979 1845805959583.6843
42.028540003131894 8.015716504852209e-10 119038383.3492834 6419765874900.129 1900250698970.37
41.8865516923105 8.22436119506776e-10 122550910.31625547 6609197217319.057 1962931573543.802
41.74551953173033 8.42934917833743e-10 126029771.54614979 6796812959223.562 2025450261848.565
41.60543389571781 8.655510006366126e-10 129846898.94147328 7002671468917.373 2093798769206.2354
41.46628528737092 8.865999268542845e-10 133450908.49375838 7197036487036.659 2159110946111.0254
41.32806433641302 9.114517297263267e-10 137650433.48702398 7423517782262.676 2234478852461.0103
41.19076179708939 9.561205593460186e-10 144877788.38748884 7813290602174.513 2359613761856.7515
41.05436854610565 9.72093163399467e-10 147787426.6302242 7970208024718.871 2414973031489.81
40.91887558060695 1.0025197604032815e-09 152917864.81842196 8246893670786.785 2507055675919.1836
40.78427401619706 1.018677779592375e-09 155895317.85709274 8407468360008.582 2564277849802.459
40.650555084996405 1.0484223505806613e-09 160975122.9095615 8681423350066.675 2656515545120.2817
40.51771013373824 1.0910283031008778e-09 168066090.88537493 9063840793502.248 2782599123605.2593
40.38573062190196 1.1104785115463619e-09 171621300.9665789 9255574045544.531 2850716806027.6094
40.254608119882796 1.1301382308994027e-09 175228578.72946447 9450115318971.514 2920085633562.2876
40.124334307197095 1.1590233842608644e-09 180290703.32929152 9723116798377.592 3014166207496.9785
39.99490097072226 1.219599768292595e-09 190327560.99010202 10264406712514.258 3192230487591.979
39.866300002970746 1.207425537221929e-09 189035513.45394716 10194726308194.438 3180754608156.631
39.73852340039712 1.2127817128619004e-09 190484608.2114844 10272876303281.633 3215410282927.0337
39.6115632617377 1.2575278019439557e-09 198145670.84795436 10686039075618.447 3355416269744.3335
39.48541178638185 1.248065438482603e-09 197282998.50163388 10639514968567.377 3351447215098.6406
39.36006127277429 1.2567759380917572e-09 199292550.97541183 10747890570049.86 3396333420135.697
39.235504116847785 1.2923817876737716e-09 205589328.0673338 11087477126580.635 3514730249126.131
39.11173281048549 1.2912374232998593e-09 206057308.08647424 11112715390680.691 3533843494236.2236
38.98873994001226 1.2941643126513076e-09 207175881.28883237 11173040286491.867 3564199851390.7144
38.86651818471441 1.3440643010573438e-09 215840721.70243084 11640337012418.127 3724907843974.092
38.745060315387185 1.3303517757245651e-09 214308367.0691118 11557696794141.96 3710020670919.6274
38.624359192909345 1.3700622989586818e-09 221395099.30097294 11939885802985.979 3844643228561.462
38.50440776684441 1.3704491414914187e-09 222147510.18672 11980463485514.22 3869689705821.0366
38.3851990740678 1.3730188442800538e-09 223255247.42070326 12040203995196.848 3901026094443.516
38.266726237419434 1.4248660950640899e-09 232402993.5867921 12533543933265.312 4073401778311.22
38.14898246438122 1.4141360182021321e-09 231364754.37711972 12477551467132.092 4067681778284.9937
38.03196104577882 1.4544313487268726e-09 238689591.9500929 12872581548750.236 4209334166441.1685
37.91565535450732 1.4447235547898417e-09 237823716.4282286 12825884693746.205 4206890179548.7515
37.800058844280166 1.4885774649591993e-09 245792110.69002697 13255621927404.219 4361099614116.0786
37.6851650484009 1.4816225143943473e-09 245389582.65713426 13233913503141.828 4367191456036.8237
37.57096757855726 1.5314815482964598e-09 254418310.19406006 13720834740682.95 4541596299166.131
37.45746012363715 1.5196424107854114e-09 253216530.84886628 13656022519512.262 4533799476478.011
37.34463644856595 1.5572974477278385e-09 260274913.4639534 14036682627364.754 4674215314912.206
37.232490393164845 1.5467837811081718e-09 259296406.6555963 13983911542611.223 4670626455232.402
37.12101587102963 1.595285918892009e-09 268230187.91722244 14465712306898.525 4846013622810.837
37.010206868429535 1.576769275867848e-09 265910576.2449573 14340615145481.83 4818446688881.919
36.900057443225876 1.6277965435657217e-09 275335401.36888343 14848898011941.363 5004078630023.819
36.790561723809766 1.626909918087989e-09 276004436.4088788 14884979216994.965 5031122975344.132
36.681713908058846 1.6224734505488769e-09 276068562.85349363 14888437570084.396 5047180336258.895
36.573508262312366 1.6574245661172832e-09 282849962.19739103 15254159909947.514 5186414369381.852
36.46593912036438 1.6432337661408707e-09 281255434.48956865 15168166684256.395 5172344839331.542
36.35900088247475 1.6915863468106807e-09 290383011.83649683 15660418913525.885 5355863268425.936
36.25268801439734 1.6979776555175621e-09 292334944.45167816 15765687063516.441 5407630662786.123
36.14699504642534 1.7240972137111287e-09 297699787.9230956 16055014237432.514 5522924897676.577
36.04191657245317 1.7881077580084236e-09 309652638.73174614 16699634078278.236 5761373757006.157
35.937447249054756 1.766977905065997e-09 306883027.0007422 16550268315932.06 5726392837312.425
35.83358179457772 1.8331822441877633e-09 319304027.2303809 17220135556756.287 5975387038194.262
35.730314988253284 1.8530818040948455e-09 323702997.9741412 17457373004635.71 6075165805613.133
35.62764166932152 1.8535153796575794e-09 324711816.4460054 17511778803987.334 6111610802591.187
35.525556736171595 1.838294503957534e-09 322970734.32683414 17417881867053.49 6096258653468.958
35.42405514549682 1.8800321719669376e-09 331250071.5442037 17864388321857.25 6270400300971.818
35.32313191146407 1.894933692088728e-09 334829557.83242106 18057430795017.73 6356215639846.073
35.222782104897405 1.8782080498579153e-09 332819693.4664689 17949038373122.535 6336010545712.219
35.1230008524756 1.928006135176813e-09 342614526.1121076 18477275825611.49 6540955642266.276
35.02378333594318 1.945841036250942e-09 346763418.1969278 18701026477085.137 6638864399365.183
34.92512479133489 1.959611069813789e-09 350203830.7756403 18886568674878.508 6723618448256.693
34.82702050821316 1.963383138249289e-09 351866329.0330277 18976227567074.145 6774513241445.801
34.72946582891845 2.021844112269656e-09 363361189.85807186 19596147908606.48 7015420951280.756
34.63245614783208 2.036184460560103e-09 366963441.9325304 19790418145564.773 7104760114257.631
34.53598691065149 2.050582676501051e-09 370590590.28754634 19986031044342.195 7194971175963.211
34.440053613677456 2.0358303006628373e-09 368949333.3582039 19897517701582.66 7183003890271.765
34.34465180311326 2.101966387547585e-09 381993193.09124595 20600975890740.53 7457553272447.269
34.249777074375366 2.1196449867831844e-09 386273001.3184626 20831786878214.914 7561938636792.188
34.15542507141566 2.1434866574914805e-09 391696837.17183405 21124295524105.758 7689243570774.448
34.061591486054624 2.1519372380980115e-09 394324389.6013415 21265999997460.1 7762089999072.811
33.968272057325706 2.167804833570997e-09 398323289.624483 21481661544461.914 7862288125273.005
33.87546257083028 2.1487538263015195e-09 395904468.5757105 21351213999817.117 7835895537932.8
33.78315885810322 2.2131303637369987e-09 408879857.06970775 22050979520178.05 8114760463425.526
33.69135679598881 2.2328454965058754e-09 413646302.54667085 22308034960252.32 8231664900333.271
33.60005230602678 2.2564171484046224e-09 419148979.39731276 22604795518254.023 8363774341753.964
33.50924135384833 2.2865077173269576e-09 425889615.5539863 22968319490574.43 8521246531002.521
33.41891994858189 2.302023018563491e-09 429938390.96148676 23186670827890.055 8625441547975.463
33.3290841422685 2.3296777950450056e-09 436276133.3526314 23528466651907.547 8776118061161.713
33.23973002928655 2.4136381425249522e-09 453214344.8005265 24441948075088.3 9141288580082.227
33.150853745785774 2.568056507729746e-09 483502621.55866194 26075401420727.836 9778275532772.848
33.062451469130345 2.44329912305665e-09 461243821.88648415 24874979518723.355 9352992299039.855
32.97451941735074 2.423160469457623e-09 458661910.38895416 24735736470745.965 9325372649471.16
32.88705384860445 2.4917788843293933e-09 472904565.36902195 25503845948012.03 9640453768348.53
32.80005106064518 2.542522115878399e-09 483814850.0718486 26092239972275.07 9888958949492.254
32.71350739030047 2.5436718586536947e-09 485314146.1222331 26173097333991.66 9945776986917.021
32.62741921295758 2.540012833466916e-09 485894700.9142463 26204406780049.41 9983878983198.604
32.541782942057424 2.5426384704175035e-09 487676967.21990025 26300524789107.457 10046800469438.844
32.45659502859654 2.5449490946951812e-09 489401299.1980456 26393518387296.836 10108717542334.35
32.371851960636754 2.5660700638305343e-09 494754712.2998533 26682229118896.633 10245975981656.713
32.2875502628226 2.584402424328026e-09 499590325.067704 26943014765994.938 10373060684907.99
32.203686495906176 2.609593111973126e-09 505773629.68835306 27276481727498.277 10528721946813.932
32.12025725627947 2.626285371533283e-09 510330910.97738254 27522256897476.746 10651113419322.947
32.03725917551389 2.650586673582761e-09 516387392.3338337 27848884252789.766 10805367090082.293
31.954688919906893 2.6752935519339537e-09 522547559.33466387 28181103397429.664 10962449221600.217
31.872543190035667 2.6797865788608288e-09 524774186.74230194 28301185897254.36 11037462499929.234
31.790818720317628 2.799560934343585e-09 549638552.106182 29642126523066.77 11590071470518.957
31.709512278577684 2.8055728176962855e-09 552231222.8523754 29781949819662.008 11674524329307.678
31.62862066562213 2.8487737972187043e-09 562168734.5558735 30317881984738.09 11914927620002.098
31.54814071481902 2.9545807027722356e-09 584535729.7931242 31524138897072.24 12420510725446.559
31.468069291684962 2.9685899985536544e-09 588801756.606928 31754206649927.28 12542911626720.969
31.388403293478163 3.072627665911867e-09 610983789.0598804 32950488479121.395 13048393437731.818
31.30913964879766 3.210533144529423e-09 640022141.9801908 34516533160643.332 13703063664775.535
31.2302753171886 3.107274386752503e-09 621001668.6673781 33490754902719.953 13329320451282.639
31.151807288753453 3.1058907955354107e-09 622288691.6526626 33560164331919.76 13390505568435.195
31.073732583769104 3.051041110509148e-09 612835070.2609093 33050328476480.375 13220131390592.092
30.99604825230968 3.1230702796842644e-09 628875106.6580508 33915371124047.082 13600063820742.924
30.918751373874994 3.044764497329101e-09 614639879.220254 33147662215749.31 13325360210731.145
30.841839057024558 3.042717556451298e-09 615758405.1157722 33207984560292.336 13382817777797.57
30.76530843901705 3.0377139441397458e-09 616275036.5376799 33235846605113.06 13427282028465.676
30.689156685455128 3.0330197695930577e-09 616849563.0538805 33266830944946.598 13473066532703.418
30.613380989935486 3.0210510724081573e-09 615936223.2689885 33217574331925.96 13486335178761.654
30.537978573704116 3.126755459060559e-09 639061428.071443 34464721650831.207 14027141711888.504
30.462946685316638 3.0830776635331183e-09 631686403.6733925 34066984982833.65 13899329872995.688
30.388282600303604 3.1149056802746944e-09 639775668.1136125 34503240771472.77 14111825475532.23
30.31398362084076 3.1367155320520883e-09 645834286.8485101 34829983396069.75 14280293192389.084
30.240047075424076 3.2596131775972386e-09 672779232.0306053 36283130143480.7 14912366488970.297
30.166470318549564 3.3586031477735563e-09 694901369.8145034 37476181840160.71 15440186918144.842
30.093250730397738 3.6698950520535842e-09 761155721.3476785 41049293411982.766 16953358179149.502
30.020385716522686 3.987959425688076e-09 829131543.8273215 44715244285934.28 18512111134375.926
29.947872707545574 3.930549437374813e-09 819174188.1951352 44178241933472.99 18333970402391.24
29.875709158852693 4.7179165329858174e-09 985646094.0913048 53156107984173.59 22112940921416.703
29.80389255029776 4.777999471888867e-09 1000603651.1326915 53962772284917.766 22502476042810.895
29.732420385908558 4.103448023761641e-09 861405513.1699512 46455786464043.71 19418518741970.25
29.66129019359777 4.119108326088206e-09 866766565.0912508 46744909158838.23 19586116937552.754
29.590499524877966 3.780265667514041e-09 797368362.9082363 43002249038474.46 18060944596159.367
29.520045954580638 3.607251373105338e-09 762690528.3236307 41132065885629.91 17316599737849.863
29.449927080579258 3.428629955200636e-09 726650147.7858278 39188400333518.766 16537504940745.166
29.380140523516275 3.5212186394830974e-09 748045643.9867095 40342264091765.13 17064777710816.264
29.310683926533965 3.42302214068876e-09 728908023.5950439 39310168066429.23 16667511260165.254
29.241554955009118 3.2990640048531725e-09 704172812.2178329 37976192743176.34 16139881915849.668
29.172751296291448 3.304504749599978e-09 706997642.5997982 38128536459365.02 16242756531689.213
29.104270659445692 3.213353782256519e-09 689113562.2890075 37164044122920.01 15869046840487.24
29.036110774997343 3.202433097454073e-09 688383727.8569353 37124683993443.14 15889364749193.674
28.96826939468193 3.3064131409332863e-09 712399395.9723288 38419854192266.734 16482117448482.146
28.90074429119782 3.2891066023095315e-09 710326303.4152155 38308051860286.01 16472462299923.432
28.83353325796248 3.4096862719592966e-09 738083559.7231904 39805006723188.78 17155957897693.541
28.766634108872076 3.4153570398859137e-09 741030420.3046631 39963931554547.73 17264418431565.355
28.700044678064504 3.3849906438222145e-09 736145861.10955 39700506215993.63 17190319191524.69
28.6337628196856 4.0633571498958855e-09 885718157.6442784 47766972662422.17 20730866135491.73
28.567786407658676 4.999259136579364e-09 1092239890.6131206 58904734587904.43 25623559545737.645
28.50211333545716 5.350764558487804e-09 1171730552.0028014 63191683225852.195 27551573886470.27
28.43674151588042 6.5125725812648765e-09 1429426143.753666 77089262472877.1 33688007700645.914
28.371668880832637 8.114366969125328e-09 1785084326.5695624 96269985538234.72 42166253665748.54
28.30689338110471 8.203304079969216e-09 1808779286.5784864 97547859879203.16 42823510486969.914
28.24241298615914 6.083640709794683e-09 1344468813.9356973 72507495218967.95 31903297896345.066
28.17822568391787 6.04066857413727e-09 1338013022.1256573 72159332964143.4 31822265837186.586
28.114329480552975 4.879927681676881e-09 1083364575.571844 58426086919582.266 25824330418456.12
28.050722400280232 4.7624203110184336e-09 1059674897.0331187 57148497409449.03 25316784352385.746
27.987402485155446 4.216369690505091e-09 940297029.6098686 50710423084687.58 22515427849601.348
27.924367794873564 4.0059662207789974e-09 895391378.263621 48288651551912.984 21488449940600.85
27.861616406570477 3.989370293352799e-09 893690241.1767296 48196908859247.98 21495821351224.656
27.799146414627494 3.728253163222896e-09 837072180.9649318 45143484571854.65 20179137603618.586
27.736955930478437 3.657186706586854e-09 822957316.8149788 44382266881819.0 19883255563055.58
27.675043082419336 3.3782126498545445e-09 761881894.5023261 41088456087972.71 18448716783497.758
27.613406015420622 3.500187260573574e-09 791152629.8012601 42667033201658.48 19200164940747.08
27.552042890941912 3.456878285363462e-09 783103666.885967 42232950883014.1 19047060848239.55
27.490951886749137 3.4100885810717945e-09 774220840.6038752 41753898131842.95 18872761955592.94
27.430131196734205 3.4889438436463225e-09 793880380.8095229 42814141406133.055 19394806056977.438
27.369579030736997 3.4195523122107246e-09 779812350.5185866 42055449476288.75 19093174062235.434
27.309293614369736 3.6095560043271216e-09 824958862.6910982 44490210685750.336 20243045862016.516
27.24927318884365 3.81201676655377e-09 873149991.3247786 47089168722400.17 21472660937414.066
27.189516010797938 3.8451905737210355e-09 882684228.5956349 47603352209713.24 21754731959838.94
27.130020352130984 4.202178187763688e-09 966748082.6960359 52136934124067.98 23878715828823.785
27.070784499833756 6.6202098805096914e-09 1526370244.9943771 82317478913719.14 37783722821394.87
27.0118067558254 6.4555535493724396e-09 1491656513.1178641 80445359812123.39 37004865513578.1
26.953085436791 7.388683787237998e-09 1710990378.6783876 92274082831687.62 42538352185404.28
26.894618874021383 1.1938742122006023e-08 2770653092.4845467 149421923197059.94 69032928517043.22
26.836405413255104 1.7025684662208967e-08 3959763209.073082 213550890116699.72 98874062124031.53
26.77844341452237 9.76503719810783e-09 2276027726.0528407 122746669728932.66 56954454754223.9
26.720731251991072 9.787836829874777e-09 2286269151.7512755 123298992041780.44 57334031299426.57
26.663267313814746 8.595938230117643e-09 2012189572.71157 108517820800876.77 50569304493210.47
26.606050001982528 6.9304091621250835e-09 1625801228.7498713 87679813468854.14 40946472889953.414
26.549077732171 5.573769105815281e-09 1310353610.9576676 70667654910896.72 33072462498299.418
26.492348933597984 5.516649711810543e-09 1299702388.1335838 70093232150035.01 32873725878367.016
26.43586204887816 4.96319852077485e-09 1171809850.9570189 63195959835680.695 29702101122769.387
26.379615533880546 4.535598240411894e-09 1073136808.2742668 57874501207260.0 27258890068619.38
26.323607857587806 4.295140701309407e-09 1018406019.123826 54922857858211.87 25923588909076.17
26.267837501957324 4.037545218930313e-09 959360985.9234042 51738546390286.55 24472332442606.363
26.212302961784054 3.936910247261501e-09 937430997.3491253 50555857342225.37 23963476380212.07
26.157002744565094 4.114765421560836e-09 981852111.6303446 52951497685818.19 25151961400764.066
26.10193537036601 3.827471102298031e-09 915225654.5740645 49358318382295.83 23494559549972.145
26.04709937168877 3.924663210009182e-09 940441969.2081866 50718239708712.734 24192600341056.387
25.992493293341415 3.94251746084619e-09 946704975.7083216 51056005009891.836 24404770394728.754
25.93811569230932 3.979425956807587e-09 957570989.5063398 51642011494640.78 24736523505931.973
25.88396513762809 3.9273863059269725e-09 947025755.0613229 51073304710087.93 24515186260842.266
25.83004021025803 4.057640437755801e-09 980477095.1225646 52877342746833.766 25434001861227.895
25.776339502960198 4.295793875606539e-09 1040186387.6567523 56097477864938.21 27038984330899.723
25.722861620173973 3.932590955732763e-09 954219900.2833974 51461286524829.44 24855801391492.875
25.66960517789618 4.157018378397119e-09 1010768573.5309815 54510968758168.53 26383308878953.504
25.616568803561684 5.826951952387872e-09 1419742077.4702752 76566998674367.97 37134994357069.17
25.563751135925475 7.365389430202718e-09 1798291568.5642776 96982254968259.12 47133375914568.95
25.5111508249462 6.704823849770267e-09 1640386917.2934253 88466422820722.45 43083147913691.98
25.458766531671156 9.308488323057522e-09 2282079526.3622622 123073044634362.42 60059645781568.92
25.40659692812265 1.4161427672421157e-08 3478960644.256101 187621103342633.2 91746719534547.9
25.354640697185793 2.24752119806266e-08 5532676926.975779 298378468635849.75 146205449631565.8
25.30289653249766 1.662514109696174e-08 4100946230.539873 221164921136159.56 108591976277856.72
25.251363138337787 1.720481884615329e-08 4252597225.7406807 229343492253243.28 112836998188593.77
25.200039229520026 1.6711022190002934e-08 4138955659.9071174 223214777919414.78 110044885514273.72
25.148923531285707 1.0051410768186518e-08 2494575174.622946 134532981109355.97 66459292668018.19
25.09801477919808 8.670319338158685e-09 2156178431.848326 116283171255441.0 57560169771442.88
25.047311719038085 9.568423483258256e-09 2384340317.2629952 128587991303610.64 63779643686594.81
24.996813106701318 6.670004015218647e-09 1665445506.3244243 89817837971097.31 44639465471634.66
24.946517708096284 5.543241927097444e-09 1386892747.6298635 74795427179617.12 37248122735447.39
24.89642429904388 5.296569906872243e-09 1327842933.4534068 71610857872615.6 35733818078434.68
24.84653166517806 4.353970893116506e-09 1093726468.3695211 58984906049263.445 29492453024632.023
24.796838601847703 4.352114731436357e-09 1095451098.925004 59077915749793.5 29598035790645.6
24.747343914019662 4.146710172669418e-09 1045837146.5090398 56402224517459.2 28313916707763.81
24.69804641618297 4.144418551372288e-09 1047345524.925444 56483571693148.37 28411236561655.086
24.648944932254178 4.013445701332569e-09 1016267487.8667264 54807526402924.44 27622993307072.992
24.60003829548383 3.9556456978277455e-09 1003622934.5026835 54125602892995.28 27333429460961.953
24.55132534836406 4.190698584366107e-09 1065369988.9184979 57455634952075.94 29072551285750.254
24.502804942537253 3.908151640693904e-09 995507596.889238 53687940972459.76 27219786073037.516
24.45447593870582 3.6675194377963273e-09 936058602.4571011 50481843787548.2 25644776644075.49
24.406337206543014 3.5621675642792346e-09 910962946.397725 49128429604280.2 25006370668576.96
24.358387624604813 3.673095729551505e-09 941179988.975878 50758041275117.79 25886601050311.098
24.310626080242844 3.6567251963095053e-09 938826101.6985618 50631095622874.375 25872489863286.918
24.263051469518295 3.870906218070338e-09 995763504.4560896 53701742123135.52 27495291967046.348
24.215662697116894 3.5706348105557105e-09 920318285.2698407 49632965062083.836 25461711076847.973
24.168458676264812 3.7056970200988697e-09 956995572.64947 51610979138541.52 26528043277210.51
24.12143832864562 4.994882482107123e-09 1292441959.1948133 69701675640052.07 35896362954625.445
24.07460058431815 7.3356484312678224e-09 1901815547.1946685 102565325626193.05 52923708023116.22
24.027944381635365 5.7598085939989645e-09 1496168160.224356 80688673920723.66 41716044417016.39
23.98146866716412 5.498240283715301e-09 1430991037.58382 77173657537107.66 39975954604220.31
