string
20190122an 22 2019_15.28.   full spectra  index number  Nphoton via eV
eV x-axis E [J] Nphoton Nphoton/sr Nphoton/sr @ 0.1bw
51.660080420516415 2.9317744872038486e-10 35421296.89487599 1910278236753.2856 460377055057.5486
51.4457232403483 2.832099401243432e-10 34359607.17332741 1853021079420.0007 448431101219.63
51.233137607123716 2.842617767853765e-10 34630318.63110471 1867620607149.5046 453831807537.32837
51.02230164989275 2.781403377758417e-10 34024590.46516897 1834953555567.2427 447728667558.4113
50.813193856245654 2.800937440845175e-10 34404550.689124554 1855444892990.8384 454583998782.74286
50.605793064995666 2.767004843909597e-10 34127042.94759426 1840478840202.0552 452757794689.69415
50.400078459040394 2.749667483211253e-10 34051632.69817219 1836411949067.9827 453593751419.78705
50.1960295583965 2.7926017406141634e-10 34723909.27606286 1872667970964.496 464421656799.1783
49.99362621340296 2.781815276617609e-10 34729827.308173895 1872987131721.9258 466373795798.7633
49.79284859808809 2.801949262263751e-10 35122245.086999714 1894150307786.0542 473537576946.5158
49.59367720369574 2.8165189799090267e-10 35446662.164007016 1911646191228.0808 479823193998.2379
49.39609283236627 2.7435623373166815e-10 34666596.782209024 1869577095719.923 471133428121.3938
49.20007659096798 2.714576583916963e-10 34436998.7253802 1857194822635.3823 469870290126.7477
49.005609885074826 2.6940692651153904e-10 34312466.18020135 1850478755419.417 470021603876.53046
48.81267441308634 2.688538493383338e-10 34377368.5998925 1853978957013.2937 472764634038.38654
48.621252160486 2.6898288644858424e-10 34529277.0376907 1862171412065.584 476715881488.78345
48.4313253942341 2.612351327770905e-10 33666208.140203536 1815625918923.9458 466615861163.4667
48.24287665729156 2.6662818846526526e-10 34495452.04627484 1860347222930.1084 479969583515.9464
48.05588876327104 2.669011903727214e-10 34665133.0894655 1869498158452.28 484200023039.1295
47.87034479121208 2.591173259609723e-10 33784607.08898644 1822011199953.7651 473722911987.9794
47.686228080476646 2.678255293207312e-10 35054838.86111202 1890515075380.0505 493424434674.1923
47.503522225762175 2.671332186135209e-10 35098702.2825872 1892880639229.4558 495934727478.0995
47.322211072228725 2.7028865447671563e-10 35649362.07950032 1922577841706.8242 505637972368.90485
47.142278710737365 2.75535512172605e-10 36480096.979987815 1967379555365.768 519388202616.54425
46.96370947319669 2.740812337588723e-10 36425530.25932345 1964436760265.8174 520575741470.42633
46.78648792801481 2.742703862529299e-10 36588739.43330624 1973238666475.607 524881485282.5112
46.61059887565385 2.792262724688848e-10 37390439.54925148 2016474527896.4326 538398698948.33405
46.436027344284355 2.7979971872534885e-10 37608082.43729358 2028212056131.0667 543560831043.13586
46.26275858553703 2.8756243140798916e-10 38796236.33585208 2092289454004.6096 562825863127.2206
46.09077807034915 2.994015040745757e-10 40544216.56386909 2186558407447.107 590370770010.7263
45.92007148490342 2.9424787437594324e-10 39994452.28479727 2156909500441.4697 584522474619.6089
45.75062472665653 2.9010694822528617e-10 39577656.65860122 2134431621772.621 580565401122.1476
45.58242390045559 2.8728778100700733e-10 39337677.3703628 2121489486622.8577 579166629848.0337
45.41545531473963 2.937352991823056e-10 40368391.26990642 2177076111145.9734 596518854454.0107
45.24970547782453 3.0487285129920335e-10 42052514.625018105 2267901249559.8965 623672843628.9594
45.0851610942688 3.02267735894298e-10 41845343.9622751 2256728490710.7153 622857063436.1538
44.92180906131855 3.0569392177716993e-10 42473547.98574095 2290607670172.415 634498324637.7244
44.7596364654293 3.135448784438104e-10 43722212.98800204 2357948445014.567 655509667714.0452
44.59863057886301 3.265771188035158e-10 45703894.05584544 2464820935519.986 687685041010.0889
44.43877885635813 3.3691045779736057e-10 47319631.10731072 2551957985721.4575 714548236001.9828
44.28006893187113 3.397454680187094e-10 47888844.570259996 2582655791438.9062 725726277394.3425
44.1224886153876 3.491493858220548e-10 49390140.039570644 2663620982252.5522 751141116995.1935
43.96602588980112 3.634177980748105e-10 51591476.39063973 2782339529902.045 787402086962.2825
43.81066890785836 3.7043344465481497e-10 52773911.06891572 2846108488983.262 808294810871.2247
43.65640598916871 3.8349067505703436e-10 54827166.69261159 2956841010835.2476 842699688088.0391
43.50322561727689 3.9513516459157374e-10 56690879.69465109 3057351457923.5137 874402516966.123
43.3511164367969 4.073954224921904e-10 58654972.20105467 3163275393489.4 907860037931.4482
43.20006725060597 4.269191569962549e-10 61680828.01664501 3326460454985.885 958020611035.9436
43.05006701709692 4.4253041389788297e-10 64159100.54789725 3460114230996.5386 999973012757.9874
42.90110484748759 4.586954003446385e-10 66733650.60011325 3598960274628.8857 1043698479642.3336
42.7531700031859 4.750536213224055e-10 69352686.06428115 3740205426192.1733 1088399779021.8839
42.60625189320931 4.953382016228214e-10 72563373.87240568 3913358517200.443 1142700687022.557
42.46034007165723 5.219074816000524e-10 76718310.33169556 4137435143102.3696 1212268496928.9487
42.315424235235184 5.273371491628588e-10 77781917.01926322 4194795682829.5215 1233269930751.8762
42.17149422082962 5.466449481443537e-10 80904992.97882985 4363223847811.5474 1287151035104.4036
42.028540003131894 5.662028698661901e-10 84084653.2381682 4534703616373.1 1342272270446.3894
41.8865516923105 5.880258571239563e-10 87621521.44199875 4725447686983.8955 1403457963034.247
41.74551953173033 6.11767081319552e-10 91467162.96472727 4932843969763.303 1469987502989.4233
41.60543389571781 6.328599366547663e-10 94939408.74480996 5120102939022.272 1530910778767.6162
41.46628528737092 6.501775799056353e-10 97864646.82952835 5277861664433.8125 1583358499330.1638
41.32806433641302 6.709705627138972e-10 101332177.88980693 5464866367829.481 1644924776716.6335
41.19076179708939 7.120349929009612e-10 107892309.20476401 5818655674821.769 1757234013796.2102
41.05436854610565 7.29490120963389e-10 110904460.38354409 5981101642277.77 1812273797610.1584
40.91887558060695 7.561539271196734e-10 115338817.82309318 6220247502348.777 1890955240714.029
40.78427401619706 7.765604836453743e-10 118842430.70620076 6409198106288.325 1954805422417.8184
40.650555084996405 8.081464724519345e-10 124083083.17714563 6691827632568.644 2047699255565.912
40.51771013373824 8.465431203564357e-10 130404676.57882446 7032752538075.904 2159055029189.3562
40.38573062190196 8.743027455100955e-10 135121006.90192407 7287105257014.891 2244428419160.503
40.254608119882796 8.861011484857114e-10 137390489.60066414 7409498951998.95 2289535176167.746
40.124334307197095 9.093798951366467e-10 141457664.36995557 7628842570893.192 2364941196976.831
39.99490097072226 9.611105748890564e-10 149988411.2117534 8088907601360.657 2515650264023.1997
39.866300002970746 9.599995375274978e-10 150298299.89317742 8105619965272.609 2528953429165.0273
39.73852340039712 9.750190940570346e-10 153140609.03169256 8258906314599.246 2585037676469.4697
39.6115632617377 1.0151703792092085e-09 159957987.0142271 8626568990260.357 2708742662941.866
39.48541178638185 1.013229196271947e-09 160162190.09554484 8637581706798.573 2720838237641.483
39.36006127277429 1.0199014130378072e-09 161730303.85698855 8722150422623.108 2756199533548.8545
39.235504116847785 1.054670377497872e-09 167774705.8263573 9048126333966.55 2868256047867.4536
39.11173281048549 1.0602073857123843e-09 169189241.24348214 9124412536317.352 2901563186548.7236
38.98873994001226 1.0696815585860368e-09 171239631.19062138 9234990511610.074 2945961973203.4556
38.86651818471441 1.1110136230824262e-09 178415557.97493973 9621989802045.465 3079036736654.7896
38.745060315387185 1.108202929721926e-09 178522075.57701102 9627734319465.926 3090502716548.6104
38.624359192909345 1.1413733389869905e-09 184440126.49393293 9946896091101.373 3202900541334.6226
38.50440776684441 1.1468850232232303e-09 185908141.10928065 10026066438230.592 3238419459548.4336
38.3851990740678 1.162856393048906e-09 189082468.0421697 10197258579338.078 3303911779705.315
38.266726237419434 1.2156591766892489e-09 198280268.45647466 10693297953887.033 3475321835013.281
38.14898246438122 1.2097866278524262e-09 197931445.34827358 10674485847880.56 3479882386409.0044
38.03196104577882 1.24928015295068e-09 205021825.3341186 11056871580889.398 3615597006950.697
37.91565535450732 1.2469893242115937e-09 205273620.9962787 11070450975651.844 3631107920013.802
37.800058844280166 1.281416000337348e-09 211585860.19809312 11410871407128.234 3754176692945.267
37.6851650484009 1.2827932504581326e-09 212459042.23720998 11457962304195.023 3781127560384.3755
37.57096757855726 1.324856390863993e-09 220092579.36431214 11869640619831.764 3928851045164.3784
37.45746012363715 1.3230903888428464e-09 220465259.38237482 11889739334169.943 3947393458944.3687
37.34463644856595 1.3646786394836261e-09 228082063.13825646 12300515215461.467 4096071566748.4434
37.232490393164845 1.3593594847355744e-09 227877376.30181903 12289476409904.55 4104685120908.3433
37.12101587102963 1.40412551699925e-09 236088620.11748967 12732310572761.521 4265324041874.961
37.010206868429535 1.3979560819209033e-09 235755042.28678644 12714320647882.518 4272011737688.547
36.900057443225876 1.4412064490601433e-09 243774418.66178563 13146807357981.223 4430474079639.3
36.790561723809766 1.4479375212419933e-09 245641860.72166508 13247518913968.93 4477661392921.351
36.681713908058846 1.4484641208006646e-09 246460370.76231495 13291661338281.0 4505873193677.513
36.573508262312366 1.4816915242794617e-09 252860009.55833805 13636795248860.469 4636510384612.288
36.46593912036438 1.4677115876989342e-09 251213107.2337336 13547977448708.002 4619860310009.528
36.35900088247475 1.5135180351120253e-09 259815247.5830278 14011892746544.857 4792067319318.415
36.25268801439734 1.5232889955809757e-09 262259401.6240346 14143706504964.395 4851291331202.772
36.14699504642534 1.540114296655529e-09 265931465.95531732 14341741732099.799 4933559155842.1455
36.04191657245317 1.6040921061189888e-09 277786028.948133 14981060889684.695 5168466006941.369
35.937447249054756 1.588981553701804e-09 275969194.43661004 14883078609774.256 5149545198981.831
35.83358179457772 1.6405772053158705e-09 285756045.4235266 15410885609674.322 5347577306556.838
35.730314988253284 1.6705271629367114e-09 291813696.3219422 15737576038639.568 5476676461446.484
35.62764166932152 1.6817488260257564e-09 294620547.58112913 15888950136830.873 5545243597753.618
35.525556736171595 1.6746934172450533e-09 294227590.6148522 15867757882270.37 5553715258794.845
35.42405514549682 1.7060036540091662e-09 300587320.19142675 16210739479974.771 5689969557471.076
35.32313191146407 1.722617663646105e-09 304381790.7935199 16415376103887.525 5778212388568.257
35.222782104897405 1.7178411312090502e-09 304402570.7143248 16416496769530.932 5795023359644.386
35.1230008524756 1.7707566142358155e-09 314670647.1401587 16970256361897.17 6007470752111.423
35.02378333594318 1.786637555829141e-09 318392167.90904355 17170958785456.78 6095690368837.118
34.92512479133489 1.8013418779060055e-09 321919403.24118185 17361183353204.486 6180581273740.746
34.82702050821316 1.8000709345381552e-09 322598447.23927337 17397804343542.643 6211016150645.027
34.72946582891845 1.8568277077596444e-09 333704819.8516084 17996773431365.215 6442844888428.412
34.63245614783208 1.878891961637863e-09 338616011.7695497 18261635078447.344 6555926993162.483
34.53598691065149 1.894987409661028e-09 342470708.82898337 18469519728288.555 6649027102183.899
34.440053613677456 1.887665046691672e-09 342097649.4719232 18449400556115.83 6660233600758.207
34.34465180311326 1.946766844762265e-09 353788570.3788746 19079894460459.12 6906921794685.458
34.249777074375366 1.9702752922145005e-09 359052650.4640346 19363787443063.668 7029054841832.273
34.15542507141566 1.997843641506262e-09 365082298.41639334 19688967667064.477 7166784230811.426
34.061591486054624 2.0143198398445494e-09 369107159.4683734 19906029297991.54 7265700693766.793
33.968272057325706 2.035372356144876e-09 373989484.6414039 20169334155249.38 7381976300821.22
33.87546257083028 2.0267080999521767e-09 373417737.96895695 20138499732993.387 7390829402008.495
33.78315885810322 2.0915532664080664e-09 386418267.3715461 20839621108016.492 7668980567750.072
33.69135679598881 2.121337749183632e-09 392988909.3426476 21193977256978.07 7820577607825.065
33.60005230602678 2.141476048006233e-09 397797676.9766356 21453315140175.105 7937726601864.766
33.50924135384833 2.1714731027975165e-09 404463032.39133734 21812779205726.367 8092541085323.92
33.41891994858189 2.1919146026034264e-09 409373941.8628287 22077625620410.086 8212876730792.897
33.3290841422685 2.2140963227729925e-09 414631321.38881034 22361157240402.465 8340711650670.308
33.23973002928655 2.259677479043901e-09 424304799.4982536 22882850016390.344 8558185906129.242
33.150853745785774 2.361649050337348e-09 444641114.2444371 23979591888679.582 8992346958254.76
33.062451469130345 2.3036819413207514e-09 434887015.26498365 23453551211657.312 8818535255583.031
32.97451941735074 2.287293797013884e-09 432944724.7849879 23348803064112.055 8802498755170.18
32.88705384860445 2.341113871105756e-09 444310466.1722878 23961759966315.875 9057545267267.383
32.80005106064518 2.3768576236382577e-09 452290663.52698463 24392133743338.105 9244618688725.145
32.71350739030047 2.3917293590912e-09 456324618.9613364 24609685836282.207 9351680617787.418
32.62741921295758 2.4131254070767528e-09 461621623.5174388 24895354442757.465 9485130042690.383
32.541782942057424 2.4246493506011164e-09 465046704.6849545 25080069814214.27 9580586669029.654
32.45659502859654 2.4619583878009607e-09 473441938.80845773 25532826614344.21 9779072593293.506
32.371851960636754 2.479122715032891e-09 477990707.6275109 25778142704967.54 9898806798707.928
32.2875502628226 2.498362991977302e-09 482958059.29821366 26046033059716.695 10027722727990.87
32.203686495906176 2.5431292564866017e-09 492892056.2053955 26581775671063.855 10260565409030.254
32.12025725627947 2.5715868426037873e-09 499702077.4163841 26949041594437.25 10429279097046.674
32.03725917551389 2.5920573124103882e-09 504984700.0574428 27233934581109.75 10566766617470.45
31.954688919906893 2.6074875445283306e-09 509303456.21468174 27466846038911.605 10684603109136.69
31.872543190035667 2.62357035541492e-09 513765540.3175217 27707487203957.457 10805920009543.441
31.790818720317628 2.7074861927564486e-09 531561493.29646885 28667226814250.645 11208885684371.857
31.709512278577684 2.6825971366170326e-09 528025466.9671075 28476528146112.863 11162799033276.406
31.62862066562213 2.7022718111325736e-09 533258458.77042145 28758744530923.582 11302186600652.994
31.54814071481902 2.7201383989419917e-09 538153546.6849725 29022737685604.31 11434958648128.188
31.468069291684962 2.775039252224624e-09 550412144.202844 29683846512901.24 11725119372595.703
31.388403293478163 2.780225673783354e-09 552840435.38858 29814804784089.84 11806662694499.348
31.30913964879766 2.8029370853194083e-09 558767568.0092639 30134456333982.156 11963379164591.031
31.2302753171886 2.8348612271601448e-09 566558769.3228465 30554637513448.047 12160745730352.412
31.151807288753453 2.8559591714295786e-09 572213002.065955 30859571513655.72 12312969033947.906
31.073732583769104 2.8586682964852743e-09 574194880.6572577 30966454656644.203 12386581862657.627
30.99604825230968 3.0002723076447767e-09 604147969.3066837 32581831234762.03 13065314325139.615
30.918751373874994 2.9905041244269314e-09 603686457.6744196 32556941812171.465 13087890608492.854
30.841839057024558 2.9856953227540643e-09 604218747.2191327 32585648302956.777 13132016266091.344
30.76530843901705 3.0168281693836827e-09 612037843.0962956 33007333842296.598 13334962872287.826
30.689156685455128 3.050942917182071e-09 620494737.3681635 33463415987623.402 13552683474987.525
30.613380989935486 3.0762257618577608e-09 627185318.0459723 33824240457094.176 13732641625579.945
30.537978573704116 3.19927570991551e-09 653883468.2604729 35264077498286.99 14352479541803.014
30.462946685316638 3.1337507566511257e-09 642068725.316902 34626905844608.7 14127777584599.9
30.388282600303604 3.1255413625509235e-09 641960148.6188195 34621050279693.016 14160009564394.31
30.31398362084076 3.1018949577633724e-09 638664902.01472 34443336914447.57 14121768134923.984
30.240047075424076 3.1735526981360652e-09 655016479.1745278 35325181023026.54 14518649400463.643
30.166470318549564 3.1474109234519243e-09 651205297.5135646 35119643168078.477 14469292985247.047
30.093250730397738 3.170006739225482e-09 657476230.8044726 35457835962806.05 14644086252639.432
30.020385716522686 3.1801497145638497e-09 661180859.9289843 35657627416314.94 14762257750353.693
29.947872707545574 3.1742375642720035e-09 661549618.2609303 35677514633268.87 14806168572806.537
29.875709158852693 3.2759686831957673e-09 684400776.143839 36909882542266.81 15354511137583.332
29.80389255029776 3.1653308968128133e-09 662880285.1545576 35749277787927.16 14907448837565.748
29.732420385908558 3.1564859655739705e-09 662616998.4959302 35735078681228.836 14937262888753.637
29.66129019359777 3.2817305966183655e-09 690560706.736036 37242088937337.766 15604435264744.154
29.590499524877966 3.208357288212136e-09 676736193.5725425 36496529939080.11 15328542574413.727
29.520045954580638 3.1503397628789995e-09 666084519.6603829 35922082850940.46 15123196880245.648
29.449927080579258 3.3345804268432694e-09 706717666.1319221 38113437267628.086 16083870526939.293
29.380140523516275 3.4059161711699066e-09 723550854.5420928 39021254775568.3 16505990770065.016
29.310683926533965 3.4103836082146606e-09 726216738.7163011 39165026488241.86 16605971231013.812
29.241554955009118 3.4440294922267104e-09 735115150.6411507 39644919776512.88 16849090905017.686
29.172751296291448 3.6870815848389425e-09 788849823.5234244 42542842358814.3 18123250844854.57
29.104270659445692 3.5749748809401494e-09 766664314.6800956 41346373047131.945 17654901291125.78
29.036110774997343 3.533842742700407e-09 759622376.7529213 40966599804871.17 17533704716484.871
28.96826939468193 3.6002835994602942e-09 775716691.2482781 41834569682066.45 17947030393606.2
28.90074429119782 3.505388814090546e-09 757035322.7826629 40827079422222.34 17555644151556.086
28.83353325796248 3.4744575355606836e-09 752104381.8732618 40561152707740.36 17481856817035.256
28.766634108872076 3.4292241536935396e-09 744039169.6252381 40126194059051.68 17334515833511.066
28.700044678064504 3.3614005750720224e-09 731015645.6079394 39423832579461.74 17070519506906.385
28.6337628196856 3.5736458151300734e-09 778972379.4107778 42010149651962.42 18232404948952.14
28.567786407658676 3.5146741921630104e-09 767887250.9528575 41412326266002.69 18014361925710.62
28.50211333545716 3.5493157159215275e-09 777242507.606108 41916857289725.055 18275749778319.27
28.43674151588042 3.5226858929641766e-09 773184367.4373667 41698000908801.234 18222026397145.395
28.371668880832637 3.558919505673266e-09 782928779.6907277 42223519178580.914 18493901400219.2
28.30689338110471 3.515177783259958e-09 775075591.6176343 41799995039708.09 18350197822431.734
28.24241298615914 3.311995375620934e-09 731942385.6264963 39473811869995.11 17368477222797.395
28.17822568391787 3.5506429816371903e-09 786470319.9725113 42414515215370.72 18704801209978.1
28.114329480552975 3.440296315364208e-09 763760326.1069616 41189760312496.57 18205874058124.02
28.050722400280232 3.392770894129573e-09 754917439.6841266 40712861526612.016 18035797656288.996
27.987402485155446 3.6754242352720734e-09 819660215.9352993 44204453515088.69 19626777360699.43
27.924367794873564 3.8402014069411245e-09 858340545.3434564 46290492083302.13 20599268977069.04
27.861616406570477 3.965669887483656e-09 888380926.7035975 47910576376273.016 21368117063817.82
27.799146414627494 3.790707872810458e-09 851094592.4475254 45899716269454.43 20517173172445.684
27.736955930478437 4.283688481000266e-09 963935686.4241871 51985260982139.17 23289396919999.133
27.675043082419336 4.550017567684187e-09 1026156836.1113545 55340861102200.234 24848046634885.227
27.613406015420622 4.375944457826969e-09 989101355.9962314 53342451009355.68 24004102954211.008
27.552042890941912 4.35474805415695e-09 986502528.6003903 53202295683307.42 23994235353171.887
27.490951886749137 4.314223281338613e-09 979494079.4121464 52824328496012.53 23876596480197.57
27.430131196734205 4.2582490507516664e-09 968929432.369279 52254574785840.25 23671322377984.613
27.369579030736997 3.884175975020821e-09 885767527.5482541 47769635192069.11 21687414377199.76
27.309293614369736 4.025194473632041e-09 919952440.4378922 49613234970817.73 22574021911722.19
27.24927318884365 3.962778304464093e-09 907682220.2156591 48951499328549.57 22321883693818.176
27.189516010797938 3.903212649061917e-09 896003508.8320427 48321663886452.23 22083000396108.656
27.130020352130984 4.029206190678542e-09 926954352.1424153 49990849590195.3 22895809112310.074
27.070784499833756 4.26354929746527e-09 983013364.104498 53014124284029.28 24333483046368.01
27.0118067558254 4.309200053046839e-09 995708001.84595 53698748855312.85 24701424473444.805
26.953085436791 4.089453757270155e-09 946990862.5437344 51071422949034.05 23543925979502.64
26.894618874021383 4.067900977086434e-09 944047731.9055833 50912699274328.75 23521667064740.402
26.836405413255104 4.039435100828339e-09 939475082.2093052 50666095282808.61 23458402115940.28
26.77844341452237 4.034342176066841e-09 940321522.8808067 50711744012110.39 23530249221618.87
26.720731251991072 3.620647638124378e-09 845720576.2910929 45609894410642.74 21208600900948.383
26.663267313814746 3.987320792587204e-09 933376335.0914866 50337188525802.88 23457129853025.023
26.606050001982528 4.295072050730183e-09 1007578810.1817025 54338944127771.6 25376286907668.426
26.549077732171 4.016953959884196e-09 944357404.5600947 50929399987862.38 23834959194319.418
26.492348933597984 3.994637756923627e-09 941121967.7927094 50754912180104.51 23804053812469.445
26.43586204887816 4.8286938919893e-09 1140053343.8677924 61483324509315.04 28897162519377.543
26.379615533880546 4.798892733580398e-09 1135433113.4270308 61234154477908.07 28841286759094.617
26.323607857587806 4.505007193151046e-09 1068166740.2193583 57606464357320.49 27190251176655.453
26.267837501957324 4.7229499900981014e-09 1122219990.9300015 60521567911116.336 28626701621958.996
26.212302961784054 5.1614340706506575e-09 1229006501.219436 66280587610201.57 31416998527231.934
26.157002744565094 5.651120084535204e-09 1348452127.7941597 72722316200722.55 34543100195343.793
26.10193537036601 5.097271820944637e-09 1218860656.0778499 65733419977549.34 31289107909312.594
26.04709937168877 5.9578480443484025e-09 1427641060.4559994 76992992542827.83 36725657442929.5
25.992493293341415 5.263376175248225e-09 1263878844.82892 68161260677014.555 32581082603613.566
25.93811569230932 5.0865500272785935e-09 1223978733.531232 66009439006503.31 31618521284113.86
25.88396513762809 5.13290829359281e-09 1237717905.433529 66750395532004.4 32040189855362.19
25.83004021025803 4.950783252986578e-09 1196293672.8702464 64516377670527.05 31032377659524.547
25.776339502960198 4.394966463699098e-09 1064200104.1314526 57392542811355.23 27663205635072.715
25.722861620173973 4.511133189530446e-09 1094599746.2573082 59032002115469.84 28512457021772.227
25.66960517789618 4.674026792782378e-09 1136477870.4220865 61290498449622.99 29664601249617.453
25.616568803561684 4.8640110507551174e-09 1185120661.7908578 63913814755699.19 30998200156514.695
25.563751135925475 4.630549163282204e-09 1130568532.3313003 60971806562593.88 29632297989417.492
25.5111508249462 4.653177386182923e-09 1138435770.8967433 61396088447571.56 29899895073967.45
25.458766531671156 4.6949835501156545e-09 1151027477.768512 62075161934691.57 30292679024129.516
25.40659692812265 4.849743559645112e-09 1191410030.755412 64253001790311.625 31419717875462.48
25.354640697185793 5.041674934430159e-09 1241098798.4041338 66932727824402.0 32797036633956.85
25.30289653249766 4.417120681802707e-09 1089577183.3893754 58761134208859.53 28851716896550.66
25.251363138337787 4.390868039346916e-09 1085311819.3043337 58531102197110.61 28797302280977.926
25.200039229520026 4.034757827957544e-09 999321499.2180256 53893625553614.65 26569557397932.562
25.148923531285707 4.355975754968381e-09 1081073018.5255451 58302502750238.74 28801436358616.35
25.09801477919808 4.641671565574665e-09 1154314129.2811024 62252411764784.664 30814943823568.19
25.047311719038085 4.075298265225524e-09 1015517130.4500358 54767059464428.52 27164461494358.223
24.996813106701318 4.184614114978279e-09 1044863954.7428933 56349740074086.78 28005820816820.688
24.946517708096284 4.958657204225647e-09 1240632432.2424314 66907576595984.19 33319973144798.39
24.89642429904388 5.461225960950401e-09 1369121984.1791086 73837046046051.73 36844685976979.3
24.84653166517806 5.288717966619908e-09 1328536861.1394718 71648281543479.61 35824140771740.17
24.796838601847703 4.827371428056064e-09 1215075810.7514086 65529302446843.57 32830180525867.586
24.747343914019662 5.4780609657040395e-09 1381615644.7428677 74510831874480.39 37404437600988.22
24.69804641618297 5.210997927195986e-09 1316883247.1414688 71019799608840.77 35722959203248.74
24.648944932254178 6.345070774057317e-09 1606671577.4295425 86648147217266.7 43670666197500.95
24.60003829548383 6.264924425223369e-09 1589531094.6410294 85723757256743.33 43290497414654.33
24.55132534836406 6.857777056291462e-09 1743401420.8807373 94022017378900.6 47575140793723.42
24.502804942537253 5.6898632167595935e-09 1449355751.3390393 78164070539627.45 39629183763591.73
24.45447593870582 6.5684044293998175e-09 1676449593.475467 90411290781771.06 45928935717141.5
24.406337206543014 6.2418087873449464e-09 1596234994.8917897 86085300053677.03 43817417727318.695
24.358387624604813 5.469170301315596e-09 1401399261.7959704 75577766640109.22 38544660986457.23
24.310626080242844 4.859924799767044e-09 1247735066.041664 67290623179811.125 34385508444880.973
24.263051469518295 4.641082512845097e-09 1193885960.3176606 64386529209494.9 32965902955262.54
24.215662697116894 5.401369685014149e-09 1392183617.3011124 75080764930419.44 38516432409303.6
24.168458676264812 5.281797339258663e-09 1364023189.669033 73562066950419.47 37810902412515.85
24.12143832864562 4.592770488726441e-09 1188394183.4158287 64090356488100.516 33006533591370.504
24.07460058431815 4.451516652406398e-09 1154085239.6983368 62240067699860.266 32115874933128.26
24.027944381635365 4.084001652182477e-09 1060860467.597022 57212435487523.4 29578829147051.203
23.98146866716412 4.144257386833634e-09 1078598764.6927924 58169065703511.23 30131576034417.723
