string
integrated and resized binned spectra ROIsize spatial in px50:1600
converted file:an 22 2019_16.47.00_45 binning:0.1
nm muJ
23.8 3.345543928100273e-05
23.900000000000002 0.00033861523587060485
24.000000000000004 0.00045790861123945167
24.100000000000005 0.0004469859640447503
24.200000000000006 0.00045459755377383565
24.300000000000008 0.0004493304049179968
24.40000000000001 0.00044698470012616504
24.50000000000001 0.000437617096781104
24.600000000000012 0.00043760898630696815
24.700000000000014 0.0004384380376798022
24.800000000000015 0.0004221892703865538
24.900000000000016 0.00042971327307916613
25.000000000000018 0.00042643482464510367
25.10000000000002 0.00041821404447023704
25.20000000000002 0.00041373383484326267
25.300000000000022 0.0004112138208390894
25.400000000000023 0.00040437940766951095
25.500000000000025 0.0004047130646949849
25.600000000000026 0.00039459394859675
25.700000000000028 0.00039799914860094644
25.80000000000003 0.0003936809039165903
25.90000000000003 0.000384945391204739
26.000000000000032 0.0003905338115523445
26.100000000000033 0.00039165805247396964
26.200000000000035 0.0003827675496535014
26.300000000000036 0.00038708543072895783
26.400000000000038 0.0003863435007223447
26.50000000000004 0.00038150834345821263
26.60000000000004 0.0003826183605090019
26.700000000000042 0.00038715775651913944
26.800000000000043 0.0003956748584917662
26.900000000000045 0.0004177281484958435
27.000000000000046 0.00039735294724151397
27.100000000000048 0.0003942199608784035
27.20000000000005 0.00038838370323344935
27.30000000000005 0.00039429061869668627
27.400000000000052 0.00039804059461547096
27.500000000000053 0.0003936941112560378
27.600000000000055 0.00039824918235520194
27.700000000000056 0.00040770970204815395
27.800000000000058 0.00041925716134536586
27.90000000000006 0.0004287039027733168
28.00000000000006 0.0004369011193940862
28.100000000000062 0.0004496018385721114
28.200000000000063 0.0004562049493856625
28.300000000000065 0.0004721666473188815
28.400000000000066 0.0004825202421634912
28.500000000000068 0.0004901773763701386
28.60000000000007 0.0005052040459927429
28.70000000000007 0.0005204928924624223
28.80000000000007 0.0005345221224909172
28.900000000000073 0.000552663468044567
29.000000000000075 0.0005718679382723739
29.100000000000076 0.0005930277609566587
29.200000000000077 0.0006176380233553764
29.30000000000008 0.000622266315464477
29.40000000000008 0.000649721492911745
29.50000000000008 0.0006616847208380414
29.600000000000083 0.0006828402951076714
29.700000000000085 0.0006986076360495077
29.800000000000086 0.0007182895306359644
29.900000000000087 0.0007435306451188102
30.00000000000009 0.0007684663116755657
30.10000000000009 0.0008133133505498967
30.20000000000009 0.0008365612659062197
30.300000000000093 0.0008667881910525878
30.400000000000095 0.0008813765529883672
30.500000000000096 0.0009076855951844135
30.600000000000097 0.0009452591859635922
30.7000000000001 0.0009734034271687189
30.8000000000001 0.0009891874660415572
30.9000000000001 0.0010164074050401967
31.000000000000103 0.0010709579903822306
31.100000000000104 0.0010687672224842745
31.200000000000106 0.0010839401528693446
31.300000000000107 0.0011280008806646433
31.40000000000011 0.0011240298927436827
31.50000000000011 0.0011311670071394372
31.60000000000011 0.0011623398462091612
31.700000000000113 0.0011643393539912297
31.800000000000114 0.001168832977319877
31.900000000000116 0.0012183000665121158
32.000000000000114 0.001214405591704174
32.100000000000115 0.001254602769106997
32.20000000000012 0.001251459123047141
32.30000000000012 0.0012602901607598855
32.40000000000012 0.0013144079245289643
32.50000000000012 0.0013152164607235306
32.60000000000012 0.001359769922580173
32.700000000000124 0.001340819405456594
32.800000000000125 0.0013875512330344972
32.90000000000013 0.001384477389351282
33.00000000000013 0.0014346665927307425
33.10000000000013 0.0014238976574331257
33.20000000000013 0.0014683969472500883
33.30000000000013 0.0014672004674421886
33.400000000000134 0.0015073011328075947
33.500000000000135 0.001498755029337098
33.600000000000136 0.0015463628601448357
33.70000000000014 0.0015503704630062101
33.80000000000014 0.0015442280923714047
33.90000000000014 0.0015905728321141761
34.00000000000014 0.0015850809832832957
34.10000000000014 0.0016247831549455493
34.200000000000145 0.0016266210095725916
34.300000000000146 0.001678617780436492
34.40000000000015 0.0017697082397560447
34.50000000000015 0.0017618944638086984
34.60000000000015 0.0018364657529350628
34.70000000000015 0.0018705722460934519
34.80000000000015 0.0018732560067068246
34.900000000000155 0.0018548004689650354
35.000000000000156 0.0018959860441960749
35.10000000000016 0.0019136102689672246
35.20000000000016 0.0018965799917734923
35.30000000000016 0.0019485469495376948
35.40000000000016 0.0019694354718739425
35.50000000000016 0.002020243851204498
35.600000000000165 0.001999017794774264
35.700000000000166 0.0020396730129854843
35.80000000000017 0.002046999483531544
35.90000000000017 0.0020644528264858147
36.00000000000017 0.0020491926268181196
36.10000000000017 0.002133392105357343
36.20000000000017 0.00216072231324511
36.300000000000175 0.0022061401043332297
36.400000000000176 0.0022247783294504506
36.50000000000018 0.002235683185358467
36.60000000000018 0.0022324718127264085
36.70000000000018 0.002303002095396928
36.80000000000018 0.002316446581593982
36.90000000000018 0.002334768703126023
37.000000000000185 0.0023580095436036073
37.100000000000186 0.002411000743080116
37.20000000000019 0.0025379907578457076
37.30000000000019 0.0026587005448805608
37.40000000000019 0.002804391819003398
37.50000000000019 0.0025612404736883457
37.60000000000019 0.002481523432006268
37.700000000000195 0.002568524629930923
37.800000000000196 0.0026706284168470686
37.9000000000002 0.0026741313651088387
38.0000000000002 0.002685116160185867
38.1000000000002 0.002734722087694521
38.2000000000002 0.002727844461441572
38.3000000000002 0.002769510755393748
38.400000000000205 0.002808184449915534
38.500000000000206 0.0028548045213511865
38.60000000000021 0.0028696828505407677
38.70000000000021 0.0028550461925100365
38.80000000000021 0.0028680301474761963
38.90000000000021 0.0029138819688711327
39.00000000000021 0.0032398823653322305
39.100000000000215 0.0033896074701752926
39.200000000000216 0.003102685776523051
39.30000000000022 0.0030234362323303264
39.40000000000022 0.003039829446680049
39.50000000000022 0.0030801625014179102
39.60000000000022 0.0032049486843358107
39.70000000000022 0.0032811883104306703
39.800000000000225 0.00330617524151332
39.900000000000226 0.0033554998353493735
40.00000000000023 0.003575441365472456
40.10000000000023 0.003469079878916337
40.20000000000023 0.003535550218687064
40.30000000000023 0.0035760931296718486
40.40000000000023 0.0036183366336028835
40.500000000000234 0.00365941897398338
40.600000000000236 0.003652972731276147
40.70000000000024 0.0034662950645732832
40.80000000000024 0.0034955788526021413
40.90000000000024 0.003615182140881985
41.00000000000024 0.0041670642504649915
41.10000000000024 0.005185322458068983
41.200000000000244 0.0048249979371140376
41.300000000000246 0.0038531496297198463
41.40000000000025 0.003777618216398529
41.50000000000025 0.003948910617689077
41.60000000000025 0.003974297304769796
41.70000000000025 0.004036272097048723
41.80000000000025 0.003978489402735955
41.900000000000254 0.004116485903883071
42.000000000000256 0.004041721538391723
42.10000000000026 0.004545863299894512
42.20000000000026 0.004493400311182921
42.30000000000026 0.0044362865594056965
42.40000000000026 0.004529523526101665
42.50000000000026 0.004442611155626116
42.600000000000264 0.004495261929227964
42.700000000000266 0.0045236930623285595
42.80000000000027 0.004369911324959429
42.90000000000027 0.004103348335244573
43.00000000000027 0.0041276859907764
43.10000000000027 0.004218949782254086
43.20000000000027 0.004779125024043581
43.300000000000274 0.006911198134542704
43.400000000000276 0.008953549605898782
43.50000000000028 0.00728575801867559
43.60000000000028 0.004996289511911998
43.70000000000028 0.005094451651654121
43.80000000000028 0.005272396468486301
43.90000000000028 0.004566666840441342
44.000000000000284 0.004871068537206652
44.100000000000286 0.004490524434332185
44.20000000000029 0.004954574272152162
44.30000000000029 0.004958167149610102
44.40000000000029 0.006418303953833131
44.50000000000029 0.006780072496307666
44.60000000000029 0.00578636878252858
44.700000000000294 0.006830165653213053
44.800000000000296 0.005900455442771854
44.9000000000003 0.005735070195088674
45.0000000000003 0.005491278863428116
45.1000000000003 0.005573255210618019
45.2000000000003 0.00620018316570469
45.3000000000003 0.005799340044990612
45.400000000000304 0.0055826682176954995
45.500000000000306 0.00515986321724486
45.60000000000031 0.005299140000274034
45.70000000000031 0.006140634689660117
45.80000000000031 0.008828977814157256
45.90000000000031 0.013750348729194277
46.00000000000031 0.01478977897165873
46.100000000000314 0.010718751423745433
46.200000000000315 0.007308897807170215
46.30000000000032 0.007365795084711153
46.40000000000032 0.006307140169219265
46.50000000000032 0.006073377529105396
46.60000000000032 0.0060003612438485334
46.70000000000032 0.005871026366123028
46.800000000000324 0.006446435859536096
46.900000000000325 0.006279838160883346
47.00000000000033 0.00933986849076622
47.10000000000033 0.0107505967349407
47.20000000000033 0.0083468664500533
47.30000000000033 0.00900646560969281
47.40000000000033 0.008571136852283794
47.500000000000334 0.007427244960421581
47.600000000000335 0.007343503306690062
47.70000000000034 0.006794588012808658
47.80000000000034 0.006224245791886083
47.90000000000034 0.006838133836806415
48.00000000000034 0.00869047366907717
48.10000000000034 0.008742060858323028
48.200000000000344 0.0077877211004374345
48.300000000000345 0.0075837724252671825
48.40000000000035 0.007304215840114439
48.50000000000035 0.007076267710369814
48.60000000000035 0.00937086893327443
48.70000000000035 0.01665998739258897
48.80000000000035 0.024556030360924568
48.900000000000354 0.023620265004397515
49.000000000000355 0.01441591412985121
49.10000000000036 0.01100738733467481
49.20000000000036 0.009906737018763996
49.30000000000036 0.008497278145320539
49.40000000000036 0.007950716155780944
49.50000000000036 0.006845124280591579
49.600000000000364 0.00700793793988294
49.700000000000365 0.007386619078616161
49.80000000000037 0.008182431926490739
49.90000000000037 0.010792986001326759
50.00000000000037 0.014676021716268443
50.10000000000037 0.012799333843650505
50.20000000000037 0.012377329528539129
50.300000000000374 0.013142518548366679
50.400000000000375 0.009245542421229868
50.50000000000038 0.0074026388890844255
50.60000000000038 0.00746575689958252
50.70000000000038 0.008063286493427833
50.80000000000038 0.007161683856402348
50.90000000000038 0.006034107951239922
51.000000000000384 0.0060684986593333564
51.100000000000385 0.007622674943804224
51.20000000000039 0.010234086391287327
51.30000000000039 0.01049741423488796
51.40000000000039 0.00955440017517039
51.50000000000039 0.008454134920492797
51.60000000000039 0.007387399336057805
51.700000000000394 0.0071465249379851405
51.800000000000395 0.009086941285964451
