string
20190122an 22 2019_18.03.   full spectra  index number  Nphoton via eV
eV x-axis E [J] Nphoton Nphoton/sr Nphoton/sr @ 0.1bw
51.660080420516415 8.174074144122141e-10 98758041.7127588 5326042644574.852 1283576277342.558
51.4457232403483 8.092047269192032e-10 98174366.78788954 5294564929074.332 1281284712835.9592
51.233137607123716 8.408704950156931e-10 102439425.72649892 5524580484209.869 1342473057662.9944
51.02230164989275 8.06701787314257e-10 98682910.07472646 5321990779013.556 1298565750079.3196
50.813193856245654 8.061610154605303e-10 99022588.35041597 5340309702215.981 1308375877042.8792
50.605793064995666 7.947592231620267e-10 98022170.80156758 5286356966467.687 1300443813751.018
50.400078459040394 7.858919192401634e-10 97324142.42021148 5248712144215.75 1296431899621.2769
50.1960295583965 7.957039922327675e-10 98939826.73954478 5335846350561.888 1323289894939.3003
49.99362621340296 7.942495267222516e-10 99158808.76246405 5347656098631.372 1331566368559.2224
49.79284859808809 8.129512807546447e-10 101902894.92746443 5495645261657.594 1373911315414.405
49.59367720369574 7.978156858478465e-10 100407287.46059297 5414986826051.202 1359161693338.8223
49.39609283236627 7.682626936074533e-10 97074714.35896592 5235260434684.982 1319285629540.5405
49.20007659096798 7.525509233606512e-10 95468277.97048137 5148624971258.613 1302602117728.418
49.005609885074826 7.531014131438448e-10 95917232.35687938 5172837178851.586 1313900643428.2988
48.81267441308634 7.469527197867741e-10 95510140.68795362 5150882636706.491 1313475072360.146
48.621252160486 7.516258752839829e-10 96486056.86049215 5203514007907.516 1332099586024.3071
48.4313253942341 7.375038318674136e-10 95044480.59454675 5125769486705.246 1317322758083.2837
48.24287665729156 7.732557925317342e-10 100041215.6881064 5395244495832.571 1391973079924.741
48.05588876327104 7.606761817403069e-10 98796640.96361117 5328124310558.9375 1379984196434.7334
47.87034479121208 7.057831633887941e-10 92022433.37716348 4962789823737.48 1290325354171.746
47.686228080476646 7.123138692217255e-10 93232515.83757807 5028049833715.862 1312321006599.838
47.503522225762175 7.075996392202398e-10 92971698.5448707 5013983900458.069 1313663781919.9668
47.322211072228725 6.946594595496569e-10 91621184.18688218 4941150367734.949 1299522546714.3176
47.142278710737365 7.114363997115734e-10 94192101.23562418 5079800482700.68 1341067327432.9316
46.96370947319669 7.231318782993337e-10 96104580.9420402 5182940928750.45 1373479346118.829
46.78648792801481 7.429808715152645e-10 99116546.56997225 5345376889408.904 1421870252582.768
46.61059887565385 7.644865090093849e-10 102370333.38085684 5520854318999.205 1474068103172.751
46.436027344284355 7.187130180598811e-10 96602736.25394216 5209806552944.662 1396228156189.195
46.26275858553703 6.916704657564702e-10 93316121.73616982 5032558717990.1455 1353758295139.3025
46.09077807034915 7.05035088862738e-10 95474120.66726789 5148940069165.625 1390213818674.7363
45.92007148490342 6.944511028290436e-10 94390457.55258566 5090497881966.963 1379524926012.9775
45.75062472665653 7.025964795985103e-10 95851279.7063302 5169280338079.374 1406044251957.5767
45.58242390045559 6.799434369223832e-10 93103143.67702235 5021072764991.225 1370752864842.5889
45.41545531473963 7.038114819926786e-10 96725648.44751437 5216435234246.463 1429303254183.5645
45.24970547782453 7.445094948198802e-10 102693618.94953242 5538289179951.083 1523029524486.518
45.0851610942688 7.793732620365639e-10 107894883.74745056 5818794520468.17 1605987287649.2053
44.92180906131855 7.291562411334174e-10 101310004.51967646 5463670553161.222 1513436743225.576
44.7596364654293 7.066519495219613e-10 98538962.58402103 5314227659567.48 1477355289359.7495
44.59863057886301 7.076357144335468e-10 99032375.0821674 5340837502785.486 1490093663277.1785
44.43877885635813 7.17275978986735e-10 100742597.75041437 5433070182826.823 1521259651191.4565
44.28006893187113 7.186715977591986e-10 101300401.86512627 5463152679915.17 1535145903056.1836
44.1224886153876 7.260856754959583e-10 102710973.15275975 5539225095901.302 1562061477044.1125
43.96602588980112 7.552508825513651e-10 107216840.45902902 5782227498619.919 1636370382109.445
43.81066890785836 7.916621727719622e-10 112784387.33150458 6082486510992.005 1727426169121.6829
43.65640598916871 8.669805958494295e-10 123951096.44015965 6684709559169.11 1905142224363.182
43.50322561727689 9.102082928088034e-10 130589513.2822051 7042720821644.662 2014218154990.3691
43.3511164367969 8.369465010931698e-10 120499816.75071692 6498581295733.199 1865092831875.4084
43.20006725060597 8.199024531961106e-10 118458638.77796955 6388500124220.715 1839888035775.5828
43.05006701709692 8.215031321175711e-10 119103456.84422553 6423275302619.457 1856326562457.0002
42.90110484748759 8.401918586952902e-10 122235954.17155698 6592211564011.815 1911741353563.3474
42.7531700031859 8.526313468405185e-10 124474946.55737883 6712960909796.2295 1953471624750.6338
42.60625189320931 8.77187797805745e-10 128501508.50460449 6930114270373.403 2023593366949.0825
42.46034007165723 9.153160750119718e-10 134547798.54673558 7256192005891.099 2126064257726.0122
42.315424235235184 9.380324372726828e-10 138359228.65124762 7461743259453.723 2193752518279.3892
42.17149422082962 1.0327642041629572e-09 152852012.93861786 8243342264602.748 2431785968057.805
42.028540003131894 1.1961622378025614e-09 177637543.59985727 9580031317775.055 2835689270061.3145
41.8865516923105 1.1339528640933028e-09 168969908.36649948 9112583866612.006 2706437408383.8237
41.74551953173033 1.0200064822766446e-09 152504281.43050575 8224589028826.222 2450927530590.146
41.60543389571781 1.0139693353488392e-09 152112092.43586695 8203438191143.002 2452828019151.688
41.46628528737092 1.0237050622685375e-09 154087956.0797086 8309996946708.182 2492999084012.4863
41.32806433641302 1.0489990139059038e-09 158423276.05759722 8543801694956.132 2571684310181.7324
41.19076179708939 1.0949274894869735e-09 165910743.75603917 8947602454571.908 2702175941280.7715
41.05436854610565 1.1070726109851939e-09 168308366.3484952 9076906761862.229 2750302748844.2466
40.91887558060695 1.1540579405937916e-09 176032516.38786373 9493471851542.986 2886015442869.069
40.78427401619706 1.2068053937674425e-09 184685789.97405043 9960144775954.057 3037844156665.8
40.650555084996405 1.2949015932269482e-09 198819629.3316793 10722385803061.994 3281050055736.8213
40.51771013373824 1.554269122663299e-09 239425443.76477945 12912266196978.756 3964065722472.576
40.38573062190196 1.6272182194204202e-09 251481955.6342161 13562476501352.852 4177242762416.523
40.254608119882796 1.3738206561758993e-09 213011678.0664077 11487766074522.791 3549719717027.652
40.124334307197095 1.2986339101942951e-09 202007676.64882666 10894317887473.258 3377238545116.626
39.99490097072226 1.3349585679307076e-09 208330154.58242908 11235290495979.322 3494175344249.618
39.866300002970746 1.3130001345646563e-09 205564357.34629557 11086130450170.2 3458872700453.0654
39.73852340039712 1.3125139494140173e-09 206148973.69804442 11117658937026.86 3479827247289.2803
39.6115632617377 1.3585260047478718e-09 214059717.93151265 11544287092132.664 3624906146929.809
39.48541178638185 1.3429150673962494e-09 212275977.73323706 11448089595725.332 3606148222653.39
39.36006127277429 1.359470893792939e-09 215577346.91530764 11626133152930.877 3673858076326.0938
39.235504116847785 1.4627413086830787e-09 232689755.96582505 12549009090665.166 3978035881740.9365
39.11173281048549 1.5124215218878263e-09 241354147.47802097 13016281607241.262 4139177551102.4443
38.98873994001226 1.7763256332770782e-09 284362522.54258925 15335732617965.049 4892098705130.588
38.86651818471441 1.9886266538869558e-09 319349760.1520911 17222601943159.514 5511232621811.476
38.745060315387185 1.6757739724409219e-09 269952947.9074316 14558621127436.996 4673317381907.349
38.624359192909345 1.4677281343214095e-09 237177401.56188324 12791028792593.465 4118711271215.071
38.50440776684441 1.405782325587429e-09 227874960.141817 12289346105870.736 3969458792196.1895
38.3851990740678 1.3922324807686468e-09 226379418.06554353 12208691196793.5 3955615947760.8276
38.266726237419434 1.4342129218006935e-09 233927509.1336555 12615761387905.896 4100122451069.41
38.14898246438122 1.4212183495586965e-09 232523484.39575833 12540042028769.27 4088053701378.7134
38.03196104577882 1.4755613846211268e-09 242157283.738987 13059594920275.059 4270487538929.7827
37.91565535450732 1.464009512722733e-09 240998481.7148276 12997100475364.5 4263048955919.5522
37.800058844280166 1.528190280691408e-09 252332930.9149667 13608369783116.57 4477153658645.445
37.6851650484009 1.6173616336982496e-09 267870994.428774 14446340924032.367 4767292504930.703
37.57096757855726 1.6844871612640997e-09 279836461.359338 15091641155073.71 4995333222329.48
37.45746012363715 1.9359294204900266e-09 322582028.73620844 17396918890105.46 5775777071514.937
37.34463644856595 2.4251462544406013e-09 405320597.1877191 21859027861499.637 7279056277878.9795
37.232490393164845 2.1754945338627606e-09 364690865.1481755 19667857585871.32 6569064433681.379
37.12101587102963 1.730652816827048e-09 290990677.4576212 15693190452487.379 5257218801583.089
37.010206868429535 1.5606768527698042e-09 263196707.09195563 14194255592477.291 4769269879072.394
36.900057443225876 1.5748296378053404e-09 266376256.98781934 14365729409112.68 4841250810870.566
36.790561723809766 1.5589939286840757e-09 264482523.50505406 14263599950976.977 4821096783430.059
36.681713908058846 1.5105222503721518e-09 257019741.48014125 13861130495097.545 4698923237838.333
36.573508262312366 1.550711624019823e-09 264638725.16417387 14272023940387.836 4852488139731.58
36.46593912036438 1.5582593998252076e-09 266711245.57923764 14383795416623.533 4904874237068.73
36.35900088247475 1.610544979214472e-09 276471196.7817673 14910151705307.688 5099271883215.308
36.25268801439734 1.620786846717047e-09 279045269.6850214 15048972016192.86 5161797401554.136
36.14699504642534 1.7955554655389308e-09 310038481.034664 16720442637498.139 5751832267299.144
36.04191657245317 1.889615481389423e-09 327231072.8366278 17647642848437.49 6088436782711.108
35.937447249054756 2.0303967036198757e-09 352632754.8481279 19017561077787.12 6580076132914.266
35.83358179457772 2.820657587644332e-09 491302667.8216712 26496059610237.855 9194132684752.273
35.730314988253284 3.189261658242835e-09 557111703.2264308 30045155186510.34 10455714004905.436
35.62764166932152 2.3357199367954254e-09 409187790.7838595 22067586452280.293 7701587671845.327
35.525556736171595 1.7303684236304331e-09 304009155.89572877 16395279822895.39 5738347938013.609
35.42405514549682 1.6929247296831133e-09 298282894.40375865 16086461296613.5 5646347915111.27
35.32313191146407 1.6864253038057998e-09 297986700.61551815 16070487501266.127 5656811600445.527
35.222782104897405 1.6211285319048404e-09 287265034.9353638 15492265741872.945 5468769806881.118
35.1230008524756 1.6473284475300383e-09 292736960.2741115 15787367864157.48 5588728223911.585
35.02378333594318 1.670262048452887e-09 297653182.565234 16052500800358.11 5698637784127.094
34.92512479133489 1.7144022724542068e-09 306382349.3102527 16523266659312.64 5882282930715.251
34.82702050821316 1.7414394481178404e-09 312090846.6133142 16831127159027.451 6008712395773.094
34.72946582891845 1.8016192028243162e-09 323782873.88067657 17461680729628.06 6251281701206.5205
34.63245614783208 1.902423609450861e-09 342856911.66985965 18490347731398.883 6638034835572.084
34.53598691065149 2.1453788517181004e-09 387722584.4925457 20909963213712.54 7527586756936.536
34.440053613677456 2.016279361036734e-09 365406156.8276116 19706433421539.133 7114022465176.047
34.34465180311326 2.677088340388779e-09 486510883.04298747 26237637616116.875 9498024817033.285
34.249777074375366 4.0215368906433465e-09 732863821.2284837 39523505092190.51 14347032348465.486
34.15542507141566 4.0007267867400395e-09 731085506.5403814 39427600194725.51 14351646470879.996
34.061591486054624 2.647091447282954e-09 485057231.5442413 26159241874986.336 9548123284369.857
33.968272057325706 1.953181461357545e-09 358887319.03965116 19354871083428.72 7083882816534.86
33.87546257083028 1.821221673437851e-09 335557191.31494474 18096672226807.29 6641478707238.205
33.78315885810322 1.823367858088275e-09 336870525.75689596 18167500638581.246 6685640234997.901
33.69135679598881 1.7845483961638698e-09 330596920.80975735 17829163760852.746 6578961427754.796
33.60005230602678 1.7722384704709798e-09 329208606.95983356 17754291693317.684 6569087926527.523
33.50924135384833 1.8050182140852378e-09 336206393.4616406 18131683839616.586 6726854704497.286
33.41891994858189 1.841608272879651e-09 343948818.5992707 18549234509316.824 6900315237466.148
33.3290841422685 1.8707532163116354e-09 350333845.0515952 18893580373026.12 7047305479138.902
33.23973002928655 2.008680533684427e-09 377174529.9960382 20341104343170.145 7607573024344.971
33.150853745785774 2.152439476447207e-09 405252036.5015657 21855330368800.7 8195748888300.187
33.062451469130345 2.2316780345571394e-09 421294182.1840885 22720486770586.26 8542903025740.319
32.97451941735074 2.5000343071286142e-09 473212783.79974365 25520468234940.75 9621216524572.592
32.88705384860445 2.3734197253620927e-09 450441662.66891414 24292416725370.273 9182533522189.945
32.80005106064518 3.4016775632469652e-09 647302971.320079 34909189868690.5 13230582960233.703
32.71350739030047 5.250126876501643e-09 1001686138.6560124 54021151072218.914 20528037407443.582
32.62741921295758 5.922743037718937e-09 1132997998.6661599 61102828209830.03 23280177547944.727
32.541782942057424 4.281250881410477e-09 821142081.3635988 44284370839569.46 16916629660715.188
32.45659502859654 2.618566693336444e-09 503558182.92274326 27157002202127.14 10401131843414.348
32.371851960636754 2.190405088602976e-09 422324103.5804662 22776030655241.47 8745995771613.07
32.2875502628226 2.173274455231124e-09 420115258.10751444 22656907139017.5 8722909248521.687
32.203686495906176 2.1348520243294644e-09 413762533.4151176 22314303316238.6 8613321080067.77
32.12025725627947 2.0836203020798857e-09 404882065.9083968 21835377774335.656 8450291198667.46
32.03725917551389 2.0611283306548343e-09 401549096.4849616 21655630009248.227 8402384443588.206
31.954688919906893 2.0270414477724966e-09 395928723.57428354 21352522077159.516 8306131088015.11
31.872543190035667 2.0608022021361675e-09 403560420.8908594 21764101171414.88 8487999456851.828
31.790818720317628 2.2074516846633208e-09 433389583.673121 23372794400593.855 9138762610632.08
31.709512278577684 2.2442284552365675e-09 441739746.11467373 23823120475124.47 9338663226248.928
31.62862066562213 2.3862392129624773e-09 470893505.13137037 25395389032496.285 9980387889771.064
31.54814071481902 2.296414701047582e-09 454323837.5330261 24501783259187.293 9653702604119.87
31.468069291684962 2.8620075714549804e-09 567661780.9519184 30614123170231.17 12092578652241.018
31.388403293478163 2.807819550182618e-09 558327403.8697639 30110718186314.06 11923844401780.135
31.30913964879766 3.0190053809385927e-09 601840941.5428265 32457412726259.61 12885592852325.19
31.2302753171886 4.676014997680088e-09 934520983.6160862 50398919669407.36 20058770028424.277
31.151807288753453 7.554695782853646e-09 1513640389.8371656 81630955059552.73 32570751068759.62
31.073732583769104 9.2733952090261e-09 1862663136.4964857 100453827611449.7 40181531044579.7
30.99604825230968 7.097503888461024e-09 1429184461.168482 77076228478553.03 30907567619899.863
30.918751373874994 3.61682612713887e-09 730120695.9997636 39375567752666.64 15828978236571.898
30.841839057024558 2.8051370165812957e-09 567678946.0129312 30615048885700.676 12337864700937.15
30.76530843901705 2.675912406767167e-09 542874690.1706958 29277349979449.242 11828049391697.494
30.689156685455128 2.570387944396389e-09 522760417.2829404 28192582872823.223 11417996063493.445
30.613380989935486 2.407023161023145e-09 490747332.4970245 26466110255534.062 10745240763746.602
30.537978573704116 2.4577560416764537e-09 502328086.22548276 27090662820007.6 11025899767743.254
30.462946685316638 2.3976139336190205e-09 491242935.9270164 26492838256182.477 10809078008522.107
30.388282600303604 2.2886218683052183e-09 470063859.1166816 25350646042685.023 10368414231458.078
30.31398362084076 2.3913343149672587e-09 492363963.56059605 26553295520002.652 10886851163201.459
30.240047075424076 2.3952732285569212e-09 494380773.2425088 26662062504296.46 10958107689265.645
30.166470318549564 2.3498975802144485e-09 486198272.188633 26220778444827.4 10802960719267.928
30.093250730397738 2.5353477157237353e-09 525844579.2200577 28358912396120.56 11712230819598.219
30.020385716522686 2.4382912014660906e-09 506942005.2645947 27339492476152.465 11318549885126.592
29.947872707545574 2.7503190812077777e-09 573199863.4091036 30912793160285.562 12828809161518.473
29.875709158852693 3.2898715952660892e-09 687305310.5676252 37066524714746.445 15419674281334.861
29.80389255029776 3.1994989409162582e-09 670035721.2074741 36135172008766.48 15068366727655.744
29.732420385908558 4.4303796276993075e-09 930035768.6113833 50157031049798.89 20965638978815.914
29.66129019359777 6.803307444296395e-09 1431591246.9222705 77206026957124.69 32349325295034.477
29.590499524877966 1.1456655205188546e-08 2416542965.1860266 130324687102066.69 54736368582868.3
29.520045954580638 1.343817263152542e-08 2841267747.6422114 153230186890618.78 64509908680949.29
29.449927080579258 9.522157151857228e-09 2018087980.3437495 108835923205898.6 45928759592889.89
29.380140523516275 6.1571518318863615e-09 1308021761.4329967 70541897759441.14 29839222752242.926
29.310683926533965 3.475293106312797e-09 740038750.9694089 39910450611859.1 16922031059427.51
29.241554955009118 2.8450544673051718e-09 607266182.8348961 32749997167764.77 13918748796299.787
29.172751296291448 2.8960056041644748e-09 619599392.4196786 33415129840039.543 14234845311856.594
29.104270659445692 2.5326223823828804e-09 543128628.2555417 29291044915532.57 12507276178932.72
29.036110774997343 2.3008027472517555e-09 494572446.6424566 26672399492396.34 11415786982745.64
28.96826939468193 2.4785544738939227e-09 534029062.5593575 28800303360673.184 12355330141728.584
28.90074429119782 2.3435328354151863e-09 506117075.9086235 27295003856770.53 11736851658411.648
28.83353325796248 2.3315112517508315e-09 504694563.3617134 27218287446077.395 11731081889258.793
28.766634108872076 2.1823122213297847e-09 473496540.3974376 25535771289899.99 11031453197237.266
28.700044678064504 2.3807286294815e-09 517745456.76111037 27922124962389.836 12090280108714.408
28.6337628196856 2.128837425970929e-09 464037467.8616356 25025641453077.81 10861128390636.035
28.567786407658676 2.282789311166638e-09 498744609.8318226 26897405159593.75 11700371244422.926
28.50211333545716 2.4546843631347325e-09 537536016.090636 28989434126494.34 12639393279150.941
28.43674151588042 2.7269134899906695e-09 598522532.4874854 32278450204986.703 14105682739578.613
28.371668880832637 3.4466358148591486e-09 758227424.9991897 40891369753741.69 17910419952139.594
28.30689338110471 4.161707158375332e-09 917631436.2472057 49488062710580.05 21725259529944.5
28.24241298615914 3.929182054334327e-09 868339040.4405694 46829713096044.4 20605073762258.996
28.17822568391787 5.761422274660536e-09 1276159738.7523625 68823571954307.79 30351195231849.11
28.114329480552975 1.144032957038969e-08 2539801529.429284 136972048249405.5 60541645326239.016
28.050722400280232 1.6934830518351227e-08 3768129147.3346596 203216023534993.62 90024698426001.55
27.987402485155446 1.9081570005443487e-08 4255400952.3443646 229494697838084.5 101895645840109.8
27.924367794873564 1.5892490444326993e-08 3552201426.256714 191570994627353.5 85249092609170.61
27.861616406570477 8.569498406585667e-09 1919720791.6512322 103530959349617.47 46174807869929.516
27.799146414627494 5.034906445796626e-09 1130443651.496583 60965071712047.445 27251387055284.613
27.736955930478437 3.599344549364599e-09 809941403.1290073 43680315829050.875 19568781491415.45
27.675043082419336 2.8691067791938566e-09 647064212.6557076 34896313562051.062 15668444789359.236
27.613406015420622 2.751431065425637e-09 621910132.537213 33539748556582.28 15092886850462.627
27.552042890941912 3.119394336668777e-09 706651765.5109735 38109883232823.53 17187557338003.584
27.490951886749137 2.4921096405972005e-09 565804428.5212555 30513955750139.07 13792307999062.805
27.430131196734205 2.2632528538043626e-09 514984510.4897552 27773226530165.074 12581271618164.236
27.369579030736997 1.966808239121489e-09 448521097.48164487 24188840227581.53 10981733463322.21
27.309293614369736 2.092089150088514e-09 478143983.3144075 25786408896060.74 11732816047707.701
27.24927318884365 2.2693738209419855e-09 519804568.9236411 28033173328653.508 12783127037865.756
27.189516010797938 2.1759356208573526e-09 499497753.9205781 26938022383919.523 12310676229451.215
27.130020352130984 2.1035293563221636e-09 483935445.2033622 26098743693916.676 11953224611814.164
27.070784499833756 1.983394776644913e-09 457295890.2799898 24662066709504.12 11319888619661.727
27.0118067558254 2.36692824713852e-09 546915753.842681 29495285421193.17 13567831293749.35
26.953085436791 2.8244670279497957e-09 654059105.6371291 35273549660166.96 16261106393335.55
26.894618874021383 2.7989150459342987e-09 649551062.2786093 35030429902477.727 16184058614945.068
26.836405413255104 3.6885666312902147e-09 857871547.0525236 46265198903583.1 21420787092358.88
26.77844341452237 4.43045650857948e-09 1032647561.7063811 55690907343638.41 25840581007447.836
26.720731251991072 4.560501992192933e-09 1065254274.5120867 57449394448999.44 26713968418784.117
26.663267313814746 5.165835850281542e-09 1209250317.3017645 65215132319526.36 30390251660900.426
26.606050001982528 9.579513116180697e-09 2247253204.0715017 121194853507266.23 56597996587891.3
26.549077732171 2.2900526464521887e-08 5383751457.215882 290346885697909.9 135882342506620.81
26.492348933597984 3.199756904404429e-08 7538509616.077255 406553461322612.75 190673573360308.84
26.43586204887816 3.165122537179867e-08 7472845893.68875 403012202508875.8 189415735179168.2
26.379615533880546 2.2904750149475307e-08 5419335921.493628 292265963587069.06 137657268849509.12
26.323607857587806 1.3705729560657464e-08 3249718333.2787466 175258015709147.4 82721783414718.12
26.267837501957324 6.1205198202306745e-09 1454296512.041512 78430526837683.12 37097639194225.375
26.212302961784054 4.690619505312508e-09 1116899254.7160537 60234619451177.83 28551209619855.008
26.157002744565094 2.9013828343047924e-09 692318655.0521752 37336895471938.24 17735025349170.965
26.10193537036601 3.0724274272264533e-09 734679460.1600842 39621422894216.0 18859797297646.277
26.04709937168877 3.1057081579637747e-09 744201002.6268086 40134921747984.305 19144357673788.84
25.992493293341415 3.0104570431017974e-09 722892083.5898919 38985727114999.305 18635177560970.016
25.93811569230932 2.9239664002030438e-09 703595299.8034635 37945047373205.875 18175677691764.91
25.88396513762809 1.7794755055366999e-09 429091768.15654916 23141012276092.5 11107685892524.428
25.83004021025803 1.8078670834978355e-09 436848038.55514485 23559309623724.465 11332027929011.848
25.776339502960198 1.9875282604111958e-09 481261415.5680192 25954532694754.53 12510084758871.455
25.722861620173973 2.125574213787564e-09 515757991.908264 27814940551102.688 13434616286182.736
25.66960517789618 1.964288002383859e-09 477611692.1905717 25757702320112.992 12466727922934.658
25.616568803561684 2.0168036935292103e-09 491396031.5954715 26501094738842.016 12853030948338.623
25.563751135925475 1.9677676345689393e-09 480438947.549526 25910176815837.504 12592345932495.695
25.5111508249462 2.0026695312282907e-09 489968561.7843051 26424110981810.582 12868542048141.797
25.458766531671156 1.9293632194454977e-09 473004869.23388314 25509255357234.83 12448516614330.607
25.40659692812265 2.7046326176678636e-09 664432333.4971467 35832980092222.69 17522327265096.947
25.354640697185793 3.3074527561762952e-09 814188874.7003874 43909382893650.91 21515597617888.86
25.30289653249766 3.4752391428690863e-09 857241979.4848012 46231246187883.414 22699541878251.254
25.251363138337787 3.606015744637051e-09 891316130.0183856 48068872528707.14 23649885284123.508
25.200039229520026 3.515902772412419e-09 870812420.3356678 46963103011124.36 23152809784484.78
25.148923531285707 5.139100254921493e-09 1275430107.4234755 68784222778229.83 33979406052443.664
25.09801477919808 4.318597365435596e-09 1073970419.3140774 57919458031737.47 28670131725709.844
25.047311719038085 1.65275802228566e-08 4118481580.701991 222110606379925.66 110166860764449.92
24.996813106701318 3.400047272197027e-08 8489640242.871028 457848142657007.6 227550526900529.2
24.946517708096284 4.894904812508053e-08 12246818872.581018 660473602397522.8 328915853993949.25
24.89642429904388 5.184237508085167e-08 12996813525.529535 700920976966016.8 349759567506037.44
24.84653166517806 3.739653863739414e-08 9394087635.676567 506625187040569.0 253312593520287.1
24.796838601847703 2.2247083747571752e-08 5599712747.258131 301993724987087.6 151298856218526.1
24.747343914019662 1.2997671086159564e-08 3278128124.2188854 176790161906524.75 88748661277073.2
24.69804641618297 6.743670351245015e-09 1704208413.4118645 91908329971494.36 46229889975664.04
24.648944932254178 3.2369878819581595e-09 819656172.73965 44204235464668.945 22278934674192.402
24.60003829548383 3.122438761413317e-09 792222406.1309298 42724726471524.53 21575986868119.363
24.55132534836406 2.529597359153769e-09 643080635.8977394 34681478402069.0 17548828071446.812
24.502804942537253 2.348549574599544e-09 598236495.9538047 32263024192584.387 16357353265640.535
24.45447593870582 2.4478382428862095e-09 624760163.7944906 33693451361451.395 17116273291617.979
24.406337206543014 1.874415924923454e-09 479349559.764066 25851425895900.12 13158375781012.287
24.358387624604813 1.5209294010502682e-09 389717127.5436282 21017529353768.28 10718939970422.248
24.310626080242844 1.3369835198203693e-09 343256591.2294874 18511902536879.27 9459582196344.615
24.263051469518295 1.1112631487070176e-09 285864659.3306078 15416743181279.387 7893372508815.321
24.215662697116894 1.3402814675935587e-09 345452729.69057226 18630340761192.68 9557364810491.455
24.168458676264812 1.1668963823380398e-09 301350775.73298013 16251912803190.08 8353483180839.755
24.12143832864562 1.1349047793791274e-09 293660273.65303266 15837162355270.86 8156138612964.181
24.07460058431815 6.73600760078593e-10 174635468.16926822 9418128737607.934 4859754428605.749
24.027944381635365 1.3900728398735127e-09 361085388.4238941 19473413442847.535 10067754749952.723
23.98146866716412 1.2467212214998394e-09 324475978.1808402 17499059995111.54 9064513077467.447
