string
integrated and resized binned spectra ROIsize spatial in px50:1600
converted file:an 22 2019_17.02.06_51 binning:0.1
nm muJ
23.8 -7.858564993178944e-06
23.900000000000002 4.958610102492928e-05
24.000000000000004 9.027965918739878e-05
24.100000000000005 7.906652107875303e-05
24.200000000000006 7.56073304119706e-05
24.300000000000008 7.25092953339679e-05
24.40000000000001 6.636318047874508e-05
24.50000000000001 5.886383607957111e-05
24.600000000000012 5.5296341284903374e-05
24.700000000000014 5.5949422673160336e-05
24.800000000000015 5.142190655106935e-05
24.900000000000016 5.075686065317669e-05
25.000000000000018 5.703931252739417e-05
25.10000000000002 4.3125551817321104e-05
25.20000000000002 4.107160170505654e-05
25.300000000000022 3.3958482565846836e-05
25.400000000000023 3.256434177130597e-05
25.500000000000025 2.9941270322102166e-05
25.600000000000026 2.434431172103466e-05
25.700000000000028 2.3857786443459182e-05
25.80000000000003 2.0439566829326947e-05
25.90000000000003 1.961471904486813e-05
26.000000000000032 2.104071433290593e-05
26.100000000000033 2.3681578534334804e-05
26.200000000000035 2.5262420377615615e-05
26.300000000000036 2.4936879667411318e-05
26.400000000000038 2.7281627942837483e-05
26.50000000000004 2.9894336623164878e-05
26.60000000000004 3.370637067550276e-05
26.700000000000042 3.0021041988203133e-05
26.800000000000043 4.3651219440381054e-05
26.900000000000045 5.351734502373351e-05
27.000000000000046 4.0728823000338425e-05
27.100000000000048 4.255577272005522e-05
27.20000000000005 4.246572294985535e-05
27.30000000000005 5.657505501655126e-05
27.400000000000052 5.8147556633179495e-05
27.500000000000053 5.974102319143582e-05
27.600000000000055 6.935259320526035e-05
27.700000000000056 7.611922493023445e-05
27.800000000000058 8.628388858779869e-05
27.90000000000006 9.663248322386001e-05
28.00000000000006 9.725335411912766e-05
28.100000000000062 0.00011475346979129888
28.200000000000063 0.00011871153412852309
28.300000000000065 0.0001364338338923137
28.400000000000066 0.00013951437914409438
28.500000000000068 0.00015286799348342113
28.60000000000007 0.00016311741513811193
28.70000000000007 0.00018369187670365045
28.80000000000007 0.0001983304808813057
28.900000000000073 0.0002147171728278234
29.000000000000075 0.00023515379058356803
29.100000000000076 0.00025647849282324926
29.200000000000077 0.0002729158664337413
29.30000000000008 0.0002872043541469765
29.40000000000008 0.0003071604397391085
29.50000000000008 0.00032311487624785465
29.600000000000083 0.0003416369249950233
29.700000000000085 0.0003668034369029062
29.800000000000086 0.0003820572508325377
29.900000000000087 0.0004010369538874334
30.00000000000009 0.0004299781171246199
30.10000000000009 0.0004663436669480686
30.20000000000009 0.0004871255269969354
30.300000000000093 0.0005115126451481961
30.400000000000095 0.0005363467964156498
30.500000000000096 0.0005690932262965339
30.600000000000097 0.0006011147972681022
30.7000000000001 0.0006318321367411899
30.8000000000001 0.0006450332294896235
30.9000000000001 0.0006735118440663882
31.000000000000103 0.0007201082602381693
31.100000000000104 0.0007214559157453388
31.200000000000106 0.0007418858096055947
31.300000000000107 0.0007872512602434093
31.40000000000011 0.0007950829211977693
31.50000000000011 0.0007972453604497673
31.60000000000011 0.0008377274768707439
31.700000000000113 0.0008479888589072599
31.800000000000114 0.0008634006588915474
31.900000000000116 0.000902788798094394
32.000000000000114 0.000907409334836994
32.100000000000115 0.0009557837890649783
32.20000000000012 0.0009662662213118946
32.30000000000012 0.0009800668179577637
32.40000000000012 0.001031214976586888
32.50000000000012 0.001044731987147362
32.60000000000012 0.0010852164286162338
32.700000000000124 0.0010771372798699045
32.800000000000125 0.0011152769916928213
32.90000000000013 0.0011294247226360289
33.00000000000013 0.0011699084159243174
33.10000000000013 0.001169517012007218
33.20000000000013 0.0012125742964237108
33.30000000000013 0.0012169393310911853
33.400000000000134 0.0012740489695958323
33.500000000000135 0.0012757799046590446
33.600000000000136 0.0013160118154869661
33.70000000000014 0.0013346189983569551
33.80000000000014 0.0013377060243218162
33.90000000000014 0.0013640011357770395
34.00000000000014 0.0013595123988489127
34.10000000000014 0.001413608573713693
34.200000000000145 0.0014210557307607697
34.300000000000146 0.001469157686677734
34.40000000000015 0.001520719892461361
34.50000000000015 0.0015167223506134893
34.60000000000015 0.001582980787387837
34.70000000000015 0.0016167727307360342
34.80000000000015 0.0016444485371484197
34.900000000000155 0.0016517691127814768
35.000000000000156 0.0016751259212465092
35.10000000000016 0.0016880952251899655
35.20000000000016 0.001703663439593519
35.30000000000016 0.0017700055402358643
35.40000000000016 0.0017587587885087676
35.50000000000016 0.0017832630285679082
35.600000000000165 0.001795485844346067
35.700000000000166 0.0018585763688728466
35.80000000000017 0.001906065583824628
35.90000000000017 0.001896370074049763
36.00000000000017 0.001871750271084532
36.10000000000017 0.0019840222358970734
36.20000000000017 0.002012387897632898
36.300000000000175 0.0020798642491463414
36.400000000000176 0.0021557815033637017
36.50000000000018 0.002137527984617614
36.60000000000018 0.0021082321438702606
36.70000000000018 0.0022029159177370857
36.80000000000018 0.0022629910745143615
36.90000000000018 0.0022993475668396583
37.000000000000185 0.0022793325584111773
37.100000000000186 0.0022998680628059424
37.20000000000019 0.002376638091539299
37.30000000000019 0.0024515621733241905
37.40000000000019 0.0026010059941105543
37.50000000000019 0.0024963705947141706
37.60000000000019 0.002426215381729281
37.700000000000195 0.002514227693896338
37.800000000000196 0.0026581607855479463
37.9000000000002 0.002674955352437058
38.0000000000002 0.002782322121321867
38.1000000000002 0.002902519335716655
38.2000000000002 0.0027413771549719573
38.3000000000002 0.0027364735350881237
38.400000000000205 0.002915068778026341
38.500000000000206 0.0030458612543757526
38.60000000000021 0.00303966140660239
38.70000000000021 0.003016660197148072
38.80000000000021 0.0029598578720570687
38.90000000000021 0.003016065490461053
39.00000000000021 0.0033170500900969037
39.100000000000215 0.0031951718723372364
39.200000000000216 0.0031221748663557885
39.30000000000022 0.0031865451992948786
39.40000000000022 0.0031829698764100616
39.50000000000022 0.0032539578811859667
39.60000000000022 0.0036456134643834143
39.70000000000022 0.003731362812785157
39.800000000000225 0.0034830438631508983
39.900000000000226 0.0038194701716366387
40.00000000000023 0.004068789727836397
40.10000000000023 0.0036413798871950723
40.20000000000023 0.00363492693570165
40.30000000000023 0.004013875834571783
40.40000000000023 0.0044033620972513095
40.500000000000234 0.004156655411908677
40.600000000000236 0.004181787240133835
40.70000000000024 0.003955787548707572
40.80000000000024 0.004099892474854607
40.90000000000024 0.0042848613998201215
41.00000000000024 0.004603903088079413
41.10000000000024 0.004226727564095083
41.200000000000244 0.003994691028311071
41.300000000000246 0.0040061387674419835
41.40000000000025 0.004086476361097817
41.50000000000025 0.004275134572630107
41.60000000000025 0.004962246014093623
41.70000000000025 0.005091749688905083
41.80000000000025 0.004406881401505633
41.900000000000254 0.0043633909554993446
42.000000000000256 0.004967998127034561
42.10000000000026 0.005109583065967456
42.20000000000026 0.004849188329006187
42.30000000000026 0.004849085120392766
42.40000000000026 0.005462710015869935
42.50000000000026 0.0058242700739602185
42.600000000000264 0.00569200277602947
42.700000000000266 0.004834402585127014
42.80000000000027 0.004930628998728386
42.90000000000027 0.005442289637991757
43.00000000000027 0.005808656668485742
43.10000000000027 0.005447710440968408
43.20000000000027 0.005749708985224064
43.300000000000274 0.005181443982702368
43.400000000000276 0.004504160618210985
43.50000000000028 0.004768827311257472
43.60000000000028 0.005538316849478769
43.70000000000028 0.005223560465606138
43.80000000000028 0.005833459063495345
43.90000000000028 0.006778590102503459
44.000000000000284 0.006058332135396969
44.100000000000286 0.004635148719347611
44.20000000000029 0.00572507254532878
44.30000000000029 0.007047855486474064
44.40000000000029 0.0072925170055476276
44.50000000000029 0.005658384120769044
44.60000000000029 0.006997648621533451
44.700000000000294 0.00756819222666753
44.800000000000296 0.007954831702627809
44.9000000000003 0.00789873811956168
45.0000000000003 0.00677356054278333
45.1000000000003 0.006125902534900712
45.2000000000003 0.00767639565768678
45.3000000000003 0.007579482877769834
45.400000000000304 0.007915575287199245
45.500000000000306 0.007246006137664597
45.60000000000031 0.007488659484424135
45.70000000000031 0.005890818085418568
45.80000000000031 0.006358681094869631
45.90000000000031 0.0052645889183744006
46.00000000000031 0.00725076776929243
46.100000000000314 0.007013762166126853
46.200000000000315 0.00697083241637965
46.30000000000032 0.006798689818613362
46.40000000000032 0.006476641244093548
46.50000000000032 0.0066646238980362345
46.60000000000032 0.00643536852592893
46.70000000000032 0.007055173678768021
46.800000000000324 0.008828506286811007
46.900000000000325 0.008420693982300128
47.00000000000033 0.007295774300884714
47.10000000000033 0.00783398100470081
47.20000000000033 0.008752643828582384
47.30000000000033 0.010138946667047188
47.40000000000033 0.010641655569806657
47.500000000000334 0.00912321262937575
47.600000000000335 0.008476801186959591
47.70000000000034 0.008459126609174973
47.80000000000034 0.010050676118509886
47.90000000000034 0.009144846987422033
48.00000000000034 0.010164271540985387
48.10000000000034 0.011064947013248307
48.200000000000344 0.008082976148291825
48.300000000000345 0.006497472597587489
48.40000000000035 0.006994989971797898
48.50000000000035 0.008528661437554225
48.60000000000035 0.0066297915091051915
48.70000000000035 0.008130727838099108
48.80000000000035 0.008995002610091582
48.900000000000354 0.009705580656614754
49.000000000000355 0.006327185414166131
49.10000000000036 0.006166305845963386
49.20000000000036 0.008943333816883645
49.30000000000036 0.008674651724904572
49.40000000000036 0.008700406819672104
49.50000000000036 0.006931816550861188
49.600000000000364 0.010300687359889595
49.700000000000365 0.011570332900638762
49.80000000000037 0.010417377710807908
49.90000000000037 0.008186629570088427
50.00000000000037 0.009121621203220144
50.10000000000037 0.01074439957525731
50.20000000000037 0.014080611809462185
50.300000000000374 0.01162899448658153
50.400000000000375 0.010883879802251778
50.50000000000038 0.009394995953511374
50.60000000000038 0.01168583653918037
50.70000000000038 0.011784654261119123
50.80000000000038 0.011402343329347406
50.90000000000038 0.01112914178279364
51.000000000000384 0.010656197615663315
51.100000000000385 0.012139138590217556
51.20000000000039 0.008782080373976804
51.30000000000039 0.007860477064573067
51.40000000000039 0.007885697432709744
51.50000000000039 0.006165316570885636
51.60000000000039 0.009062083567476547
51.700000000000394 0.00802354485173423
51.800000000000395 0.006914909123461676
