string
integrated and resized binned spectra ROIsize spatial in px50:1600
converted file:an 22 2019_16.33.36_36 binning:0.1
nm muJ
23.8 2.6561502306350534e-06
23.900000000000002 0.0001297494516173688
24.000000000000004 0.0001967611751955638
24.100000000000005 0.00018826497799014495
24.200000000000006 0.00018382950367670274
24.300000000000008 0.00017996481546970163
24.40000000000001 0.00017514492524139036
24.50000000000001 0.00017112765834350387
24.600000000000012 0.00016693296153999417
24.700000000000014 0.0001667997547172417
24.800000000000015 0.00016402644030484296
24.900000000000016 0.00016166995307529094
25.000000000000018 0.00016051892323121504
25.10000000000002 0.00015282311759207715
25.20000000000002 0.00014856457221521847
25.300000000000022 0.00014719104801752807
25.400000000000023 0.00014687870596599497
25.500000000000025 0.00014051053341088325
25.600000000000026 0.00013856194978902942
25.700000000000028 0.00013664977703806055
25.80000000000003 0.0001341517760384089
25.90000000000003 0.00012912280821638744
26.000000000000032 0.0001353315307789194
26.100000000000033 0.00013806818388476802
26.200000000000035 0.00013162113341792827
26.300000000000036 0.000136124141448027
26.400000000000038 0.00013878017345264883
26.50000000000004 0.0001391694166596001
26.60000000000004 0.00014051737599027925
26.700000000000042 0.00014444974408564203
26.800000000000043 0.00015712661942325447
26.900000000000045 0.00016749954485579966
27.000000000000046 0.0001576426000093552
27.100000000000048 0.0001531359403249881
27.20000000000005 0.00015625105481287664
27.30000000000005 0.000162219711169928
27.400000000000052 0.00017118289332218074
27.500000000000053 0.00016971947905516224
27.600000000000055 0.00017807937004348415
27.700000000000056 0.00018765848248663314
27.800000000000058 0.00019875750870109842
27.90000000000006 0.00020835220183031098
28.00000000000006 0.0002140110600320796
28.100000000000062 0.000228193439259024
28.200000000000063 0.00022867577474226198
28.300000000000065 0.00024195348565442024
28.400000000000066 0.00025211257292378895
28.500000000000068 0.0002667211089033374
28.60000000000007 0.0002780652435725485
28.70000000000007 0.00029674668532168316
28.80000000000007 0.0003192138444792909
28.900000000000073 0.00033080296340906324
29.000000000000075 0.0003467059702361052
29.100000000000076 0.0003684089602078281
29.200000000000077 0.00038954340693238347
29.30000000000008 0.0003992810287179997
29.40000000000008 0.00042078545523379187
29.50000000000008 0.0004395868610104903
29.600000000000083 0.00046513469232895395
29.700000000000085 0.0004883054381623976
29.800000000000086 0.0005076185261281892
29.900000000000087 0.0005262895398015877
30.00000000000009 0.0005461572936095772
30.10000000000009 0.0005864528372784224
30.20000000000009 0.0006089028175004422
30.300000000000093 0.0006312746569123478
30.400000000000095 0.0006522181525407581
30.500000000000096 0.000679935675430207
30.600000000000097 0.0007214637995972576
30.7000000000001 0.0007563274519903893
30.8000000000001 0.0007783851620689355
30.9000000000001 0.0008101756604852472
31.000000000000103 0.0008547976951559653
31.100000000000104 0.0008549342704358832
31.200000000000106 0.000860367726517523
31.300000000000107 0.0008994734194011903
31.40000000000011 0.0009079254432634656
31.50000000000011 0.0009124174033170004
31.60000000000011 0.0009611201700934054
31.700000000000113 0.0009553327241747544
31.800000000000114 0.0009722506831770234
31.900000000000116 0.0010224919563986167
32.000000000000114 0.0010267959629046157
32.100000000000115 0.0010857499993850287
32.20000000000012 0.0010980498406968193
32.30000000000012 0.001100339975904695
32.40000000000012 0.0011396019754230063
32.50000000000012 0.0011363743701486603
32.60000000000012 0.0011708342433979105
32.700000000000124 0.0011683187683567795
32.800000000000125 0.0012010487124319367
32.90000000000013 0.0012152391897955535
33.00000000000013 0.001267504203909841
33.10000000000013 0.0012679938318934346
33.20000000000013 0.00132650921896626
33.30000000000013 0.001316719229492393
33.400000000000134 0.0013928138126269535
33.500000000000135 0.0014271572160342906
33.600000000000136 0.001453345902435682
33.70000000000014 0.0014457652756669596
33.80000000000014 0.001424395981361607
33.90000000000014 0.0014566112850202353
34.00000000000014 0.0014242437262369546
34.10000000000014 0.0014838284194579633
34.200000000000145 0.0014888924880012877
34.300000000000146 0.0015390963486453222
34.40000000000015 0.0016103565182187286
34.50000000000015 0.0015983527238078272
34.60000000000015 0.0016805456320344238
34.70000000000015 0.0017235753643543889
34.80000000000015 0.001746886839733011
34.900000000000155 0.0018260115939134017
35.000000000000156 0.0018701767628423623
35.10000000000016 0.001845601325057156
35.20000000000016 0.0018272722765314449
35.30000000000016 0.0018383610325717874
35.40000000000016 0.001838030175969744
35.50000000000016 0.001819352021436094
35.600000000000165 0.001850087252765297
35.700000000000166 0.0019173585830289462
35.80000000000017 0.0019441224299276878
35.90000000000017 0.001984071107156261
36.00000000000017 0.0019833328702367013
36.10000000000017 0.0020670946296814548
36.20000000000017 0.002161871051569992
36.300000000000175 0.002239408990708308
36.400000000000176 0.0023114806181443242
36.50000000000018 0.0024777022811537756
36.60000000000018 0.0024295168441871816
36.70000000000018 0.0024393105126812916
36.80000000000018 0.002483021486771622
36.90000000000018 0.002413212940162656
37.000000000000185 0.0023928551242193997
37.100000000000186 0.002365023480318844
37.20000000000019 0.0024046805266528175
37.30000000000019 0.002570504510961416
37.40000000000019 0.002634825951988838
37.50000000000019 0.0025917974135187204
37.60000000000019 0.002588980718231068
37.700000000000195 0.0027035656291656764
37.800000000000196 0.002764117134011946
37.9000000000002 0.0029294998040763887
38.0000000000002 0.003008779772883909
38.1000000000002 0.0031906732891940942
38.2000000000002 0.0034034900380612693
38.3000000000002 0.0035365202047856416
38.400000000000205 0.003483011700791121
38.500000000000206 0.0034987842005587055
38.60000000000021 0.0034325262368012496
38.70000000000021 0.0032191931580094185
38.80000000000021 0.00320598529255378
38.90000000000021 0.0031439964394960086
39.00000000000021 0.003300342554341372
39.100000000000215 0.003351412086465393
39.200000000000216 0.003397974096720025
39.30000000000022 0.003385860150417304
39.40000000000022 0.0036248305838552965
39.50000000000022 0.0036651050056875217
39.60000000000022 0.0037293911335284547
39.70000000000022 0.00389957550317545
39.800000000000225 0.004091147720449739
39.900000000000226 0.004277317631515993
40.00000000000023 0.004840756410881104
40.10000000000023 0.005175681943831222
40.20000000000023 0.005249649540736921
40.30000000000023 0.005419044343871488
40.40000000000023 0.005206923225984605
40.500000000000234 0.004929832678375525
40.600000000000236 0.005013856354483429
40.70000000000024 0.004537484368398293
40.80000000000024 0.004527481827340478
40.90000000000024 0.004393339184503729
41.00000000000024 0.004414985883153789
41.10000000000024 0.0049710770182292375
41.200000000000244 0.004597636499375952
41.300000000000246 0.005182164523595008
41.40000000000025 0.004818015580306515
41.50000000000025 0.005406409158694182
41.60000000000025 0.005292250373562285
41.70000000000025 0.0051432838869785065
41.80000000000025 0.0057016340556503625
41.900000000000254 0.005836531912784288
42.000000000000256 0.006090950186887502
42.10000000000026 0.0074357585568286064
42.20000000000026 0.007994271453948387
42.30000000000026 0.00775676933917217
42.40000000000026 0.008371504166235172
42.50000000000026 0.00886119417670166
42.600000000000264 0.007569799558521622
42.700000000000266 0.0070952719898573074
42.80000000000027 0.0070084701643986546
42.90000000000027 0.00583866958384321
43.00000000000027 0.00649131853052927
43.10000000000027 0.005878338181552865
43.20000000000027 0.006447034309470857
43.300000000000274 0.006665842657295345
43.400000000000276 0.00681977597253095
43.50000000000028 0.006137241544747306
43.60000000000028 0.0068405295508759305
43.70000000000028 0.006414137363629534
43.80000000000028 0.00709889084613316
43.90000000000028 0.006708847359796965
44.000000000000284 0.006887528912694663
44.100000000000286 0.007302700114344815
44.20000000000029 0.008034690805035044
44.30000000000029 0.008448288459666607
44.40000000000029 0.00975737357907831
44.50000000000029 0.012462134430295969
44.60000000000029 0.011070898522888969
44.700000000000294 0.012230297897264448
44.800000000000296 0.011030696747718656
44.9000000000003 0.011966536319447706
45.0000000000003 0.010100102301669713
45.1000000000003 0.010560946825133222
45.2000000000003 0.008683226824208773
45.3000000000003 0.008094362433616215
45.400000000000304 0.007812543469717501
45.500000000000306 0.00831323344180073
45.60000000000031 0.008284276005610951
45.70000000000031 0.00802915357678007
45.80000000000031 0.008683182233911391
45.90000000000031 0.007820886097699976
46.00000000000031 0.009271738342985385
46.100000000000314 0.008537730561988643
46.200000000000315 0.008484975647188541
46.30000000000032 0.00915143419339887
46.40000000000032 0.008991137410885218
46.50000000000032 0.008527622988825593
46.60000000000032 0.009665822769284727
46.70000000000032 0.010009305799603711
46.800000000000324 0.009560938892072527
46.900000000000325 0.011476652057359897
47.00000000000033 0.014550892070231114
47.10000000000033 0.015377043769762302
47.20000000000033 0.015437887500506915
47.30000000000033 0.015101401068955208
47.40000000000033 0.01603118510886572
47.500000000000334 0.020213580143035415
47.600000000000335 0.017689981686196884
47.70000000000034 0.015107700365497974
47.80000000000034 0.011997703431312295
47.90000000000034 0.012207490754902538
48.00000000000034 0.01071669692951933
48.10000000000034 0.012156972000181536
48.200000000000344 0.01283334328127371
48.300000000000345 0.011289492755377425
48.40000000000035 0.01128717534988162
48.50000000000035 0.011086627700029881
48.60000000000035 0.01262346294003256
48.70000000000035 0.010894804810396088
48.80000000000035 0.009898676251044188
48.900000000000354 0.011210426629778447
49.000000000000355 0.009621503159941064
49.10000000000036 0.01038813455950693
49.20000000000036 0.011605974850618428
49.30000000000036 0.010265200752107715
49.40000000000036 0.009825082560787197
49.50000000000036 0.01246318743105004
49.600000000000364 0.012573809483551959
49.700000000000365 0.012681622241706348
49.80000000000037 0.014913028154429419
49.90000000000037 0.0163804538733158
50.00000000000037 0.019197201204404813
50.10000000000037 0.02129782277242187
50.20000000000037 0.020536002104878718
50.300000000000374 0.022791656830501217
50.400000000000375 0.01746444729454488
50.50000000000038 0.020692972002915085
50.60000000000038 0.018725566785843847
50.70000000000038 0.016116131136608012
50.80000000000038 0.013507614443162473
50.90000000000038 0.013212391426420474
51.000000000000384 0.01332375571655615
51.100000000000385 0.011721780122395066
51.20000000000039 0.011315540447177058
51.30000000000039 0.010637694033824356
51.40000000000039 0.010038846792153173
51.50000000000039 0.009398192710785552
51.60000000000039 0.009899110947313865
51.700000000000394 0.010889034498020677
51.800000000000395 0.008660730988579649
