string
20190122an 22 2019_17.03.   full spectra  index number  Nphoton via eV
eV x-axis E [J] Nphoton Nphoton/sr Nphoton/sr @ 0.1bw
51.660080420516415 4.462662004561447e-10 53917269.72691351 2907770069801.6816 700772586822.2156
51.4457232403483 4.4021257238535624e-10 53407486.521412134 2880277350779.514 697027118888.6266
51.233137607123716 4.4927901914719793e-10 54733618.298195526 2951795925601.17 717286409921.0823
51.02230164989275 4.432978066680712e-10 54228115.37010663 2924534042869.7397 713586306460.223
50.813193856245654 4.4238023840287493e-10 54338569.34486246 2930490849724.248 717970258182.4209
50.605793064995666 4.373412994184143e-10 53939787.423431545 2908984454066.828 715610175700.4216
50.400078459040394 4.360084830806519e-10 53994895.054766595 2911956420596.7607 719253235887.3925
50.1960295583965 4.4272109601168895e-10 55049049.59748429 2968807204098.692 736264186616.449
49.99362621340296 4.341393623430318e-10 54200525.852985345 2923046134217.616 727838487420.1924
49.79284859808809 4.441275825055501e-10 55671093.02348348 3002354141200.636 750588535300.1626
49.59367720369574 4.467381422840076e-10 56223217.80280989 3032130350497.818 761064717974.9358
49.39609283236627 4.380326214464387e-10 55348114.59756863 2984935844524.5703 752203832820.1489
49.20007659096798 4.3116316564825594e-10 54697168.88383087 2949830200765.9146 746307040793.7699
49.005609885074826 4.3602151740483163e-10 55532995.24818476 2994906498177.2847 760706250537.028
48.81267441308634 4.280989888658998e-10 54739468.20439272 2952111412313.266 752788410139.8776
48.621252160486 4.320652245687418e-10 55464122.77175805 2991192190561.1714 765745200783.6501
48.4313253942341 4.1869289119269764e-10 53958293.709846325 2909982502113.6343 747865503043.2241
48.24287665729156 4.2602911247721743e-10 55118203.75920007 2972536703063.64 766914469390.3848
48.05588876327104 4.227059214926431e-10 54901055.352300346 2960825842304.44 766853893156.8325
47.87034479121208 4.181684442752105e-10 54522238.273555614 2940396154950.412 764503000287.1078
47.686228080476646 4.2704257801879275e-10 55894256.224378094 3014389381106.684 786755628468.8431
47.503522225762175 4.3051092514721574e-10 56564941.15396586 3050559565064.439 799246606046.8541
47.322211072228725 4.258885049001945e-10 56171997.10464357 3029368007118.1045 796723785872.0774
47.142278710737365 4.277253249438701e-10 56629583.64863921 3054045748845.6377 806268077695.2196
46.96370947319669 4.282879539791189e-10 56919678.9339289 3069690650603.9863 813468022410.0325
46.78648792801481 4.254968509049205e-10 56762939.740404375 3061237671845.903 814289220711.0099
46.61059887565385 4.300153555412497e-10 57582200.32252395 3105420573022.4897 829147292996.984
46.436027344284355 4.2967545800442326e-10 57752988.88621882 3114631237366.0605 834721171614.1196
46.26275858553703 4.347301002511696e-10 58651234.89557638 3163073839793.0327 850866862904.2964
46.09077807034915 4.4738515263211766e-10 60583798.908565685 3267297436859.579 882170307952.0974
45.92007148490342 4.362780782653582e-10 59299333.329401515 3198025929127.4336 866665026793.4908
45.75062472665653 4.375641772488499e-10 59694415.72909168 3219332808773.6606 875658523986.4276
45.58242390045559 4.3470859833991806e-10 59523682.25226128 3210125115276.658 876364156470.5178
45.41545531473963 4.3606320440232964e-10 59928684.440466546 3231966971272.5605 885558950128.7024
45.24970547782453 4.469059565144585e-10 61643794.10053781 3324463207844.672 914227382157.267
45.0851610942688 4.454403362605131e-10 61665873.89932631 3325653976190.1323 917880497428.4711
44.92180906131855 4.4882140594629246e-10 62359884.06855936 3363082095389.3237 931573740422.7919
44.7596364654293 4.604936181160726e-10 64213455.34589788 3463045597061.1943 962726675983.0055
44.59863057886301 4.673422331089108e-10 65403724.511032514 3527237071720.7266 984099143010.1011
44.43877885635813 4.789785552817997e-10 67273330.40483898 3628065323742.2046 1015858290647.7812
44.28006893187113 4.843547055825821e-10 68272249.06864977 3681937224294.792 1034624360026.8506
44.1224886153876 4.928405150992592e-10 69716468.21206856 3759824276453.3613 1060270445959.8109
43.96602588980112 5.089756750518431e-10 72255147.27663846 3896735789929.0474 1102776228549.9258
43.81066890785836 5.211610247413738e-10 74247360.67747694 4004176291441.021 1137186066769.2192
43.65640598916871 5.31581010282161e-10 75999450.72206081 4098666888183.8193 1168120063132.3796
43.50322561727689 5.475142109867125e-10 78553024.50300176 4236381676949.2456 1211605159607.4817
43.3511164367969 5.604491779863946e-10 80690967.89011192 4351681428280.427 1248932569916.4692
43.20006725060597 5.79906155003208e-10 83784227.59056589 4518501595930.9795 1301328459628.134
43.05006701709692 5.963124638514206e-10 86454783.95307797 4662525280734.791 1347469806132.3381
42.90110484748759 6.125062594606041e-10 89110940.89566888 4805772401694.006 1393673996491.204
42.7531700031859 6.307655110411495e-10 92084936.31863932 4966160620949.923 1445152740696.3765
42.60625189320931 6.520510735626831e-10 95520647.67025746 5151449280544.761 1504223189919.1064
42.46034007165723 6.791962565671723e-10 99839130.54416923 5384346000117.408 1577613378034.3413
42.315424235235184 6.865067997716717e-10 101259346.1654816 5460938537114.057 1605515929911.5288
42.17149422082962 7.046365327741933e-10 104288192.78444831 5624284893286.376 1659164043519.477
42.028540003131894 7.263085818254916e-10 107861348.81501941 5816985974276.755 1721827848385.858
41.8865516923105 7.456581691325931e-10 111110255.55000418 5992200220313.59 1779683465433.1743
41.74551953173033 7.693358271785886e-10 115025746.93519756 6203363521350.483 1848602329362.3926
41.60543389571781 7.868726795834224e-10 118043855.56775594 6366130775582.993 1903473101899.2612
41.46628528737092 8.075372033532934e-10 121550397.38427329 6555239337537.635 1966571801261.3154
41.32806433641302 8.325447516393283e-10 125733642.52093767 6780842656560.377 2041033639624.6233
41.19076179708939 8.76291004029878e-10 132781479.70642678 7160934047103.675 2162602082225.3542
41.05436854610565 8.927918799825886e-10 135731244.1099502 7320015482216.67 2217964691111.644
40.91887558060695 9.158716426708041e-10 139701122.68771762 7534111896364.6 2290370016494.839
40.78427401619706 9.339046344291287e-10 142921896.15719265 7707808909280.593 2350881717330.4355
40.650555084996405 9.67459581883282e-10 148544071.97389537 8011014072482.889 2451370306179.653
40.51771013373824 1.009764951927432e-09 155547979.5539371 8388736329860.781 2575342053267.3237
40.38573062190196 1.0307572129117893e-09 159300600.61609823 8591115998993.263 2646063727689.8267
40.254608119882796 1.0489008120242595e-09 162632670.4945818 8770815251426.03 2710181912690.727
40.124334307197095 1.0728609984804449e-09 166887801.0722433 9000295367898.73 2790091564048.537
39.99490097072226 1.125269059499551e-09 175606556.44597816 9470499739338.072 2945325418934.1816
39.866300002970746 1.126541501252619e-09 176372243.71321806 9511793420004.492 2967679547041.37
39.73852340039712 1.1329667006115866e-09 177948525.93331516 9596802662578.787 3003799233387.051
39.6115632617377 1.1731519677139504e-09 184850770.92525247 9969042234494.195 3130279261631.309
39.48541178638185 1.1786268728994118e-09 186306772.41002792 10047564710881.822 3164982883927.6953
39.36006127277429 1.1774067233706862e-09 186706621.54180533 10069128661425.076 3181844657010.269
39.235504116847785 1.2149500962035624e-09 193271660.35311204 10423182630761.645 3304148893951.507
39.11173281048549 1.2177799787634351e-09 194334875.78474876 10480522069971.44 3332806018250.695
38.98873994001226 1.22306304593869e-09 195793657.68094975 10559194494551.285 3368383043761.679
38.86651818471441 1.2728589632506198e-09 204405992.36010832 11023659574812.424 3527571063940.2515
38.745060315387185 1.2621205306233441e-09 203316893.24424997 10964924222889.373 3519740675547.5435
38.624359192909345 1.3020318393062916e-09 210401723.0277339 11347010632279.104 3653737423593.849
38.50440776684441 1.3009403633431723e-09 210880253.68353462 11372817894506.355 3673420179925.499
38.3851990740678 1.3068940056779928e-09 212503233.881881 11460345569192.686 3713151964418.18
38.266726237419434 1.3553693770851412e-09 221067721.19964316 11922230230858.965 3874724825029.1577
38.14898246438122 1.3475136711269788e-09 220464768.2593297 11889712847797.426 3876046388381.8955
38.03196104577882 1.3946704546015278e-09 228882113.9650801 12343662130361.66 4036377516628.1104
37.91565535450732 1.3866219086312309e-09 228259291.888858 12310073200484.033 4037704009758.7593
37.800058844280166 1.4251928160777993e-09 235326114.12576178 12691188458974.592 4175401003002.7275
37.6851650484009 1.4182840919023328e-09 234899333.68313688 12668172096986.553 4180496792005.582
37.57096757855726 1.470528118726434e-09 244292384.37471962 13174741361406.867 4360839390625.7446
37.45746012363715 1.461047688989198e-09 243452949.5787021 13129470460491.951 4358984192883.2695
37.34463644856595 1.501186069981813e-09 250896882.30587348 13530923369649.213 4505797482092.94
37.232490393164845 1.490857295110734e-09 249921122.90028003 13478300452923.594 4501752351276.726
37.12101587102963 1.5370781314489632e-09 258443173.82827604 13937896510870.555 4669195331141.473
37.010206868429535 1.5248092865919249e-09 257147905.06566384 13868042385108.086 4659662241396.34
36.900057443225876 1.575858829298967e-09 266550340.6926308 14375117781132.531 4844414692241.257
36.790561723809766 1.5782503996744465e-09 267749373.97036284 14439781906288.428 4880646284325.327
36.681713908058846 1.5820134170615889e-09 269184170.81979895 14517160812085.535 4921317515297.273
36.573508262312366 1.6096860398067822e-09 274703081.40515304 14814796858927.016 5037030932034.891
36.46593912036438 1.5981392506831091e-09 273537069.7629507 14751913597749.125 5030402536832.561
36.35900088247475 1.6464068693715016e-09 282627361.1972473 15242154989650.1 5212817006460.415
36.25268801439734 1.6554213257067591e-09 285008168.2300462 15370552430154.96 5272099483543.136
36.14699504642534 1.6726420680087064e-09 288815030.24160117 15575857325472.0 5358094919962.167
36.04191657245317 1.7331623170657757e-09 300137551.79251146 16186483372509.9 5584336763516.076
35.937447249054756 1.7163078418597267e-09 298082813.7493612 16075670903454.688 5562182132595.256
35.83358179457772 1.7719403220362045e-09 308636897.7399431 16644854945922.406 5775764666234.91
35.730314988253284 1.7944670301934622e-09 313463958.33998847 16905179372753.031 5883002421717.964
35.62764166932152 1.8069376674669558e-09 316552006.33743715 17071718472128.275 5958029746772.385
35.525556736171595 1.7826305508505617e-09 313191111.0010884 16890464656490.559 5911662629771.925
35.42405514549682 1.8294915969209597e-09 322345133.98542255 17384143104730.621 6101834229760.374
35.32313191146407 1.8462249817462816e-09 326222863.0363769 17593269874878.207 6192830995956.966
35.222782104897405 1.8343821017488592e-09 325053706.83009124 17530217026676.15 6188166610416.6455
35.1230008524756 1.8827754334508053e-09 334576846.5866983 18043802022634.84 6387505916012.547
35.02378333594318 1.9000739882876532e-09 338607388.13235986 18261170003820.223 6482715351356.139
34.92512479133489 1.919023358166572e-09 342950364.86078244 18495387682287.883 6584358014894.432
34.82702050821316 1.9088438866898684e-09 342092115.4011769 18449102102478.22 6586329450585.046
34.72946582891845 1.967069669588218e-09 353517252.5605531 19065262231573.74 6825363878903.044
34.63245614783208 1.9912342355485542e-09 358862462.08253086 19353530542331.09 6947917464696.741
34.53598691065149 2.004551344275822e-09 362271599.4092184 19537386058988.26 7033458981235.795
34.440053613677456 1.9934619359299846e-09 361271001.8594666 19483423615752.14 7033515925286.938
34.34465180311326 2.0523214191038035e-09 372971145.86484855 20114414923797.492 7281418202413.908
34.249777074375366 2.0667303163132508e-09 376630108.8984361 20311743595101.965 7373162925022.184
34.15542507141566 2.0967139200341534e-09 383149672.54924464 20663345079153.47 7521457608811.816
34.061591486054624 2.1099359020831996e-09 386627998.23208386 20850931938888.945 7610590157694.341
33.968272057325706 2.1282919488291524e-09 391062994.79111546 21090112266812.492 7718981089653.317
33.87546257083028 2.114085651628565e-09 389516912.634037 21006731720197.703 7709470541312.476
33.78315885810322 2.1779109112710673e-09 402372999.2151947 21700063262481.07 7985623280593.037
33.69135679598881 2.1979928727958377e-09 407189671.7792184 21959827460272.26 8103176332840.628
33.60005230602678 2.2214332677628356e-09 412650421.3285044 22254326869803.21 8234100941827.164
33.50924135384833 2.2480116487440723e-09 418719258.8896005 22581620597917.098 8377781241826.661
33.41891994858189 2.2863851544263523e-09 427017778.0523286 23029161539201.29 8566848092583.239
33.3290841422685 2.2989276558973276e-09 430517589.4733285 23217907129463.508 8660279359290.083
33.23973002928655 2.344092750909285e-09 440155647.83196676 23737689710595.598 8877895951761.979
33.150853745785774 2.4595270767787183e-09 463069167.61279035 24973420810296.105 9365032803860.953
33.062451469130345 2.383004947293212e-09 449861541.3444963 24261130656314.113 9122185126773.982
32.97451941735074 2.38286883157971e-09 451035407.7966929 24324437529101.438 9170312948471.174
32.88705384860445 2.43061757996685e-09 461297010.525826 24877847993598.2 9403826541580.102
32.80005106064518 2.4613626660052627e-09 468371072.08971715 25259353670565.918 9573295041144.484
32.71350739030047 2.4760860083175007e-09 472419255.95223475 25477673105732.105 9681515780178.385
32.62741921295758 2.501294963088342e-09 478488120.9947442 25804968315924.582 9831692928367.047
32.541782942057424 2.519794769228291e-09 483295555.13727593 26064234283637.684 9956537496349.39
32.45659502859654 2.525966042902171e-09 485750801.73638386 26196646266125.453 10033315519925.713
32.371851960636754 2.5692736658538136e-09 495372387.249455 26715540463117.414 10258767537837.494
32.2875502628226 2.5967996978076147e-09 501986839.5692068 27072259313699.418 10422819835774.215
32.203686495906176 2.617144425019427e-09 507237173.94389904 27355410987152.21 10559188641040.348
32.12025725627947 2.636098149285331e-09 512237696.83687115 27625090273124.742 10690909935698.72
32.03725917551389 2.675865859713298e-09 521312284.29694945 28114484746284.46 10908420081558.232
31.954688919906893 2.706404718263042e-09 528624299.5942767 28508823319791.406 11089932271398.936
31.872543190035667 2.7476772683058115e-09 538069007.1664008 29018178451001.68 11317089595890.69
31.790818720317628 2.7905535350469704e-09 547870126.9767628 29546754971650.035 11552781193915.016
31.709512278577684 2.748001871473575e-09 540899321.6332008 29170817925076.895 11434960626630.31
31.62862066562213 2.8175031065750597e-09 555997867.4252545 29985085779774.09 11784138711451.246
31.54814071481902 2.8608927589384526e-09 566000459.9423757 30524527767267.55 12026663940303.51
31.468069291684962 2.8926411928480033e-09 573737773.2904466 30941802757046.336 12222012089033.004
31.388403293478163 2.9540114386814253e-09 587397269.6903963 31678462365396.49 12544671096696.766
31.30913964879766 2.9417625502974003e-09 586442526.4839983 31626972856859.207 12555908224173.227
31.2302753171886 2.945801646693496e-09 588730672.1154008 31750373047856.242 12636648473046.877
31.151807288753453 3.018981797248363e-09 604875817.0871333 32621084223685.29 13015812605249.662
31.073732583769104 3.0336821941342754e-09 609348341.5178565 32862288437882.027 13144915375152.752
30.99604825230968 3.1163185747848948e-09 627515553.7954926 33842050142808.926 13570662107266.422
30.918751373874994 3.0812014750520658e-09 621995331.376386 33544343348488.18 13484826026092.17
30.841839057024558 3.1394776571472186e-09 635339862.8679175 34264016830901.777 13808398782853.168
30.76530843901705 3.1796315428244967e-09 645066514.2485782 34788577252958.21 14054585210195.117
30.689156685455128 3.1613818581301236e-09 642955590.7892011 34674734692199.707 14043267550340.93
30.613380989935486 3.0891185600110275e-09 629813920.2150719 33966001543132.777 13790196626511.615
30.537978573704116 3.330642045176825e-09 680732756.2562252 36712065432857.125 14941810631173.066
30.462946685316638 3.3310304434193137e-09 682489016.160176 36806780911021.48 15017166611696.285
30.388282600303604 3.3193190940513862e-09 681760479.7881781 36767490786206.414 15037903731558.283
30.31398362084076 3.305257684576306e-09 680536286.3658777 36701469768987.95 15047602605285.574
30.240047075424076 3.2980286333202206e-09 680708124.0160234 36710737010791.73 15088112911435.123
30.166470318549564 3.303044277511861e-09 683406134.0419198 36856241277626.12 15184771406380.611
30.093250730397738 3.509135856969889e-09 727813410.6380764 39251135351857.29 16210718900317.652
30.020385716522686 3.429525766824909e-09 713028316.0171565 38453771986916.03 15919861602582.492
29.947872707545574 3.4181932150486698e-09 712392935.5540121 38419505780503.4 15944094898908.865
29.875709158852693 3.7191567654085376e-09 776989654.9692088 41903220892085.31 17431739891107.873
29.80389255029776 3.581917725561922e-09 750121463.0392761 40454213464237.984 16869407014587.379
29.732420385908558 3.4202835895230607e-09 717994019.5560316 38721573457557.67 16185617705259.088
29.66129019359777 3.5511383327283014e-09 747251038.6115222 40299410851254.7 16885453146675.32
29.590499524877966 3.6626897712967726e-09 772568174.7389523 41664769502709.0 17499203191137.871
29.520045954580638 3.446960732248215e-09 728799861.7423854 39304334874217.38 16547124982045.207
29.449927080579258 3.449713542235091e-09 731118519.0695832 39429380567597.266 16639198599526.295
29.380140523516275 3.795805612963111e-09 806378741.2570826 43488180700316.13 18395500436233.31
29.310683926533965 3.889538067543737e-09 828249245.5454954 44667661747917.695 18939088581116.26
29.241554955009118 4.002515569949208e-09 854321904.8465335 46073765928260.71 19581350519510.465
29.172751296291448 3.6887346154651178e-09 789203488.8513355 42561915606781.7 18131376048488.684
29.104270659445692 3.6275006030083326e-09 777928616.6832162 41953859301309.46 17914297921659.59
29.036110774997343 3.830688277233081e-09 823431246.2720814 44407826000400.86 19006549528171.58
28.96826939468193 4.29856161413316e-09 926167592.1702641 49948419453975.01 21427871945754.91
28.90074429119782 3.879343069252204e-09 837795716.3584905 45182504992816.02 19428477146911.418
28.83353325796248 3.936527494503705e-09 852127144.3609787 45955402018467.0 19806778269958.324
28.766634108872076 3.82743900004954e-09 830439891.869083 44785803780062.73 19347467232987.926
28.700044678064504 3.7608356440610445e-09 817882199.6868758 44108564712540.4 19099008520529.375
28.6337628196856 3.985659457934616e-09 868781852.5058262 46853594046923.82 20334459816365.438
28.567786407658676 4.3104361846863825e-09 941745610.3461881 50788545358498.83 22093017230946.316
28.50211333545716 4.266190462425974e-09 934226436.3992511 50383034674013.59 21967003117868.902
28.43674151588042 3.876009226466435e-09 850734307.0049089 45880285997262.766 20049684980803.01
28.371668880832637 4.257319870651134e-09 936570283.6966575 50509438867959.305 22123134224167.082
28.30689338110471 4.332388555905897e-09 955265659.4148432 51517684541977.586 22616263513928.016
28.24241298615914 4.155676724779833e-09 918393775.0086964 49529175805603.95 21792837354465.17
28.17822568391787 3.7918945233724204e-09 839907733.4786366 45296406534937.4 19975715281906.98
28.114329480552975 4.322369067846652e-09 959584206.1830403 51750584707382.92 22873758440663.926
28.050722400280232 4.139970797078486e-09 921175125.5898931 49679174646691.27 22007874368484.082
27.987402485155446 4.205550240712931e-09 937884172.7570907 50580297190428.484 22457651952550.31
27.924367794873564 3.957070049210163e-09 884462376.8592308 47699248131868.45 21226165418681.04
27.861616406570477 4.874348137935654e-09 1091941094.1193926 58888620428084.69 26264324710925.84
27.799146414627494 5.2123597182507735e-09 1170285687.777228 63113761384272.89 28211851338769.367
27.736955930478437 4.9926153161651955e-09 1123461730.0452826 60588535171369.02 27143663756774.234
27.675043082419336 4.219706318011837e-09 951662366.1771908 51323358154862.055 23044187811530.58
27.613406015420622 4.566782617669326e-09 1032236794.4130242 55668754574269.22 25050939558422.145
27.552042890941912 4.4909784855740645e-09 1017363479.3130308 54866633459725.8 24744851690336.582
27.490951886749137 5.297953823247693e-09 1202838625.7421346 64869348400787.13 29320945477155.668
27.430131196734205 5.010482474774003e-09 1140093940.565084 61485513898019.54 27852937795801.65
27.369579030736997 4.685019724646278e-09 1068396067.7122749 57618832038834.47 26158949745631.316
27.309293614369736 4.3518850559346905e-09 994617105.8164605 53639916595447.3 24406162050928.656
27.24927318884365 4.652334588831623e-09 1065626453.0417303 57469466117958.23 26206076549788.45
27.189516010797938 5.0766868147136315e-09 1165380830.6647098 62849241374623.45 28722103308202.902
27.130020352130984 5.114310676352912e-09 1176592190.943543 63453872470108.65 29061873591310.555
27.070784499833756 5.215681918961367e-09 1202539169.0217655 64853198634801.2 29767618173372.004
27.0118067558254 5.718756229361867e-09 1321407980.1553576 71263819443269.84 32781356943905.316
26.953085436791 5.331654211351441e-09 1234646023.669192 66584728281092.96 30695559737581.176
26.894618874021383 4.626080871718259e-09 1073585905.6444851 57898721126001.46 26749209160213.27
26.836405413255104 5.040286141306765e-09 1172248871.1333857 63219636289168.5 29270691601884.887
26.77844341452237 5.770047678644456e-09 1344878491.5828433 72529589223480.27 33653729399694.34
26.720731251991072 4.7748286923153305e-09 1115317279.3826687 60149303177767.09 27969425977661.047
26.663267313814746 4.6069949996804316e-09 1078433447.4870276 58160150110689.47 27102629951582.31
26.606050001982528 4.764851519319919e-09 1117784141.412169 60282341582939.35 28151853519231.664
26.549077732171 5.6570729549338634e-09 1329937755.4435453 71723832077640.05 33566753412335.293
26.492348933597984 4.999705761344098e-09 1177912294.1361272 63525065922074.74 29793255917453.594
26.43586204887816 5.680170580061643e-09 1341086763.499707 72325100504210.66 33992797236978.39
26.379615533880546 5.1038666900176094e-09 1207590910.672336 65125640159498.2 30674176515123.562
26.323607857587806 6.533080787181814e-09 1549036285.3677561 83539863395211.7 39430815522540.19
26.267837501957324 7.240901209467554e-09 1720510296.880135 92787494088492.86 43888484703858.61
26.212302961784054 6.028681325735433e-09 1435509674.576746 77417348611801.86 36695823241989.87
26.157002744565094 5.669639318569703e-09 1352871127.9508324 72960633839191.69 34656301073616.637
26.10193537036601 5.724694094337154e-09 1368889995.4281173 73824534842311.62 35140478584939.33
26.04709937168877 6.797398695653597e-09 1628817218.8967707 87842466472694.83 41900856507476.15
25.992493293341415 6.8832180340911764e-09 1652846645.9501095 89138378694030.92 42608145015747.58
25.93811569230932 6.61277674000492e-09 1591235327.667938 85815666914126.05 41105704451864.78
25.88396513762809 6.446135939361009e-09 1554381535.1162457 83828133875393.58 40237504260189.016
25.83004021025803 5.71172218923379e-09 1380164868.2662494 74432591183917.81 35802076359465.664
25.776339502960198 5.40690005052856e-09 1309230376.2331507 70607078618182.81 34032611893963.492
25.722861620173973 6.226033908501916e-09 1510710247.317028 81472931836873.56 39351426077210.336
25.66960517789618 8.06558458343691e-09 1961126625.3861148 105763984958282.11 51189768719808.414
25.616568803561684 6.620501523596058e-09 1613091143.3298388 86994355800908.75 42192262563441.55
25.563751135925475 6.911498073878585e-09 1687472037.9940624 91005733609265.03 44228786534098.125
25.5111508249462 6.609483342258902e-09 1617061126.0848887 87208457833360.16 42470518964846.54
25.458766531671156 6.84337393380478e-09 1677729294.3358788 90480305327185.77 44154388999666.695
25.40659692812265 7.153376100683073e-09 1757330864.0557287 94773235275474.19 46344112049707.016
25.354640697185793 5.303272465061217e-09 1305495727.034835 70405668175571.88 34498777406030.082
25.30289653249766 7.232800680537945e-09 1784124809.1734362 96218238556608.22 47243155131295.664
25.251363138337787 5.805684613849612e-09 1435018787.6521766 77390874973315.53 38076310486870.586
25.200039229520026 5.766385128161002e-09 1428207807.5202422 77023557335127.22 37972613766218.49
25.148923531285707 5.499996493973497e-09 1364997912.3134499 73614633954389.61 36365629173466.46
25.09801477919808 5.076577822728275e-09 1262468795.2140465 68085216394953.71 33702182115501.848
25.047311719038085 6.165645874584527e-09 1536407545.7634468 82858792724780.48 41097961191493.66
24.996813106701318 7.036408049517605e-09 1756933600.0392132 94751810740758.61 47091649938156.28
24.946517708096284 5.669260718503926e-09 1418422049.465377 76495809277290.11 38094913020088.49
24.89642429904388 4.7721905053523276e-09 1196381724.5957057 64521126319210.15 32196042033285.41
24.84653166517806 5.874854887826412e-09 1475775664.6477108 79588902204042.44 39794451102021.625
24.796838601847703 6.977485389502045e-09 1756271263.3590293 94716090779704.86 47452761480630.625
24.747343914019662 6.940885566495384e-09 1750553005.3566184 94407703883353.64 47392667349442.336
24.69804641618297 5.55598480798471e-09 1404065673.6443179 75721566810363.73 38087948105614.914
24.648944932254178 5.940898493638978e-09 1504328807.985886 81128779427388.92 40888904831402.65
24.60003829548383 6.080138352831483e-09 1542647335.4785206 83195305939697.44 42013629499546.19
24.55132534836406 6.8528227398512946e-09 1742141922.0299604 93954092332254.34 47540770720120.42
24.502804942537253 6.990424019244586e-09 1780642323.1313999 96030427327797.4 48687426655194.03
24.45447593870582 7.287066745232889e-09 1859873309.2612772 100303371622570.0 50954112784267.555
24.406337206543014 7.572575023666552e-09 1936555518.7668173 104438859840274.97 53159379658696.43
24.358387624604813 5.850070031184299e-09 1498999550.477397 80841371412184.56 41229099420215.76
24.310626080242844 6.209332145997641e-09 1594181345.281797 85974546284058.45 43932993151150.664
24.263051469518295 6.5004549703091036e-09 1672196497.9613414 90181920416716.97 46173143253360.7
24.215662697116894 6.5959774150764836e-09 1700089464.8694215 91686194181766.3 47035017615244.195
24.168458676264812 7.345307875116465e-09 1896924405.3433692 102301545283560.77 52582994275750.57
24.12143832864562 6.730590712350076e-09 1741562064.3668196 93922820482508.14 48370252548489.84
24.07460058431815 7.801195000539766e-09 2022511585.408635 109074489188068.05 56282436421043.75
24.027944381635365 5.59236990682489e-09 1452674278.7088099 78343039441623.23 40503351391321.41
23.98146866716412 4.892956332047726e-09 1273457742.3229709 68677852699866.87 35575127698529.74
