string
20190122an 22 2019_16.36.   full spectra  index number  Nphoton via eV
eV x-axis E [J] Nphoton Nphoton/sr Nphoton/sr @ 0.1bw
51.660080420516415 9.853880591298922e-11 11905323.261201654 642056669886.5303 154735657442.65607
51.4457232403483 8.994227046169355e-11 10911979.572412357 588485428948.0054 142413473805.41406
51.233137607123716 8.648993088645242e-11 10536674.676600961 568245154382.5876 138083572514.9684
51.02230164989275 8.263099316438051e-11 10108155.20190405 545135006017.10315 133012941468.1744
50.813193856245654 7.734959355616227e-11 9501026.240283195 512392409219.2227 125536140258.7061
50.605793064995666 7.10612417748844e-11 8764386.71691784 472665279690.5263 116275658803.86655
50.400078459040394 7.03595529677585e-11 8713263.218531623 469908178316.0701 116067320044.06813
50.1960295583965 6.697203017946691e-11 8327469.922274383 449102262036.022 111377360984.92943
49.99362621340296 6.06137117702648e-11 7567374.296859516 408110139827.9997 101619424817.17274
49.79284859808809 6.253717457416702e-11 7838992.668510452 422758577619.73413 105689644404.93404
49.59367720369574 6.679358936795712e-11 8406156.017183525 453345820228.8837 113789800877.44736
49.39609283236627 5.2602887834380726e-11 6646698.262805888 358457881296.28595 90331386086.65892
49.20007659096798 5.50141664616599e-11 6979072.874725674 376382916324.9027 95224877830.19957
49.005609885074826 4.9270480336591805e-11 6275234.687253565 338424769966.95984 85959891571.60753
48.81267441308634 4.761546712518928e-11 6088417.437381669 328349675095.6592 83729167149.3925
48.621252160486 4.2722140410435417e-11 5484232.254891136 295765836945.8077 75716054258.12581
48.4313253942341 3.508351810649001e-11 4521325.329819012 243836057286.8818 62665866722.730316
48.24287665729156 3.678469944358716e-11 4759079.836970048 256658209509.2734 66217818053.38957
48.05588876327104 3.5584446978309486e-11 4621708.837999251 249249761691.1775 64555688278.013504
47.87034479121208 3.496180457264231e-11 4558440.18236957 245837669348.06793 63917794030.49772
47.686228080476646 3.661791654063608e-11 4792803.609936843 258476939911.80127 67462481316.98002
47.503522225762175 3.97843169537182e-11 5227271.6344382195 281907894860.5523 73859868453.46204
47.322211072228725 4.187738061722518e-11 5523361.339212692 297876076963.99194 78341408241.53145
47.142278710737365 4.135729364511276e-11 5475584.875093828 295299481874.71124 77959063214.92099
46.96370947319669 4.2168598107789873e-11 5604227.350055948 302237198496.7632 80092857601.6399
46.78648792801481 4.1263817133258733e-11 5504754.172475933 296872588419.5052 78968108519.58835
46.61059887565385 4.168076966666598e-11 5581359.8226557085 301003947776.13934 80368054056.2272
46.436027344284355 4.631304760344704e-11 6224970.2041424615 335713995472.9101 89971350786.74156
46.26275858553703 5.481589252768072e-11 7395438.656753151 398837613404.3569 107287318005.7683
46.09077807034915 6.83833357313014e-11 9260303.42372314 499410175425.5429 134840747364.89828
45.92007148490342 5.488480951243407e-11 7459995.759903765 402319192002.1833 109028501032.58618
45.75062472665653 5.549568130396876e-11 7570963.171064752 408303688593.5645 111058603297.44852
45.58242390045559 5.445121432480766e-11 7455883.762357144 402097431081.17 109772598685.15817
45.41545531473963 6.586507324775906e-11 9051915.296827735 488171758470.1304 133759061820.81886
45.24970547782453 7.139666014165468e-11 9848069.718211168 531108539378.4456 146054848329.0697
45.0851610942688 7.586603038888355e-11 10502742.303218918 566415174114.3474 156330588055.55896
44.92180906131855 8.054495129615126e-11 11191030.014590694 603534679917.8865 167179106337.24542
44.7596364654293 9.54798281408603e-11 13314168.621576263 718036006240.6368 199614009734.8957
44.59863057886301 9.776674176432218e-11 13682283.756291367 737888535428.1691 205870901384.463
44.43877885635813 1.0623479031887407e-10 14920852.031477094 804684791585.6508 225311741643.9742
44.28006893187113 1.1110311696932395e-10 15660547.087922804 844576706677.1798 237326054576.29074
44.1224886153876 1.2589297813279378e-10 17808628.834725346 960423221949.1115 270839348589.63998
43.96602588980112 1.3277197214028e-10 18848559.70814028 1016506919875.4784 287671458324.7618
43.81066890785836 1.4451707113558297e-10 20588667.60034673 1110351316537.4614 315339773896.63055
43.65640598916871 1.5344945510533594e-10 21938470.4796262 1183146479059.235 337196746531.8794
43.50322561727689 1.748722902209487e-10 25089298.18253721 1353071301588.84 386978392254.4075
43.3511164367969 1.825641432914338e-10 26284769.436440308 1417543326025.7998 406834934569.40027
43.20006725060597 2.0049885146149448e-10 28967861.88172807 1562243084497.1453 449926008335.18195
43.05006701709692 2.1372490698141812e-10 30986339.844598852 1671100039545.4495 482947911428.62897
42.90110484748759 2.3100651000281456e-10 33608158.514989965 1812495290025.0017 525623634107.22876
42.7531700031859 2.523454422382528e-10 36839702.82467212 1986773176693.3113 578150994417.7332
42.60625189320931 2.6809100935583677e-10 39273345.12053496 2118020034413.577 618461850048.7794
42.46034007165723 2.888848657676046e-10 42464918.7134532 2290142291643.243 671011691451.4451
42.315424235235184 3.043348153438843e-10 44889204.924647175 2420884573684.7246 711740064663.3074
42.17149422082962 3.3380196178454407e-10 49403631.12505444 2664348559423.6074 785982825029.9624
42.028540003131894 3.534524084075813e-10 52489884.41929046 2830790870064.697 837914097539.1202
41.8865516923105 3.8292416184461874e-10 57059391.608785644 3077225385511.3364 913935939496.8865
41.74551953173033 3.974339696394617e-10 59421565.459719196 3204617934470.1753 954976144472.0857
41.60543389571781 4.135919679671823e-10 62045603.815535724 3346132893066.943 1000493735026.9877
41.46628528737092 4.2568893270293316e-10 64074644.136849195 3455559478400.715 1036667843520.2277
41.32806433641302 4.4443818135567223e-10 67120513.71076113 3619823886231.436 1089566989755.6355
41.19076179708939 4.787317996338698e-10 72540647.39404592 3912132873285.215 1181464127732.1592
41.05436854610565 5.034289787741055e-10 76536360.98408921 4127622575257.793 1250669640303.1072
40.91887558060695 5.320653858384063e-10 81157804.52394225 4376858029362.3096 1330564840926.1426
40.78427401619706 5.593580155633545e-10 85602432.2696579 4616557769276.086 1408050119629.1191
40.650555084996405 5.882782197152246e-10 90324437.16144395 4871216518937.122 1490592254794.6917
40.51771013373824 6.388749492737425e-10 98414692.80298062 5307525763278.586 1629410409326.5662
40.38573062190196 6.680180475997682e-10 103240292.54611994 5567771405778.897 1714873592979.8367
40.254608119882796 6.912214343540235e-10 107174278.52414525 5779932124225.134 1785999026385.6213
40.124334307197095 7.183165398492673e-10 111736998.52921972 6026000605341.461 1868060187655.8064
39.99490097072226 7.454754480071726e-10 116336955.3569554 6274077276393.539 1951238032958.418
39.866300002970746 7.568207385186875e-10 118488463.66761874 6390108586998.898 1993713879143.6353
39.73852340039712 7.666777214950851e-10 120417634.80984685 6494149205808.198 2032668701417.8918
39.6115632617377 8.045825241676205e-10 126776158.5527464 6837065772640.543 2146838652609.2207
39.48541178638185 8.122721460080142e-10 128396700.70396848 6924461962915.798 2181205518318.422
39.36006127277429 8.154280003548978e-10 129306045.25596975 6973503112158.685 2203626983442.1064
39.235504116847785 8.54173534059067e-10 135880097.19340876 7328043161345.651 2322989682146.6177
39.11173281048549 8.69591722237433e-10 138770551.5540304 7483925992959.953 2379888465761.106
38.98873994001226 8.908617917976392e-10 142613325.84895065 7691167645520.762 2453482478920.991
38.86651818471441 9.472010807251194e-10 152109214.34354034 8203282974998.567 2625050551999.7466
38.745060315387185 9.637286728792158e-10 155248500.39752778 8372585353894.322 2687599898600.119
38.624359192909345 1.0110734464377123e-09 163384326.57025114 8811352226882.799 2837255417056.244
38.50440776684441 1.0096045382337693e-09 163655204.45199928 8825960729893.207 2850785315755.464
38.3851990740678 1.0124827320543107e-09 164631449.73986173 8878609850355.15 2876669591514.875
38.266726237419434 1.053314394942986e-09 171800998.99969888 9265265199509.764 3011211189840.6685
38.14898246438122 1.0449937695659316e-09 170969923.47923046 9220445116141.25 3005865107861.997
38.03196104577882 1.0853829755905819e-09 178124336.89638814 9606284186011.926 3141254928825.7812
37.91565535450732 1.095891147035205e-09 180400537.19939482 9729040162853.47 3191125173415.9355
37.800058844280166 1.1364685864421351e-09 187652318.51886195 10120130304848.697 3329522870295.2905
37.6851650484009 1.1540102332559535e-09 191129715.40966278 10307667074627.764 3401530134627.178
37.57096757855726 1.2017455286336174e-09 199640711.97483793 10766666968386.256 3563766766535.909
37.45746012363715 1.214783590200585e-09 202418203.29543278 10916457678710.896 3624263949331.969
37.34463644856595 1.2688044424566616e-09 212058375.19667044 11436354243654.537 3808305963136.7515
37.232490393164845 1.3201664404483142e-09 221307217.19250944 11935146301784.314 3986338864796.1777
37.12101587102963 1.376910641133083e-09 231512731.1302692 12485531885577.125 4182653181668.191
37.010206868429535 1.3627126935925568e-09 229811503.27784845 12393784297907.402 4164311524096.9077
36.900057443225876 1.3791682197510044e-09 233280895.47882715 12580889373025.357 4239759718709.1895
36.790561723809766 1.3676934753875442e-09 232028499.33946002 12513347377148.494 4229511413476.0513
36.681713908058846 1.3583251035186405e-09 231122955.56476194 12464511204651.281 4225469298377.0225
36.573508262312366 1.3894862726619498e-09 237124601.46341017 12788181271812.088 4347981632415.8555
36.46593912036438 1.3757521469630225e-09 235473354.92792603 12699129187423.107 4330403052911.3735
36.35900088247475 1.4214931874257115e-09 244017973.92606723 13159942346295.871 4500700282433.258
36.25268801439734 1.4347434516739797e-09 247014821.35798556 13321562979358.904 4569296101920.091
36.14699504642534 1.4822536618171027e-09 255940672.7543829 13802936084291.67 4748210012996.156
36.04191657245317 1.5455628956131532e-09 267650328.57166132 14434440366419.021 4979881926414.706
35.937447249054756 1.5633542516299827e-09 271518327.218002 14643042373731.879 5066492661311.17
35.83358179457772 1.652151514736565e-09 287772060.8099705 15519609757440.936 5385304585831.852
35.730314988253284 1.7344702228157599e-09 302983500.1248555 16339965984350.338 5686308162553.829
35.62764166932152 1.8068929783786776e-09 316544177.38970387 17071296255276.195 5957882393091.009
35.525556736171595 1.791033039714063e-09 314667347.8024147 16970078427895.861 5939527449763.782
35.42405514549682 1.8098566957831302e-09 318885585.5246828 17197568904662.287 6036346685536.39
35.32313191146407 1.7829762333256101e-09 315046983.60821384 16990552269377.799 5980674398820.827
35.222782104897405 1.7512610863957343e-09 310324608.6066322 16735873559615.08 5907763366544.09
35.1230008524756 1.7687144212513611e-09 314307741.14684653 16950684762837.174 6000542406044.185
35.02378333594318 1.7841104687201487e-09 317941822.09575766 17146671537909.457 6087068395957.819
34.92512479133489 1.7881584343407889e-09 319563378.3592689 17234122419480.781 6135347581335.107
34.82702050821316 1.809181707095381e-09 324231227.9390325 17485860561399.303 6242452220419.856
34.72946582891845 1.868153599339557e-09 335740283.12778586 18106546408050.176 6482143614081.626
34.63245614783208 1.896832816388939e-09 341849332.68825245 18436008778026.094 6618527151311.253
34.53598691065149 1.9472848641463992e-09 351922141.7072421 18979237556719.73 6832525520419.123
34.440053613677456 1.9429224808881625e-09 352111840.48933864 18989468053249.914 6855197967223.624
34.34465180311326 2.067393149807081e-09 375710151.85983664 20262130112151.293 7334891100597.978
34.249777074375366 2.157218705808108e-09 393120239.0912748 21201059898852.688 7695984743283.703
34.15542507141566 2.3297116869149307e-09 425727258.9486428 22959563563576.574 8357281137141.821
34.061591486054624 2.473256645507838e-09 453203466.9976376 24441361432815.32 8921096922977.447
33.968272057325706 2.4330999363684984e-09 447069937.12295353 24110578834175.348 8824471853308.115
33.87546257083028 2.37720318003131e-09 437995897.97901803 23621213931824.33 8668985512979.4375
33.78315885810322 2.372923292771951e-09 438401891.1329147 23643109230815.254 8700664196940.018
33.69135679598881 2.3523131322870165e-09 435778306.70557624 23501618752679.92 8672097319739.065
33.60005230602678 2.319117219072664e-09 430796059.2146376 23232925063109.355 8596182273350.437
33.50924135384833 2.2968986975002017e-09 427825060.8261263 23072698474572.918 8559971134065.958
33.41891994858189 2.3549060190937952e-09 439815108.9499118 23719324374704.918 8823588667390.6
33.3290841422685 2.351737077008251e-09 440407150.2082365 23751253288386.26 8859217476568.275
33.23973002928655 2.4833183242438646e-09 466298351.6145231 25147571405043.93 9405191705485.61
33.150853745785774 2.5597362552254676e-09 481936120.2430795 25990919664458.9 9746594874171.996
33.062451469130345 2.54445081614587e-09 480339147.9849082 25904794603636.39 9740202770967.15
32.97451941735074 2.5083153034379455e-09 474780231.6163597 25605001036216.055 9653085390653.38
32.88705384860445 2.6123628368998517e-09 495789702.58542395 26738046369847.22 10106981527802.23
32.80005106064518 2.8037018267235436e-09 533514564.32613206 28772556359181.523 10904798860129.799
32.71350739030047 2.8828584124408217e-09 550028481.0972121 29663155478264.39 11271999081740.684
32.62741921295758 3.1686250156423747e-09 606145797.375163 32689574536519.65 12454727898413.709
32.541782942057424 3.478880874666556e-09 667247858.4806913 35984821966252.945 13746201991108.344
32.45659502859654 3.4919775461345588e-09 671517694.1695753 36215095132568.54 13870381435773.287
32.371851960636754 3.435109551615855e-09 662311081.0120184 35718580484861.45 13715934906187.342
32.2875502628226 3.4624104895341064e-09 669317891.7110544 36096459308077.41 13897136833609.72
32.203686495906176 3.2902768876624417e-09 637699140.3439404 34391253177732.45 13275023726604.217
32.12025725627947 3.176030746168081e-09 617155577.0566771 33283334346598.41 12880650392132.916
32.03725917551389 3.06354952364696e-09 596840829.8315611 32187755615405.848 12488849178777.31
31.954688919906893 3.0045779423197965e-09 586864521.6353948 31649731147051.707 12311745416203.201
31.872543190035667 3.088547869021217e-09 604820626.0027144 32618107756512.418 12721062025039.88
31.790818720317628 3.0901477263056167e-09 606689535.2213756 32718898436691.957 12793089288746.39
31.709512278577684 3.2238186814804515e-09 634556095.4607902 34221748084363.348 13414925249070.629
31.62862066562213 3.125917377156777e-09 616859442.4584041 33267363743378.84 13074073951147.916
31.54814071481902 3.2523922089487923e-09 643454907.7124699 34701662962347.29 13672455207164.94
31.468069291684962 3.3930729006448835e-09 672995356.4380584 36294785779727.28 14336440382991.926
31.388403293478163 3.242496391929585e-09 644761730.6622772 34772140207935.316 13769767522342.117
31.30913964879766 3.5599141387156336e-09 709671499.9527907 38272738167302.58 15194277052419.27
31.2302753171886 3.793161522400509e-09 758079056.3518491 40883368200357.78 16271580543742.516
31.151807288753453 4.142149026775169e-09 829910859.1349963 44757272929782.02 17858151898981.977
31.073732583769104 4.770390916432894e-09 958185336.2691327 51675143349023.93 20670057339609.48
30.99604825230968 5.614324139761796e-09 1130524892.4985816 60969453056934.695 24448750675830.89
30.918751373874994 5.5470322048046326e-09 1119767130.5556679 60389284618249.05 24276492416535.977
30.841839057024558 5.20305752797193e-09 1052948998.9488906 56785768264577.43 22884664610624.293
30.76530843901705 5.342107482303797e-09 1083777980.5423088 58448381939450.914 23613146303538.168
30.689156685455128 4.808165363110389e-09 977875163.577778 52737020013358.51 21358493105410.27
30.613380989935486 4.311693632769652e-09 879074278.5901119 47408666821660.27 19247918729593.664
30.537978573704116 4.465911291946908e-09 912764584.6437452 49225592346290.72 20034816084940.613
30.462946685316638 4.0777075700867135e-09 835474389.973042 45057315356544.83 18383384665469.707
30.388282600303604 4.26754127388947e-09 876517413.3504672 47270774523811.9 19333746780238.887
30.31398362084076 4.2038358872380885e-09 865549114.8368183 46679251802127.82 19138493238873.06
30.240047075424076 4.155390022319211e-09 857666218.5616535 46254125493463.234 19010445577813.043
30.166470318549564 4.258598959925093e-09 881112212.5888298 47518573044948.6 19577652094517.086
30.093250730397738 4.019127254648196e-09 833588334.6277215 44955599982029.586 18566662792578.9
30.020385716522686 4.079213361054649e-09 848104032.8209254 45738434739098.23 18935711981985.78
29.947872707545574 4.2001438717069794e-09 875360939.0310389 47208405612523.17 19591488329197.06
29.875709158852693 4.223852148551441e-09 882428364.9639142 47589553428468.625 19797254226243.383
29.80389255029776 4.2982374770888005e-09 900132396.0611892 48544335671713.375 20242987975104.645
29.732420385908558 4.809705747980946e-09 1009664804.8286949 54451442272262.47 22760702869805.688
29.66129019359777 5.1364869201905e-09 1080849245.0301049 58290434597015.266 24423692096148.816
29.590499524877966 5.820615108598913e-09 1227737611.1807947 66212156094753.586 27809105559796.652
29.520045954580638 7.299868913597318e-09 1543430247.1723545 83237528537432.05 35042999514258.23
29.449927080579258 7.770651479353556e-09 1646880859.0147195 88816642508548.92 37480623138608.2
29.380140523516275 7.837087402264436e-09 1664906298.9362178 89788758399509.52 37980644802991.664
29.310683926533965 8.626963763554285e-09 1837050082.6655855 99072510053959.69 42006744262877.05
29.241554955009118 8.010607824792886e-09 1709834132.1236763 92211726203799.58 39189983636614.15
29.172751296291448 7.789214378780136e-09 1666499708.9711082 89874691348856.6 38286618514612.234
29.104270659445692 6.152685894701949e-09 1319462338.0579023 71158890542266.86 30384846261548.71
29.036110774997343 5.40009978618973e-09 1160786410.9860728 62601463323225.195 26793426302340.4
28.96826939468193 5.726791439908499e-09 1233893826.558753 66544162127513.52 28547445552702.812
28.90074429119782 4.885194123136534e-09 1055022625.4499326 56897599392270.23 24465967738676.863
28.83353325796248 5.241907486598792e-09 1134698452.836034 61194534072631.93 26374844185303.094
28.766634108872076 5.256978471055182e-09 1140607239.7246978 61513196233210.82 26573700772748.21
28.700044678064504 4.8073984252013305e-09 1045481901.072693 56383066053900.59 24413867601338.17
28.6337628196856 5.411868533761517e-09 1179662542.6487832 63619457204600.6 27610844426797.34
28.567786407658676 4.8467438644654845e-09 1058918300.4375659 57107693990681.63 24841846885945.754
28.50211333545716 4.8546480962655655e-09 1063089102.7700534 57332626266571.94 24997025052224.2
28.43674151588042 5.111107228044998e-09 1121822475.547272 60500129820166.234 26438556731411.566
28.371668880832637 5.146579335688621e-09 1132198992.5450525 61059737636136.08 26744165084628.7
28.30689338110471 4.9072601127728704e-09 1082021385.4451785 58353648384245.57 25617251640683.64
28.24241298615914 6.209385871393418e-09 1372258168.4254546 74006181143787.52 32562719703265.656
28.17822568391787 6.1792922440232255e-09 1368718278.2087967 73815274095368.42 32552535876056.805
28.114329480552975 6.741392411076151e-09 1496617614.972342 80712913112925.78 35675107595914.25
28.050722400280232 8.6311654580778e-09 1920500243.7318475 103572995369659.61 45882836948758.89
27.987402485155446 1.1316541405285983e-08 2523713775.101347 136104432163464.34 60430367880578.336
27.924367794873564 1.19251083043234e-08 2665434147.9880767 143747442661740.12 63967611984473.086
27.861616406570477 1.3016268457967103e-08 2915876752.9813156 157253866757228.03 70135224573723.89
27.799146414627494 1.2660780754238482e-08 2842614729.925634 153302829937793.22 68526364982192.07
27.736955930478437 1.2166132021675047e-08 2737680126.240695 147643683964211.8 66144370415969.12
27.675043082419336 1.0224174178026712e-08 2305838619.3693733 124354377681855.86 55835115579147.26
27.613406015420622 9.61730607909721e-09 2173814264.6786733 117234275551334.38 52755423998102.56
27.552042890941912 7.93137588517019e-09 1796733649.9597533 96898236079462.14 43701104471837.86
27.490951886749137 6.727465511132207e-09 1527392582.1379414 82372613777972.45 37232421427643.4
27.430131196734205 7.210085548355678e-09 1640595468.8040214 88477670048996.33 40080384532193.61
27.369579030736997 7.07207919293599e-09 1612753423.5414724 86976142499353.14 39487168694707.03
27.309293614369736 6.925665618148436e-09 1582850972.4956164 85363496818196.77 38840391052279.74
27.24927318884365 7.256801103410326e-09 1662184667.2035081 89641980208894.92 40876742975255.305
27.189516010797938 7.365849883280249e-09 1690870555.703741 91189016407669.83 41673380498305.086
27.130020352130984 5.416401656278893e-09 1246090880.0980427 67201951874675.22 30778493958602.094
27.070784499833756 6.204176038948497e-09 1430448561.5233963 77144401685317.06 35409280373558.45
27.0118067558254 5.401557945244209e-09 1248114360.5090752 67311078612839.66 30963096161907.363
26.953085436791 5.043895729412934e-09 1168010069.5320978 62991036797939.07 29038867963847.38
26.894618874021383 5.996254251660412e-09 1391565394.0680826 75047424017154.27 34671909895926.04
26.836405413255104 6.398391465562318e-09 1488111381.4364326 80254170090370.34 37157680751841.305
26.77844341452237 5.8764537400205646e-09 1369679538.5219202 73867115072887.23 34274341393819.164
26.720731251991072 6.65126388458287e-09 1553620039.216951 83787066236111.0 38960985799790.71
26.663267313814746 8.298449286995657e-09 1942551549.1099448 104762227059306.56 48819197809638.69
26.606050001982528 7.61742305785016e-09 1786967475.8947332 96371544190451.97 45005511136939.45
26.549077732171 8.821407860892298e-09 2073850463.628024 111843206043718.06 52342620428459.664
26.492348933597984 1.1812748486988372e-08 2783040109.6685457 150089957724850.06 70392190172955.95
26.43586204887816 1.372787185653414e-08 3241146894.8558035 174795756172868.6 82154005401246.75
26.379615533880546 1.5014373729901384e-08 3552448045.1514015 191584294837921.53 90236202868660.78
26.323607857587806 1.533088340024796e-08 3635052963.11674 196039196009561.12 92530500516513.47
26.267837501957324 1.883545777258228e-08 4475492498.338027 241364282728012.62 114165305730353.83
26.212302961784054 1.8463572303725585e-08 4396423568.79961 237100078180424.0 112385437057508.06
26.157002744565094 1.5896674168044248e-08 3793213342.857638 204568819649043.9 97170189333297.5
26.10193537036601 1.3343547154274349e-08 3190711661.0960913 172075773059244.1 81908067976197.84
26.04709937168877 1.1671778714463982e-08 2796833758.9831114 150833852229029.94 71947747513248.52
25.992493293341415 9.773815175945642e-09 2346957128.4372377 126571907808807.44 60501371932611.086
25.93811569230932 9.137653467703248e-09 2198797506.9283876 118581627233425.61 56800599444808.664
25.88396513762809 9.168381379844823e-09 2210807041.2717805 119229304029614.39 57230065934215.05
25.83004021025803 8.91892024741576e-09 2155143401.6791787 116227351853560.44 55905356241564.445
25.776339502960198 8.251534475682126e-09 1998032048.8894641 107754302465454.17 51937573788347.96
25.722861620173973 7.87908926677724e-09 1911814337.9514685 103104562583926.45 49799503728036.984
25.66960517789618 7.766513573874106e-09 1888408260.87486 101842267762257.1 49291657596932.31
25.616568803561684 6.755205897835869e-09 1645911985.1164594 88764390928729.66 43050729600434.7
25.563751135925475 7.754727712277147e-09 1893350187.8821807 102108786959386.6 49624870462256.64
25.5111508249462 6.89686707296252e-09 1687371774.4556649 91000326374857.19 44317158944555.6
25.458766531671156 6.30194754877957e-09 1544992589.3611534 83321785991089.98 40661031563651.95
25.40659692812265 6.328542961449702e-09 1554698608.618696 83845233718264.36 41000319288231.4
25.354640697185793 7.336755446317982e-09 1806074070.0331182 97401966963208.06 47726963811971.766
25.30289653249766 7.794217685334023e-09 1922610307.5010393 103686791567139.66 50910214659466.68
25.251363138337787 6.686030779361664e-09 1652618152.9593587 89126056017400.03 43850019560560.06
25.200039229520026 8.350903942861524e-09 2068336738.869551 111545849669646.88 54992103887137.02
25.148923531285707 1.0660855430732545e-08 2645828124.1398096 142690085536229.88 70488902254893.67
25.09801477919808 9.396371092353325e-09 2336736617.9707522 126020713458962.48 62380253162185.984
25.047311719038085 1.0075538828612095e-08 2510707588.271173 135403005682142.52 67159890818346.83
24.996813106701318 1.3348231300334441e-08 3332944295.955163 179746409956976.25 89333965748615.78
24.946517708096284 1.593584398527525e-08 3987072319.9901767 215023676401313.53 107081790847848.56
24.89642429904388 1.8552906442179843e-08 4651188627.248476 250839613129819.06 125168966951777.95
24.84653166517806 2.161348026028569e-08 5429350818.956903 292806069182981.9 146403034591492.44
24.796838601847703 2.098743946887671e-08 5282653387.727951 284894644847053.1 142732217068369.1
24.747343914019662 2.263032453206844e-08 5707568903.460666 307810430922645.0 154520836323163.9
24.69804641618297 2.0968059080879012e-08 5298886338.943579 285770091432691.2 143742355990651.06
24.648944932254178 2.1208335839895267e-08 5370283738.655776 289620568710125.8 145968766629898.53
24.60003829548383 1.70794725863273e-08 4333388707.249783 233700594402832.25 118018800173427.42
24.55132534836406 1.2418809425035717e-08 3157141128.901431 170265306964848.72 86154245324212.95
24.502804942537253 1.1262967022466954e-08 2868969852.0469956 154724167399400.84 78445152871497.44
24.45447593870582 1.1025444071367574e-08 2814016924.505909 151760544078686.0 77094356391975.5
24.406337206543014 9.724193436710094e-09 2486794836.177012 134113385766702.31 68263713355246.94
24.358387624604813 8.662367862719416e-09 2219611981.235987 119704156354741.31 61049119740920.484
24.310626080242844 9.831703785025435e-09 2524187529.0125504 136129981814817.72 69562420707366.77
24.263051469518295 1.024704011604839e-08 2635979277.572121 142158935101190.34 72785374771812.0
24.215662697116894 8.087647401953461e-09 2084562041.1330943 112420883745637.31 57671913361509.59
24.168458676264812 7.547054231988785e-09 1949025364.832987 105111361347674.98 54027239732705.29
24.12143832864562 8.379950257373148e-09 2168339168.617532 116939002431302.3 60223586252118.38
24.07460058431815 7.147566047029295e-09 1853053940.657801 99935601592289.03 51566770421621.73
24.027944381635365 5.1374391857293595e-09 1334501452.493682 71969953251008.83 37208465830773.586
23.98146866716412 6.1796885982038225e-09 1608347133.4055803 86738510315065.92 44930548343202.516
