string
20190122an 22 2019_16.31.   full spectra  index number  Nphoton via eV
eV x-axis E [J] Nphoton Nphoton/sr Nphoton/sr @ 0.1bw
51.660080420516415 6.449571427551443e-11 7792283.662236685 420239550763.9429 101277731734.11172
51.4457232403483 5.012937407577557e-11 6081797.836376087 327992678575.3318 79374228215.22849
51.233137607123716 4.694264751548961e-11 5718809.117542495 308416618109.9942 74945238200.72838
51.02230164989275 4.43020762480112e-11 5419422.487039903 292270632085.78595 71314034228.93243
50.813193856245654 4.071600754927564e-11 5001239.674832365 269717942173.97452 66080895832.62193
50.605793064995666 3.345865029343487e-11 4126645.452196741 222550885743.22385 54747517892.83169
50.400078459040394 3.045694585140971e-11 3771760.5476758047 203411865744.30673 50242730838.84325
50.1960295583965 2.4983857679840408e-11 3106555.420430453 167537208717.3553 41549227761.90261
49.99362621340296 1.9675175762031997e-11 2456365.3173411964 132472315205.12889 32985606486.077362
49.79284859808809 2.420378396178771e-11 3033928.000722951 163620396194.35425 40905099048.58876
49.59367720369574 2.8100462384166762e-11 3536520.0940918894 190725296976.9635 47872049541.216805
49.39609283236627 1.475403775856537e-11 1864263.3736761163 100540128750.19582 25336112445.047905
49.20007659096798 1.301260802714195e-11 1650773.7107123996 89026584846.3198 22523725966.118713
49.005609885074826 8.838955225527564e-12 1125755.585319884 60712243284.66418 15420909794.304653
48.81267441308634 6.35874114048562e-12 813069.2142059911 43848999359.9439 11181494836.785616
48.621252160486 2.8907569945369914e-12 371085.87252850964 20012741723.196518 5123261881.138244
48.4313253942341 -5.2955681382452655e-12 -682456.824499641 -36805044807.77524 -9458896515.598492
48.24287665729156 -6.817227906255514e-12 -881989.8589207098 -47565904702.293976 -12272003413.191296
48.05588876327104 -5.84585491800177e-12 -759259.7787639892 -40947044816.554306 -10605284607.487324
47.87034479121208 -3.606562887521278e-12 -470236.05868400715 -25359932802.760937 -6593582528.71785
47.686228080476646 -2.2720593816889944e-12 -297382.6868184982 -16037912905.971935 -4185895268.4586678
47.503522225762175 1.7091784581561785e-12 224569.3971045455 12111076373.143099 3173102009.763377
47.322211072228725 1.1546691837550633e-12 152293.55406507227 8213224456.228255 2160078031.9880743
47.142278710737365 -1.2169775325056552e-12 -161124.2705457935 -8689466914.490719 -2294019265.425468
46.96370947319669 3.988430692299533e-12 530064.3932352706 28586487882.707943 7575419288.917383
46.78648792801481 4.227232807784833e-12 563929.3466605914 30412832178.035316 8089813359.357391
46.61059887565385 4.111540207332694e-12 550565.2968014353 29692106065.81539 7927792319.572512
46.436027344284355 4.601254111734812e-12 618457.8910135325 33353568421.216972 8938756336.886312
46.26275858553703 1.8372954150733045e-11 2478771.193891812 133680668995.13972 35960099959.691345
46.09077807034915 2.9976941009002964e-11 4059403.749316542 218924526098.75647 59109622046.66499
45.92007148490342 2.0214734149657497e-11 2747605.983944662 148178987626.56134 40156505646.796104
45.75062472665653 2.306340826477155e-11 3146410.864214915 169686621459.17435 46154761036.895
45.58242390045559 1.9395951655947816e-11 2655844.5537028215 143230273758.6143 39101864736.101265
45.41545531473963 3.228962767558054e-11 4437601.907554306 239320834935.38428 65573908772.29683
45.24970547782453 3.464159034838187e-11 4778273.888774501 257693348892.96057 70865670945.56277
45.0851610942688 3.6145484525578906e-11 5003908.962301105 269861897427.06155 74481883689.86855
44.92180906131855 4.870315584667305e-11 6766885.696924499 364939615728.8051 101088273556.8735
44.7596364654293 5.7970195627022534e-11 8083644.206661918 435952688222.3465 121194847325.81151
44.59863057886301 6.608336085033135e-11 9248250.257774131 498760145567.38434 139154080613.30283
44.43877885635813 7.925037923468341e-11 11130846.857699042 600288989192.0378 168080916973.76462
44.28006893187113 7.805277674660057e-11 11001934.229448847 593336703144.4697 166727613583.59827
44.1224886153876 9.381069098058512e-11 13270317.385296432 715671099541.4639 201819250070.68576
43.96602588980112 1.0037914489633611e-10 14250012.826740751 768506287535.6171 217487279372.5807
43.81066890785836 1.133944080249661e-10 16154768.126831224 871230154674.1368 247429363927.4482
43.65640598916871 1.2084612913120316e-10 17277215.0588745 931763961568.7946 265552729047.1044
43.50322561727689 1.3578129639537723e-10 19480830.431000933 1050605417319.0233 300473149353.24005
43.3511164367969 1.4523090160442358e-10 20909696.147862013 1127664455847.8315 323639698828.3242
43.20006725060597 1.6906388129405321e-10 24426170.657917935 1317308690122.8684 379384902755.3896
43.05006701709692 1.870865110023095e-10 27124242.52341288 1462816291980.239 422753908382.2839
42.90110484748759 2.0371610093272748e-10 29637792.511212703 1598372588886.4678 463528050777.05646
42.7531700031859 2.1812528214025111e-10 31843929.89752399 1717350057409.5886 499748866706.1726
42.60625189320931 2.412613553486301e-10 35342999.735878624 1906055653958.6416 556568250955.9368
42.46034007165723 2.6252848840743606e-10 38590636.759614125 2081201424191.9612 609792017288.2218
42.315424235235184 2.7855391678866186e-10 41086537.664645255 2215805902230.243 651446935255.69
42.17149422082962 2.8924640322584583e-10 42809282.883849435 2308713926165.2046 681070608218.7338
42.028540003131894 3.086966005114926e-10 45843368.148141816 2472342803618.0234 731813469870.9087
41.8865516923105 3.3182786735400556e-10 49445551.14739219 2666609315335.331 791982966654.6104
41.74551953173033 3.611373823042639e-10 53994751.9383198 2911948702295.6934 867760713284.0925
41.60543389571781 3.768743310867131e-10 56537353.831558615 3049071774773.7207 911672460657.3167
41.46628528737092 3.996089905723282e-10 60149094.55650743 3243853736714.3438 973156121014.3156
41.32806433641302 4.1445662655737026e-10 62592600.843844526 3375632561637.7505 1016065401052.9379
41.19076179708939 4.5142046324362273e-10 68402250.85456331 3688948248851.7617 1114062371153.255
41.05436854610565 4.675015821968587e-10 71074315.07574563 3833053252801.239 1161415135598.7717
40.91887558060695 4.979339979159623e-10 75951623.8873732 4096087576598.8228 1245210623286.0425
40.78427401619706 5.185367407984843e-10 79355269.78875282 4279646939496.136 1305292316546.241
40.650555084996405 5.521574777750341e-10 84778446.20638052 4572120021874.057 1399068726693.398
40.51771013373824 5.81813434499777e-10 89624723.10118477 4833480787655.731 1483878601810.3464
40.38573062190196 6.189195044797053e-10 95652252.11290614 5158546736727.631 1588832394912.0513
40.254608119882796 6.412751850612297e-10 99430084.02018742 5362286032214.452 1656946383954.317
40.124334307197095 6.703508439403299e-10 104275743.50319095 5623613500843.583 1743320185261.4673
39.99490097072226 7.229053969738042e-10 112814732.02083834 6084123006680.103 1892162255077.5383
39.866300002970746 7.247787220623396e-10 113471939.7941368 6119566364671.288 1909304705777.4216
39.73852340039712 7.353774862722333e-10 115501487.92197639 6229020336121.333 1949683365205.906
39.6115632617377 7.685728427321435e-10 121102198.52257946 6531067875556.096 2050755312924.7002
39.48541178638185 7.799207620213821e-10 123282883.87853006 6648672710552.457 2094331903823.972
39.36006127277429 7.942415921314204e-10 125946422.26121841 6792317914179.731 2146372460880.758
39.235504116847785 8.243639298449229e-10 131138049.17107464 7072303481299.825 2241920203572.0894
39.11173281048549 8.393684239377676e-10 133947479.22298834 7223816654343.123 2297173696080.9595
38.98873994001226 8.429327922192707e-10 134940627.23574454 7277377342430.673 2321483372235.2603
38.86651818471441 8.990784465765532e-10 144381292.34109038 7786514462529.377 2491684628009.595
38.745060315387185 9.121307044444913e-10 146936506.11067325 7924317696238.547 2543705980492.6133
38.624359192909345 9.557656044880166e-10 154446860.6098476 8329352745989.9375 2682051584208.7437
38.50440776684441 9.947244583000662e-10 161243168.42047304 8695879102702.535 2808768950172.8774
38.3851990740678 9.982541122283371e-10 162317851.45755374 8753836992365.241 2836243185526.1475
38.266726237419434 1.032167647134253e-09 168351855.5942946 9079252146336.15 2950756947559.2446
38.14898246438122 1.0198433057144737e-09 166855092.3621636 8998531380058.225 2933521229898.932
38.03196104577882 1.060476816706342e-09 174036938.1296281 9385849882540.574 3069172911590.652
37.91565535450732 1.0633897036971343e-09 175050299.7658632 9440500695733.715 3096484228200.656
37.800058844280166 1.1072554038380371e-09 182828673.13845092 9859990061554.904 3243936730251.631
37.6851650484009 1.1190719185653543e-09 185343154.81317073 9995596604539.135 3298546879497.93
37.57096757855726 1.15357707291158e-09 191638697.76638082 10335116603701.064 3420923595825.1084
37.45746012363715 1.153651359138366e-09 192231799.33436808 10367102700112.86 3441878096437.4233
37.34463644856595 1.2105917401877336e-09 202329144.55569398 10911654721528.934 3633581022268.935
37.232490393164845 1.2380669602426703e-09 207544401.4288452 11192914657703.092 3738433495673.036
37.12101587102963 1.3010854794837407e-09 218763544.84510294 11797965499480.469 3952318442325.8193
37.010206868429535 1.3299388851862912e-09 224284440.81383938 12095708618479.078 4064158095808.99
36.900057443225876 1.391562888146089e-09 235377405.02781495 12693954588465.174 4277862696312.405
36.790561723809766 1.3654850618371255e-09 231653843.10891876 12493142085242.018 4222682024811.6626
36.681713908058846 1.3379416323206058e-09 227654648.82747552 12277464668826.066 4162060522732.271
36.573508262312366 1.3556122321129272e-09 231343782.66499624 12476420458141.205 4241982955767.7617
36.46593912036438 1.3533499838863365e-09 231639006.92494118 12492341966616.973 4259888610616.48
36.35900088247475 1.3878691448597082e-09 238245965.4389785 12848656674628.78 4394240582723.1104
36.25268801439734 1.4076950265417926e-09 242357987.486922 13070418917003.719 4483153688532.262
36.14699504642534 1.440768089443711e-09 248777360.8487607 13416617117004.922 4615316288249.52
36.04191657245317 1.5097153818241387e-09 261442493.9559755 14099650496954.254 4864379421449.357
35.937447249054756 1.4904945465307196e-09 258864288.48716226 13960607315910.686 4830370131305.04
35.83358179457772 1.562785356632649e-09 272206246.62474173 14680142016786.598 5094009279824.805
35.730314988253284 1.6334619153849062e-09 285339005.4978997 15388394555884.098 5355161305447.583
35.62764166932152 1.6732939417595613e-09 293139361.6907675 15809069459978.719 5517365241532.218
35.525556736171595 1.7187735397873586e-09 301972045.8781717 16285418037090.074 5699896312981.747
35.42405514549682 1.8269573618927033e-09 321898617.4061124 17360062368603.506 6093381891379.757
35.32313191146407 1.8292444005826207e-09 323222441.1712197 17431456471854.06 6135872678092.468
35.222782104897405 1.7325904852170736e-09 307016165.8802864 16557448524630.059 5844779329194.377
35.1230008524756 1.7573719051237835e-09 312292129.93220043 16841982412143.422 5962061773898.598
35.02378333594318 1.7481233332349569e-09 311528645.54151845 16800807533088.342 5964286674246.324
34.92512479133489 1.7900766755579328e-09 319906188.94701445 17252610268952.879 6141929255747.174
34.82702050821316 1.775660922093784e-09 318223824.01718026 17161879962796.186 6126791146718.538
34.72946582891845 1.8443762963074627e-09 331467080.72364056 17876091674049.133 6399640819309.257
34.63245614783208 1.8485608209953406e-09 333149699.6630041 17966835678994.926 6450094008759.067
34.53598691065149 1.8718359071170863e-09 338286664.4146207 18243873304045.902 6567794389456.544
34.440053613677456 1.869630951133971e-09 338829367.46847445 18273141397641.492 6596604044548.969
34.34465180311326 1.9437183525737893e-09 353234563.7724472 19050016763817.562 6896106068501.215
34.249777074375366 2.0276069041732296e-09 369500463.16843116 19927240251980.17 7233588211468.97
34.15542507141566 2.1144735981200765e-09 386395043.6884273 20838368649740.598 7585166188505.531
34.061591486054624 2.2161394383788238e-09 406088902.51955754 21900462734958.625 7993668898259.768
33.968272057325706 2.3826136782933264e-09 437793339.8546439 23610289928171.445 8641366113710.6875
33.87546257083028 2.4173194433318286e-09 445387255.5690924 24019831452416.094 8815278143036.613
33.78315885810322 2.444600115723755e-09 451644314.4460437 24357275996984.793 8963477566890.408
33.69135679598881 2.3687321935153443e-09 438820023.6443494 23665659207995.457 8732628247750.499
33.60005230602678 2.304304143996458e-09 428044402.5432116 23084527621026.918 8541275219779.935
33.50924135384833 2.2893768738112087e-09 426424030.52349734 22997140605980.844 8531939164818.3
33.41891994858189 2.3259481603692794e-09 434406781.107266 23427652079201.598 8715086573463.36
33.3290841422685 2.3676340163132876e-09 443384152.1039038 23911803647367.87 8919102760468.416
33.23973002928655 2.4000766060910536e-09 450667864.14085805 24304615819894.07 9089926316639.59
33.150853745785774 2.5749952688077194e-09 484809021.6170217 26145855859688.227 9804695947382.994
33.062451469130345 2.414000853669899e-09 455712920.8113432 24576696822162.76 9240838005133.074
32.97451941735074 2.4268430727492536e-09 459358962.8055124 24773328659004.33 9339544904444.562
32.88705384860445 2.475935086170357e-09 469897635.4486691 25341681564157.32 9579155631251.45
32.80005106064518 2.5705733815532036e-09 489152706.8448633 26380111747683.477 9998062352372.04
32.71350739030047 2.7062828713959683e-09 516339148.2389988 27846282438274.375 10581587326544.465
32.62741921295758 2.7967476541464587e-09 535007086.20014685 28853048388094.816 10993011435863.88
32.541782942057424 2.943527440594012e-09 564567299.6215361 30447237119813.19 11630844579768.4
32.45659502859654 3.349284444534246e-09 644077385.2630602 34735233311882.746 13303594358450.646
32.371851960636754 3.4551861870702687e-09 666181984.6705765 35927339160114.3 13796098237484.438
32.2875502628226 3.4094510460140226e-09 659080312.0854732 35544344414774.164 13684572599687.975
32.203686495906176 3.3685660046206756e-09 652872605.7655756 35209561464329.13 13590890725230.523
32.12025725627947 3.1332754816732167e-09 608847518.337984 32835278934988.574 12707252947839.918
32.03725917551389 3.062342780669566e-09 596605732.1207318 32175076744786.273 12483929776976.916
31.954688919906893 3.016059277027905e-09 589107095.511181 31770673643367.97 12358792047270.227
31.872543190035667 3.0825414336164423e-09 603644404.6276149 32554673882221.336 12696322814066.36
31.790818720317628 3.126957331999407e-09 613916375.0193377 33108643477013.914 12945479599512.273
31.709512278577684 3.095579207755628e-09 609314247.897142 32860449761510.12 12881296306512.156
31.62862066562213 3.0787200683363388e-09 607545662.8245374 32765069584322.65 12876672346638.832
31.54814071481902 3.0556112986360867e-09 604523673.6084002 32602093049374.684 12845224661453.727
31.468069291684962 3.045045615055819e-09 603966262.7599748 32572031761222.605 12865952545682.615
31.388403293478163 3.162058002479561e-09 628766772.1720937 33909528621683.95 13428173334186.582
31.30913964879766 3.20916218277654e-09 639748839.7471493 34501793911840.996 13697212183001.008
31.2302753171886 3.472746830261844e-09 694042851.7179826 37429881772703.84 14897092945536.238
31.151807288753453 3.802039313839224e-09 761767307.9884121 41082276412383.62 16391828288540.098
31.073732583769104 3.749109241526101e-09 753049710.6487886 40612134493975.484 16244853797590.121
30.99604825230968 4.5391043020318446e-09 914013917.8555021 49292969157816.15 19766480632284.34
30.918751373874994 5.0034005165862274e-09 1010025403.2463892 54470889423268.07 21897297548153.637
30.841839057024558 5.181794544193383e-09 1048645983.3923789 56553705700792.414 22791143397418.934
30.76530843901705 5.25541058962426e-09 1066189382.113922 57499825005116.84 23229929302067.207
30.689156685455128 5.049337621090024e-09 1026924300.4963335 55382250623212.4 22429811502401.098
30.613380989935486 4.7550591724350275e-09 969468280.374208 52283634975809.82 21227155800178.34
30.537978573704116 4.440908313790505e-09 907654354.8429564 48949996542946.01 19922648592979.312
30.462946685316638 4.285198395223951e-09 877986823.1421647 47350020113104.76 19318808206146.13
30.388282600303604 4.132631420745837e-09 848808053.8097746 45776402743974.15 18722548722285.254
30.31398362084076 4.167145422326649e-09 857994728.7287744 46271842118144.305 18971455268439.812
30.240047075424076 4.2464408922221435e-09 876458980.4605263 47267623225362.945 19426993145623.816
30.166470318549564 3.942390334606163e-09 815688047.4781204 43990233607246.625 18123976246184.0
30.093250730397738 4.039554445720532e-09 837825042.5267854 45184086559443.22 18661027749050.73
30.020385716522686 3.830986909389853e-09 796495588.7224501 42955180137026.41 17783444576728.1
29.947872707545574 3.764469435928739e-09 784561101.010332 42311550621966.02 17559293508115.85
29.875709158852693 4.242845425465194e-09 886396355.7227901 47803548032133.62 19886275981368.023
29.80389255029776 4.210663700536421e-09 881792787.3866096 47555276591646.51 19830550338716.758
29.732420385908558 4.545105020434146e-09 954119194.3621461 51455855432618.17 21508547570834.37
29.66129019359777 5.12841571784802e-09 1079150856.0156085 58198840108491.54 24385314005457.375
29.590499524877966 4.935348669985446e-09 1041009081.2362249 56141845908407.86 23579575281531.426
29.520045954580638 5.1609155133172805e-09 1091185773.4209075 58847885818723.33 24774959929682.055
29.449927080579258 6.381916026190946e-09 1352557810.023865 72943736535322.6 30782256817906.594
29.380140523516275 7.375207842765873e-09 1566784873.4003925 84497048603660.4 35742251559347.54
29.310683926533965 7.323258376265385e-09 1559435367.3229167 84100688144235.25 35658691773154.164
29.241554955009118 7.341430418391667e-09 1567000729.848065 84508689788777.8 35916193160229.945
29.172751296291448 7.42213019830793e-09 1587962176.1499054 85639145141672.31 36482275830351.76
29.104270659445692 6.535547335824272e-09 1401568146.9519463 75586874653260.98 32275595476943.25
29.036110774997343 5.893312705982433e-09 1266805721.3110948 68319107761556.87 29240578121946.355
28.96826939468193 5.487474517618375e-09 1182330629.9410074 63763347731907.38 27354476176987.797
28.90074429119782 5.4622036725782786e-09 1179635509.6910322 63617999311316.23 27355739703866.723
28.83353325796248 5.288464919733943e-09 1144776587.080397 61738050041886.836 26609099568051.95
28.766634108872076 5.576766160970698e-09 1209991612.573244 65255110534562.31 28190207750932.125
28.700044678064504 5.324263588303733e-09 1157886392.1350117 62445064676563.625 27038713004951.18
28.6337628196856 4.6908874958797325e-09 1022505302.2163305 55143933085952.46 23932466959303.957
28.567786407658676 4.390757436615035e-09 959294225.6557132 51734945994546.43 22504701507627.01
28.50211333545716 4.644931711709621e-09 1017164619.9501225 54855908931082.31 23917176293950.773
28.43674151588042 4.574250619702406e-09 1003989336.3636194 54145363024955.695 23661523641904.67
28.371668880832637 5.429704224903272e-09 1194483802.206957 64418770952464.73 28215421677180.707
28.30689338110471 5.322434665836297e-09 1173564881.1604347 63290608995828.05 27784577349168.336
28.24241298615914 5.537063391628318e-09 1223676644.6190302 65993147285839.99 29036984805768.84
28.17822568391787 5.992736492235702e-09 1327396026.8419771 71586756101971.53 31569759440968.797
28.114329480552975 6.058094232037338e-09 1344922530.5343235 72531964253700.97 32059128200136.773
28.050722400280232 6.104305284364208e-09 1358254553.6145828 73250963154777.23 32450176677566.09
27.987402485155446 6.873718163609515e-09 1532915101.3897855 82670444440981.72 36705677331795.984
27.924367794873564 8.304743977098292e-09 1856230368.8957584 100106907057235.36 44547573640468.85
27.861616406570477 9.768146399520446e-09 2188239363.5363197 118012224266553.86 52633452022883.164
27.799146414627494 1.157472887537985e-08 2598772969.4344068 140152390820320.34 62648118696681.83
27.736955930478437 1.1906911613479482e-08 2679349133.4018316 144497880848109.3 64735050619955.15
27.675043082419336 1.075888702382226e-08 2426431393.772424 130857972203974.31 58755229519578.13
27.613406015420622 1.0721516361206106e-08 2423400587.783252 130694520178541.12 58812534080345.84
27.552042890941912 1.0204444298044208e-08 2311663034.87362 124668489675343.61 56225488843580.53
27.490951886749137 8.513732397009305e-09 1932943645.416176 104244070725801.94 47118319968062.29
27.430131196734205 8.115643285291179e-09 1846647659.1688945 99590109439839.27 45114319576245.24
27.369579030736997 7.25370266474754e-09 1654171777.0367422 89209843301415.34 40501268858843.29
27.309293614369736 7.59414074028226e-09 1735630005.6597283 93602903267705.69 42589320986806.33
27.24927318884365 6.42105389364373e-09 1470755113.3358521 79318142781088.22 36169073108175.54
27.189516010797938 6.37621912071175e-09 1463695478.2908788 78937415129419.88 36074398714144.87
27.130020352130984 5.338339138791693e-09 1228131910.7875724 66233420758207.984 30334906707260.086
27.070784499833756 6.006686618768808e-09 1384914963.630838 74688764858879.69 34282143070223.766
27.0118067558254 5.74313076315495e-09 1327040097.030943 71567560729937.36 32921077935772.38
26.953085436791 6.5139660068055776e-09 1508432825.875299 81350110003755.42 37502400711727.98
26.894618874021383 6.362357995535429e-09 1476527985.5849729 79629475035629.34 36788817466461.57
26.836405413255104 6.7073711733601266e-09 1559972601.9137285 84129661322430.97 38952033192285.37
26.77844341452237 8.387231301301723e-09 1954889735.6253748 105427628138532.39 48918419456278.3
26.720731251991072 6.709901420335186e-09 1567316751.9283898 84525732928224.94 39304465811623.68
26.663267313814746 7.483527712987251e-09 1751789743.9527 94474401464519.53 44025071082467.75
26.606050001982528 7.965693145305178e-09 1868667982.0085125 100777670234455.12 47063171999488.85
26.549077732171 7.002748014836578e-09 1646296424.1367788 88785123808614.17 41551437942431.125
26.492348933597984 7.836299996358736e-09 1846203466.1352484 99566154013034.6 46696526232114.07
26.43586204887816 1.0578302386559633e-08 2497534380.5182924 134692571726174.12 63305508711300.69
26.379615533880546 1.1501026944599155e-08 2721179146.167638 146753782524063.78 69121031568833.836
26.323607857587806 1.3602575091796266e-08 3225259732.4334383 173938958051973.2 82099188200531.89
26.267837501957324 1.3909309799866947e-08 3304990641.479361 178238863298215.44 84306982340058.75
26.212302961784054 1.703359379373054e-08 4055926555.502209 218737000280935.47 103681338133151.5
26.157002744565094 1.5675033546198926e-08 3740326169.4013824 201716602894905.34 95815386375081.66
26.10193537036601 1.4095276452403285e-08 3370465321.0334525 181769926990823.2 86522485247629.36
26.04709937168877 1.213703309515451e-08 2908319693.583424 156846312902142.25 74815691254323.12
25.992493293341415 1.1766254634839576e-08 2825395681.535651 152374202917314.38 72834868994477.64
25.93811569230932 1.0970993564217079e-08 2639954927.464679 142373342763598.72 68196831183761.14
25.88396513762809 9.798851229933062e-09 2362834659.467156 127428186506615.8 61165529523175.734
25.83004021025803 1.0616322840086853e-08 2565299103.9513435 138347137982682.06 66544973369672.3
25.776339502960198 8.28368992586586e-09 2005818190.9946582 108174210800712.58 52139969605942.51
25.722861620173973 7.2407745715711765e-09 1756931058.2854135 94751673663424.0 45765058379434.266
25.66960517789618 6.637478191180669e-09 1613886144.4556692 87037230384337.33 42126019506019.164
25.616568803561684 7.173848837666934e-09 1747914713.467506 94265420228609.66 45718728810876.555
25.563751135925475 7.9703005188885e-09 1945983217.5698268 104947297684871.77 51004386674842.28
25.5111508249462 6.8567043809658585e-09 1677545661.7954695 90470401984387.66 44059085766396.94
25.458766531671156 8.392294937523753e-09 2057464519.6338253 110959508524294.25 54148240159855.65
25.40659692812265 7.777100201364037e-09 1910557759.6298892 103036795042054.33 50384992775564.72
25.354640697185793 6.389670739476127e-09 1572932166.4127073 84828573451302.81 41566000991138.21
25.30289653249766 8.290686716994415e-09 2045075000.7083373 110291339077042.12 54153047486828.87
25.251363138337787 7.69523957371103e-09 1902069109.544279 102579000298793.5 50468868147005.54
25.200039229520026 7.319502414628542e-09 1812881079.462279 97769070460533.17 48200151737043.836
25.148923531285707 8.323207403022173e-09 2065666903.8472779 111401864886878.86 55032521254115.125
25.09801477919808 7.790313120710759e-09 1937334078.8378398 104480847754045.97 51718019638252.39
25.047311719038085 7.633486163254965e-09 1902176346.2041345 102584783595156.47 50882052663200.75
24.996813106701318 8.68562267900001e-09 2168729018.358153 116960027112508.14 58129133474915.625
24.946517708096284 1.064434600447605e-08 2663164709.5728927 143625051354977.84 71525275574775.25
24.89642429904388 1.0419688671222372e-08 2612201899.3680153 140876615929050.56 70297431348595.24
24.84653166517806 1.2766140865421587e-08 3206880915.423647 172947784457870.4 86473892228936.1
24.796838601847703 1.5766367778701057e-08 3968481066.107761 214021046040518.6 107224544066296.4
24.747343914019662 1.8271038115677123e-08 4608118139.676173 248516812378059.3 124755439813782.64
24.69804641618297 1.9467506683603245e-08 4919678298.365115 265319319422034.38 133455617669290.14
24.648944932254178 1.926999056225066e-08 4879464270.168593 263150568144971.12 132627886345061.0
24.60003829548383 1.6963673448229693e-08 4304008252.15639 232116100076794.9 117218630538778.58
24.55132534836406 1.588314253485116e-08 4037852650.503823 217762270657849.34 110187708952871.12
24.502804942537253 1.8229546325198507e-08 4643538307.371623 250427029716842.22 126966504066440.95
24.45447593870582 1.7786070652862665e-08 4539527252.928623 244817690954517.97 124367387004900.0
24.406337206543014 1.3938695273545156e-08 3564581027.1976814 192238629195545.78 97849462260526.3
24.358387624604813 1.2324126971445083e-08 3157887117.888511 170305538312986.72 86855824539626.66
24.310626080242844 8.985513781855594e-09 2306937060.5403786 124413616852842.53 63575358211797.89
24.263051469518295 8.266708244960033e-09 2126552778.23315 114685453319854.94 58718952099767.78
24.215662697116894 7.397465813035938e-09 1906670217.931345 102827139073690.44 52750322344801.05
24.168458676264812 6.0046906409570585e-09 1550710251.6363559 83630140759743.42 42985892350508.39
24.12143832864562 7.189436490920035e-09 1860289890.1260064 100325837919106.28 51667806528337.76
24.07460058431815 6.1338808448555104e-09 1590249323.5174882 85762491496084.69 44253445611980.2
24.027944381635365 6.851428916980974e-09 1779727508.3598409 95981091168425.39 49622224134078.62
23.98146866716412 7.11385037063094e-09 1851475308.0610044 99850465593388.72 51722541177373.48
