string
20190122an 22 2019_15.50.   full spectra  index number  Nphoton via eV
eV x-axis E [J] Nphoton Nphoton/sr Nphoton/sr @ 0.1bw
51.660080420516415 2.561871805552022e-10 30952183.47357173 1669257979035.547 402291172947.57275
51.4457232403483 2.399598636107762e-10 29112419.738557063 1570039121120.8655 379949467311.24084
51.233137607123716 2.4284022932238936e-10 29584120.00722252 1595478019086.0227 387701158637.90247
51.02230164989275 2.3863699183221033e-10 29192191.186143238 1574341212619.3904 384139255879.13477
50.813193856245654 2.36292831504564e-10 29024385.12344093 1565291395202.2915 383496391824.5508
50.605793064995666 2.3074343668589332e-10 28458899.126929954 1534794612559.6455 377559474689.66327
50.400078459040394 2.2655774098223433e-10 28056705.139651857 1513104203449.8223 373736738252.10223
50.1960295583965 2.283713297456587e-10 28396262.954409298 1531416630168.0115 379791324281.65314
49.99362621340296 2.1870178635936243e-10 27304024.591758978 1472511977983.473 366655482517.88776
49.79284859808809 2.2130633909188583e-10 27740600.3940703 1496056605847.4253 374014151461.8581
49.59367720369574 2.2347822127875032e-10 28125345.74482765 1516806006199.0 380718307555.9408
49.39609283236627 2.156246430693316e-10 27245499.23987911 1469355693042.065 370277634646.5793
49.20007659096798 2.1057396019633764e-10 26713319.645659182 1440655131910.7307 364485748373.41174
49.005609885074826 2.0701111087570458e-10 26365549.81278216 1421899829271.3064 361162556634.9107
48.81267441308634 2.046853161023713e-10 26172370.512656234 1411481627647.662 359927815050.1513
48.621252160486 2.0127924452998217e-10 25838174.64402641 1393458371849.008 356725343193.3415
48.4313253942341 1.952235988190463e-10 25159090.36373682 1356835209083.1602 348706648734.38153
48.24287665729156 1.9542985872859666e-10 25284053.26903689 1363574485713.9578 351802217314.1853
48.05588876327104 1.8939772561554507e-10 24598981.204004273 1326628400416.083 343596755707.7577
47.87034479121208 1.894016547632487e-10 24694838.388167053 1331797999182.7815 346267479787.5235
47.686228080476646 1.9225272692475137e-10 25163353.098000817 1357065099268.0889 354193990908.9706
47.503522225762175 1.918984593200353e-10 25213587.913623035 1359774273788.0178 356260859732.4478
47.322211072228725 1.9238131306630567e-10 25373877.05047476 1368418701760.956 359894118563.1386
47.142278710737365 1.8925361628749444e-10 25056625.99184783 1351309283246.9878 356745650777.192
46.96370947319669 1.925620668494098e-10 25591593.034756567 1380160172091.6772 365742445604.28375
46.78648792801481 1.9181425712288913e-10 25588770.152496275 1380007933438.1138 367082110294.53815
46.61059887565385 1.9185704040260439e-10 25691060.543277718 1385524476435.3591 369935035208.2316
46.436027344284355 1.937466233854162e-10 26041623.692189507 1404430423215.3813 376387353421.7291
46.26275858553703 2.0466235046723064e-10 27611843.726944752 1489112730817.1917 400571324589.8107
46.09077807034915 2.2118419670553796e-10 29952220.846228756 1615329777302.87 436139039871.7804
45.92007148490342 2.050370519179058e-10 27868832.041481756 1502972166450.4182 407305457108.04285
45.75062472665653 2.0402528949183278e-10 27834020.889802534 1501094793477.6982 408297783825.9301
45.58242390045559 2.0370997167131148e-10 27893553.68558587 1504305410087.6855 410675376953.93353
45.41545531473963 2.1307621365399428e-10 29283317.282735243 1579255662805.5767 432716051608.73816
45.24970547782453 2.144910917261227e-10 29585742.8213466 1595565537804.2878 438780522896.1706
45.0851610942688 2.1040767133146167e-10 29128419.389905628 1570901985793.9888 433568948079.13837
44.92180906131855 2.227680979941351e-10 30951716.16380097 1669232776918.0876 462377479206.28503
44.7596364654293 2.2592575094891958e-10 31504178.44963515 1699027188014.5566 472329558268.0436
44.59863057886301 2.345334386509229e-10 32822542.718015764 1770126859420.5735 493865393778.34924
44.43877885635813 2.4571355570294014e-10 34510875.35229327 1861179005174.3677 521130121448.80444
44.28006893187113 2.521370664655228e-10 35539996.62389552 1916679738926.61 538587006638.38477
44.1224886153876 2.723214463964558e-10 38522176.80873773 2077509364168.397 585857640695.4675
43.96602588980112 2.750977727887138e-10 39053398.93954478 2106158289089.8672 596042795812.4353
43.81066890785836 2.8866617607810406e-10 41124912.78735788 2217875480935.061 629876636585.5404
43.65640598916871 2.9732900237088853e-10 42508743.590993844 2292505776809.8853 653364146390.8123
43.50322561727689 3.094922568051161e-10 44403510.16366882 2394690949708.854 684881611616.7308
43.3511164367969 3.231061565599697e-10 46519380.39725505 2508800291075.137 720025683538.5568
43.20006725060597 3.415895752909151e-10 49352500.351682685 2661591065707.6006 766538226923.796
43.05006701709692 3.5624860474749053e-10 51649760.86212387 2785482824111.381 805004536168.1792
42.90110484748759 3.712796368014337e-10 54015901.486319385 2913089302014.0117 844795897584.0284
42.7531700031859 3.909054255404431e-10 57067960.41858095 3077687503285.1553 895607063455.9485
42.60625189320931 4.1099988207817177e-10 60208435.38222065 3247054000336.7446 948139768098.3523
42.46034007165723 4.341522815163857e-10 63818647.248501875 3441753510597.283 1008433778604.9662
42.315424235235184 4.4354860627744167e-10 65423156.59393662 3528285048173.3296 1037315804162.9564
42.17149422082962 4.6335408057795816e-10 68577709.83364582 3698410789711.827 1091031182964.9865
42.028540003131894 4.816286586446012e-10 71524856.03131278 3857351024414.182 1141775903226.5571
41.8865516923105 5.015883499780182e-10 74741499.59597953 4030825310666.651 1197155117268.021
41.74551953173033 5.191915667724611e-10 77625915.31642623 4186382477104.435 1247541978177.087
41.60543389571781 5.365170653610725e-10 80486392.03822345 4340648608144.3477 1297853933835.1233
41.46628528737092 5.629189683133653e-10 84730491.6844803 4569533824089.944 1370860147227.0007
41.32806433641302 5.832189275411534e-10 88079637.76423138 4750153999766.843 1429796353929.7844
41.19076179708939 6.325177734216895e-10 95843327.74079545 5168851486850.535 1560993149028.8936
41.05436854610565 6.534116352860163e-10 99338240.14508021 5357332872077.005 1623271860239.3271
40.91887558060695 6.772918297628583e-10 103309704.76296201 5571514821712.869 1693740505800.713
40.78427401619706 6.954701448734524e-10 106432614.3822925 5739934015929.822 1750679874858.4875
40.650555084996405 7.183723676923887e-10 110299136.7172481 5948456405448.956 1820227660067.2979
40.51771013373824 7.564326984825249e-10 116523729.30244578 6284150035850.137 1929234061006.0398
40.38573062190196 7.917345416041528e-10 122360325.42500019 6598918932729.4375 2032467031280.591
40.254608119882796 8.010680751820794e-10 124206062.97690885 6698459959887.013 2069824127605.1506
40.124334307197095 8.350450325730321e-10 129894580.45338129 7005242943213.295 2171625312396.0674
39.99490097072226 8.798595334387203e-10 137308585.4613781 7405081843973.729 2302980453475.862
39.866300002970746 8.833831913659727e-10 138303183.10201487 7458720710807.807 2327120861772.011
39.73852340039712 8.947186738477571e-10 140528286.53328797 7578721022256.057 2372139679966.059
39.6115632617377 9.395170922893224e-10 148037478.16709018 7983693358425.298 2506879714545.649
39.48541178638185 9.444570917998504e-10 149291312.20310172 8051312900380.574 2536163563619.818
39.36006127277429 9.571229093495248e-10 151775237.2717277 8185271518959.798 2586545799991.2515
39.235504116847785 9.930709973278165e-10 157975608.30013722 8519658875541.304 2700731863546.647
39.11173281048549 1.0030354359353263e-09 160065668.8806171 8632376296708.462 2745095662353.1074
38.98873994001226 1.0122155187867795e-09 162040198.53496447 8738863109930.407 2787697332067.6504
38.86651818471441 1.0539500856198707e-09 169251833.36807197 9127788143194.506 2920892205822.47
38.745060315387185 1.0555998572300806e-09 170048167.56692427 9170734619540.773 2943805812872.6343
38.624359192909345 1.093323666046852e-09 176675543.7300348 9528150455802.799 3068064446768.483
38.50440776684441 1.0999532975057023e-09 178300586.98613468 9615789391641.97 3105899973500.311
38.3851990740678 1.1112627155106196e-09 180693246.51608506 9744826039893.145 3157323636925.1665
38.266726237419434 1.1601041592745925e-09 189218959.1863205 10204619576394.586 3316501362328.2354
38.14898246438122 1.1668395136571979e-09 190904929.9359741 10295544345197.496 3356347456534.327
38.03196104577882 1.2055284572065218e-09 197841648.41243786 10669643079622.719 3488973287036.497
37.91565535450732 1.2008183299230941e-09 197673165.24370757 10660556745730.43 3496662612599.5776
37.800058844280166 1.2456647467827934e-09 205682656.44965458 11092510346514.617 3649435904003.3853
37.6851650484009 1.2587279969430825e-09 208473301.96988538 11243010465683.35 3710193453675.523
37.57096757855726 1.3000518190952802e-09 215971904.68723038 11647411739287.63 3855293285704.269
37.45746012363715 1.2999394305185582e-09 216607637.80568224 11681696964477.61 3878323392206.5146
37.34463644856595 1.3341511840158476e-09 222979935.19105947 12025356346841.074 4004443663497.8574
37.232490393164845 1.3325573673085312e-09 223384380.6908781 12047168180511.344 4023754172291.008
37.12101587102963 1.382964456878404e-09 232530615.20719472 12540426594979.19 4201042909317.882
37.010206868429535 1.3812995478827051e-09 232946039.96023914 12562830542161.152 4221111062166.168
36.900057443225876 1.4360555000182316e-09 242903155.83260018 13099819964322.979 4414639327976.474
36.790561723809766 1.4433698819339804e-09 244866963.04668579 13205728514012.178 4463536237735.969
36.681713908058846 1.4418498436598102e-09 245334932.32511115 13230966198863.137 4485297541414.856
36.573508262312366 1.4799014203632648e-09 252554517.02771154 13620319970316.082 4630908789907.197
36.46593912036438 1.4712550804938346e-09 251819610.47519323 13580686300281.652 4631014028396.144
36.35900088247475 1.5203737510777125e-09 260992121.2638572 14075361799825.662 4813773735540.451
36.25268801439734 1.5261153241217776e-09 262746000.8406337 14169948906428.38 4860292474904.92
36.14699504642534 1.5845650707548813e-09 273606779.1088666 14755673037918.598 5075951525043.807
36.04191657245317 1.6781440147718604e-09 290609847.2078465 15672652194382.348 5407065007062.065
35.937447249054756 1.6718587916906009e-09 290363045.9898998 15659342151081.363 5418132384274.087
35.83358179457772 1.7385480369888942e-09 302820623.26541305 16331181999935.902 5666920153977.597
35.730314988253284 1.7726443594588144e-09 309651895.68576664 16699594005647.137 5811458713965.113
35.62764166932152 1.7886493087038173e-09 313348123.45684725 16898932372340.307 5897727397946.388
35.525556736171595 1.775640920292301e-09 311963099.869458 16824237749378.54 5888483212282.718
35.42405514549682 1.8161180386727561e-09 319988795.5181487 17257065259280.277 6057229906007.304
35.32313191146407 1.8348848608026923e-09 324219094.93770385 17485206226001.775 6154792591552.463
35.222782104897405 1.8308806055373619e-09 324433239.4138896 17496755084124.973 6176354544696.08
35.1230008524756 1.888843020962405e-09 335655081.54767764 18101951468325.05 6408090819786.881
35.02378333594318 1.9108367478650483e-09 340525392.3427551 18364608387569.78 6519435977587.231
34.92512479133489 1.9287880882960678e-09 344695428.43513995 18589499339964.887 6617861765027.444
34.82702050821316 1.933135015196096e-09 346445432.9218608 18683877462119.05 6670144253976.827
34.72946582891845 1.98397429997128e-09 356555313.98815 19229105544377.383 6884019784886.745
34.63245614783208 2.002797537061766e-09 360946413.22034895 19465918479928.23 6988264734294.114
34.53598691065149 2.0229336836851546e-09 365593739.0579325 19716549771972.24 7097957917910.026
34.440053613677456 2.0192000792869548e-09 365935472.5819724 19734979535164.7 7124327612194.877
34.34465180311326 2.1027058633835945e-09 382127579.0345629 20608223353858.715 7460176854096.051
34.249777074375366 2.1241013223614627e-09 387085100.575384 20875583567567.78 7577836835027.279
34.15542507141566 2.1534055942195843e-09 393509405.55471945 21222047730771.965 7724825374000.947
34.061591486054624 2.197083774091823e-09 402597112.3988285 21712149735162.625 7924934653334.229
33.968272057325706 2.211837652548232e-09 406414099.75408274 21918000692465.08 8021988253442.161
33.87546257083028 2.207292655508352e-09 406690154.57868373 21932888389128.223 8049370038809.973
33.78315885810322 2.2696001126834276e-09 419312745.8214533 22613627477085.88 8321814911567.607
33.69135679598881 2.298945459193884e-09 425891666.23491275 22968430084242.297 8475350701085.578
33.60005230602678 2.33972371125542e-09 434623893.1652294 23439360979654.766 8672563562472.238
33.50924135384833 2.369418550140063e-09 441332757.2693856 23801171478280.492 8830234618441.45
33.41891994858189 2.3970122663634127e-09 447679101.64439946 24143431209156.816 8981356409806.713
33.3290841422685 2.425144660922937e-09 454154105.66155034 24492629582484.664 9135750834266.986
33.23973002928655 2.587382063070529e-09 485838637.45061016 26201383265275.83 9799317341212.305
33.150853745785774 2.782445326721258e-09 523866825.2680649 28252251695826.12 10594594385934.697
33.062451469130345 2.571658248317312e-09 485475342.68168104 26181790699462.348 9844353302997.709
32.97451941735074 2.536605671619192e-09 480135103.68495274 25893790450211.54 9761958999729.678
32.88705384860445 2.5772417639308566e-09 489124217.1957899 26378575294719.62 9971101461403.998
32.80005106064518 2.7021373892105323e-09 514187934.75578797 27730267027777.582 10509771203527.705
32.71350739030047 2.688423091093672e-09 512931631.66100466 27662514328946.348 10511755444999.814
32.62741921295758 2.678526721327816e-09 512391875.74260265 27633405175005.93 10528327371677.025
32.541782942057424 2.8116034096894278e-09 539264327.1213175 29082642315851.434 11109569364655.02
32.45659502859654 2.8287783610584007e-09 543982513.4149159 29337095127682.625 11236107433902.07
32.371851960636754 2.815816403911437e-09 542907403.2089307 29279114200708.1 11243179853072.357
32.2875502628226 2.85483681503338e-09 551867944.021379 29762358113384.703 11458507873653.045
32.203686495906176 2.8619380402934288e-09 554681411.420466 29914089021438.16 11546838362274.688
32.12025725627947 2.9107660985643146e-09 565610245.8717835 30503483437667.215 11804848090376.6
32.03725917551389 2.930186008292912e-09 570858944.910566 30786546917099.12 11945180203834.309
31.954688919906893 2.9959144431709743e-09 585172337.1152167 31558471268254.477 12276245323351.078
31.872543190035667 2.9906062014800216e-09 585641016.9481888 31583747273466.508 12317661436651.975
31.790818720317628 3.1143079293002336e-09 611432914.3811746 32974709905270.453 12893111572960.582
31.709512278577684 3.039012862304909e-09 598180085.9450775 32259981988558.754 12645912939515.217
31.62862066562213 3.139654085977053e-09 619570204.6193016 33413555735624.215 13131527404100.348
31.54814071481902 3.1222383677420014e-09 617705206.4151571 33312975977307.22 13125312535059.146
31.468069291684962 3.2128640502748958e-09 637252027.8862337 34367140305753.957 13575020420772.48
31.388403293478163 3.214575964433263e-09 639209828.3692893 34472724911133.758 13651199064808.703
31.30913964879766 3.303582781652943e-09 658571655.5286651 35516912456160.79 14100214245095.969
31.2302753171886 3.4218023429917998e-09 683861384.725888 36880793045914.91 14678555632274.24
31.151807288753453 3.345814729511774e-09 670359264.8952655 36152620790138.34 14424895695264.35
31.073732583769104 3.470049610859753e-09 696997523.158645 37589227845395.79 15035691138158.248
30.99604825230968 4.020246702288425e-09 809534479.6239771 43658370356021.195 17507006512764.555
30.918751373874994 3.942948930769798e-09 795954385.5381563 42925992931722.02 17256249158552.152
30.841839057024558 3.636968715702661e-09 736017725.6968067 39693595845347.2 15996519125674.635
30.76530843901705 3.847421773163562e-09 780544197.8519493 42094918161969.51 17006346937435.682
30.689156685455128 3.705829496770684e-09 753684274.9105734 40646356682471.48 16461774456401.006
30.613380989935486 3.6912032918453033e-09 752567818.4198828 40586145941380.375 16477975252200.084
30.537978573704116 3.756025711929023e-09 767674730.808531 41400865008449.55 16850152058439.209
30.462946685316638 3.6996289663591287e-09 758010524.459889 40879672260535.95 16678906282298.139
30.388282600303604 4.0003425783168436e-09 821637028.0272149 44311063420664.54 18123224939051.63
30.31398362084076 3.9430990562889726e-09 811864684.881196 43784038831775.89 17951455921028.727
30.240047075424076 4.030259725678237e-09 831839514.5047225 44861285732868.24 18437988436208.51
30.166470318549564 3.922570500825626e-09 811587286.2278007 43769078662133.92 18032860408797.574
30.093250730397738 3.969466507287478e-09 823288431.9210051 44400123991421.16 18337251208457.605
30.020385716522686 4.203175968071011e-09 873876939.9047534 47128373217246.48 19511146511939.13
29.947872707545574 3.9242492397780926e-09 817861150.5819489 44107429529738.805 18304583254841.55
29.875709158852693 4.353589804339393e-09 909532577.7641836 49051289513128.32 20405336437461.832
29.80389255029776 4.003824080438423e-09 838476650.5208311 45219227920122.766 18856418042691.348
29.732420385908558 4.371941737438817e-09 917768348.4913006 49495446417648.016 20689096602576.848
29.66129019359777 4.6312718571840455e-09 974538973.4548175 52557098555245.984 22021424294647.543
29.590499524877966 3.970320371080581e-09 837456446.9675556 45164208120857.24 18968967410760.14
29.520045954580638 4.95801810976645e-09 1048286648.324322 56534326682507.21 23800951533335.086
29.449927080579258 6.311539468998599e-09 1337642483.391165 72139349729693.38 30442805585931.06
29.380140523516275 6.236690724448919e-09 1324918957.6030369 71453167219776.67 30224689733964.848
29.310683926533965 4.558396271900804e-09 970677804.8025328 52348864890996.37 22195918713781.477
29.241554955009118 5.100051012354219e-09 1088586719.9123075 58707718298364.86 24950780276804.637
29.172751296291448 5.423162792102533e-09 1160283794.3917527 62574357101100.98 26656676125068.547
29.104270659445692 4.435524356446925e-09 951211785.8819674 51299058261652.91 21904697877726.34
29.036110774997343 4.349877274105972e-09 935034282.5427834 50426601992037.4 21582585652592.02
28.96826939468193 4.35333637021392e-09 937969354.8306469 50584891078161.016 21700918272530.703
28.90074429119782 4.500398972058594e-09 971920996.2581737 52415910476280.17 22538841504801.09
28.83353325796248 4.983563567480889e-09 1078775595.351022 58178602219325.69 25074977556528.168
28.766634108872076 5.401131178676781e-09 1171884069.7220843 63199962469804.57 27302383786956.742
28.700044678064504 5.165636148895429e-09 1123389123.082896 60584619462113.78 26233140227094.42
28.6337628196856 5.735484646044409e-09 1250203392.5375388 67423740563973.12 29261903404765.05
28.567786407658676 5.2842543551190126e-09 1154505745.9766407 62262745694803.42 27084294377238.664
28.50211333545716 5.560613647329847e-09 1217684094.9065213 65669967777973.81 28632105951195.246
28.43674151588042 5.7688942097014724e-09 1266198280.4796386 68286348345551.016 29841134227004.574
28.371668880832637 5.274708146615417e-09 1160386124.4602947 62579875783928.47 27409985593361.793
28.30689338110471 5.366874523134796e-09 1183363602.8214183 63819056183759.44 28016565664670.215
28.24241298615914 5.083226270362504e-09 1123379818.2193608 60584117648801.87 26657011765472.125
28.17822568391787 5.8147868387577546e-09 1287980033.278674 69461043006049.35 30632319965667.133
28.114329480552975 5.950096039811195e-09 1320946475.2901204 71238930385626.5 31487607230447.84
28.050722400280232 5.034960412443407e-09 1120317151.4025457 60418947362012.2 26765593681371.22
27.987402485155446 6.016761688292714e-09 1341804338.4839826 72363799479004.5 32129526968678.086
27.924367794873564 9.328643728181259e-09 2085086769.274411 112449182448294.77 50039886189490.18
27.861616406570477 1.1386816119454882e-08 2550850308.6280856 137567911311924.14 61355288445118.33
27.799146414627494 6.761686556794649e-09 1518142536.27684 81873756795127.53 36597569287421.2
27.736955930478437 6.3320289479778645e-09 1424862871.6814682 76843164218660.88 34425737569961.227
27.675043082419336 8.421707378174661e-09 1899331699.1173415 102431371159771.3 45991685650732.35
27.613406015420622 7.55725993755257e-09 1708178914.035204 92122459932695.12 41455106969714.45
27.552042890941912 5.75728510103836e-09 1304226154.8578207 70337199872253.24 31722077142386.53
27.490951886749137 5.7026768159317495e-09 1294726260.9627664 69824868530658.21 31560840575857.387
27.430131196734205 4.820944584295864e-09 1096966157.6560414 59159623196302.11 26799309307923.7
27.369579030736997 5.328984526600492e-09 1215249123.321329 65538649231391.23 29754546751052.15
27.309293614369736 5.516835926961887e-09 1260864961.3703053 67998721287330.75 30939418185735.664
27.24927318884365 6.164604584859569e-09 1412014891.177132 76150269838861.52 34724523046520.188
27.189516010797938 7.682715395058938e-09 1763608742.3997185 95111802618423.27 43466093796619.41
27.130020352130984 6.940663127322341e-09 1596760649.1596205 86113648702538.58 39440051105763.75
27.070784499833756 8.308878922426287e-09 1915713517.4505987 103314846181404.23 47421514397261.76
27.0118067558254 8.942935760184535e-09 2066405037.314068 111441672585101.02 51263169389148.32
26.953085436791 7.739255150051562e-09 1792171851.0605478 96652217273785.44 44556672163211.195
26.894618874021383 8.103371867149678e-09 1880569334.1752205 101419512742352.9 46855814886968.08
26.836405413255104 8.446263084007129e-09 1964396879.0541604 105940350449056.48 49050382257912.94
26.77844341452237 6.977596288336837e-09 1626333038.0897403 87708494062087.89 40696741244808.17
26.720731251991072 6.84025618873526e-09 1597765367.997175 86167833407721.25 40068042534589.445
26.663267313814746 7.625682003093925e-09 1785066085.9425318 96269001817256.22 44861354846843.08
26.606050001982528 8.957508593913379e-09 2101337473.4221876 113325586453420.4 52923048873745.43
26.549077732171 7.671822530813744e-09 1803591100.5695934 97268059880619.55 45521452024129.61
26.492348933597984 6.166434511926488e-09 1452789297.8707666 78349242450015.27 36745794709057.83
26.43586204887816 8.50915696423608e-09 2009009696.5282536 108346329387488.17 50922774812118.516
26.379615533880546 1.46644103894529e-08 3469645618.156064 187118741961385.62 88132927463812.38
26.323607857587806 1.904331389861246e-08 4515294572.887678 243510817255403.94 114937105744551.42
26.267837501957324 1.071133553957422e-08 2545120083.268022 137258879013374.83 64923449773328.49
26.212302961784054 7.250007435428264e-09 1726323760.0373611 93101015419526.4 44129881308850.445
26.157002744565094 9.734665937826075e-09 2322854726.295655 125272060025108.64 59504228511927.61
26.10193537036601 1.2922278329981364e-08 3089977775.676629 166643172734318.25 79322150221533.22
26.04709937168877 8.993471059047859e-09 2155048007.9965935 116222207251534.52 55437992858982.914
25.992493293341415 7.268817523665056e-09 1745439502.9343953 94131931586824.0 44995063298502.71
25.93811569230932 6.847553650837755e-09 1647729797.2873185 88862425934020.48 42565102022394.164
25.88396513762809 6.202867258206115e-09 1495721223.0135612 80664570499849.2 38718993839927.71
25.83004021025803 6.839821325776911e-09 1652755646.4229805 89133471069763.38 42873199584557.62
25.776339502960198 6.515980886587176e-09 1577783947.9094114 85090231081460.81 41013491381263.36
25.722861620173973 6.911578263608062e-09 1677053524.1878722 90443860896293.94 43684384812910.42
25.66960517789618 8.449688165987413e-09 2054520446.3613327 110800734013114.12 53627555262347.1
25.616568803561684 1.0430114695467328e-08 2541306814.7795033 137053228615363.33 66470815878452.484
25.563751135925475 1.12030737903333e-08 2735278742.5668173 147514176820983.3 71691889934990.31
25.5111508249462 1.0467504820668407e-08 2560955865.398113 138112906183945.61 67260985311581.734
25.458766531671156 1.3928276529823484e-08 3414672028.6996884 184154004339090.5 89867154117476.25
25.40659692812265 1.522135613485948e-08 3739347484.6119623 201663822211594.44 98613609061469.98
25.354640697185793 1.0755644126881085e-08 2647694898.1327686 142790761063223.44 69967472920979.21
25.30289653249766 1.0709198471791641e-08 2641652594.035628 142464898290585.0 69950265060678.766
25.251363138337787 1.282169437209576e-08 3169199420.4437857 170915613247369.9 84090481717704.55
25.200039229520026 1.0310322463388857e-08 2553641963.3767066 137718465858999.2 67895203668487.984
25.148923531285707 8.237131544505234e-09 2044304459.8339133 110249783640285.83 54463393118298.2
25.09801477919808 1.024198186327274e-08 2547027339.094559 137361737734447.84 67994060178551.2
25.047311719038085 1.1283710659431525e-08 2811770016.3132133 151639367831717.2 75213126444536.36
24.996813106701318 9.079388238748033e-09 2267049061.4242992 122262448394916.78 60764436852272.68
24.946517708096284 6.271146435918115e-09 1569010991.3448863 84617103628027.05 42139317606755.27
24.89642429904388 8.267098309848128e-09 2072550398.4481297 111773093246129.55 55774773529817.86
24.84653166517806 1.3997864623760525e-08 3516292463.9355383 189634416488215.47 94817208244108.7
24.796838601847703 2.321020623901269e-08 5842135949.943359 315067660973903.9 157848898147920.8
24.747343914019662 1.9797648752013284e-08 4993142905.153904 269281281626206.6 135179203376352.31
24.69804641618297 1.1783706246408332e-08 2977887453.0240793 160598117282246.6 80780852992974.19
24.648944932254178 7.953344792146684e-09 2013911818.8067536 108610701906944.86 54739793761098.375
24.60003829548383 1.3631853251883578e-08 3458661773.1912737 186526380816214.03 94195822312185.8
24.55132534836406 1.5661083158209876e-08 3981400154.370089 214717775277154.5 108647194290239.55
24.502804942537253 1.1928670967806177e-08 3038541914.6977344 163869225577378.78 83081697367732.31
24.45447593870582 8.265050814776718e-09 2109483547.70423 113764906009170.84 57792572252661.05
24.406337206543014 7.3055816155550644e-09 1868276557.3386724 100756560616974.34 51285089354036.53
24.358387624604813 6.127739078529288e-09 1570148404.240326 84678444552579.0 43186006721817.0
24.310626080242844 7.366594060680504e-09 1891296286.569271 101998019615375.03 52120988023452.836
24.263051469518295 6.9077319049652545e-09 1776965635.959087 95832142789840.94 49066057108400.27
24.215662697116894 7.120648468004061e-09 1835321542.463456 98979289505336.61 50776375516235.61
24.168458676264812 6.293350281799793e-09 1625256550.697177 87650438863142.02 45052325575655.28
24.12143832864562 7.586150486950838e-09 1962940916.6730325 105861830081537.08 54518842491989.516
24.07460058431815 8.721044728048378e-09 2260988732.895965 121935613560788.31 62918776597367.484
24.027944381635365 1.0316300332682256e-08 2679762675.6473255 144520183271250.1 74716934751240.36
23.98146866716412 1.140415796126546e-08 2968085604.0605245 160069501438208.12 82916001744988.8
