string
integrated and resized binned spectra ROIsize spatial in px50:1600
converted file:an 22 2019_16.53.30_49 binning:0.1
nm muJ
23.8 1.5145896327361608e-05
23.900000000000002 0.00020699200461598826
24.000000000000004 0.0002874939587029563
24.100000000000005 0.00027418436127525745
24.200000000000006 0.00027773136133536384
24.300000000000008 0.00027454731320602496
24.40000000000001 0.00026861752183558914
24.50000000000001 0.00026406223886323856
24.600000000000012 0.0002597481258212486
24.700000000000014 0.0002616901678849722
24.800000000000015 0.0002513818104326098
24.900000000000016 0.000254336066780579
25.000000000000018 0.0002574783018104919
25.10000000000002 0.0002450320574789144
25.20000000000002 0.000245382315446165
25.300000000000022 0.00023878467227284367
25.400000000000023 0.00023490608052672283
25.500000000000025 0.00023324745594157227
25.600000000000026 0.00022650264401174184
25.700000000000028 0.00022762652238652123
25.80000000000003 0.0002265863290760898
25.90000000000003 0.00021970301568584923
26.000000000000032 0.00022293688646063078
26.100000000000033 0.0002233893501770706
26.200000000000035 0.00022249250417293742
26.300000000000036 0.00022614599051130665
26.400000000000038 0.0002260977534810182
26.50000000000004 0.00022064098820000983
26.60000000000004 0.00022614603529097477
26.700000000000042 0.00022760461468599404
26.800000000000043 0.00023314308999928366
26.900000000000045 0.00024923025754600343
27.000000000000046 0.0002363204236238237
27.100000000000048 0.00023254343331019137
27.20000000000005 0.0002310311374526494
27.30000000000005 0.00024092212621259666
27.400000000000052 0.00024454803617633605
27.500000000000053 0.00024367039099218115
27.600000000000055 0.00024930999536122483
27.700000000000056 0.00025725110495429987
27.800000000000058 0.000268692243855991
27.90000000000006 0.0002757287189202263
28.00000000000006 0.00028292054816474513
28.100000000000062 0.00029641335557858164
28.200000000000063 0.00030646106991342304
28.300000000000065 0.00032028397866536146
28.400000000000066 0.00032749334077255025
28.500000000000068 0.0003401305544466946
28.60000000000007 0.00035442967529482187
28.70000000000007 0.00037030150988819895
28.80000000000007 0.00038355174804298686
28.900000000000073 0.0004049464025024579
29.000000000000075 0.0004201088610835701
29.100000000000076 0.00044068799104021175
29.200000000000077 0.00046249141056628224
29.30000000000008 0.00047471741837798865
29.40000000000008 0.0004908957602987248
29.50000000000008 0.0005098743120421799
29.600000000000083 0.0005299354448100826
29.700000000000085 0.0005498454963035612
29.800000000000086 0.0005692427709841237
29.900000000000087 0.0005911307135021451
30.00000000000009 0.0006154319119103735
30.10000000000009 0.0006584581763795283
30.20000000000009 0.0006824059456464268
30.300000000000093 0.0007013057563507718
30.400000000000095 0.0007209257897070574
30.500000000000096 0.000750163019171142
30.600000000000097 0.0007839711306178777
30.7000000000001 0.0008152276631097564
30.8000000000001 0.0008275971587041759
30.9000000000001 0.0008538358933299851
31.000000000000103 0.0009026574020763042
31.100000000000104 0.0009082200133326337
31.200000000000106 0.0009191032024317844
31.300000000000107 0.0009670847479541811
31.40000000000011 0.0009807103128742975
31.50000000000011 0.0009830112126862534
31.60000000000011 0.0010076998103806362
31.700000000000113 0.0010192427019052517
31.800000000000114 0.0010363257004668738
31.900000000000116 0.001068468232915685
32.000000000000114 0.0010714287550232916
32.100000000000115 0.0011059886526778762
32.20000000000012 0.0011118728923391736
32.30000000000012 0.0011236354057115908
32.40000000000012 0.0011700233798176722
32.50000000000012 0.0011775683338481448
32.60000000000012 0.0012328120448371282
32.700000000000124 0.0012339443199869528
32.800000000000125 0.0012668662478362448
32.90000000000013 0.0012720087087609922
33.00000000000013 0.0013059441048804677
33.10000000000013 0.0013056774642593442
33.20000000000013 0.0013342882676866175
33.30000000000013 0.001336260772729489
33.400000000000134 0.0013835457814736123
33.500000000000135 0.0013719495958851784
33.600000000000136 0.0014211310933124708
33.70000000000014 0.0014309200727372312
33.80000000000014 0.0014374665683212007
33.90000000000014 0.0014796485251412682
34.00000000000014 0.0014971221817882102
34.10000000000014 0.001570874345432555
34.200000000000145 0.0015639146389344206
34.300000000000146 0.0015914299492684038
34.40000000000015 0.001655752882039266
34.50000000000015 0.001647154735805672
34.60000000000015 0.0017021902162455856
34.70000000000015 0.0017277000997488934
34.80000000000015 0.0017352427100794626
34.900000000000155 0.0017174872045087808
35.000000000000156 0.0017569936368974505
35.10000000000016 0.0017803566269769353
35.20000000000016 0.0017604038363674488
35.30000000000016 0.00182622361467863
35.40000000000016 0.001859457049140215
35.50000000000016 0.0018939279971829312
35.600000000000165 0.0019771592726223666
35.700000000000166 0.0020246762199411412
35.80000000000017 0.001988942094986869
35.90000000000017 0.002002346840887147
36.00000000000017 0.0019890538637522687
36.10000000000017 0.002055874168057441
36.20000000000017 0.0020679938109682975
36.300000000000175 0.0020983569412825506
36.400000000000176 0.0021207900042060856
36.50000000000018 0.0021400493255953335
36.60000000000018 0.0021179369068108547
36.70000000000018 0.0021832216654428574
36.80000000000018 0.002206210134211494
36.90000000000018 0.002236593986458141
37.000000000000185 0.0023023898207659536
37.100000000000186 0.002329328915229649
37.20000000000019 0.0024514583520085413
37.30000000000019 0.0027389068108309533
37.40000000000019 0.0029109333751181025
37.50000000000019 0.002608956597464421
37.60000000000019 0.0025804626189806167
37.700000000000195 0.0026385824957140314
37.800000000000196 0.0026955233886862373
37.9000000000002 0.0027032894869138684
38.0000000000002 0.002686814113624204
38.1000000000002 0.0026909152304909743
38.2000000000002 0.002667115058906412
38.3000000000002 0.0026754267094433876
38.400000000000205 0.002708479072938929
38.500000000000206 0.0027158656448197324
38.60000000000021 0.00275254998927341
38.70000000000021 0.0028086704497359036
38.80000000000021 0.002859921183250651
38.90000000000021 0.0029628785852592095
39.00000000000021 0.0030893041589545264
39.100000000000215 0.0035309752425191723
39.200000000000216 0.0037383175878730373
39.30000000000022 0.003792537703738242
39.40000000000022 0.003432932488388638
39.50000000000022 0.0036049149041800393
39.60000000000022 0.0036716664149208564
39.70000000000022 0.003724274357855155
39.800000000000225 0.0036479738053057068
39.900000000000226 0.0036113705267624956
40.00000000000023 0.003646848786339619
40.10000000000023 0.003428137231103992
40.20000000000023 0.0034436671701150684
40.30000000000023 0.003436830356827215
40.40000000000023 0.003372196201010529
40.500000000000234 0.003391541275854474
40.600000000000236 0.0035835513192460765
40.70000000000024 0.0035519897994174873
40.80000000000024 0.0037173115651718725
40.90000000000024 0.0038123678631027586
41.00000000000024 0.004104345506599658
41.10000000000024 0.004648236529289754
41.200000000000244 0.006034820037019125
41.300000000000246 0.006070869003961568
41.40000000000025 0.005390099914738265
41.50000000000025 0.005640205276785693
41.60000000000025 0.005671921599256555
41.70000000000025 0.005857766684642459
41.80000000000025 0.005066197741387014
41.900000000000254 0.005043869320056416
42.000000000000256 0.0048775121856732065
42.10000000000026 0.004287734803615978
42.20000000000026 0.004359639240792095
42.30000000000026 0.004208011810090082
42.40000000000026 0.00395971904523669
42.50000000000026 0.004018811661420088
42.600000000000264 0.004041894080635229
42.700000000000266 0.0040378473130028
42.80000000000027 0.0042251390818746955
42.90000000000027 0.004387866050198655
43.00000000000027 0.004204025524482044
43.10000000000027 0.005107060506141825
43.20000000000027 0.004889699528031823
43.300000000000274 0.005945343612496931
43.400000000000276 0.007557108545449005
43.50000000000028 0.009494934026265462
43.60000000000028 0.009829604621328532
43.70000000000028 0.010242778664693206
43.80000000000028 0.008894190827039952
43.90000000000028 0.009297245123261919
44.000000000000284 0.007842989910366195
44.100000000000286 0.007217200413635767
44.20000000000029 0.007121670955271636
44.30000000000029 0.006089794977597512
44.40000000000029 0.0052825640214639764
44.50000000000029 0.005298148234526745
44.60000000000029 0.004849702378541266
44.700000000000294 0.00478744971438327
44.800000000000296 0.004547620226839247
44.9000000000003 0.004705165463555956
45.0000000000003 0.004988722323821131
45.1000000000003 0.004715920102103503
45.2000000000003 0.0050235188898349005
45.3000000000003 0.005047035780220605
45.400000000000304 0.005873329444541212
45.500000000000306 0.006033234242753403
45.60000000000031 0.006441578492804444
45.70000000000031 0.0076256774702136085
45.80000000000031 0.008201764308507381
45.90000000000031 0.00938804591847684
46.00000000000031 0.012560091329433544
46.100000000000314 0.018919577537915427
46.200000000000315 0.016362644296904805
46.30000000000032 0.014509841215581487
46.40000000000032 0.012439860471925093
46.50000000000032 0.011216860441222337
46.60000000000032 0.011781104228841694
46.70000000000032 0.010015375168364602
46.800000000000324 0.007785083729253202
46.900000000000325 0.007031759366535611
47.00000000000033 0.006964575240286689
47.10000000000033 0.00655453513073343
47.20000000000033 0.005927015060665392
47.30000000000033 0.0058686284946967695
47.40000000000033 0.005838139714479068
47.500000000000334 0.0056667664671297985
47.600000000000335 0.00579729437862797
47.70000000000034 0.005724424519695382
47.80000000000034 0.006124822908959136
47.90000000000034 0.00571052690813799
48.00000000000034 0.006311254851040994
48.10000000000034 0.008009970190801581
48.200000000000344 0.006139581146519799
48.300000000000345 0.008976923839174516
48.40000000000035 0.009584989039418085
48.50000000000035 0.00846722764411056
48.60000000000035 0.011850740360538473
48.70000000000035 0.012296445267016247
48.80000000000035 0.01708022317350588
48.900000000000354 0.0248825981000051
49.000000000000355 0.025276688144106597
49.10000000000036 0.023945877679784847
49.20000000000036 0.022095524897457627
49.30000000000036 0.014833113940856468
49.40000000000036 0.014406539340688336
49.50000000000036 0.012810224481276092
49.600000000000364 0.011728787755110569
49.700000000000365 0.008478458946087225
49.80000000000037 0.008283295663568493
49.90000000000037 0.007941554050059472
50.00000000000037 0.006988266416426387
50.10000000000037 0.006495992990514159
50.20000000000037 0.006603706258424873
50.300000000000374 0.006072320037990383
50.400000000000375 0.006905771313738864
50.50000000000038 0.006430801943332938
50.60000000000038 0.006146751922116799
50.70000000000038 0.006384550959300471
50.80000000000038 0.007007206066370904
50.90000000000038 0.006316920125274287
51.000000000000384 0.0070924979719979315
51.100000000000385 0.007281523463267231
51.20000000000039 0.006797007251285377
51.30000000000039 0.008529275131886343
51.40000000000039 0.009965179149986474
51.50000000000039 0.007938937636158988
51.60000000000039 0.010937700909564052
51.700000000000394 0.01151631347036183
51.800000000000395 0.012288264963862885
