string
20190122an 22 2019_15.32.   full spectra  index number  Nphoton via eV
eV x-axis E [J] Nphoton Nphoton/sr Nphoton/sr @ 0.1bw
51.660080420516415 5.100823132143378e-10 61627444.86675083 3323581490114.6987 800983139117.6542
51.4457232403483 5.007269435402926e-10 60749213.37009426 3276218274705.8076 792844822478.7875
51.233137607123716 5.063196908810909e-10 61682623.75160328 3326557299362.3047 808353423745.0378
51.02230164989275 4.98504180802314e-10 60981448.18765116 3288742748869.2446 802453230724.103
50.813193856245654 5.005256360417816e-10 61480700.58719193 3315667539238.1587 812338547113.3264
50.605793064995666 4.980520085395091e-10 61427584.13659914 3312802957518.2363 814949527549.4656
50.400078459040394 4.961188524090323e-10 61438908.668118216 3313413691963.2944 818413181914.9253
50.1960295583965 5.055492566525283e-10 62861260.40558402 3390121430168.165 840750114681.6746
49.99362621340296 4.965644425785501e-10 61994042.102973446 3343352158706.7705 832494687517.9927
49.79284859808809 5.051489555341357e-10 63320080.990252286 3414865723977.266 853716430994.3206
49.59367720369574 5.048436380317458e-10 63535953.461025655 3426507773223.977 860053451079.1996
49.39609283236627 5.001682752306036e-10 63199336.44238124 3408353944279.046 858905193958.2708
49.20007659096798 4.928354607388179e-10 62520889.01760007 3371765127269.1226 853056577199.0807
49.005609885074826 4.960457067848976e-10 63177854.25298583 3407195405137.985 865427632905.0455
48.81267441308634 4.916945505852868e-10 62871202.497671664 3390657609354.353 864617690385.3539
48.621252160486 4.945831886378224e-10 63489540.78133953 3424004727325.434 876545210195.2999
48.4313253942341 4.834472331005673e-10 62303393.120776035 3360035526302.8125 863529130259.8461
48.24287665729156 4.911074386029169e-10 63537817.19558417 3426608284833.611 884064937487.032
48.05588876327104 4.899021828045253e-10 63628507.40389288 3431499227469.9834 888758299914.7054
47.87034479121208 4.80289368535533e-10 62621777.778898396 3377206080083.8423 878073580821.7998
47.686228080476646 4.880088317203598e-10 63873936.89520307 3444735293255.454 899075911539.672
47.503522225762175 4.908864917607801e-10 64497702.37591578 3478375101142.2124 911334276499.2267
47.322211072228725 4.910573443408709e-10 64767354.38302919 3492917492467.249 918637300518.9048
47.142278710737365 4.925575544595404e-10 65213181.463351786 3516961043764.1724 928477715553.7084
46.96370947319669 4.90910127021962e-10 65242196.41458013 3518525826387.363 932409343992.6238
46.78648792801481 4.905160815483352e-10 65436758.743131384 3529018615034.4453 938718951599.1621
46.61059887565385 4.952534353435701e-10 66318056.22028775 3576547179437.7695 954938096909.8606
46.436027344284355 4.935847589378753e-10 66343084.21928221 3577896944860.8286 958876381222.7197
46.26275858553703 4.998354715259372e-10 67434869.66435343 3636777171101.9307 978293059026.3856
46.09077807034915 5.170089019716693e-10 70012076.09754132 3775766473937.185 1019456947963.0529
45.92007148490342 5.0396941460421e-10 68500004.45418063 3694220121715.916 1001133652984.9628
45.75062472665653 5.014138156764011e-10 68405062.2093651 3689099865826.984 1003435163504.9303
45.58242390045559 4.985358834614751e-10 68263410.55096231 3681460561115.7554 1005038733184.59
45.41545531473963 5.05721840920904e-10 69501953.6462379 3748255459315.213 1027021995852.3925
45.24970547782453 5.116246577274769e-10 70570742.22883034 3805895459766.8076 1046621251435.8517
45.0851610942688 5.080530974648512e-10 70333859.98547462 3793120348920.395 1046901216302.0228
44.92180906131855 5.12132851276386e-10 71156466.26960975 3837483684533.529 1062982980615.7295
44.7596364654293 5.216333832896789e-10 72739079.64639463 3922834367763.428 1090547954238.2257
44.59863057886301 5.32019460407203e-10 74455188.84845124 4015384509851.959 1120292278248.7175
44.43877885635813 5.442937098645189e-10 76446951.9088357 4122800724405.411 1154384202833.474
44.28006893187113 5.504467372477463e-10 77588255.6962097 4184351485604.673 1175802767454.929
44.1224886153876 5.585679910187728e-10 79014176.79164705 4261251720060.3857 1201672985056.9868
43.96602588980112 5.735311608243474e-10 81419565.85426915 4390974874774.0146 1242645889561.0522
43.81066890785836 5.864278456199548e-10 83545617.76116632 4505633315993.907 1279599861742.235
43.65640598916871 5.972047027303465e-10 85381585.3054017 4604647444515.1455 1312324521686.8064
43.50322561727689 6.085748634297631e-10 87313525.74895872 4708837412346.74 1346727499931.1648
43.3511164367969 6.239602724245808e-10 89835011.42388967 4844821682583.964 1390463822901.583
43.20006725060597 6.422876510411154e-10 92797040.12305419 5004564533825.279 1441314585741.6936
43.05006701709692 6.550103800627839e-10 94964945.9439461 5121480165719.594 1480107767892.9446
42.90110484748759 6.714219434322654e-10 97682334.16902089 5268029503045.551 1527728555883.1465
42.7531700031859 6.893114898436422e-10 100632015.43975544 5427106454789.181 1579287978343.5957
42.60625189320931 7.082949886835585e-10 103759964.21720052 5595797411898.003 1633972844274.2563
42.46034007165723 7.348150693807068e-10 108014873.35710536 5825265586184.378 1706802816751.9587
42.315424235235184 7.433685429509603e-10 109646419.59007011 5913255228978.633 1738497037319.7139
42.17149422082962 7.619308155584239e-10 112767908.11360414 6081597783190.554 1794071346041.2092
42.028540003131894 7.79251044709232e-10 115723634.34918837 6241000741201.785 1847336219395.6624
41.8865516923105 8.017435710099042e-10 119467521.10837913 6442909367477.5625 1913544082140.8772
41.74551953173033 8.236327471522935e-10 123143845.11237535 6641174319687.813 1979069947266.9133
41.60543389571781 8.404878604605713e-10 126087015.32144302 6799900128461.232 2033170138409.851
41.46628528737092 8.639062079077027e-10 130035052.79741442 7012818647244.364 2103845594173.3362
41.32806433641302 8.85072847984072e-10 133666608.1364324 7208669215626.426 2169809433903.5007
41.19076179708939 9.333836320114114e-10 141432536.9338248 7627487442803.7705 2303501207726.786
41.05436854610565 9.432369556804517e-10 143400414.31322882 7733615497392.827 2343285495710.019
40.91887558060695 9.69757102565856e-10 147920461.39541084 7977382618506.948 2425124316026.1133
40.78427401619706 9.898187689608387e-10 151478823.52927414 8169285861433.928 2491632187737.194
40.650555084996405 1.0212582392539018e-09 156804336.05335578 8456491908815.605 2587686524097.458
40.51771013373824 1.0663067096383825e-09 164257883.92879075 8858463365007.596 2719548253057.3994
40.38573062190196 1.0904896546497017e-09 168532079.88776436 9088971681636.377 2799403277943.9
40.254608119882796 1.1023018352934326e-09 170912529.6784529 9217349855996.617 2848161105503.0425
40.124334307197095 1.1291083032991662e-09 175637293.34638873 9472157387054.75 2936368789986.8994
39.99490097072226 1.1867334695913166e-09 185198532.07978678 9987797069108.71 3106204888492.8525
39.866300002970746 1.1731117812323767e-09 183663324.21158376 9905002975255.393 3090360928279.65
39.73852340039712 1.1833733877185492e-09 185865612.6959039 10023772871657.963 3137440908828.828
39.6115632617377 1.2219491402352663e-09 192539625.57305643 10383703836040.014 3260483004516.701
39.48541178638185 1.2198298778804283e-09 192819774.1479941 10398812309548.174 3275625877507.5933
39.36006127277429 1.2293925719057413e-09 194950248.7908306 10513709269878.105 3322332129281.424
39.235504116847785 1.2615280437872796e-09 200681180.54120457 10822779664210.32 3430821153554.7397
39.11173281048549 1.2626367015185304e-09 201493168.5771578 10866570355392.209 3455569373014.491
38.98873994001226 1.268992246543746e-09 203146219.11323816 10955719729925.26 3494874593845.97
38.86651818471441 1.3151686905485348e-09 211200430.74213433 11390085112834.525 3644827236107.333
38.745060315387185 1.3037982788748338e-09 210030824.3517043 11327007986103.762 3635969563539.3643
38.624359192909345 1.339737419703603e-09 216494753.04732376 11675609064935.326 3759546118909.1523
38.50440776684441 1.3475368769787394e-09 218433470.48971087 11780164517786.117 3804993139244.86
38.3851990740678 1.351317031133572e-09 219726494.93221417 11849897606877.541 3839366824628.065
38.266726237419434 1.395064256993705e-09 227542160.41380906 12271398144239.129 3988204396877.711
38.14898246438122 1.3879741452826392e-09 227084448.081153 12246713618701.812 3992428639696.7236
38.03196104577882 1.4334909208228817e-09 235253017.10175842 12687246320589.895 4148729546832.739
37.91565535450732 1.420463211226251e-09 233830090.76261944 12610507593991.957 4136246490829.3584
37.800058844280166 1.4639551951903136e-09 241726511.28459758 13036363268225.3 4288963515246.2134
37.6851650484009 1.4571200633454812e-09 241331432.77175948 13015056598197.852 4294968677405.311
37.57096757855726 1.5041193120746804e-09 249872741.94322518 13475691257398.951 4460453806199.126
37.45746012363715 1.489495130699713e-09 248193119.0095743 13385108827692.117 4443856130793.724
37.34463644856595 1.5256523544848555e-09 254985991.99465197 13751449943516.715 4579232831190.814
37.232490393164845 1.5170354670199233e-09 254309522.87690905 13714967817035.146 4580799250889.988
37.12101587102963 1.563177667492134e-09 262831530.40718588 14174561534533.684 4748478114068.618
37.010206868429535 1.5497196174643588e-09 261348849.70488235 14094600242148.756 4735785681362.005
36.900057443225876 1.6006302061792329e-09 270740321.94228226 14601084380192.074 4920565436124.316
36.790561723809766 1.6018782017950222e-09 271757818.5285804 14655958192140.426 4953713868943.301
36.681713908058846 1.5980053949018805e-09 271905252.22674626 14663909323512.213 4971065260670.92
36.573508262312366 1.6351312242613532e-09 279045462.7166243 15048982426429.14 5116654024985.608
36.46593912036438 1.6251697316790552e-09 278163599.3740305 15001423344779.838 5115485360570.035
36.35900088247475 1.6731581312906327e-09 287219566.6268728 15489813626118.115 5297516260132.478
36.25268801439734 1.6777126845871478e-09 288845994.4457655 15577527231729.498 5343091840483.202
36.14699504642534 1.6993478673322416e-09 293426319.4030865 15824545151745.125 5443643532200.119
36.04191657245317 1.7663695963807207e-09 305888168.1180217 16496615360255.654 5691332299288.364
35.937447249054756 1.7457074101385732e-09 303188836.0035504 16351039792897.201 5657459768342.364
35.83358179457772 1.8066782051221727e-09 314687548.73330486 16971167868487.38 5888995250364.953
35.730314988253284 1.8321491623352786e-09 320046408.7841133 17260172355230.125 6006539979619.99
35.62764166932152 1.8474545883914348e-09 323650044.54881537 17454517214903.854 6091626508001.053
35.525556736171595 1.8215971589588982e-09 320037170.76348335 17259674146770.61 6040885951369.948
35.42405514549682 1.8629339193810274e-09 328237464.9107556 17701917791632.06 6213373144862.777
35.32313191146407 1.8744781638855118e-09 331215122.40805435 17862503507352.082 6287601234587.767
35.222782104897405 1.8602617980430916e-09 329639605.92061174 17777535560906.195 6275470052999.851
35.1230008524756 1.911828691469852e-09 339739728.61627007 18322237372116.42 6486072029729.024
35.02378333594318 1.9389466531369575e-09 345534787.58917236 18634766161491.113 6615341987329.304
34.92512479133489 1.9511345641165645e-09 348688986.9311209 18804872817246.492 6694534722939.695
34.82702050821316 1.940716764541475e-09 347804190.8014797 18757155569754.586 6696304538402.715
34.72946582891845 2.002102585901131e-09 359813287.9860383 19404808789872.453 6946921546773.978
34.63245614783208 2.016047978828439e-09 363334422.6625226 19594704347935.387 7034498860908.683
34.53598691065149 2.0245012593969262e-09 365877038.4415678 19731828169277.965 7103458140940.088
34.440053613677456 2.019756082600475e-09 366036235.9176009 19740413723745.797 7126289354272.653
34.34465180311326 2.0777290431421385e-09 377588507.72789395 20363430252185.035 7371561751290.188
34.249777074375366 2.0992663665697276e-09 382559308.29832745 20631506606845.94 7489236898285.25
34.15542507141566 2.134509420008483e-09 390056353.1891878 21035823866529.47 7657039887416.68
34.061591486054624 2.1410954391674435e-09 392337721.18472195 21158858538151.69 7722983366425.241
33.968272057325706 2.163788996449626e-09 397585399.65025234 21441866977846.39 7847723313891.723
33.87546257083028 2.1470056189819445e-09 395582364.1627505 21333842838849.582 7829520321857.714
33.78315885810322 2.2041653245806277e-09 407223549.79158986 21961654508839.395 8081888859252.901
33.69135679598881 2.2328194076800634e-09 413641469.4552851 22307774310583.906 8231568720605.627
33.60005230602678 2.249978820906784e-09 417953004.4413288 22540296329054.414 8339909641750.108
33.50924135384833 2.2848527593847715e-09 425581359.69444364 22951695185101.266 8515078913671.978
33.41891994858189 2.3130597813512696e-09 431999677.0546911 23297836434707.234 8666795153711.455
33.3290841422685 2.353489453106185e-09 440735315.70383096 23768951324857.03 8865818844171.873
33.23973002928655 2.4142353136717614e-09 453326476.99021417 24447995388438.67 9143550275275.266
33.150853745785774 2.522322092446124e-09 474891942.77549446 25611025643297.24 9604134616236.375
33.062451469130345 2.4157165009963954e-09 456036799.17826724 24594163652852.96 9247405533472.588
32.97451941735074 2.4183173227940052e-09 457745187.4029911 24686297400956.57 9306734120160.559
32.88705384860445 2.4656289694112878e-09 467941679.5260786 25236196436324.133 9539282252930.504
32.80005106064518 2.4824364092183473e-09 472381180.7331846 25475619700896.957 9655259866639.95
32.71350739030047 2.5515039027204475e-09 486808443.338958 26253685107523.0 9976400340858.932
32.62741921295758 2.560550460757062e-09 489823470.14649194 26416286158262.42 10064605026297.76
32.541782942057424 2.547871134723124e-09 488680589.98764116 26354650383006.953 10067476446308.45
32.45659502859654 2.5893994799728936e-09 497949240.82489836 26854510736257.848 10285277611986.412
32.371851960636754 2.586199873447809e-09 498635868.2769347 26891540703914.74 10326351630303.668
32.2875502628226 2.588077928528461e-09 500300836.0628176 26981332778318.64 10387813119652.617
32.203686495906176 2.6231047690781222e-09 508392367.3857143 27417710820432.992 10583236376686.729
32.12025725627947 2.6537766566762575e-09 515672924.736825 27810352860066.293 10762606556845.098
32.03725917551389 2.6878912404881135e-09 523655069.4176997 28240831656812.348 10957442682843.053
31.954688919906893 2.7270836230896458e-09 532663374.5731867 28726651510885.75 11174667437734.635
31.872543190035667 2.737222372909818e-09 536021657.84679925 28907764457412.637 11274028138390.963
31.790818720317628 2.877586156978492e-09 564957265.0767457 30468268041531.934 11913092804238.832
31.709512278577684 2.949263866849178e-09 580514460.8728374 31307270990587.78 12272450228310.59
31.62862066562213 2.8894134704526475e-09 570188449.4581221 30750386951684.9 12084902072012.193
31.54814071481902 2.8438566587275127e-09 562630029.3224616 30342759711715.637 11955047326416.055
31.468069291684962 2.990887070650161e-09 593224245.1365029 31992712417104.88 12637121404756.12
31.388403293478163 3.0123220575234683e-09 598992180.2087734 32303778408625.88 12792296249815.6
31.30913964879766 2.9436088034684605e-09 586810578.4105742 31646821977218.062 12563788324955.691
31.2302753171886 3.2063482053063686e-09 640801982.0563418 34558590105369.004 13754318861936.965
31.151807288753453 3.2562777156322118e-09 652419847.5462424 35185144115199.586 14038872501963.807
31.073732583769104 3.134240144242972e-09 629546508.6968862 33951579981862.35 13580631992744.88
30.99604825230968 3.262333211230358e-09 656917700.3515927 35427714294142.51 14206513431951.191
30.918751373874994 3.1603652398451483e-09 637975945.5991685 34406181345282.348 13831284900803.424
30.841839057024558 3.125872421883972e-09 632586555.0726675 34115530343352.81 13748558728370.934
30.76530843901705 3.134003303970447e-09 635809703.0135452 34289355412027.4 13852899586459.068
30.689156685455128 3.1548665973185092e-09 641630529.9290257 34603273872143.37 14014325918218.113
30.613380989935486 3.1797410904085248e-09 648290171.6184022 34962429795246.55 14194746496869.799
30.537978573704116 3.332989911412843e-09 681212624.5316168 36737944833199.5 14952343547112.414
30.462946685316638 3.261168022777443e-09 668175026.6784422 36034824348583.266 14702208334221.506
30.388282600303604 3.3583274289231923e-09 689772466.6880215 37199578980304.625 15214627802944.45
30.31398362084076 3.4090696459332244e-09 701910658.171098 37854194283987.06 15520219656435.225
30.240047075424076 3.584828456033678e-09 739903173.8451891 39903138908096.04 16400190091227.172
30.166470318549564 4.06512723667047e-09 841082545.6128033 45359764408558.82 18688222936324.574
30.093250730397738 3.921826659689402e-09 813407674.5562636 43867252600163.99 18117175323868.39
30.020385716522686 3.580565299986468e-09 744430752.1860235 40147312191625.44 16620987247332.154
29.947872707545574 4.158037397595975e-09 866585438.9903425 46735140988866.92 19395083510379.72
29.875709158852693 4.060432966212461e-09 848287557.7567819 45748332278759.43 19031306227964.344
29.80389255029776 4.081564017840482e-09 854756866.8877401 46097223525637.7 19222542210191.082
29.732420385908558 5.078073662143134e-09 1066001232.0183616 57489678029588.0 24030685416367.758
29.66129019359777 4.911958395024976e-09 1033602655.9345604 55742415782856.61 23356072213016.363
29.590499524877966 4.436460626925029e-09 935779032.039398 50466766494185.305 21196041927557.938
29.520045954580638 4.1795483733130905e-09 883692769.7257116 47657743051962.01 20063909824875.63
29.449927080579258 3.931459580564227e-09 833217851.6079699 44935619752287.62 18962831535465.66
29.380140523516275 3.987434487841764e-09 847088268.2111071 45683654333017.7 19324185782866.05
29.310683926533965 3.8308700120293365e-09 815756303.7427405 43993914682426.13 18653419825347.855
29.241554955009118 3.757669024355376e-09 802060329.9516555 43255287840447.41 18383497332189.832
29.172751296291448 3.958739488220673e-09 846970937.529309 45677326663858.45 19458541158803.36
29.104270659445692 3.875702146757336e-09 831156198.0727755 44824434329244.086 19140033458587.703
29.036110774997343 3.943901914032588e-09 847767250.4828309 45720271994439.44 19568276413620.09
28.96826939468193 4.020410895740121e-09 866237270.299919 46716364175753.37 20041320231397.85
28.90074429119782 3.903452060141902e-09 843002373.4992853 45463301143555.93 19549219491729.582
28.83353325796248 4.29317457846203e-09 929329364.2419281 50118934508689.1 21601260773243.965
28.766634108872076 4.383696754869765e-09 951131202.6276001 51294712389238.31 22159315752151.9
28.700044678064504 4.451130591469541e-09 968003077.9844314 52204616292616.6 22604598854702.258
28.6337628196856 5.88124217794383e-09 1281975173.3223116 69137199604057.78 30005544628161.812
28.567786407658676 6.475201577889339e-09 1414704313.1616788 76295310950760.19 33188460263579.67
28.50211333545716 6.8056152735313334e-09 1490319234.5706987 80373240089553.4 35042732679043.65
28.43674151588042 6.5699228673540975e-09 1442013795.9087477 77768117288245.3 33984667254961.81
28.371668880832637 5.268570795107388e-09 1159035964.9191601 62507061386555.36 27378092887312.37
28.30689338110471 8.444089528089955e-09 1861871031.9075158 100411109238883.27 44080476955869.47
28.24241298615914 9.361268991134874e-09 2068816160.8854918 111571705003120.14 49091550201371.58
28.17822568391787 7.508676511593867e-09 1663177979.082642 89695549734331.81 39555737432839.516
28.114329480552975 7.2636218258346595e-09 1612554752.8105347 86965428143672.81 38438719239504.516
28.050722400280232 6.688847404819052e-09 1488319640.4510794 80265401544274.14 35557572884113.195
27.987402485155446 5.381636162691555e-09 1200164328.4779732 64725122968344.67 28737954597945.113
27.924367794873564 5.223995368453843e-09 1167638505.9714937 62970998294394.18 28022094241004.855
27.861616406570477 5.4784920141106234e-09 1227280119.2542312 66187483455764.73 29519617621271.15
27.799146414627494 5.447261486079988e-09 1223026133.9059834 65958065101763.11 29483255100487.465
27.736955930478437 5.157151031064938e-09 1160486328.8195949 62585279826794.734 28038205362404.984
27.675043082419336 5.046995139003737e-09 1138239245.6004097 61385489795645.53 27562084918241.87
27.613406015420622 5.39114944009732e-09 1218569676.3223023 65717727376117.84 29572977319254.203
27.552042890941912 5.353368415760569e-09 1212724918.4108436 65402518312189.8 29496535758797.895
27.490951886749137 5.117075305507825e-09 1161772267.868308 62654630799059.77 28319893121174.906
27.430131196734205 5.135301632309332e-09 1168495509.8528569 63017216699898.64 28546799165052.85
27.369579030736997 5.0299688356957206e-09 1147060042.565421 61861197292270.766 28084983570691.43
27.309293614369736 5.379168594956592e-09 1229401289.5212858 66301878629087.375 30167354776234.92
27.24927318884365 5.735492613697298e-09 1313725944.185846 70849525574525.67 32307383661983.09
27.189516010797938 5.880839577528725e-09 1349978433.17875 72804630181700.6 33271715993037.152
27.130020352130984 5.981778358882113e-09 1376160767.3851278 74216649153515.25 33991225312310.914
27.070784499833756 8.323700134082972e-09 1919130728.8193998 103499137132906.67 47506103944001.375
27.0118067558254 1.3999078114976497e-08 3234705728.6637206 174448382680797.88 80246256033169.92
26.953085436791 1.3910193330696446e-08 3221170054.0611134 173718400808878.47 80084182772885.98
26.894618874021383 1.0841475142330159e-08 2516007660.0384955 135688839703985.22 62688243943242.56
26.836405413255104 1.151714773496809e-08 2678610509.8970547 144458046722032.06 66884075632300.55
26.77844341452237 2.002914427301209e-08 4668378293.870847 251766655585187.47 116819728191525.23
26.720731251991072 1.245798534243782e-08 2909969595.5750346 156935292474988.03 72974911000867.73
26.663267313814746 1.2209032704077098e-08 2857964731.9897346 154130658883870.34 71824887039886.28
26.606050001982528 1.2019345115606503e-08 2819612175.932468 152062297203678.6 71013092794115.34
26.549077732171 1.0156166447369026e-08 2387642746.792704 128766092045594.67 60262531077337.86
26.492348933597984 7.429452427479926e-09 1750351674.8304515 94396846084338.77 44272120813555.68
26.43586204887816 6.7302914424988375e-09 1589020019.8763375 85696194883653.44 40277211595316.38
26.379615533880546 8.245277246273515e-09 1950858528.113118 105210224241623.84 49554015617804.69
26.323607857587806 8.039347783867717e-09 1906182065.3336701 102800812898047.56 48521983687878.77
26.267837501957324 6.818715890873249e-09 1620194857.2932255 87377460638223.19 41329538881880.97
26.212302961784054 6.8294628018538836e-09 1626186456.7915785 87700588900833.52 41570079138990.31
26.157002744565094 6.981148195965229e-09 1665819164.7806644 89837989452818.97 42673044990089.734
26.10193537036601 7.40961351633951e-09 1771788264.2042785 95552926006329.48 45483192779011.53
26.04709937168877 7.0536229256679765e-09 1690214594.0445383 91153640252882.53 43480286400625.71
25.992493293341415 6.957735550785768e-09 1670740315.2953448 90103388169186.73 43069419544872.06
25.93811569230932 6.867364681987093e-09 1652496934.2831357 89119518667856.8 42688249441901.75
25.88396513762809 6.922820853494846e-09 1669326400.624552 90027135443820.47 43213025013033.93
25.83004021025803 7.010653754578507e-09 1694035125.4979575 91359682344168.97 43944007207546.74
25.776339502960198 6.458540073048534e-09 1563875191.095425 84340128804830.28 40651942083927.45
25.722861620173973 7.379705254067716e-09 1790641765.4223702 96569699422910.17 46643164821266.09
25.66960517789618 7.970366174565657e-09 1937974508.5206137 104515386265970.16 50585446952729.43
25.616568803561684 7.3077368241746095e-09 1780536641.6498415 96024727902537.86 46571993032731.75
25.563751135925475 7.427392826011359e-09 1813429964.838046 97798671968092.64 47530154576488.0
25.5111508249462 1.6868518621750333e-08 4127013308.8116674 222570724330383.0 108391942748896.89
25.458766531671156 1.813955589389244e-08 4447114041.086178 239833826363251.94 117038907265267.06
25.40659692812265 2.062128525683341e-08 5065918599.592482 273206090637666.94 133597778321819.53
25.354640697185793 2.3909552384104606e-08 5885765568.034756 317420615756028.44 155536101720453.3
25.30289653249766 3.6284784799003943e-08 8950417357.637909 482697952559379.5 237004694706660.5
25.251363138337787 2.4261272196233035e-08 5996774494.240488 323407351262791.8 159116416821290.84
25.200039229520026 1.6796824182799237e-08 4160206941.8261867 224360864170112.7 110609906035867.8
25.148923531285707 1.3880562986009125e-08 3444900286.4635463 185784220847329.62 91777405098575.78
25.09801477919808 1.7439096546292373e-08 4336841859.854927 233886823673018.84 115773977718143.5
25.047311719038085 1.3018341087322098e-08 3244019829.671419 174950694171614.66 86775544309126.22
24.996813106701318 8.871623312108335e-09 2215171856.7547956 119464699476861.64 59373955639999.3
24.946517708096284 7.322904752069618e-09 1832155916.3028538 98808566598768.78 49206666166184.3
24.89642429904388 1.065641381479795e-08 2671548573.6486154 144077194965960.88 71894520288013.47
24.84653166517806 1.0646165628490416e-08 2674338763.4801598 144227670509739.75 72113835254870.61
24.796838601847703 8.770459412823544e-09 2207572638.7580395 119054871999380.23 59646490871687.6
24.747343914019662 7.660028461067781e-09 1931927232.5087616 104189255356891.2 52303006189158.07
24.69804641618297 8.084602736873253e-09 2043078514.4662833 110183668140275.12 55422385074561.234
24.648944932254178 8.241789389796837e-09 2086950521.3224802 112549695001143.89 56725046280574.625
24.60003829548383 8.458432983552727e-09 2146066149.683041 115737813681392.17 58447595909101.625
24.55132534836406 7.890697945420215e-09 2005993180.7152708 108183648034361.4 54740925905386.555
24.502804942537253 7.569355128867755e-09 1928111093.714481 103983450162666.42 52719609232472.69
24.45447593870582 7.081431393376661e-09 1807389132.0567598 97472888543837.89 49516227380271.586
24.406337206543014 7.156890018934092e-09 1830251244.7956252 98705847250597.5 50241276250550.79
24.358387624604813 7.3423084133234465e-09 1881365001.1656625 101462423236004.66 51745835850364.42
24.310626080242844 6.649743082307784e-09 1707252265.376846 92072485569237.14 47049040125876.74
24.263051469518295 7.034175920081777e-09 1809492472.9623077 97586322175821.1 49964196954022.14
24.215662697116894 6.603737753661014e-09 1702089664.239605 91794065368339.98 47090355533956.49
24.168458676264812 7.611362847973317e-09 1965633053.0618458 106007017581847.53 54487607037069.98
24.12143832864562 6.7538734314006915e-09 1747586543.0473404 94247721926555.7 48537576792174.336
24.07460058431815 7.153790546489089e-09 1854667683.458735 100022631092126.11 51611677643537.664
24.027944381635365 1.1037653776254647e-08 2867141481.197509 154625562962277.75 79941416051501.94
23.98146866716412 1.2058512096368933e-08 3138390075.022323 169254058555515.94 87673602331754.08
