string
integrated and resized binned spectra ROIsize spatial in px50:1600
converted file:an 22 2019_16.49.52_47 binning:0.1
nm muJ
23.8 5.444494795184576e-05
23.900000000000002 0.0004445805500024174
24.000000000000004 0.0005838009467926832
24.100000000000005 0.0005733379303006147
24.200000000000006 0.0005840566830492305
24.300000000000008 0.0005768958495383627
24.40000000000001 0.0005847783869275967
24.50000000000001 0.0005737347058847587
24.600000000000012 0.0005714809967366421
24.700000000000014 0.0005802678649665856
24.800000000000015 0.0005693807584003403
24.900000000000016 0.0005778897776141368
25.000000000000018 0.0005787896307451958
25.10000000000002 0.0005740499999122495
25.20000000000002 0.0005670882674785505
25.300000000000022 0.0005692161871307283
25.400000000000023 0.0005631664994957813
25.500000000000025 0.0005667049882378064
25.600000000000026 0.0005540705860384277
25.700000000000028 0.0005627751848899193
25.80000000000003 0.0005581483800890106
25.90000000000003 0.000557848655702201
26.000000000000032 0.0005646275647492653
26.100000000000033 0.0005687757670710598
26.200000000000035 0.0005581064918894594
26.300000000000036 0.0005635311760068532
26.400000000000038 0.0005604438842040602
26.50000000000004 0.0005579410660848374
26.60000000000004 0.0005662231462635377
26.700000000000042 0.0005663130700191873
26.800000000000043 0.00056740945699305
26.900000000000045 0.0005856435811269181
27.000000000000046 0.0005730901888832546
27.100000000000048 0.0005721096924881688
27.20000000000005 0.0005687557194678919
27.30000000000005 0.0005673028025470362
27.400000000000052 0.0005793824647164109
27.500000000000053 0.0005762198605973035
27.600000000000055 0.0005767750225422726
27.700000000000056 0.0005874534275417262
27.800000000000058 0.0006009612796810185
27.90000000000006 0.0006084151706326055
28.00000000000006 0.0006151614973248019
28.100000000000062 0.0006239197073183597
28.200000000000063 0.0006420523853037353
28.300000000000065 0.000653378072651079
28.400000000000066 0.0006642843399494832
28.500000000000068 0.0006760182305992576
28.60000000000007 0.0006907617382191684
28.70000000000007 0.0007076657606826512
28.80000000000007 0.0007225489170384762
28.900000000000073 0.0007392114953258772
29.000000000000075 0.0007574635103064249
29.100000000000076 0.0007760100796090061
29.200000000000077 0.0008059729694426542
29.30000000000008 0.0008111902215386214
29.40000000000008 0.0008302171816458922
29.50000000000008 0.000850631870971096
29.600000000000083 0.000870911461260793
29.700000000000085 0.0008930770073213149
29.800000000000086 0.0009118945963821201
29.900000000000087 0.000937223417398147
30.00000000000009 0.0009559190583044292
30.10000000000009 0.0010091402110593377
30.20000000000009 0.0010219381334936853
30.300000000000093 0.0010508703170356351
30.400000000000095 0.0010711858817571444
30.500000000000096 0.001098766049050018
30.600000000000097 0.0011448672214217988
30.7000000000001 0.0011699247939820267
30.8000000000001 0.001184228448371558
30.9000000000001 0.0012164498661740364
31.000000000000103 0.0012695832870606952
31.100000000000104 0.0012578872110141296
31.200000000000106 0.0012672388821972776
31.300000000000107 0.0013119124753594032
31.40000000000011 0.0013078609295216529
31.50000000000011 0.0013135025064923995
31.60000000000011 0.001346597531698028
31.700000000000113 0.0013462787760951658
31.800000000000114 0.0013483857563894612
31.900000000000116 0.0013992658955525518
32.000000000000114 0.0013885425489994626
32.100000000000115 0.001422719202526556
32.20000000000012 0.0014206695841671075
32.30000000000012 0.001424732982469031
32.40000000000012 0.0014769271683290543
32.50000000000012 0.0014630723557631608
32.60000000000012 0.0015166466011018063
32.700000000000124 0.001501545945162384
32.800000000000125 0.001548737372508699
32.90000000000013 0.0015412150930493632
33.00000000000013 0.0015824958449388562
33.10000000000013 0.0015642421908445203
33.20000000000013 0.0016050518072727974
33.30000000000013 0.0015918363414641902
33.400000000000134 0.0016425533272555351
33.500000000000135 0.0016262463121235948
33.600000000000136 0.0016746545578589216
33.70000000000014 0.0016801693840784954
33.80000000000014 0.0016705970475555509
33.90000000000014 0.0017065796039293958
34.00000000000014 0.0016903784220700857
34.10000000000014 0.0017434392763662613
34.200000000000145 0.001750613823075592
34.300000000000146 0.0017780488013508047
34.40000000000015 0.0018445745548058027
34.50000000000015 0.0018271265135370173
34.60000000000015 0.0018840138155698635
34.70000000000015 0.001908200162416181
34.80000000000015 0.0019220225082757177
34.900000000000155 0.0019085686249911517
35.000000000000156 0.0019370070115722945
35.10000000000016 0.001950766772633713
35.20000000000016 0.0019386902887504778
35.30000000000016 0.00199299556399792
35.40000000000016 0.0020090689731211424
35.50000000000016 0.002025550362228035
35.600000000000165 0.0020155913299532563
35.700000000000166 0.002066683906280154
35.80000000000017 0.002087192107808419
35.90000000000017 0.0021011778411550975
36.00000000000017 0.0020772298788472405
36.10000000000017 0.0021493685663098025
36.20000000000017 0.0021611894461869567
36.300000000000175 0.0021846004091264854
36.400000000000176 0.002196985650558505
36.50000000000018 0.002217887816418165
36.60000000000018 0.0021961576193369986
36.70000000000018 0.0022673991142706565
36.80000000000018 0.002286924655998685
36.90000000000018 0.002313087687621668
37.000000000000185 0.002332162231303431
37.100000000000186 0.0023546912892280776
37.20000000000019 0.002380625714044961
37.30000000000019 0.0024707608649184422
37.40000000000019 0.002619851916892785
37.50000000000019 0.0024665374372721104
37.60000000000019 0.002447588811988055
37.700000000000195 0.002492322233752953
37.800000000000196 0.0025364555128063013
37.9000000000002 0.002538347033921426
38.0000000000002 0.002546895699945555
38.1000000000002 0.0025679666697076184
38.2000000000002 0.002582706442783061
38.3000000000002 0.002603086829538399
38.400000000000205 0.0026282362745140408
38.500000000000206 0.0026432064722483268
38.60000000000021 0.0026719800342848983
38.70000000000021 0.0026921271485162083
38.80000000000021 0.002713290335249544
38.90000000000021 0.002725437988472375
39.00000000000021 0.0028453124916049343
39.100000000000215 0.0028131465114145616
39.200000000000216 0.0028072162664852358
39.30000000000022 0.002825509246642964
39.40000000000022 0.002865192396550565
39.50000000000022 0.0028683002663806604
39.60000000000022 0.002898941230119439
39.70000000000022 0.0029264871179406683
39.800000000000225 0.002947985073392861
39.900000000000226 0.002988517862964765
40.00000000000023 0.0030798656236851545
40.10000000000023 0.003041670275285047
40.20000000000023 0.003046806022979228
40.30000000000023 0.003036377573007752
40.40000000000023 0.0030490747232840487
40.500000000000234 0.0030327742794583855
40.600000000000236 0.0031424150321676856
40.70000000000024 0.003083397184793951
40.80000000000024 0.0030992509285238104
40.90000000000024 0.0031059788260269497
41.00000000000024 0.0032341140052030504
41.10000000000024 0.003326309595876319
41.200000000000244 0.0032857497858943007
41.300000000000246 0.0031775150584435214
41.40000000000025 0.0031733590862835994
41.50000000000025 0.0032897771846863446
41.60000000000025 0.0032314392891489158
41.70000000000025 0.003215973095445079
41.80000000000025 0.0032792000619761524
41.900000000000254 0.003310726662970613
42.000000000000256 0.003260317133308481
42.10000000000026 0.003218365680392189
42.20000000000026 0.0034724055101369475
42.30000000000026 0.0034394776525001622
42.40000000000026 0.0032429626935414203
42.50000000000026 0.003270404755471843
42.600000000000264 0.0031617774517671833
42.700000000000266 0.00312751274062576
42.80000000000027 0.003208518948648757
42.90000000000027 0.0031196818137398264
43.00000000000027 0.003245606543836272
43.10000000000027 0.003295624722701802
43.20000000000027 0.003369628966750806
43.300000000000274 0.003838361101799158
43.400000000000276 0.00419611627852365
43.50000000000028 0.00391583691929996
43.60000000000028 0.0034030024610425687
43.70000000000028 0.00344774253964453
43.80000000000028 0.003677018780939646
43.90000000000028 0.0035732699336426363
44.000000000000284 0.0035288105423786453
44.100000000000286 0.003503920942159274
44.20000000000029 0.0037330554355555095
44.30000000000029 0.003453449414696597
44.40000000000029 0.0034036630942815235
44.50000000000029 0.0039039415967393044
44.60000000000029 0.004337754562896065
44.700000000000294 0.004109356761293775
44.800000000000296 0.0034611276787769084
44.9000000000003 0.003395733198675243
45.0000000000003 0.0033798404806806587
45.1000000000003 0.003324354595469837
45.2000000000003 0.0032947760772114795
45.3000000000003 0.003176997879382836
45.400000000000304 0.003264922290242225
45.500000000000306 0.003426614298089215
45.60000000000031 0.0037458375121071407
45.70000000000031 0.003908080434809496
45.80000000000031 0.004875452529985041
45.90000000000031 0.006110861243035056
46.00000000000031 0.006348767346621755
46.100000000000314 0.004910816336046026
46.200000000000315 0.004181478687958831
46.30000000000032 0.004662162893837421
46.40000000000032 0.004376635412098766
46.50000000000032 0.004126931582019998
46.60000000000032 0.003985906056139428
46.70000000000032 0.004054173620422585
46.800000000000324 0.004240848351827343
46.900000000000325 0.00383353348690851
47.00000000000033 0.0039422524791449835
47.10000000000033 0.0051691886592835174
47.20000000000033 0.0062827700364285555
47.30000000000033 0.00585148678786208
47.40000000000033 0.004427689215317575
47.500000000000334 0.003630771684770962
47.600000000000335 0.0038165991103836926
47.70000000000034 0.0038760323862598875
47.80000000000034 0.003470759586011616
47.90000000000034 0.0033462654455015278
48.00000000000034 0.0035688665021931594
48.10000000000034 0.003701236208678303
48.200000000000344 0.0035160338378659893
48.300000000000345 0.003940778044609284
48.40000000000035 0.004690288769731305
48.50000000000035 0.004889020617571944
48.60000000000035 0.00536604955854266
48.70000000000035 0.007946544981246462
48.80000000000035 0.009902075849559058
48.900000000000354 0.00983242495578889
49.000000000000355 0.0075358645070723
49.10000000000036 0.0060681582682112324
49.20000000000036 0.005337551420004249
49.30000000000036 0.005116068511940558
49.40000000000036 0.004684114354183984
49.50000000000036 0.004095413851848401
49.600000000000364 0.004713222196392274
49.700000000000365 0.004737138306953935
49.80000000000037 0.004111359642992033
49.90000000000037 0.003989689917453604
50.00000000000037 0.005287680154900734
50.10000000000037 0.007488832375482081
50.20000000000037 0.00782544032793746
50.300000000000374 0.0065368406698828666
50.400000000000375 0.004424727298174922
50.50000000000038 0.003569578858142467
50.60000000000038 0.003894510580493175
50.70000000000038 0.003957067552079008
50.80000000000038 0.003708459207370142
50.90000000000038 0.003267004317856152
51.000000000000384 0.0031011133511377313
51.100000000000385 0.0033878627504750967
51.20000000000039 0.00353016562724052
51.30000000000039 0.003842538800513765
51.40000000000039 0.00386251051091646
51.50000000000039 0.004147786835292408
51.60000000000039 0.003996577790396837
51.700000000000394 0.004886154823117903
51.800000000000395 0.005238670261450901
