string
integrated and resized binned spectra ROIsize spatial in px50:1600
converted file:an 22 2019_16.30.02_34 binning:0.1
nm muJ
23.8 -2.0697413151335748e-07
23.900000000000002 8.538023222813452e-05
24.000000000000004 0.00013451518815648945
24.100000000000005 0.00012440993822103498
24.200000000000006 0.00012078053004578589
24.300000000000008 0.00011731470402338777
24.40000000000001 0.00011183078179865105
24.50000000000001 0.0001068221827515606
24.600000000000012 0.0001098439233413811
24.700000000000014 0.00010718868840285876
24.800000000000015 0.00010178018738776953
24.900000000000016 0.00010329722972089668
25.000000000000018 0.00010787767129044701
25.10000000000002 9.856342718270974e-05
25.20000000000002 9.267936354565111e-05
25.300000000000022 9.000982525500258e-05
25.400000000000023 9.49607371044489e-05
25.500000000000025 8.874359625587695e-05
25.600000000000026 8.575292569918716e-05
25.700000000000028 8.056936002994223e-05
25.80000000000003 8.217731057813252e-05
25.90000000000003 8.337116831988921e-05
26.000000000000032 8.217935553246443e-05
26.100000000000033 8.573257762971604e-05
26.200000000000035 9.25373677171326e-05
26.300000000000036 9.205495185592032e-05
26.400000000000038 9.096366536966527e-05
26.50000000000004 8.953626514591094e-05
26.60000000000004 9.183068606582239e-05
26.700000000000042 9.786779933236106e-05
26.800000000000043 0.00010516061302845297
26.900000000000045 0.00011737040525497492
27.000000000000046 0.00010636332596430619
27.100000000000048 0.00010422854987164655
27.20000000000005 0.0001046763316795128
27.30000000000005 0.00011665133334415926
27.400000000000052 0.00011857701531862321
27.500000000000053 0.00011974534656187425
27.600000000000055 0.00013544357481102374
27.700000000000056 0.00014083571961491756
27.800000000000058 0.00014387376181296366
27.90000000000006 0.00015491222894110454
28.00000000000006 0.00016138849475955577
28.100000000000062 0.0001789866401466876
28.200000000000063 0.000186633171043846
28.300000000000065 0.00019725461223400186
28.400000000000066 0.00020738008232938036
28.500000000000068 0.00022573600390280005
28.60000000000007 0.00024560680113376154
28.70000000000007 0.00025975458428943303
28.80000000000007 0.0002686416710576583
28.900000000000073 0.00028702045273009286
29.000000000000075 0.00030732844084192524
29.100000000000076 0.0003266663463770491
29.200000000000077 0.0003475807341201168
29.30000000000008 0.00035360590559428646
29.40000000000008 0.00037986469451555547
29.50000000000008 0.00040793275500207205
29.600000000000083 0.00043949429938475805
29.700000000000085 0.00046682454296344354
29.800000000000086 0.00046706348403830167
29.900000000000087 0.0004781234727786502
30.00000000000009 0.0004979448964112258
30.10000000000009 0.0005425390469137049
30.20000000000009 0.000561696533706059
30.300000000000093 0.0005809900936724432
30.400000000000095 0.0006046956845979858
30.500000000000096 0.0006371576810329818
30.600000000000097 0.0006820402633416902
30.7000000000001 0.0007305844933231312
30.8000000000001 0.0007781835658512441
30.9000000000001 0.0007836622073711649
31.000000000000103 0.0007999348507765283
31.100000000000104 0.0007903009649675006
31.200000000000106 0.0008145500561061747
31.300000000000107 0.0008553257237871531
31.40000000000011 0.0008556310325228915
31.50000000000011 0.0008660645527523038
31.60000000000011 0.000895195971869807
31.700000000000113 0.0009098470236935703
31.800000000000114 0.000939143029764212
31.900000000000116 0.0010107597486178489
32.000000000000114 0.0010730326242433816
32.100000000000115 0.0010950626367774562
32.20000000000012 0.0010472958790237598
32.30000000000012 0.0010389922158322044
32.40000000000012 0.0010833157543306703
32.50000000000012 0.001083030698922066
32.60000000000012 0.001120635037340013
32.700000000000124 0.0011201380184281543
32.800000000000125 0.0011548899023416943
32.90000000000013 0.00116870077309681
33.00000000000013 0.001215665387488594
33.10000000000013 0.0012423255767451888
33.20000000000013 0.0013291346155755125
33.30000000000013 0.0014364649967631169
33.400000000000134 0.0015052965712080675
33.500000000000135 0.0014102887232498376
33.600000000000136 0.00139264998398137
33.70000000000014 0.0013745095800429068
33.80000000000014 0.0013824077848892265
33.90000000000014 0.0014133787793057305
34.00000000000014 0.001391326800370683
34.10000000000014 0.0014273152505498016
34.200000000000145 0.0014487549398962544
34.300000000000146 0.001472444302288901
34.40000000000015 0.0015669272569601353
34.50000000000015 0.0015714219871733677
34.60000000000015 0.0016920776010162497
34.70000000000015 0.0018954047891453557
34.80000000000015 0.002060288903649784
34.900000000000155 0.0019608437393784034
35.000000000000156 0.0018411893083344843
35.10000000000016 0.0017520317620196943
35.20000000000016 0.001731985211447115
35.30000000000016 0.0017867977077478385
35.40000000000016 0.0018017071759952245
35.50000000000016 0.0017961656099427937
35.600000000000165 0.001778374445904557
35.700000000000166 0.0018424454989582366
35.80000000000017 0.0018590776544412083
35.90000000000017 0.0019166963322183573
36.00000000000017 0.0019181856906265397
36.10000000000017 0.002082737320341825
36.20000000000017 0.002256293490222246
36.300000000000175 0.002661520550468872
36.400000000000176 0.002838916253526495
36.50000000000018 0.002656332230241495
36.60000000000018 0.0023497698077874114
36.70000000000018 0.0022874663813795184
36.80000000000018 0.002301557504443091
36.90000000000018 0.002320821330239931
37.000000000000185 0.0023326396413753748
37.100000000000186 0.0023127879211451144
37.20000000000019 0.0023063074102659194
37.30000000000019 0.0023788760323530693
37.40000000000019 0.00253333379797374
37.50000000000019 0.0024339546574264287
37.60000000000019 0.002482296805839097
37.700000000000195 0.00255095394010848
37.800000000000196 0.002786679170424077
37.9000000000002 0.0029961964521338738
38.0000000000002 0.0037349256338285483
38.1000000000002 0.004315573259741066
38.2000000000002 0.0041151047813588046
38.3000000000002 0.003618627720528913
38.400000000000205 0.003255649637526985
38.500000000000206 0.0030976985419909862
38.60000000000021 0.003102048302953553
38.70000000000021 0.0030634569660291594
38.80000000000021 0.003012249009129107
38.90000000000021 0.0029055350386137965
39.00000000000021 0.003016342339544963
39.100000000000215 0.002941250612620432
39.200000000000216 0.003071568923642152
39.30000000000022 0.0030531953806823713
39.40000000000022 0.0032130461353102567
39.50000000000022 0.0031993060517837373
39.60000000000022 0.003412709161798319
39.70000000000022 0.003772183966220119
39.800000000000225 0.004265943176028895
39.900000000000226 0.005956783101628364
40.00000000000023 0.007425765502184826
40.10000000000023 0.0067420788782015595
40.20000000000023 0.005758058841410032
40.30000000000023 0.004926541139246241
40.40000000000023 0.004350080418915352
40.500000000000234 0.00427143235502575
40.600000000000236 0.004337500029056638
40.70000000000024 0.004107380719360272
40.80000000000024 0.003980096599299835
40.90000000000024 0.0038418530425965874
41.00000000000024 0.0041034070060889495
41.10000000000024 0.003974355297103697
41.200000000000244 0.004031324834988258
41.300000000000246 0.003898978155943038
41.40000000000025 0.004027193235586092
41.50000000000025 0.004109870289493413
41.60000000000025 0.004088071220219464
41.70000000000025 0.004712232379374106
41.80000000000025 0.0052751254640921435
41.900000000000254 0.006573334965525176
42.000000000000256 0.009566133377310458
42.10000000000026 0.01133058482559715
42.20000000000026 0.011087217684390796
42.30000000000026 0.00872164100421186
42.40000000000026 0.008151937533827008
42.50000000000026 0.0074378530001099515
42.600000000000264 0.006605154539895966
42.700000000000266 0.005999355190113099
42.80000000000027 0.005542107467798417
42.90000000000027 0.005054220737136975
43.00000000000027 0.004789689533603685
43.10000000000027 0.004869693333648926
43.20000000000027 0.004506823051419953
43.300000000000274 0.004676810614014343
43.400000000000276 0.004823645511263403
43.50000000000028 0.004679606280612422
43.60000000000028 0.004756816721590215
43.70000000000028 0.005198433862654213
43.80000000000028 0.004764445651170773
43.90000000000028 0.00519686914632288
44.000000000000284 0.0059883730410272085
44.100000000000286 0.006424100040348381
44.20000000000029 0.009765932760508104
44.30000000000029 0.014662196758704822
44.40000000000029 0.017607222413937022
44.50000000000029 0.018644673980421415
44.60000000000029 0.016890948989668683
44.700000000000294 0.014281243639409287
44.800000000000296 0.011058876585938595
44.9000000000003 0.008468959673145567
45.0000000000003 0.006667682545728902
45.1000000000003 0.006415581993511205
45.2000000000003 0.0062141754350251415
45.3000000000003 0.005834235740131317
45.400000000000304 0.006320134105788326
45.500000000000306 0.006165014384151681
45.60000000000031 0.006247480608566676
45.70000000000031 0.0062129202857940605
45.80000000000031 0.005817217452305624
45.90000000000031 0.006606805217784942
46.00000000000031 0.00581555905656116
46.100000000000314 0.005862366561643004
46.200000000000315 0.005695789154255575
46.30000000000032 0.00533830816153694
46.40000000000032 0.005122933436173844
46.50000000000032 0.006582005722232123
46.60000000000032 0.007087137004958985
46.70000000000032 0.008383555916917211
46.800000000000324 0.013821649722306817
46.900000000000325 0.021433927640708242
47.00000000000033 0.021956290995603513
47.10000000000033 0.02495718239003115
47.20000000000033 0.02453621621780567
47.30000000000033 0.022316606879674353
47.40000000000033 0.01740645284283092
47.500000000000334 0.01552703211355706
47.600000000000335 0.014132401729401512
47.70000000000034 0.010370789280319953
47.80000000000034 0.010174515724505461
47.90000000000034 0.008549738749410682
48.00000000000034 0.008888617691437343
48.10000000000034 0.007570714733053721
48.200000000000344 0.007455753036599928
48.300000000000345 0.007412764501924324
48.40000000000035 0.006839910974497052
48.50000000000035 0.007136235077966609
48.60000000000035 0.007331483840436329
48.70000000000035 0.0075163298972354695
48.80000000000035 0.007502699956564284
48.900000000000354 0.006447069965496136
49.000000000000355 0.006691032400209298
49.10000000000036 0.005937708355148845
49.20000000000036 0.005224862085178504
49.30000000000036 0.008233629249463028
49.40000000000036 0.008340588154373364
49.50000000000036 0.007924322546972812
49.600000000000364 0.013538196896796664
49.700000000000365 0.020038102197016707
49.80000000000037 0.02666033617148959
49.90000000000037 0.03053729200160526
50.00000000000037 0.035332334348478
50.10000000000037 0.037794982720186165
50.20000000000037 0.036368187186177174
50.300000000000374 0.027602736293971305
50.400000000000375 0.021683222192244708
50.50000000000038 0.01447412446111605
50.60000000000038 0.012122842664046776
50.70000000000038 0.008727995304232098
50.80000000000038 0.008053795416085896
50.90000000000038 0.007980050894496934
51.000000000000384 0.008225288212667657
51.100000000000385 0.007074433338112928
51.20000000000039 0.008793800843458769
51.30000000000039 0.008795238111728762
51.40000000000039 0.00701950065089856
51.50000000000039 0.007529228301037092
51.60000000000039 0.006638164621457375
51.700000000000394 0.006845310535406373
51.800000000000395 0.007050218537462075
