string
integrated and resized binned spectra ROIsize spatial in px50:1600
converted file:an 22 2019_17.00.21_50 binning:0.1
nm muJ
23.8 1.3905255358942055e-05
23.900000000000002 0.00019862969030447805
24.000000000000004 0.0002746697312202264
24.100000000000005 0.00026088578615353727
24.200000000000006 0.0002647762625082742
24.300000000000008 0.00025730590239055875
24.40000000000001 0.0002540312224019321
24.50000000000001 0.00024962729923312763
24.600000000000012 0.00024327761751981598
24.700000000000014 0.0002465282456309224
24.800000000000015 0.00023311812892609415
24.900000000000016 0.00023689482184332215
25.000000000000018 0.00023964181883469362
25.10000000000002 0.00022854874410831793
25.20000000000002 0.00022516513790718908
25.300000000000022 0.00022071832224784777
25.400000000000023 0.00021697156929430657
25.500000000000025 0.00021450189118009684
25.600000000000026 0.00021029134804303003
25.700000000000028 0.00020795830725688964
25.80000000000003 0.00020611409456460533
25.90000000000003 0.0002012327439497819
26.000000000000032 0.00020458033472969827
26.100000000000033 0.00020494376271062154
26.200000000000035 0.00020366896669472677
26.300000000000036 0.00020456851837403545
26.400000000000038 0.0002055035826318333
26.50000000000004 0.00020360367955586198
26.60000000000004 0.00020530462407535925
26.700000000000042 0.00020515310024423554
26.800000000000043 0.00021570477265220466
26.900000000000045 0.00023024998265125458
27.000000000000046 0.00021584555872893868
27.100000000000048 0.0002123578647182734
27.20000000000005 0.0002144717054075397
27.30000000000005 0.0002229104310647892
27.400000000000052 0.00022685178535688968
27.500000000000053 0.00022434507491663982
27.600000000000055 0.0002302089293447186
27.700000000000056 0.00023918534733076907
27.800000000000058 0.0002483199718900637
27.90000000000006 0.00025969536612499496
28.00000000000006 0.0002649311215674759
28.100000000000062 0.0002786389120881075
28.200000000000063 0.00028619559974186624
28.300000000000065 0.00030055241006841124
28.400000000000066 0.00031211721989836676
28.500000000000068 0.00032296958247988864
28.60000000000007 0.00033331263266036257
28.70000000000007 0.00035236398235258487
28.80000000000007 0.00036512687899251627
28.900000000000073 0.00038226493753902856
29.000000000000075 0.0004027108897806766
29.100000000000076 0.00042408387343723347
29.200000000000077 0.00045029922621445416
29.30000000000008 0.0004560688446241112
29.40000000000008 0.0004759514614811511
29.50000000000008 0.0004941310921890146
29.600000000000083 0.0005150795525104119
29.700000000000085 0.0005325930129640486
29.800000000000086 0.0005513477573298788
29.900000000000087 0.0005762577652349911
30.00000000000009 0.0005972474311599485
30.10000000000009 0.0006417556530748956
30.20000000000009 0.0006619685575046385
30.300000000000093 0.0006932334118206771
30.400000000000095 0.0007105892897818656
30.500000000000096 0.0007369686369061888
30.600000000000097 0.0007727882649012694
30.7000000000001 0.0008020648362106689
30.8000000000001 0.0008163866725198884
30.9000000000001 0.0008427395267565928
31.000000000000103 0.0008929918677798292
31.100000000000104 0.000893781098662855
31.200000000000106 0.0009066901078550958
31.300000000000107 0.0009476511801833923
31.40000000000011 0.0009572729495618785
31.50000000000011 0.0009728020481107752
31.60000000000011 0.0010064488044156388
31.700000000000113 0.0010132231632552554
31.800000000000114 0.0010201154102356727
31.900000000000116 0.0010626617966937094
32.000000000000114 0.0010579804448692062
32.100000000000115 0.0010953759901790423
32.20000000000012 0.0011077923637208475
32.30000000000012 0.0011143764845967863
32.40000000000012 0.0011675617984450728
32.50000000000012 0.0011650491561661608
32.60000000000012 0.0012104191663279858
32.700000000000124 0.0012202951102273508
32.800000000000125 0.0012734451253283827
32.90000000000013 0.0012823084169892936
33.00000000000013 0.0013105148674909138
33.10000000000013 0.0012997692038208535
33.20000000000013 0.0013342492078420064
33.30000000000013 0.0013355299751335503
33.400000000000134 0.0013827448180612247
33.500000000000135 0.001372857026500051
33.600000000000136 0.0014203466090320983
33.70000000000014 0.0014291612539661601
33.80000000000014 0.0014272211183750834
33.90000000000014 0.0014749100676726336
34.00000000000014 0.0014680564399720856
34.10000000000014 0.0015301133053933062
34.200000000000145 0.0015751966403227014
34.300000000000146 0.0016306842299253703
34.40000000000015 0.0016883694485066412
34.50000000000015 0.0016605227482167897
34.60000000000015 0.0017067386485675633
34.70000000000015 0.0017369354871972437
34.80000000000015 0.0017475301332493514
34.900000000000155 0.0017264869190393166
35.000000000000156 0.0017676521241440605
35.10000000000016 0.0017862301589580342
35.20000000000016 0.0017803536771095233
35.30000000000016 0.0018287800718370826
35.40000000000016 0.0018532855787460082
35.50000000000016 0.0018931800783244578
35.600000000000165 0.0019048204443355872
35.700000000000166 0.0020136875611314947
35.80000000000017 0.002075582784389313
35.90000000000017 0.0021030871890641185
36.00000000000017 0.002017226240828937
36.10000000000017 0.002076393447483677
36.20000000000017 0.002076983565815532
36.300000000000175 0.0021131565694120333
36.400000000000176 0.0021319192453225994
36.50000000000018 0.0021393806433001915
36.60000000000018 0.0021358926909064366
36.70000000000018 0.0022048078946114765
36.80000000000018 0.002218293336661236
36.90000000000018 0.0022507184128959675
37.000000000000185 0.0022931685013212757
37.100000000000186 0.0023150124664780424
37.20000000000019 0.00239367013439475
37.30000000000019 0.002564915141728354
37.40000000000019 0.002863930708811446
37.50000000000019 0.0027978093055191808
37.60000000000019 0.002800976681722503
37.700000000000195 0.0027144399630784012
37.800000000000196 0.0026833310783077047
37.9000000000002 0.0026916039082995114
38.0000000000002 0.00268093562859222
38.1000000000002 0.002681531391009392
38.2000000000002 0.0026662108613160936
38.3000000000002 0.0027036745254047844
38.400000000000205 0.002712064459804639
38.500000000000206 0.0027185165798455603
38.60000000000021 0.0027595903508375627
38.70000000000021 0.0028271115501058977
38.80000000000021 0.0028100723597429653
38.90000000000021 0.002893306869092087
39.00000000000021 0.00302044953825288
39.100000000000215 0.003154988152406734
39.200000000000216 0.0033724186472595444
39.30000000000022 0.0036466171419441925
39.40000000000022 0.0041154316895326525
39.50000000000022 0.004003205740174072
39.60000000000022 0.00360932144475405
39.70000000000022 0.003653374554382839
39.800000000000225 0.003587070136996418
39.900000000000226 0.0035444552272254574
40.00000000000023 0.0035836827768352003
40.10000000000023 0.003408304136596081
40.20000000000023 0.00349759245521972
40.30000000000023 0.0033713555355025897
40.40000000000023 0.003383508250829143
40.500000000000234 0.0034074771620876756
40.600000000000236 0.0035883024196958057
40.70000000000024 0.0034246905465935952
40.80000000000024 0.0035995175294092157
40.90000000000024 0.003550308737774498
41.00000000000024 0.0038321987780192365
41.10000000000024 0.004148832271840276
41.200000000000244 0.004405341810476653
41.300000000000246 0.004963541197422141
41.40000000000025 0.006337899096171996
41.50000000000025 0.0067785868840763925
41.60000000000025 0.005905368827082497
41.70000000000025 0.005645701511114187
41.80000000000025 0.005179196705866978
41.900000000000254 0.005012832826909621
42.000000000000256 0.004566933525385268
42.10000000000026 0.00416157629346822
42.20000000000026 0.0043679782121553825
42.30000000000026 0.004159137130260667
42.40000000000026 0.003898613775657343
42.50000000000026 0.004009261205527801
42.600000000000264 0.004041503689431957
42.700000000000266 0.004013591374323201
42.80000000000027 0.0040083685614540785
42.90000000000027 0.00428484630492193
43.00000000000027 0.004220995876250028
43.10000000000027 0.004294579034684813
43.20000000000027 0.004880470674274929
43.300000000000274 0.004697640554905642
43.400000000000276 0.005949732301344987
43.50000000000028 0.006126354744051797
43.60000000000028 0.007454121134160214
43.70000000000028 0.01054096093729551
43.80000000000028 0.010313253097525718
43.90000000000028 0.01056110986413258
44.000000000000284 0.009409915780799104
44.100000000000286 0.00706991369011071
44.20000000000029 0.006852150937320467
44.30000000000029 0.005584305709625844
44.40000000000029 0.005221449955928748
44.50000000000029 0.005537707673773969
44.60000000000029 0.004838108116441129
44.700000000000294 0.004945014149756614
44.800000000000296 0.004724339898467454
44.9000000000003 0.004960298841256491
45.0000000000003 0.004916228207068079
45.1000000000003 0.004515715460571154
45.2000000000003 0.004920308323424141
45.3000000000003 0.005016749357647629
45.400000000000304 0.004711273364943666
45.500000000000306 0.0055561633426414085
45.60000000000031 0.006008862995936622
45.70000000000031 0.005403250803911058
45.80000000000031 0.006951930130135225
45.90000000000031 0.008118080221737914
46.00000000000031 0.008173640690950142
46.100000000000314 0.010014096935217445
46.200000000000315 0.01398253039301414
46.30000000000032 0.018565607973380208
46.40000000000032 0.018890707460891595
46.50000000000032 0.015385468423921626
46.60000000000032 0.012872441887807503
46.70000000000032 0.009484693313139038
46.800000000000324 0.008010282626052436
46.900000000000325 0.007269123127411925
47.00000000000033 0.007057276069670967
47.10000000000033 0.006437513184066326
47.20000000000033 0.005807374226579378
47.30000000000033 0.0058688265693010045
47.40000000000033 0.006035497769124515
47.500000000000334 0.005817995468388874
47.600000000000335 0.005838184759637378
47.70000000000034 0.005543365931055234
47.80000000000034 0.006204404805355047
47.90000000000034 0.0063388322413825485
48.00000000000034 0.005687604782519174
48.10000000000034 0.006083025060372731
48.200000000000344 0.007950074445435697
48.300000000000345 0.006909188624300918
48.40000000000035 0.006612134757887833
48.50000000000035 0.010209085811899863
48.60000000000035 0.008540626540066563
48.70000000000035 0.009249861963843154
48.80000000000035 0.012234207555640884
48.900000000000354 0.011053529857015645
49.000000000000355 0.01510623245348926
49.10000000000036 0.02316839873013087
49.20000000000036 0.026994663125398662
49.30000000000036 0.025367461426940557
49.40000000000036 0.021127911985799722
49.50000000000036 0.01628207650139309
49.600000000000364 0.010756793506220684
49.700000000000365 0.00842899838618985
49.80000000000037 0.008734864445204103
49.90000000000037 0.008157585737677244
50.00000000000037 0.0074259802130560906
50.10000000000037 0.006855302215802693
50.20000000000037 0.0068997392501768265
50.300000000000374 0.0065123810052882015
50.400000000000375 0.006698540346186721
50.50000000000038 0.006494652553148918
50.60000000000038 0.006328469858966777
50.70000000000038 0.0058513972436903304
50.80000000000038 0.006368681838406555
50.90000000000038 0.006076470400949926
51.000000000000384 0.00541221232945902
51.100000000000385 0.006449251245299721
51.20000000000039 0.007982533771137761
51.30000000000039 0.006375402340190104
51.40000000000039 0.005614651971001996
51.50000000000039 0.009398650952086663
51.60000000000039 0.008441997001908218
51.700000000000394 0.00729870029399294
51.800000000000395 0.008692509005782846
