string
integrated and resized binned spectra ROIsize spatial in px50:1600
converted file:an 22 2019_18.00.32_76 binning:0.1
nm muJ
23.8 7.519323586893348e-05
23.900000000000002 0.0006576811055831505
24.000000000000004 0.0008694754686395306
24.100000000000005 0.000864160192807205
24.200000000000006 0.0008828342022260996
24.300000000000008 0.0008740834362040035
24.40000000000001 0.0008826279590878881
24.50000000000001 0.0008753514618111899
24.600000000000012 0.0008721135192589772
24.700000000000014 0.0008834357874003212
24.800000000000015 0.0008705863462437515
24.900000000000016 0.0008798017703379042
25.000000000000018 0.0008729460139708379
25.10000000000002 0.0008725861999530743
25.20000000000002 0.0008621703699366733
25.300000000000022 0.0008697844678196814
25.400000000000023 0.0008542162492358321
25.500000000000025 0.0008657391532949499
25.600000000000026 0.0008485598709512715
25.700000000000028 0.0008588911015849344
25.80000000000003 0.0008536871375329286
25.90000000000003 0.0008427337664095624
26.000000000000032 0.0008496575140307599
26.100000000000033 0.0008494134226284469
26.200000000000035 0.0008330922997576469
26.300000000000036 0.0008437364043126246
26.400000000000038 0.0008428882975103929
26.50000000000004 0.0008307222712803673
26.60000000000004 0.0008415754095118449
26.700000000000042 0.0008393632765350209
26.800000000000043 0.000833244821383284
26.900000000000045 0.0008560755651095566
27.000000000000046 0.0008428679661041427
27.100000000000048 0.000840174195319946
27.20000000000005 0.0008366925172289554
27.30000000000005 0.000826094354207954
27.400000000000052 0.0008375260290594638
27.500000000000053 0.0008344861561366597
27.600000000000055 0.0008339562917651437
27.700000000000056 0.0008443467457500931
27.800000000000058 0.0008564985996141368
27.90000000000006 0.0008677582207111539
28.00000000000006 0.0008706272493084206
28.100000000000062 0.0008756696402247897
28.200000000000063 0.0009000879561630382
28.300000000000065 0.0009154817961325347
28.400000000000066 0.0009221629094969875
28.500000000000068 0.0009353445777382642
28.60000000000007 0.0009558279870885537
28.70000000000007 0.0009686052772352701
28.80000000000007 0.0009812787218180055
28.900000000000073 0.0009997925261924652
29.000000000000075 0.0010161566150544013
29.100000000000076 0.001037621230419569
29.200000000000077 0.0010738789014305362
29.30000000000008 0.0010730349138930219
29.40000000000008 0.0010922361714078134
29.50000000000008 0.001111192980398521
29.600000000000083 0.001132346916221002
29.700000000000085 0.0011536567357190775
29.800000000000086 0.0011724817897972727
29.900000000000087 0.0012004177683811433
30.00000000000009 0.001221622044402618
30.10000000000009 0.001273889101616742
30.20000000000009 0.0012857700693578798
30.300000000000093 0.0013147668386447378
30.400000000000095 0.001332044574059652
30.500000000000096 0.0013574516268764043
30.600000000000097 0.0014164958911045585
30.7000000000001 0.0014220913478953168
30.8000000000001 0.001443583344730568
30.9000000000001 0.0014680559410751048
31.000000000000103 0.0015318331498353182
31.100000000000104 0.001513347373489361
31.200000000000106 0.0015166026024109264
31.300000000000107 0.0015638594909284731
31.40000000000011 0.001556397965327138
31.50000000000011 0.0015506586423075991
31.60000000000011 0.001585645925745706
31.700000000000113 0.0015787696423684278
31.800000000000114 0.0015773263975675
31.900000000000116 0.0016198919336069336
32.000000000000114 0.001599314231188998
32.100000000000115 0.0016351787463636776
32.20000000000012 0.0016272466807487188
32.30000000000012 0.0016240666715590072
32.40000000000012 0.0016750908326205987
32.50000000000012 0.0016559830098389625
32.60000000000012 0.0017001418444359138
32.700000000000124 0.0016851382495465233
32.800000000000125 0.0017178044332977237
32.90000000000013 0.001700336133900279
33.00000000000013 0.0017488585147260188
33.10000000000013 0.0017306476634643155
33.20000000000013 0.0017665343673465114
33.30000000000013 0.0017496574854076528
33.400000000000134 0.0017907522695950581
33.500000000000135 0.0017684120789969024
33.600000000000136 0.0018218748450553395
33.70000000000014 0.0018141070059642897
33.80000000000014 0.001803579118868771
33.90000000000014 0.0018396916333652945
34.00000000000014 0.0018140475745406707
34.10000000000014 0.0018627479399612843
34.200000000000145 0.0018628106362045004
34.300000000000146 0.0018852971218083516
34.40000000000015 0.001959901406856361
34.50000000000015 0.0019356317798599754
34.60000000000015 0.001989607951322924
34.70000000000015 0.0020069254073928743
34.80000000000015 0.0020067096187915685
34.900000000000155 0.001984506943337012
35.000000000000156 0.00202348434668606
35.10000000000016 0.0020277475579197424
35.20000000000016 0.002004298260607268
35.30000000000016 0.0020544499869361
35.40000000000016 0.0020734218465867
35.50000000000016 0.0020797752243938874
35.600000000000165 0.002058899208080518
35.700000000000166 0.0021089987374165176
35.80000000000017 0.0021232103237387463
35.90000000000017 0.0021420998382129836
36.00000000000017 0.0021097079420490414
36.10000000000017 0.0021676034628827505
36.20000000000017 0.0021818711834053267
36.300000000000175 0.0022007253680314466
36.400000000000176 0.0022105332854231185
36.50000000000018 0.0022484099239250947
36.60000000000018 0.002241507878478296
36.70000000000018 0.002270227621889314
36.80000000000018 0.0022744870197064873
36.90000000000018 0.0022804515783318067
37.000000000000185 0.002301536585271948
37.100000000000186 0.002312445245267889
37.20000000000019 0.0023570621646532212
37.30000000000019 0.0024305782310353736
37.40000000000019 0.0026104690313901125
37.50000000000019 0.0024191852708868007
37.60000000000019 0.002387715898632939
37.700000000000195 0.002425068353371071
37.800000000000196 0.002474433652012323
37.9000000000002 0.002458039831792392
38.0000000000002 0.0024801769006741036
38.1000000000002 0.0024824890034679235
38.2000000000002 0.0025506011439674586
38.3000000000002 0.002577816520941765
38.400000000000205 0.002565230424044027
38.500000000000206 0.002628190493707261
38.60000000000021 0.0026427609286175957
38.70000000000021 0.002624610804851249
38.80000000000021 0.002609413651572219
38.90000000000021 0.002629059800109851
39.00000000000021 0.002825565711041833
39.100000000000215 0.0029113984149069004
39.200000000000216 0.0029328371349018694
39.30000000000022 0.0028363704170406728
39.40000000000022 0.0028992437299042604
39.50000000000022 0.002906951771888667
39.60000000000022 0.002865796157354573
39.70000000000022 0.002899829938291833
39.800000000000225 0.0029235609766597582
39.900000000000226 0.0029574833339318014
40.00000000000023 0.003092900565571507
40.10000000000023 0.003301828156625014
40.20000000000023 0.0031336343063727685
40.30000000000023 0.003186225833845074
40.40000000000023 0.003377533130048902
40.500000000000234 0.0032593420768710045
40.600000000000236 0.0032528770626522882
40.70000000000024 0.0030441926662189926
40.80000000000024 0.003031593813900105
40.90000000000024 0.0031592065572924274
41.00000000000024 0.003353176371338062
41.10000000000024 0.0038005114016511285
41.200000000000244 0.0038709452487434457
41.300000000000246 0.00364052666666618
41.40000000000025 0.003612896674493413
41.50000000000025 0.0035909588339567183
41.60000000000025 0.0034151974893778343
41.70000000000025 0.0035216602902123652
41.80000000000025 0.003471554814698377
41.900000000000254 0.003883264209044728
42.000000000000256 0.0036305254907578527
42.10000000000026 0.004496171729245356
42.20000000000026 0.004676333335293991
42.30000000000026 0.004201348018239553
42.40000000000026 0.004687659695330976
42.50000000000026 0.004743812857046936
42.600000000000264 0.004099619849285047
42.700000000000266 0.0035893904110208307
42.80000000000027 0.0033766116346985514
42.90000000000027 0.0031631270041340056
43.00000000000027 0.00319993866007724
43.10000000000027 0.0034878828119953888
43.20000000000027 0.0037042620999715847
43.300000000000274 0.004152405259887442
43.400000000000276 0.005415109097253573
43.50000000000028 0.005604660389261312
43.60000000000028 0.004647274164663099
43.70000000000028 0.0041492180631308995
43.80000000000028 0.004008237367647837
43.90000000000028 0.004200292466345217
44.000000000000284 0.004321264752375036
44.100000000000286 0.004612537768648911
44.20000000000029 0.005030845741531253
44.30000000000029 0.004888011960828761
44.40000000000029 0.006424955354310651
44.50000000000029 0.00589005877086838
44.60000000000029 0.006751549656963248
44.700000000000294 0.008921402885494435
44.800000000000296 0.0076054323353326745
44.9000000000003 0.005461706721642246
45.0000000000003 0.004115876273249719
45.1000000000003 0.003941891239992603
45.2000000000003 0.003853938503531319
45.3000000000003 0.004008746780773466
45.400000000000304 0.003777819259169491
45.500000000000306 0.003608738010517462
45.60000000000031 0.003811019680912301
45.70000000000031 0.0039970757124345255
45.80000000000031 0.006001685192004443
45.90000000000031 0.007400184938605174
46.00000000000031 0.0071735414200367244
46.100000000000314 0.006937749238649316
46.200000000000315 0.006383919881845276
46.30000000000032 0.005694634815426881
46.40000000000032 0.005389207933755943
46.50000000000032 0.005649579844548412
46.60000000000032 0.005700299000739088
46.70000000000032 0.006420049561954975
46.800000000000324 0.006119236944457209
46.900000000000325 0.007667844455085348
47.00000000000033 0.008273639574767924
47.10000000000033 0.007244191719666602
47.20000000000033 0.011553888423042056
47.30000000000033 0.015680632352960903
47.40000000000033 0.013133696067883602
47.500000000000334 0.006962260832364848
47.600000000000335 0.0050151399931430635
47.70000000000034 0.004389975568870819
47.80000000000034 0.004302017020439962
47.90000000000034 0.00472117006616214
48.00000000000034 0.0048289846014133095
48.10000000000034 0.0046852721368460075
48.200000000000344 0.004139282350121144
48.300000000000345 0.003470698857260587
48.40000000000035 0.0044860851688120025
48.50000000000035 0.007759949387112509
48.60000000000035 0.00844037909875271
48.70000000000035 0.007092929986923728
48.80000000000035 0.006945419501556161
48.900000000000354 0.009349540917490531
49.000000000000355 0.009883232447160228
49.10000000000036 0.00904878792305289
49.20000000000036 0.007818604362667857
49.30000000000036 0.007126371904500869
49.40000000000036 0.00641176061539501
49.50000000000036 0.007199751390410982
49.600000000000364 0.007386947020239464
49.700000000000365 0.0071969850149052215
49.80000000000037 0.009310127658424578
49.90000000000037 0.009202590047122297
50.00000000000037 0.007513405673079144
50.10000000000037 0.01427054242289535
50.20000000000037 0.02114814591847887
50.300000000000374 0.019773372131536297
50.400000000000375 0.011609812859638542
50.50000000000038 0.006691011827907178
50.60000000000038 0.004846663170414838
50.70000000000038 0.0043319204293616985
50.80000000000038 0.004359128216064302
50.90000000000038 0.003716850176328014
51.000000000000384 0.0034615042602248185
51.100000000000385 0.004023753572183799
51.20000000000039 0.00445074186664466
51.30000000000039 0.004261246351260095
51.40000000000039 0.004468645065326631
51.50000000000039 0.0057657603544881645
51.60000000000039 0.008225067278332929
51.700000000000394 0.007757840640129571
51.800000000000395 0.005518062421808353
