string
20190122an 22 2019_16.08.   full spectra  index number  Nphoton via eV
eV x-axis E [J] Nphoton Nphoton/sr Nphoton/sr @ 0.1bw
51.660080420516415 2.0510505003740972e-11 2478051.0587437754 133641831950.15805 32207681499.988564
51.4457232403483 8.384356886968725e-12 1017207.2664919348 54858208868.34713 13275686546.139704
51.233137607123716 9.611229005226112e-12 1170892.2903792188 63146475594.38156 15344593569.434677
51.02230164989275 3.8327334160413584e-12 468853.9098132282 25285393213.890488 6169635944.189336
50.813193856245654 6.427232405536449e-13 78947.15528538851 4257637235.6675615 1043121122.7385237
50.605793064995666 -7.984866312330409e-12 -984818.9321803788 -53111498962.61793 -13065428744.80368
50.400078459040394 -8.972107989221836e-12 -1111097.7150608648 -59921741157.1995 -14800670065.828125
50.1960295583965 -1.7698350476538995e-11 -2200657.2127543963 -118681921572.63998 -29433116550.013653
49.99362621340296 -1.8167822655202803e-11 -2268178.439755746 -122323356013.6871 -30458515647.408337
49.79284859808809 -1.9762620613760688e-11 -2477231.169407801 -133597615140.14946 -33399403785.037525
49.59367720369574 -1.7886470568620335e-11 -2251061.2712889235 -121400223399.5975 -30471456073.298313
49.39609283236627 -2.7314939473228618e-11 -3451410.525539525 -186135319455.0348 -46906100502.6661
49.20007659096798 -2.2797320002032065e-11 -2892057.9529911596 -155969313699.16772 -39460236365.88909
49.005609885074826 -3.62492166766482e-11 -4616807.880115913 -248985451967.80487 -63242304799.82224
48.81267441308634 -3.8156935397087784e-11 -4878989.220411887 -263124948608.38828 -67096861895.138535
48.621252160486 -4.420528122840952e-11 -5674622.732389132 -306033636759.2611 -78344611010.36984
48.4313253942341 -4.525807955236214e-11 -5832553.6463575335 -314550885259.78217 -80839577511.76619
48.24287665729156 -4.785353128461195e-11 -6191127.814260689 -333888868034.3881 -86143327952.86827
48.05588876327104 -4.9263168003098534e-11 -6398301.456997347 -345061787595.27496 -89371002987.17418
47.87034479121208 -4.792292287749516e-11 -6248355.311507932 -336975159393.50214 -87613541442.31064
47.686228080476646 -5.01057150782931e-11 -6558179.022534265 -353684019437.7926 -92311529073.26372
47.503522225762175 -4.76044096087822e-11 -6254755.619196549 -337320329377.60455 -88377926296.9292
47.322211072228725 -4.3357017984326365e-11 -5718516.138988769 -308400817712.9427 -81109415058.50554
47.142278710737365 -4.569894367160481e-11 -6050406.656760867 -326299745439.00604 -86143132795.89452
46.96370947319669 -3.4898243800279805e-11 -4637993.700300868 -250128007852.96054 -66283922081.0326
46.78648792801481 -3.4533190427956956e-11 -4606862.314344244 -248449085445.08258 -66087456728.391945
46.61059887565385 -3.578604535537714e-11 -4792013.13592762 -258434309476.75485 -69001960630.29182
46.436027344284355 -3.9228170295824144e-11 -5272686.724169637 -284357140516.11365 -76207713658.31985
46.26275858553703 -1.942898842105273e-11 -2621245.14269479 -141364320006.29175 -38027002081.69117
46.09077807034915 -1.2291730226611435e-11 -1664515.9275093598 -89767705583.65158 -24237280507.58623
45.92007148490342 -2.4103713973713397e-11 -3276199.8381555565 -176686169020.21277 -47881951804.47525
45.75062472665653 -2.39469892653401e-11 -3266952.8425594284 -176187476538.82053 -47922993618.55874
45.58242390045559 -2.046006088152894e-11 -2801550.6650313637 -151088235996.95148 -41247088427.16729
45.41545531473963 -5.468947112272258e-12 -751603.9014623495 -40534161690.45139 -11106360303.183943
45.24970547782453 8.240512406265403e-13 113665.17779637549 6129987732.112626 1685746626.3309393
45.0851610942688 -3.0332036985043663e-12 -419910.68512831803 -22645874473.806328 -6250261354.77051
44.92180906131855 5.034605519967098e-12 699515.2468143343 37725009229.11801 10449827556.465118
44.7596364654293 2.1333623967031337e-11 2974863.616085649 160435041099.23395 44600941425.58674
44.59863057886301 2.638361627781887e-11 3692340.748149596 199128738702.05063 55556918097.87316
44.43877885635813 3.1806149470276675e-11 4467226.30611459 240918485185.58734 67457175851.96206
44.28006893187113 3.507069798755632e-11 4943392.51879035 266598232481.43875 74914103327.28531
44.1224886153876 6.245483125015884e-11 8834765.25192916 476460809373.2961 134361948243.2648
43.96602588980112 6.595196144653541e-11 9362664.89949094 504930552051.5456 142895346230.5881
43.81066890785836 7.003556978523983e-11 9977638.317596346 538096202091.8319 152819321394.07614
43.65640598916871 7.890368831352292e-11 11280758.446561966 608373753747.4366 173386519818.01813
43.50322561727689 9.06392699474475e-11 13004208.201801047 701319773463.8195 200577455210.65195
43.3511164367969 1.0171149532485672e-10 14643966.528420031 789752296252.909 226658909024.58252
43.20006725060597 1.2865647123541184e-10 18588150.813690204 1002463011624.4249 288709347347.83704
43.05006701709692 1.398726346184231e-10 20279063.64522448 1093654307976.82 316066095005.2971
42.90110484748759 1.5440786075144625e-10 22464145.534391545 1211496248964.684 351333912199.74384
42.7531700031859 1.7328189473870428e-10 25297280.784817316 1364287848513.6501 397007763917.4581
42.60625189320931 1.9203844653927752e-10 28132208.55660241 1517176119128.9463 443015426785.663
42.46034007165723 2.1100266449510997e-10 31016546.928820383 1672729114159.951 490109630448.8472
42.315424235235184 2.355654816937428e-10 34745768.961645484 1873846868556.944 550910979355.7402
42.17149422082962 2.450812692114549e-10 36272718.57556683 1956195592962.7612 577077699924.0132
42.028540003131894 2.6752591082274556e-10 39729264.26365843 2142607852849.8342 634211924443.5282
41.8865516923105 2.8393560586159445e-10 42309142.49048766 2281741246096.609 677677150090.7074
41.74551953173033 3.0834713016004545e-10 46101920.26550525 2486286575477.4126 740913399492.2484
41.60543389571781 3.2418574487850124e-10 48633198.53196922 2622798962303.4355 784216889728.7051
41.46628528737092 3.4387748760129424e-10 51760395.80080649 2791449390389.7744 837434817116.943
41.32806433641302 3.695434594781236e-10 55809666.85392303 3009827457981.155 905958064852.3053
41.19076179708939 4.051298064283894e-10 61387980.61757307 3310667131133.3677 999821473602.2975
41.05436854610565 4.2809333300464575e-10 65083074.7755333 3509944361824.679 1063513141632.8744
40.91887558060695 4.4818768028631656e-10 68363643.10638155 3686866124604.856 1120807301879.8765
40.78427401619706 4.728263997533589e-10 72359899.62426627 3902385106793.8726 1190227457572.0576
40.650555084996405 4.989936390983343e-10 76615652.40425864 4131898778773.4478 1264361026304.6177
40.51771013373824 5.413698154375945e-10 83394636.3676697 4497490856642.2 1380729692989.1897
40.38573062190196 5.717454808864708e-10 88361640.70825586 4765362479802.712 1467731643779.1807
40.254608119882796 5.882846495312453e-10 91213871.1949274 4919183889590.817 1520027821883.6094
40.124334307197095 6.20264114778092e-10 96484553.30741905 5203432920963.64 1613064205498.6882
39.99490097072226 6.589773020620205e-10 102838280.15553716 5546090790218.304 1724834235757.9165
39.866300002970746 6.696077764394487e-10 104834332.16364154 5653738308654.059 1763966352300.0476
39.73852340039712 6.914621465926248e-10 108603959.55011098 5857035132551.08 1833251996488.4211
39.6115632617377 7.306701874402301e-10 115129967.0950713 6208984137214.115 1949621019085.3142
39.48541178638185 7.419593426266135e-10 117282282.93673705 6325058998141.868 1992393584414.639
39.36006127277429 7.445239356534429e-10 118062472.31620288 6367134780871.191 2012014590755.2617
39.235504116847785 7.733764676270271e-10 123027072.83481432 6634876765390.381 2103255934628.7925
39.11173281048549 7.932058746599047e-10 126580800.97546928 6826530096056.907 2170836570545.9514
38.98873994001226 8.106386696957672e-10 129770832.92998928 6998569212392.838 2232543578753.1953
38.86651818471441 8.503758391610564e-10 136560233.5382627 7364723062182.014 2356711379898.4287
38.745060315387185 8.557470771253318e-10 137853582.84128362 7434473671071.728 2386466048414.0615
38.624359192909345 9.030531969694413e-10 145928803.65299362 7869972083774.35 2534131010975.325
38.50440776684441 9.159995111374851e-10 148481986.35813382 8007665781736.881 2586476047500.9746
38.3851990740678 9.495339446173823e-10 154395867.6336061 8326602683703.102 2697819269519.6235
38.266726237419434 9.88097957330307e-10 161163862.3699785 8691602110170.268 2824770685805.3325
38.14898246438122 9.853892075459163e-10 161218107.05279568 8694527537699.158 2834415977289.878
38.03196104577882 1.0282265691243575e-09 168744286.50851747 9100416030795.096 2975836042069.884
37.91565535450732 1.018885409646356e-09 167724208.50564948 9045403002490.326 2966892184816.824
37.800058844280166 1.0600465162066803e-09 175033598.70840937 9439600004076.955 3105628401341.383
37.6851650484009 1.0774842829673842e-09 178455319.04938006 9624134125428.055 3175964261391.273
37.57096757855726 1.114108021889234e-09 185081877.4917662 9981505861833.764 3303878440267.03
37.45746012363715 1.121676626990665e-09 186903880.94264728 10079766903766.73 3346482612050.51
37.34463644856595 1.1747490571996123e-09 196338669.69383603 10588587110809.115 3525999507899.2417
37.232490393164845 1.1792941476125068e-09 197691971.30242774 10661570960562.791 3560964700828.166
37.12101587102963 1.2315951250442325e-09 207079488.33271956 11167841793427.51 3741227000798.0854
37.010206868429535 1.233269927814476e-09 207981930.00699323 11216510668974.908 3768747584775.5874
36.900057443225876 1.2993409331383396e-09 219778423.0190068 11852698099879.549 3994359259659.0728
36.790561723809766 1.3019902906083922e-09 220881987.60969535 11912213578002.793 4026328189364.811
36.681713908058846 1.3150367711547565e-09 223757320.27502638 12067280893304.912 4090808222830.5957
36.573508262312366 1.3262946245960666e-09 226340547.9191229 12206594921352.566 4150242273259.63
36.46593912036438 1.3117842491479811e-09 224524627.32503217 12108661929207.791 4129053717859.9463
36.35900088247475 1.3486760153473361e-09 231517950.03937548 12485813342479.025 4270148163127.8926
36.25268801439734 1.37246622893948e-09 236292767.1604317 12743320267137.963 4370958851628.308
36.14699504642534 1.405066088505649e-09 242612697.96132797 13084155508223.822 4500949494828.826
36.04191657245317 1.4759205017474812e-09 255590120.82885742 13784030742791.309 4755490606263.139
35.937447249054756 1.4584509824517636e-09 253299065.5648785 13660473634677.318 4726523877598.296
35.83358179457772 1.538321187223223e-09 267945073.00709245 14450335997854.518 5014266591255.375
35.730314988253284 1.5655454289098863e-09 273475109.23856926 14748572053208.422 5132503074516.451
35.62764166932152 1.6114896864392032e-09 282312059.02610135 15225150675061.371 5313577585596.076
35.525556736171595 1.5997290242885992e-09 281057064.89691716 15157468569029.266 5305113999160.449
35.42405514549682 1.6585208175761783e-09 292221137.31430435 15759549419873.477 5531601846375.523
35.32313191146407 1.6955615635400191e-09 299601052.5159685 16157549849972.441 5687457547190.149
35.222782104897405 1.7135155045901722e-09 303636066.85153157 16375159049688.916 5780431144540.154
35.1230008524756 1.7501791287900812e-09 311013944.3444892 16773049585714.65 5937659553342.813
35.02378333594318 1.725530153503212e-09 307502372.02494586 16583669727638.95 5887202753311.79
34.92512479133489 1.7251130414572447e-09 308296480.33002347 16626496161050.377 5919032633333.885
34.82702050821316 1.7241103091975253e-09 308985217.1625939 16663639888057.73 5948919440036.9
34.72946582891845 1.810614286252393e-09 325399449.6579404 17548863012494.059 6282492958472.547
34.63245614783208 1.8294000262566082e-09 329696519.7946371 17780604938496.82 6383237172920.248
34.53598691065149 1.8646280375143173e-09 336984025.5688836 18173621708099.37 6542503814915.793
34.440053613677456 1.8480577597224607e-09 334919702.41088384 18062292311717.973 6520487524530.573
34.34465180311326 1.9381872107277987e-09 352229381.8876619 18995807086397.14 6876482165275.024
34.249777074375366 1.968225762682573e-09 358679154.9359981 19343644748095.434 7021743043558.805
34.15542507141566 2.025961044628445e-09 370220421.31254125 19966067751101.633 7267648661400.949
34.061591486054624 2.090487947581793e-09 383064324.2308198 20658742225799.05 7540440912416.53
33.968272057325706 2.142590312130382e-09 393690247.49310786 21231800575796.836 7770839010741.587
33.87546257083028 2.142144132306611e-09 394686642.98933035 21285536401373.234 7811791859303.895
33.78315885810322 2.2678857296863227e-09 418996010.44684327 22596545869522.977 8315528879984.459
33.69135679598881 2.3188930697303133e-09 429587065.38185203 23167723763055.508 8548890068567.654
33.60005230602678 2.326730153427088e-09 432210227.542126 23309191468236.312 8624400843247.41
33.50924135384833 2.240457014557611e-09 417312117.2364403 22505733142863.19 8349626996001.664
33.41891994858189 2.2405469100371187e-09 418456777.194264 22567464903063.926 8395096943940.133
33.3290841422685 2.2757134551576197e-09 426170292.2809302 22983456447435.023 8572829254893.457
33.23973002928655 2.3498822224442543e-09 441242750.1205135 23796317373187.93 8899822697571.51
33.150853745785774 2.5426252478099087e-09 478714533.4446464 25817178788535.504 9681442045700.725
33.062451469130345 2.428742160471557e-09 458495771.51702833 24726776565289.637 9297267988548.777
32.97451941735074 2.434874132429834e-09 460879101.98819196 24855310095373.723 9370451905955.824
32.88705384860445 2.4610962066805755e-09 467081424.949491 25189802720120.016 9521745428205.348
32.80005106064518 2.52162717621138e-09 479838765.8367793 25877808885680.684 9807689567672.98
32.71350739030047 2.574029251065942e-09 491106116.4689291 26485459553084.05 10064474630172.133
32.62741921295758 2.6860147658381055e-09 513824309.9019189 27710656660411.582 10557760187616.578
32.541782942057424 2.8234109538133222e-09 541529009.0159913 29204777102429.234 11156224853127.738
32.45659502859654 2.8587321506315e-09 549742716.4631956 29647744129470.03 11355086001586.643
32.371851960636754 2.932121918902592e-09 565331849.9999267 30488469487816.98 11707572283322.184
32.2875502628226 3.070021399138431e-09 593465233.712265 32005708983350.062 12322197958589.703
32.203686495906176 3.2065793077598443e-09 621477443.3333056 33516413533814.61 12937335624051.943
32.12025725627947 3.1827005922625802e-09 618451639.0423163 33353231251051.055 12907700494156.088
32.03725917551389 3.0065400569620627e-09 585734243.4546045 31588774999210.797 12256444699693.635
31.954688919906893 2.877085324675639e-09 561962224.0408068 30306744827796.504 11789323738012.924
31.872543190035667 2.933065700154482e-09 574373041.34668 30976062901329.84 12080664531518.674
31.790818720317628 3.020212407143092e-09 592959115.1779959 31978413900843.598 12503559835229.686
31.709512278577684 3.082648919573757e-09 606769131.6879069 32723191091424.18 12827490907838.467
31.62862066562213 3.149076256426055e-09 621429548.3282535 33513830545787.047 13170935404494.342
31.54814071481902 3.1647111521591253e-09 626108043.4107127 33766142801978.66 13303860263979.697
31.468069291684962 3.1930591645899406e-09 633323849.3616202 34155292784531.88 13491340649889.762
31.388403293478163 3.141581651115265e-09 624695104.4977201 33689942699442.547 13341217308978.988
31.30913964879766 3.2004523701254577e-09 638012532.1937791 34408154468278.066 13660037323906.523
31.2302753171886 3.263455311523445e-09 652215073.994654 35174100633075.746 13999292051964.25
31.151807288753453 3.3454537089522596e-09 670286931.6979867 36148719845094.84 14423339218191.992
31.073732583769104 3.5817799487269992e-09 719439786.9555174 38799544007502.3 15519817603000.85
30.99604825230968 4.202474755708507e-09 846228718.3915495 45637298624513.32 18300556748429.9
30.918751373874994 3.930394010017999e-09 793419951.4361838 42789310350001.43 17201302760700.475
30.841839057024558 3.9199707406215655e-09 793289185.26397 42782258101925.23 17241250015075.555
30.76530843901705 4.606825793312775e-09 934607993.479306 50403612130233.54 20363059300614.35
30.689156685455128 4.846189237827815e-09 985608384.0269828 53154074272212.266 21527400080246.043
30.613380989935486 4.479459006352682e-09 913278523.4450898 49253309177499.51 19996843526064.38
30.537978573704116 4.214494184764103e-09 861378738.3050909 46454342489765.01 18906917393334.633
30.462946685316638 3.988417927586796e-09 817179990.8979894 44070694440002.164 17980843331520.312
30.388282600303604 3.748319931398544e-09 769873676.6252882 41519454634064.26 16981456945332.123
30.31398362084076 4.003401024262016e-09 824280563.2365897 44453629848809.36 18225988238012.457
30.240047075424076 4.138551779290057e-09 854190830.6561936 46066697068700.055 18933412495235.375
30.166470318549564 4.068560929207167e-09 841792983.1197932 45398078457652.05 18704008324550.98
30.093250730397738 4.341196632346134e-09 900387233.7865666 48558079125606.016 20054486678876.016
30.020385716522686 3.90903437832376e-09 812722338.1703384 43830292259982.96 18145740995632.098
29.947872707545574 4.155933567662139e-09 866146975.3084553 46711494547247.305 19385270237107.58
29.875709158852693 4.044469606223171e-09 844952563.7372801 45568475326766.28 18956485735935.19
29.80389255029776 3.912048041861241e-09 819257008.5290082 44182708452071.33 18424189424513.895
29.732420385908558 4.104290225138961e-09 861582310.0747546 46465321159528.57 19422504244682.92
29.66129019359777 4.245922531032524e-09 893451542.5481923 48184035790354.12 20189110996157.895
29.590499524877966 4.256465205212797e-09 897812744.1207917 48419236338627.555 20336079262223.68
29.520045954580638 4.989200024933081e-09 1054879521.6488409 56889881773188.31 23950640226511.83
29.449927080579258 5.5162181071424536e-09 1169085248.3785648 63049021426709.695 26606687042071.89
29.380140523516275 5.483196011955745e-09 1164846978.2242506 62820450596531.01 26573050602332.016
29.310683926533965 5.200627980370648e-09 1107436442.6583276 59724287941125.87 25323098087036.246
29.241554955009118 6.0059767588385185e-09 1281953165.5538433 69136012720323.13 29382805406136.824
29.172751296291448 6.765862218568856e-09 1447553869.98983 78066894687009.12 33256497136665.3
29.104270659445692 5.973274365785983e-09 1280986986.0783956 69083906451311.5 29498828054710.75
29.036110774997343 5.340651586972769e-09 1148007635.678046 61912301194697.516 26498464911330.55
28.96826939468193 4.891662062713742e-09 1053956946.7699316 56840127109541.01 24384414529992.67
28.90074429119782 4.543913443710872e-09 981318524.9889618 52922721242327.68 22756770134201.523
28.83353325796248 5.099332974483442e-09 1103835817.6741705 59530105453501.016 25657475450457.703
28.766634108872076 5.143406824094238e-09 1115965586.070539 60184266498287.39 25999603127261.266
28.700044678064504 5.254730070604572e-09 1142764692.6537902 61629548138379.52 26685594343917.473
28.6337628196856 5.4352161493677385e-09 1184751784.4548252 63893921120829.016 27729961766440.473
28.567786407658676 5.058144369723858e-09 1105105157.0158694 59598561199960.51 25925374121982.03
28.50211333545716 5.315863362656627e-09 1164087756.8452475 62779505622621.91 27371864451461.875
28.43674151588042 4.48520810487836e-09 984445646.5226465 53091367586000.79 23200927635081.4
28.371668880832637 4.723895840756294e-09 1039212603.7393372 56044961486719.23 24547693131184.027
28.30689338110471 4.323764936341497e-09 953364203.0880557 51415138589185.99 22571245840652.508
28.24241298615914 4.713819560197304e-09 1041741893.6331706 56181366640177.31 24719801321677.37
28.17822568391787 5.13480131551576e-09 1137362684.588151 61338216669823.125 27050153551391.44
28.114329480552975 5.3388938999251715e-09 1185257016.3351283 63921168385894.48 28253156426566.19
28.050722400280232 5.112088081573514e-09 1137478646.925055 61344470543844.97 27175600450923.133
27.987402485155446 7.17001330528478e-09 1598992191.8860202 86233996286571.94 38287894351238.05
27.924367794873564 7.3834295312045625e-09 1650303267.6526144 89001213749902.67 39605540118705.91
27.861616406570477 6.211719603586626e-09 1391536203.0697856 75045849740274.4 33470448984162.473
27.799146414627494 7.714149386491803e-09 1731990712.1484098 93406635378010.36 41752766013969.72
27.736955930478437 9.12541523470748e-09 2053443763.987128 110742668298765.98 49612715397848.83
27.675043082419336 9.562981773972967e-09 2156721149.9724407 116312440161779.02 52224285632633.15
27.613406015420622 9.159732202604335e-09 2070388148.0838792 111656482614240.53 50245417176410.234
27.552042890941912 8.407547988797077e-09 1904603262.262234 102715667705412.9 46324766135141.69
27.490951886749137 6.375965609218172e-09 1447588628.9378366 78068769244626.45 35287083698571.016
27.430131196734205 6.9656399696602265e-09 1584973894.5401216 85477986465257.9 38721527868760.164
27.369579030736997 6.310679666677493e-09 1439119947.5641677 77612051418338.78 35235871343926.44
27.309293614369736 6.173811017389781e-09 1411015678.734451 76096382094750.64 34623853853111.734
27.24927318884365 6.502021970790904e-09 1489301011.7901638 80318327113792.11 36625157163888.5
27.189516010797938 6.97105140887145e-09 1600242437.2391121 86301422290077.72 39439749986565.5
27.130020352130984 6.328154682035218e-09 1455847689.5805361 78514182179353.2 35959495438144.75
27.070784499833756 6.535581727969242e-09 1506858190.8060527 81265189592384.36 37300722022902.234
27.0118067558254 6.1023145229944745e-09 1410035116.8496344 76043500179277.19 34980010082468.773
26.953085436791 5.206096435611957e-09 1205570730.6339734 65016691411148.84 29972694740537.0
26.894618874021383 5.325479506980516e-09 1235897058.0143 66652196835109.586 30793314937821.312
26.836405413255104 4.960615294349919e-09 1153719355.5882246 62220335490314.26 28808015332015.375
26.77844341452237 5.706154994807028e-09 1329986431.5777783 71726457192134.03 33281076137149.695
26.720731251991072 5.330895469510945e-09 1245204847.0968874 67154167922433.84 31226688083931.01
26.663267313814746 6.725838448730117e-09 1574425226.4237225 84909094502061.45 39567638037962.125
26.606050001982528 7.2281311296738115e-09 1695643676.6260843 91446431855963.67 42705483676733.5
26.549077732171 5.907289004629197e-09 1388761775.24296 74896224244834.28 35051432946582.184
26.492348933597984 7.198259055967852e-09 1695883366.5687184 91459358386642.14 42894439083335.94
26.43586204887816 7.731347846126453e-09 1825369170.5750911 98442555927262.31 46268001285812.445
26.379615533880546 8.916819957614481e-09 2109747645.638405 113779148868135.7 53589979116891.76
26.323607857587806 9.677338981080244e-09 2294560516.8252673 123746147161504.86 58408181460230.68
26.267837501957324 9.739595612899002e-09 2314224991.4321814 124806656549127.25 59033548547739.19
26.212302961784054 1.1095633222157364e-08 2642018706.142014 142484642796019.6 67537720685305.52
26.157002744565094 1.1371512865162567e-08 2713433883.882564 146336078846385.53 69509637452034.305
26.10193537036601 1.1112794858191991e-08 2657293726.431931 143308427958725.34 68214811708351.31
26.04709937168877 1.1406565870204588e-08 2733282499.634663 147406519005972.1 70312909565849.89
25.992493293341415 9.214154338755687e-09 2212567438.4640965 119324242632639.1 57036987978402.555
25.93811569230932 7.654968248929074e-09 1842018321.317658 99340448243806.8 47584074708781.61
25.88396513762809 7.88983923580625e-09 1902507259.9366546 102602629844641.69 49249262325428.13
25.83004021025803 8.795019205999397e-09 2125204294.2017887 114612729283087.9 55128722785167.125
25.776339502960198 8.151834109844645e-09 1973890535.9604006 106452345428489.8 51310030496531.14
25.722861620173973 8.244622874996058e-09 2000508902.708153 107887879729988.08 52109845909584.77
25.66960517789618 9.012713450046694e-09 2191418629.4889007 118183682770066.31 57200902460711.95
25.616568803561684 8.116879644154208e-09 1977685016.5797617 106656982592636.0 51728636557429.445
25.563751135925475 7.466702147556871e-09 1823027505.0864143 98316269398735.39 47781706927780.34
25.5111508249462 6.117269594009906e-09 1496637232.5970263 80713971095686.89 39307703923599.65
25.458766531671156 6.718185040761844e-09 1647037843.7129488 88825108727429.08 43346653058985.43
25.40659692812265 5.993959009562468e-09 1472503195.2930875 79412417220809.56 38832672020975.99
25.354640697185793 5.503189042469354e-09 1354708781.670288 73059738903508.89 35799272062719.22
25.30289653249766 7.475731067553917e-09 1844048779.0878212 99449951272464.98 48829926074781.375
25.251363138337787 6.679723356041302e-09 1651059117.0198581 89041976870485.03 43808652620277.88
25.200039229520026 6.73847420764892e-09 1668973067.223348 90008080096732.48 44373983487690.016
25.148923531285707 8.348236649728637e-09 2071878702.2617927 111736868524875.61 55198013051285.51
25.09801477919808 8.171548925500807e-09 2032141707.908537 109593843786614.44 54248952674373.76
25.047311719038085 7.76962417333107e-09 1936100361.660219 104414313118634.06 51789499306845.69
24.996813106701318 7.671501772157148e-09 1915511313.6435137 103303941286159.73 51342058819220.58
24.946517708096284 9.99951308768019e-09 2501830582.8111777 134924266849171.61 67192284890883.97
24.89642429904388 1.1280853461442288e-08 2828094751.0320206 152519764321621.53 76107362396488.08
24.84653166517806 8.884002999504811e-09 2231679876.6372976 120354980575462.42 60177490287731.83
24.796838601847703 9.875520686257059e-09 2485722609.763672 134055560363291.64 67161835742006.98
24.747343914019662 1.2727695929191264e-08 3210037991.0687556 173118046233280.1 86905259209104.42
24.69804641618297 1.7198922799465025e-08 4346379257.855943 234401177619196.06 117903792342461.67
24.648944932254178 1.4788656363881914e-08 3744720066.0660367 201953566696596.25 101784597615081.1
24.60003829548383 1.4561761923963641e-08 3694597380.5701146 199250439378738.5 100621471886260.5
24.55132534836406 1.1801533249575401e-08 3000215618.996432 161802280123889.2 81871953742687.45
24.502804942537253 1.200831949929565e-08 3058830461.680718 164963391323821.2 83636439401178.62
24.45447593870582 1.1801426742057452e-08 3012070477.20728 162441615202646.72 82520340522947.77
24.406337206543014 1.0102877160377405e-08 2583636670.3804617 139336086924007.52 70922068244315.11
24.358387624604813 9.05864719024924e-09 2321153079.148354 125180289824774.95 63841947810637.75
24.310626080242844 9.519891233464522e-09 2444132904.5802703 131812618527462.62 67356248067528.484
24.263051469518295 9.857129084225502e-09 2535677396.4101443 136749632859722.86 70015812024180.55
24.215662697116894 9.459709617660477e-09 2438206144.391723 131492987062916.36 67455902363273.34
24.168458676264812 7.801986136481525e-09 2014861482.1959066 108661917459834.53 55852225574355.305
24.12143832864562 7.3781546769144095e-09 1909121329.6875968 102959328063204.69 53024053952548.39
24.07460058431815 6.272131249452024e-09 1626091658.5654562 87695476411903.98 45250865828542.97
24.027944381635365 4.584043134367842e-09 1190751267.3046055 64217474534294.45 33200434334232.035
23.98146866716412 5.247616746082185e-09 1365762888.6390092 73655889293816.75 38153750654195.69
