string
20190122an 22 2019_17.51.   full spectra  index number  Nphoton via eV
eV x-axis E [J] Nphoton Nphoton/sr Nphoton/sr @ 0.1bw
51.660080420516415 4.097776857092922e-10 49508777.464829594 2670019124370.533 643474608973.308
51.4457232403483 4.4624740124401753e-10 54139644.25871056 2919762776611.9614 706582591940.0786
51.233137607123716 5.314912071114529e-10 64749155.021980904 3491935996972.1367 848540447264.2268
51.02230164989275 6.658596498466251e-10 81453851.94567063 4392823931131.888 1071849039196.1906
50.813193856245654 5.803140846899693e-10 71281296.93715848 3844215829553.6685 941832878240.6227
50.605793064995666 4.6502427567622437e-10 57354086.179528646 3093118327733.368 760907108622.3894
50.400078459040394 3.972884369941575e-10 49199839.66918305 2653358041935.1387 655379436357.9725
50.1960295583965 3.8525482700406535e-10 47903549.82057842 2583448848783.268 640695314498.2273
49.99362621340296 4.237068880470492e-10 52898074.05562165 2852804625830.497 710348351831.7996
49.79284859808809 5.139028038481729e-10 64417369.97432059 3474042757272.1147 868510689318.0328
49.59367720369574 6.914418763911593e-10 87019852.42533734 4692999546203.841 1177942886097.1387
49.39609283236627 7.823984708405426e-10 98860856.71438955 5331587479949.172 1343560044947.115
49.20007659096798 5.533802468820435e-10 70201573.86397924 3785986129649.229 957854490801.2467
49.005609885074826 4.222712021010139e-10 53781714.25872163 2900459533952.9136 736716721624.0378
48.81267441308634 3.658784536781986e-10 46783553.576819606 2523047208040.1987 643377038050.2461
48.621252160486 3.585156984334952e-10 46022585.44034776 2482008031121.3223 635394055967.0504
48.4313253942341 4.2781375413313004e-10 55133728.525625415 2973373957089.6865 764157106972.0701
48.24287665729156 5.581125422259645e-10 72206710.5792469 3894123588315.935 1004683885785.4662
48.05588876327104 7.891640080592051e-10 102496640.53796719 5527666091422.167 1431665517678.3086
47.87034479121208 9.363352224081998e-10 122082602.83376174 6583941293049.217 1711824736192.7979
47.686228080476646 6.585308092917653e-10 86193020.74506769 4648408334059.213 1213234575189.4524
47.503522225762175 4.4438635671389166e-10 58388037.67535267 3148879556527.2485 825006443810.1094
47.322211072228725 3.5590621521591395e-10 46941776.217505604 2531580189425.977 665805589819.0453
47.142278710737365 3.324726902809663e-10 44018413.04960104 2373922578685.528 626715560772.957
46.96370947319669 3.676884614672281e-10 48865976.68690278 2635352738769.635 698368475773.9327
46.78648792801481 5.26272298151954e-10 70206777.52023767 3786266763961.731 1007146959213.8201
46.61059887565385 7.406726405428054e-10 99181482.26931722 5348878885781.742 1428150662503.6895
46.436027344284355 1.1688823522337637e-09 157110321.84937808 8472993789269.948 2270762335524.388
46.26275858553703 1.0501545491953666e-09 141680691.32072908 7640870462800.609 2055394154493.293
46.09077807034915 6.848566862466925e-10 92741610.9288595 5001575225340.468 1350425310841.9434
45.92007148490342 4.6105545288796266e-10 62667097.766741894 3379650196873.9272 915885203352.7882
45.75062472665653 3.5821096817895534e-10 48868704.443860404 2635499847294.96 716855958464.2225
45.58242390045559 3.215916291676512e-10 44034827.0603888 2374807789853.226 648322526629.9235
45.41545531473963 3.840986696804642e-10 52787136.67398935 2846821748738.122 780029159154.2638
45.24970547782453 5.806019703954141e-10 80085100.22234072 4319006853333.8716 1187726884666.7915
45.0851610942688 8.88543356121936e-10 123008174.36671083 6633857566899.901 1830944688464.362
44.92180906131855 1.4092920649399593e-09 195809042.58143365 10560024205576.725 2925126704944.5933
44.7596364654293 1.5351974001443079e-09 214075343.9854551 11545129808616.512 3209546086795.3687
44.59863057886301 8.892555543560453e-10 124449752.61513412 6711602195017.635 1872537012409.955
44.43877885635813 5.565488083810464e-10 78168200.76758923 4215628049296.1875 1180375853802.8906
44.28006893187113 4.260464482735351e-10 60053404.86236911 3238693170721.052 910072780972.6279
44.1224886153876 3.9600298357787716e-10 56017978.57656057 3021061754438.3423 851939414751.5828
43.96602588980112 4.296865753157415e-10 60999117.05814019 3289695634893.248 930983864674.7937
43.81066890785836 5.329989385340834e-10 75933852.59323823 4095129166845.343 1163016683384.0461
43.65640598916871 9.643790524695558e-10 137876028.03313923 7435684145144.678 2119169981366.2168
43.50322561727689 1.4707173400426236e-09 211006934.48879552 11379649817855.252 3254579847906.595
43.3511164367969 2.340470695388279e-09 336970510.70330626 18172892848462.703 5215620247508.741
43.20006725060597 2.1758071655670106e-09 314358316.73840755 16953412315477.516 4882582746857.569
43.05006701709692 1.21128708256082e-09 175615251.02390382 9470968639814.482 2737109936906.352
42.90110484748759 7.249777427555652e-10 105473940.53125077 5688232526872.984 1649587432793.0972
42.7531700031859 5.722270162063486e-10 83538949.7757892 4505273710093.911 1311034649637.2817
42.60625189320931 5.578536994599901e-10 81721430.78688583 4407254516169.643 1286918318721.5667
42.46034007165723 5.893705431964076e-10 86635110.2970995 4672250319643.443 1368969343655.4775
42.315424235235184 6.759917990963229e-10 99708389.79670338 5377295123203.385 1580924766221.7913
42.17149422082962 1.0616266156610123e-09 157123731.18558794 8473716957684.9 2499746502517.04
42.028540003131894 1.8668672372103763e-09 277241414.0529334 14951689690069.982 4425700148260.557
41.8865516923105 3.1278600999362194e-09 466081308.31967837 25135866213000.69 7465352265261.365
41.74551953173033 4.0874024083617865e-09 611120005.6427386 32957834669027.742 9821434731369.994
41.60543389571781 2.8324145160828953e-09 424908805.0960317 22915424169497.64 6851711826679.601
41.46628528737092 1.4558115428205736e-09 219128568.70451334 11817651315519.244 3545295394655.8184
41.32806433641302 9.528904716354775e-10 143908648.3775308 7761024670893.563 2336068425938.9053
41.19076179708939 8.334058845384785e-10 126283239.28484555 6810482529436.831 2056765723889.965
41.05436854610565 8.096331350479249e-10 123088611.30640808 6638195548532.554 2011373251205.3572
40.91887558060695 8.154949356378606e-10 124390310.54890506 6708396471472.22 2039352527327.5554
40.78427401619706 9.852535504317647e-10 150780176.51062426 8131607675938.34 2480140341161.0405
40.650555084996405 1.3192591239144226e-09 202559492.84567064 10924077454850.123 3342767701183.986
40.51771013373824 2.443656544297689e-09 376430017.16757774 20300952604587.207 6232392449608.427
40.38573062190196 4.460800803771785e-09 689404098.6259214 37179712810688.266 11451351545691.56
40.254608119882796 6.369361398644221e-09 987573125.8206484 53260033223981.25 16457350266210.713
40.124334307197095 5.638067272960949e-09 877023818.383293 47298085057247.766 14662406367746.443
39.99490097072226 3.296405597988673e-09 514428465.6413477 27743238910690.72 8628147301224.935
39.866300002970746 1.6324689793988083e-09 255580656.69897625 13783520340210.752 4300458346145.709
39.73852340039712 1.2131742233845247e-09 190546257.56876615 10276201066513.049 3216450933818.467
39.6115632617377 1.1829452728524374e-09 186393878.77025157 10052262375812.383 3156410386005.2207
39.48541178638185 1.0711559843437174e-09 169318737.57454696 9131396301584.52 2876389834999.0522
39.36006127277429 1.1065424669983109e-09 175469361.1858586 9463100769154.402 2990339843052.7397
39.235504116847785 1.3353992776336322e-09 212432458.27880922 11456528625543.154 3631719574297.252
39.11173281048549 1.5980312715773511e-09 255015860.07143286 13753060735386.293 4373473313852.549
38.98873994001226 3.0677996768785785e-09 491107732.9684953 26485546731256.836 8448889407270.478
38.86651818471441 5.735374136885188e-09 921032789.848601 49671498449241.2 15894879503758.428
38.745060315387185 8.402308352176792e-09 1353540481.1148086 72996732200740.69 23431951036438.125
38.624359192909345 9.057271733459221e-09 1463609046.3544486 78932753836311.0 25416346735291.99
38.50440776684441 5.439070925037707e-09 881664285.9224795 47548346479769.266 15358115912965.246
38.3851990740678 2.6387846207091272e-09 429070959.8346924 23139890078774.195 7497324385522.335
38.266726237419434 1.8085333144025561e-09 294981091.71423 15908394360256.564 5170228167083.376
38.14898246438122 1.4173077936176732e-09 231883683.97831112 12505537453260.86 4076805209762.9717
38.03196104577882 1.3860829366121537e-09 227472799.48176536 12267657494105.475 4011524000572.339
37.91565535450732 1.2723817264196785e-09 209453600.92541164 11295878201323.055 3705048050033.9585
37.800058844280166 1.4104354997620259e-09 232889403.90358078 12559776147321.486 4132166352468.855
37.6851650484009 1.6447664015032326e-09 272409832.4048082 14691121442134.225 4848070075904.317
37.57096757855726 1.981482538068052e-09 329175000.23103374 17752479275132.51 5876070640068.958
37.45746012363715 3.367958636404427e-09 561199658.4854687 30265619501731.137 10048185674574.604
37.34463644856595 6.908425160303317e-09 1154621914.6468337 62269010696424.37 20735580561908.176
37.232490393164845 1.0910215427629428e-08 1828943185.7088501 98635303339874.25 32944191315519.793
37.12101587102963 1.283188924793746e-08 2157544314.499931 116356833603577.56 38979539257197.125
37.010206868429535 9.213187459711895e-09 1553736506.6403878 83793347349559.3 28154564709452.062
36.900057443225876 5.137496066260152e-09 868987311.1145892 46864674474329.914 15793395297847.855
36.790561723809766 2.655520070104316e-09 450507623.1774305 24295973989924.363 8212039208594.164
36.681713908058846 1.8232858289244502e-09 310237371.39860857 16731168838034.242 5671866236093.928
36.573508262312366 1.5968904247364675e-09 272519428.94040805 14697032007108.773 4996990882416.69
36.46593912036438 1.560480133674255e-09 267091345.76733583 14404294302343.746 4911864357099.323
36.35900088247475 1.597115181471485e-09 274165795.6272142 14785820920198.41 5056750754707.935
36.25268801439734 1.6512962768211946e-09 284297972.82028717 15332251437417.988 5258962243034.3545
36.14699504642534 2.037378173217284e-09 351793997.03359914 18972326686630.97 6526480380200.809
36.04191657245317 2.4374839341750615e-09 422107296.77958816 22764338217369.23 7853696684992.61
35.937447249054756 3.2196411076316285e-09 559176889.610916 30156531136883.633 10434159773361.613
35.83358179457772 7.3003128712257396e-09 1271569865.5792837 68576039096942.016 23795885566638.203
35.730314988253284 1.3867024481990978e-08 2422341737.899631 130637416174284.25 45461820828650.21
35.62764166932152 1.8305093347637274e-08 3206814562.4036136 172944206025084.94 60357527902750.76
35.525556736171595 1.601047159930021e-08 2812886487.0197988 151699579339474.6 53094852768818.17
35.42405514549682 1.0807572633076368e-08 1904227630.4134884 102695409798204.72 36046088839169.42
35.32313191146407 5.489355219634076e-09 969953929.601199 52309826144127.86 18413058802732.52
35.222782104897405 3.0216065807688312e-09 535430660.12512505 28875891821889.56 10193189813126.955
35.1230008524756 2.3989148841494595e-09 426296924.6935377 22990285760957.61 8138561159378.757
35.02378333594318 1.961076860205938e-09 349478555.91643035 18847454444156.664 6690846327675.574
34.92512479133489 2.023063342026866e-09 361543442.57041854 19498116402481.03 6941329439283.189
34.82702050821316 2.062279509693025e-09 369589972.72573215 19932067521851.203 7115748105301.228
34.72946582891845 2.077949370115247e-09 373444298.2067085 20139932132385.49 7210095703393.63
34.63245614783208 2.3942659509051157e-09 431497288.80865794 23270742527455.73 8354196567356.463
34.53598691065149 2.994527058289056e-09 541184494.9636208 29186197384739.836 10507031058506.371
34.440053613677456 3.0027958907639196e-09 544190516.1483216 29348312760283.414 10594740906462.938
34.34465180311326 5.348436255755234e-09 971978550.8866413 52419014409897.07 18975683216380.695
34.249777074375366 1.3549001552261092e-08 2469099083.6173167 133159049986787.73 48336735145205.06
34.15542507141566 2.3205554418922815e-08 4240540634.5511956 228693277671121.75 83244353072287.81
34.061591486054624 2.6573556883302065e-08 4869380673.390883 262606757580106.1 95851466516737.16
33.968272057325706 2.2651100571115503e-08 4162026374.9662127 224458986594622.88 82151989093631.39
33.87546257083028 1.3454796920849853e-08 2479024893.1920657 133694351053518.11 49065826836640.63
33.78315885810322 7.985987730931763e-09 1475425747.8398855 79570031114577.62 29281771450164.58
33.69135679598881 5.410752211722192e-09 1002370137.0639001 54058039254953.72 19947416485078.324
33.60005230602678 3.5823630635168494e-09 665454888.5011665 35888126705737.695 13278606881122.908
33.50924135384833 2.9603763296276447e-09 551405764.9427791 29737432695268.242 11032587529943.752
33.41891994858189 3.0473187696675965e-09 569133895.7136884 30693514639147.695 11417987445763.422
33.3290841422685 3.089036501124172e-09 578480381.8630893 31197572667692.082 11636694605049.408
33.23973002928655 2.802816792935114e-09 526291308.5542891 28383004606166.793 10615243722705.455
33.150853745785774 2.9066100419580514e-09 547244023.2157637 29512989059799.445 11067370897424.69
33.062451469130345 3.381188135208841e-09 638297670.2622916 34423532026258.67 12943248041873.086
32.97451941735074 3.761458298670616e-09 711978290.6919122 38397143893009.51 14475723247664.479
32.88705384860445 4.622396484307887e-09 877265801.6014999 47311135264776.086 17883609130085.33
32.80005106064518 6.859103272683933e-09 1305214220.4687977 70390486465308.69 26677994370352.0
32.71350739030047 1.6681460378965452e-08 3182701680.779835 171643793080634.7 65224641370642.43
32.62741921295758 3.132837425625062e-08 5992997688.359413 323203667301121.2 123140597241724.44
32.541782942057424 4.1482775522333156e-08 7956378539.051024 429089223119855.1 163912083231781.3
32.45659502859654 3.6933429248545094e-08 7102408569.096355 383034437116769.9 146702189415717.97
32.371851960636754 2.5088702396472602e-08 4837262205.387386 260874601622998.47 100175847023235.38
32.2875502628226 1.7021752382215818e-08 3290471609.917436 177455848771847.5 68320501777160.89
32.203686495906176 1.2159637776577906e-08 2356698485.192337 127097261294902.06 49059542859830.31
32.12025725627947 7.142330132821516e-09 1387873489.5652301 74848318805255.86 28966299377632.516
32.03725917551389 5.09223097948704e-09 992068624.9827596 53502476470432.96 20758960870527.727
31.954688919906893 5.361985206373408e-09 1047321435.344367 56482272536807.47 21971604016818.26
31.872543190035667 5.118660122708154e-09 1002371130.7063473 54058092842306.76 21082656208499.7
31.790818720317628 4.3425655083438205e-09 852577055.6203264 45979665830426.02 17978049339696.344
31.709512278577684 3.6992218661585085e-09 728131453.8926729 39268287493671.99 15393168697519.646
31.62862066562213 3.753550455633113e-09 740714728.4895123 39946906226373.17 15699134146964.693
31.54814071481902 4.1115595496893325e-09 813433005.8104403 43868618720204.914 17284235775760.871
31.468069291684962 5.054189485348982e-09 1002467719.9100114 54063301919044.195 21355004258021.934
31.388403293478163 7.626627184891258e-09 1516534406.9728255 81787030032398.86 32387663892829.316
31.30913964879766 6.313210085747072e-09 1258543070.5600224 67873501211505.61 26945779980967.984
31.2302753171886 1.001846123536883e-08 2002231013.5107586 107980753539698.05 42976339908800.14
31.151807288753453 2.2505809923109015e-08 4509209091.242612 243182625908225.62 97029867737376.3
31.073732583769104 5.1807889565247946e-08 10406182837.860834 561207701170216.94 224483080468085.78
30.99604825230968 6.971601565593812e-08 14038322181.412714 757089765043666.5 303592995782511.25
30.918751373874994 5.96890286115744e-08 12049292274.911512 649820950072910.5 261228021929308.5
30.841839057024558 4.3163314071476903e-08 8735011692.364159 471081078234675.3 189845674528570.72
30.76530843901705 3.35899203434373e-08 6814542043.000635 367509732825946.0 148473932061682.2
30.689156685455128 2.3320659506637605e-08 4742909614.706475 255786145909647.44 103593389093407.58
30.613380989935486 1.1580502464559627e-08 2361049442.9318905 127331909391033.88 51696755212758.664
30.537978573704116 8.995549706187272e-09 1838554027.263424 99153618112850.34 40355522571930.67
30.462946685316638 9.329819689749366e-09 1911570479.2156222 103091411229324.4 42061295781563.02
30.388282600303604 7.71446864070932e-09 1584487568.9192832 85451758818872.72 34949769356918.617
30.31398362084076 7.183484972431286e-09 1479044193.4726608 79765174673653.95 32703721616199.234
30.240047075424076 6.01664357765318e-09 1241826138.5724277 66971953437691.43 27525472862890.67
30.166470318549564 5.669231884836257e-09 1172974843.7770436 63258788151557.21 26062620718439.254
30.093250730397738 7.073029365693157e-09 1466983849.0190377 79114757677182.06 32674394920677.387
30.020385716522686 5.435338876282744e-09 1130054354.286568 60944076828937.22 25230847807178.83
29.947872707545574 6.923300841714191e-09 1442899888.9350698 77815904477656.95 32293600358227.543
29.875709158852693 1.137949499088786e-08 2377353374.541759 128211183964753.72 53335852529338.72
29.80389255029776 8.248093511885006e-09 1727307114.9196565 93154047961960.67 38845238000137.92
29.732420385908558 9.477128610060287e-09 1989461249.771837 107292077407049.95 44848088356146.83
29.66129019359777 1.5536883779298705e-08 3269360822.6598334 176317339428764.7 73876965220650.66
29.590499524877966 4.614732942526423e-08 9733818665.87379 524946955305056.56 220477721228124.9
29.520045954580638 8.478089228117299e-08 17925444289.182457 966723104785929.4 406990427114868.6
29.449927080579258 1.0162498877074386e-07 21537994497.476418 1161548722339215.2 490173560827156.2
29.380140523516275 9.854182305785392e-08 20934167694.783543 1128984211689708.8 477560321544736.0
29.310683926533965 7.896612974580086e-08 16815271183.837517 906851228031579.5 384504920685372.7
29.241554955009118 5.538705470447908e-08 11822158652.981878 637571584497877.1 270967923411593.12
29.172751296291448 2.937112354186305e-08 6283941672.989977 338894339599301.44 144368988669299.88
29.104270659445692 1.500710299487061e-08 3218319209.524175 173564654143660.56 74112107319344.92
29.036110774997343 1.4128358347892915e-08 3036982098.315531 163785104341019.28 70100024657956.29
28.96826939468193 1.580096279742716e-08 3404473631.353582 183604002554631.62 78766117095935.61
28.90074429119782 1.2213780573147812e-08 2637728311.7417784 142253260893934.47 61168902184393.49
28.83353325796248 1.1697901435824456e-08 2532206204.4385667 136562430722585.5 58858407641431.52
28.766634108872076 1.0183584858515735e-08 2209533609.454253 119160627575044.38 51477391112421.37
28.700044678064504 8.118423029317949e-09 1765542106.4976954 95216069364247.0 41228558034717.625
28.6337628196856 8.214049149371012e-09 1790473298.5548315 96560613968144.69 41907306462175.82
28.567786407658676 9.399443427586058e-09 2053593698.7246087 110750754311731.36 48176578125601.67
28.50211333545716 8.030479154602446e-09 1758544535.0502543 94838688815876.78 41349668323720.34
28.43674151588042 7.460270955606127e-09 1637433780.6394768 88307159519411.4 38590228709981.21
28.371668880832637 1.1835919248296695e-08 2603790785.0444293 140423002706280.2 61505275185353.25
28.30689338110471 1.0807948134052915e-08 2383087658.913514 128520435166685.36 56420471038174.51
28.24241298615914 1.0393156346738814e-08 2296860589.4248776 123870190576488.45 54502883853653.5
28.17822568391787 1.1818987028810931e-08 2617915278.5487514 141184739709488.94 62262470211883.34
28.114329480552975 2.737875826991341e-08 6078200081.558675 327798650876423.06 144887003687383.25
28.050722400280232 6.095885064682601e-08 13563809904.174288 731499214845265.0 324054152176450.1
27.987402485155446 9.278218034236907e-08 20691451409.756657 1115894469708535.4 495457144550591.06
27.924367794873564 1.3145910277150978e-07 29383010422.13777 1584632135471709.0 705161300284896.5
27.861616406570477 1.6012988075224674e-07 35871955026.96865 1934582327721706.2 862823718163883.2
27.799146414627494 1.2356677605113534e-07 27743371009.31075 1496206025729253.8 668804093500961.9
27.736955930478437 9.700680372464388e-08 21828926251.494427 1177238735037803.5 527402953296953.7
27.675043082419336 4.0187334790114135e-08 9063373428.019611 488789697974566.5 219466574390556.7
27.613406015420622 2.48835086484344e-08 5624457161.94774 303328196646977.5 136497688491145.3
27.552042890941912 2.00536331562961e-08 4542848304.949888 244996796011517.34 110493555001195.42
27.490951886749137 2.539292315406167e-08 5765167045.469581 310916711234277.8 140534353477893.02
27.430131196734205 2.2560821069209833e-08 5133528662.095434 276852315996614.84 125414099146461.11
27.369579030736997 1.9174075628497558e-08 4372555124.098485 235812847772315.9 107059032888633.33
27.309293614369736 1.4867088683399868e-08 3397851856.871686 183246888818254.44 83377334412306.23
27.24927318884365 1.738495814174378e-08 3982059098.960447 214753312302067.0 97927510409740.69
27.189516010797938 1.281084936857175e-08 2940799545.758226 158597958386118.4 72479266982456.08
27.130020352130984 1.1197967644691267e-08 2576191029.2430253 138934541879913.52 63632020181002.13
27.070784499833756 1.0273166414707977e-08 2368603989.9506273 127739327752966.02 58632351438607.96
27.0118067558254 9.738278373832506e-09 2250181375.1191363 121352770408005.03 55822274387684.336
26.953085436791 1.0679850043767561e-08 2473122574.574953 133376037728229.19 61486353392708.29
26.894618874021383 7.71349684742479e-09 1790090084.5152297 96539947151736.4 44601455584103.21
26.836405413255104 1.290124866268967e-08 3000518969.966275 161818639907595.28 74922030277216.28
26.77844341452237 1.411673097978758e-08 3290317328.99609 177447528368242.06 82335653162863.1
26.720731251991072 1.4710798195865626e-08 3436187657.9501767 185314346898800.84 86171171307940.39
26.663267313814746 1.390704537126644e-08 3255445878.5246596 175566903468558.34 81814177016351.27
26.606050001982528 1.7188717902029425e-08 4032292759.6363435 217462424535489.97 101554952258070.16
26.549077732171 3.803385442521188e-08 8941489598.612432 482216476575596.06 225677311037377.28
26.492348933597984 5.4232979820198126e-08 12777090638.364729 689071273926819.4 323174427471684.1
26.43586204887816 1.0445020369890509e-07 24660665318.246407 1329955038097923.2 625078867906012.6
26.379615533880546 1.688887938917174e-07 39959619795.11416 2155030976705564.0 1015019590028317.6
26.323607857587806 1.8084612097385378e-07 42879800905.89842 2312516978414219.0 1091508013811518.6
26.267837501957324 1.62657104027883e-07 38648949107.98741 2084346221807984.5 985895762915210.0
26.212302961784054 1.022908693757738e-07 24356824432.393875 1313568833115014.0 622631626896445.1
26.157002744565094 7.437415436944564e-08 17746921886.657974 957095352834115.4 454620292596212.5
26.10193537036601 3.4456132603327655e-08 8239157311.217185 444339543735952.44 211505622818307.3
26.04709937168877 3.507457248036816e-08 8404695701.900886 453267065108440.1 216208390056729.62
25.992493293341415 4.02610515307964e-08 9667766392.916195 521384741874716.7 249221906616119.25
25.93811569230932 3.2716941027990414e-08 7872691673.078956 424575972257161.3 203371890711172.38
25.88396513762809 2.636848402215421e-08 6358333900.89927 342906328612026.44 164595037733773.1
25.83004021025803 2.284627001338708e-08 5520509961.572801 297722301548415.94 143204427044792.88
25.776339502960198 1.8962098056370065e-08 4591495041.615277 247620325088297.22 119352996692557.08
25.722861620173973 2.185223240665839e-08 5302314749.428562 285954986354962.3 138116258409448.22
25.66960517789618 1.4596361252351814e-08 3549068562.807574 191402038620932.47 92638586692531.08
25.616568803561684 1.94019937475362e-08 4727313205.1319065 254945028152999.2 123648338654206.97
25.563751135925475 1.307656646343647e-08 3192700052.021687 172183007413835.8 83680941603115.36
25.5111508249462 8.350650664154506e-09 2043051153.51182 110182192558056.81 53658727775773.84
25.458766531671156 1.3172470186217564e-08 3229377690.58838 174161040429888.12 84990587729785.48
25.40659692812265 1.0853148764607032e-08 2666233821.3156457 143790569218023.5 70313588347613.7
25.354640697185793 8.952885827868199e-09 2203913577.873799 118857538050968.8 58240193644974.484
25.30289653249766 1.0758028197623543e-08 2653697489.1087427 143114482098609.75 70269210710418.92
25.251363138337787 1.624177281139722e-08 4014556538.86766 216505906296273.0 106520905897764.48
25.200039229520026 1.870746521680284e-08 4633431046.960273 249881942967074.1 123191797882770.03
25.148923531285707 1.8044564045326242e-08 4478328718.475607 241517240696196.0 119309516903914.25
25.09801477919808 1.4255097014688122e-08 3545028911.6460047 191184179356182.16 94636168781309.5
25.047311719038085 2.0625555130888202e-08 5139649467.914341 277182412384162.47 137482476542553.06
24.996813106701318 2.508433370039174e-08 6263353177.1705065 337783997546943.94 167878646780828.47
24.946517708096284 5.493472022608843e-08 13744405544.019169 741238776936175.2 369136910914196.06
24.89642429904388 1.0330197100482518e-07 25897664832.591145 1396666690642440.0 696936678630567.8
24.84653166517806 1.6344269708638757e-07 41057142606.92479 2214220620381355.2 1107110310190688.9
24.796838601847703 1.7297999811199292e-07 43540012319.77833 2348122323394496.5 1176409284020605.5
24.747343914019662 1.937203237472298e-07 48857986734.62336 2634921838907403.0 1322730763131483.2
24.69804641618297 1.4306503801236522e-07 36154294137.575745 1949808937294407.5 980753895459137.4
24.648944932254178 1.2914362044566147e-07 32701193062.29801 1763582446124722.2 888845552846830.2
24.60003829548383 8.182911691606123e-08 20761611307.140083 1119678208216534.2 565437495149336.0
24.55132534836406 6.96045803416645e-08 17695052386.711456 954298019433444.6 482874797833320.2
24.502804942537253 5.135461391950451e-08 13081352258.66091 705480169209678.5 357678445789312.5
24.45447593870582 4.129662368493058e-08 10540110422.956585 568430444929956.1 288762666024429.0
24.406337206543014 3.367213217863156e-08 8611067331.176043 464396731909112.2 236377936541722.4
24.358387624604813 3.193215494173387e-08 8182173144.642428 441266375252868.8 225045851378972.0
24.310626080242844 2.2006744400759942e-08 5650002378.547179 304705855727837.3 155704692276913.5
24.263051469518295 2.071112498408054e-08 5327791796.944373 287328969062332.5 147112432159919.38
24.215662697116894 2.37381004886022e-08 6118410057.687608 329967183624600.94 169273165199413.38
24.168458676264812 1.367462142618048e-08 3531468463.7016397 190452861452559.78 97892770786616.36
24.12143832864562 1.4973392386336942e-08 3874413594.4968524 208947966860554.4 107608202933181.4
24.07460058431815 1.7695820136313446e-08 4587758828.810846 247418830320068.8 127668116445156.97
24.027944381635365 1.116028505306695e-08 2898996187.62046 156343494200044.8 80829586501427.55
23.98146866716412 9.798680993607838e-09 2550238614.257293 137534922501617.81 71243089855835.44
