string
integrated and resized binned spectra ROIsize spatial in px50:1600
converted file:an 22 2019_17.55.35_73 binning:0.1
nm muJ
23.8 4.782972214580846e-05
23.900000000000002 0.00045067670987756516
24.000000000000004 0.0006044535620996474
24.100000000000005 0.0005909589296330231
24.200000000000006 0.0006048330182813405
24.300000000000008 0.0005964894459789078
24.40000000000001 0.0005956387391004331
24.50000000000001 0.0005900623060933902
24.600000000000012 0.0005840027419917204
24.700000000000014 0.0005930605831817968
24.800000000000015 0.000566901791839921
24.900000000000016 0.0005827333814575966
25.000000000000018 0.000576102047116531
25.10000000000002 0.0005732465379021864
25.20000000000002 0.000572282702215734
25.300000000000022 0.0005639346178389871
25.400000000000023 0.0005501592116186824
25.500000000000025 0.0005598539405441793
25.600000000000026 0.0005467301981644981
25.700000000000028 0.0005520059687854975
25.80000000000003 0.0005406570469364634
25.90000000000003 0.0005354712223594187
26.000000000000032 0.000544744554617143
26.100000000000033 0.0005426692714030698
26.200000000000035 0.0005357155416941355
26.300000000000036 0.0005339834113050845
26.400000000000038 0.0005391093016294582
26.50000000000004 0.0005333879467744745
26.60000000000004 0.0005324262230880078
26.700000000000042 0.0005423417780015194
26.800000000000043 0.000546912207750153
26.900000000000045 0.0005719559898114491
27.000000000000046 0.0005511395771791737
27.100000000000048 0.0005456254698567771
27.20000000000005 0.0005348961585428395
27.30000000000005 0.0005387552557590978
27.400000000000052 0.0005478708017025119
27.500000000000053 0.0005449446748886905
27.600000000000055 0.0005494118158264396
27.700000000000056 0.0005560590183143908
27.800000000000058 0.0005626449302080216
27.90000000000006 0.0005735568864642876
28.00000000000006 0.0005816449856306497
28.100000000000062 0.0005885134653363114
28.200000000000063 0.000599580021117015
28.300000000000065 0.0006181942452978867
28.400000000000066 0.0006351392075492848
28.500000000000068 0.000655582816697442
28.60000000000007 0.0006593542935200292
28.70000000000007 0.0006709454774032078
28.80000000000007 0.000686007142074855
28.900000000000073 0.0007010688090201283
29.000000000000075 0.0007233765899020755
29.100000000000076 0.0007436144041157841
29.200000000000077 0.0007723213651025426
29.30000000000008 0.0007816136182912917
29.40000000000008 0.000797459338973309
29.50000000000008 0.000837871478070625
29.600000000000083 0.0008563595617654657
29.700000000000085 0.0008606576651745224
29.800000000000086 0.000882182865853526
29.900000000000087 0.0009056405238285969
30.00000000000009 0.0009304124387148689
30.10000000000009 0.0009736291829127284
30.20000000000009 0.0009968758188352324
30.300000000000093 0.001028971262010065
30.400000000000095 0.001048539310871216
30.500000000000096 0.001067609543561869
30.600000000000097 0.001129029840567428
30.7000000000001 0.0011594846872082687
30.8000000000001 0.001161012794234908
30.9000000000001 0.0011910548789142515
31.000000000000103 0.0012520481608524244
31.100000000000104 0.001227361542783031
31.200000000000106 0.0012367232450532348
31.300000000000107 0.0012837106896894945
31.40000000000011 0.001295438120611313
31.50000000000011 0.0012959917816822977
31.60000000000011 0.0013377878332363827
31.700000000000113 0.0013463340908756744
31.800000000000114 0.0013708237321636558
31.900000000000116 0.0014126216745103616
32.000000000000114 0.0013886063286869172
32.100000000000115 0.001418826225554745
32.20000000000012 0.0014304384855572594
32.30000000000012 0.0014205652622397
32.40000000000012 0.0014754815571331465
32.50000000000012 0.001471712932184464
32.60000000000012 0.0015111074051719904
32.700000000000124 0.0015034351675625177
32.800000000000125 0.0015439698562585609
32.90000000000013 0.0015472846826982696
33.00000000000013 0.0016307220078536475
33.10000000000013 0.0016527431384325425
33.20000000000013 0.0016697657268868271
33.30000000000013 0.0016216200643572381
33.400000000000134 0.0016693524125548167
33.500000000000135 0.0016603493862659539
33.600000000000136 0.0017154071132759374
33.70000000000014 0.0016961218752680138
33.80000000000014 0.0017019273294829646
33.90000000000014 0.0017470563029580832
34.00000000000014 0.0017195815623826031
34.10000000000014 0.001765935050215196
34.200000000000145 0.0017681143132658025
34.300000000000146 0.0018416935127549244
34.40000000000015 0.0020049535669912997
34.50000000000015 0.0020090998502024834
34.60000000000015 0.002043531895233629
34.70000000000015 0.002037382457191173
34.80000000000015 0.002020097887446549
34.900000000000155 0.002051378979177156
35.000000000000156 0.002092366528111513
35.10000000000016 0.0020699060454887346
35.20000000000016 0.0020550023510548803
35.30000000000016 0.0021046221906562733
35.40000000000016 0.0021498365000662796
35.50000000000016 0.0021799723294917577
35.600000000000165 0.002144951110846117
35.700000000000166 0.0022196842806296553
35.80000000000017 0.002245766899185732
35.90000000000017 0.0023535884805562547
36.00000000000017 0.0024345280646963837
36.10000000000017 0.002462142568034669
36.20000000000017 0.002451947990812374
36.300000000000175 0.002489387525706305
36.400000000000176 0.0024946271303576567
36.50000000000018 0.0025953541329637895
36.60000000000018 0.0027659163320676613
36.70000000000018 0.0027183102234214457
36.80000000000018 0.00260610049404589
36.90000000000018 0.0025946997095995556
37.000000000000185 0.002655439068489144
37.100000000000186 0.002908881718064662
37.20000000000019 0.002900160718110317
37.30000000000019 0.0030304565799605518
37.40000000000019 0.003510959843316223
37.50000000000019 0.0033599310129390748
37.60000000000019 0.003241245292842826
37.700000000000195 0.0033653043600788595
37.800000000000196 0.0033513912217955372
37.9000000000002 0.003328157080785848
38.0000000000002 0.0036104488540906793
38.1000000000002 0.003728732092380052
38.2000000000002 0.0037232204427627424
38.3000000000002 0.0047114642632672624
38.400000000000205 0.005575656935349921
38.500000000000206 0.005122533440805279
38.60000000000021 0.0038605215171380186
38.70000000000021 0.0037094925676842295
38.80000000000021 0.0036722235113686003
38.90000000000021 0.0044733261649646154
39.00000000000021 0.005319704078324697
39.100000000000215 0.004669988118355281
39.200000000000216 0.00470418959899496
39.30000000000022 0.005118907443466982
39.40000000000022 0.006238002960120393
39.50000000000022 0.006039413053158861
39.60000000000022 0.004995812739887749
39.70000000000022 0.0049594277077451435
39.800000000000225 0.005395538312866066
39.900000000000226 0.0066499028760786845
40.00000000000023 0.006931468785171226
40.10000000000023 0.007581886024477318
40.20000000000023 0.009482321877014688
40.30000000000023 0.007863997101234593
40.40000000000023 0.012311489212866095
40.500000000000234 0.010716153000590551
40.600000000000236 0.007686742365944507
40.70000000000024 0.006121249687445764
40.80000000000024 0.006308333384708241
40.90000000000024 0.00718273366267852
41.00000000000024 0.008786624379812629
41.10000000000024 0.008412653727448267
41.200000000000244 0.007076575637049726
41.300000000000246 0.008553221299406619
41.40000000000025 0.012465354710363412
41.50000000000025 0.011075150946420226
41.60000000000025 0.007652884075344743
41.70000000000025 0.007020545356187888
41.80000000000025 0.007664855588137121
41.900000000000254 0.00783327009852347
42.000000000000256 0.010234141627564681
42.10000000000026 0.008990844327393471
42.20000000000026 0.013174521676158684
42.30000000000026 0.017855585065316638
42.40000000000026 0.011682538569875157
42.50000000000026 0.009240526258627781
42.600000000000264 0.015777889943090945
42.700000000000266 0.019019371438017185
42.80000000000027 0.015137339639291965
42.90000000000027 0.009191241121552934
43.00000000000027 0.009044873241638869
43.10000000000027 0.008944772955940166
43.20000000000027 0.0105808781004339
43.300000000000274 0.012287634708341743
43.400000000000276 0.01396520362738879
43.50000000000028 0.017223192606825196
43.60000000000028 0.020002870105972403
43.70000000000028 0.015336168340588908
43.80000000000028 0.013320870895903536
43.90000000000028 0.011664355345537033
44.000000000000284 0.011787599325217151
44.100000000000286 0.011324765875382871
44.20000000000029 0.011022922277824955
44.30000000000029 0.014088630311880783
44.40000000000029 0.012584197116369465
44.50000000000029 0.013980150383689273
44.60000000000029 0.02588121990720583
44.700000000000294 0.025806180550344452
44.800000000000296 0.015751882331827154
44.9000000000003 0.015100567431507285
45.0000000000003 0.011821409926658918
45.1000000000003 0.02024784388320642
45.2000000000003 0.034063870780977445
45.3000000000003 0.021940192530103163
45.400000000000304 0.015351143169541151
45.500000000000306 0.01237788525774471
45.60000000000031 0.012069279695385843
45.70000000000031 0.01679236848542595
45.80000000000031 0.027570459885282134
45.90000000000031 0.03347365871143512
46.00000000000031 0.030808073657650144
46.100000000000314 0.02118568397210894
46.200000000000315 0.0189599673156725
46.30000000000032 0.020558547639392077
46.40000000000032 0.016372919677820355
46.50000000000032 0.016169770998981377
46.60000000000032 0.016458095365480346
46.70000000000032 0.015372870344461966
46.800000000000324 0.016048881655500533
46.900000000000325 0.01765710681796316
47.00000000000033 0.01411498467546106
47.10000000000033 0.018974164075954952
47.20000000000033 0.03147516386910703
47.30000000000033 0.03091169772616269
47.40000000000033 0.023362625937635356
47.500000000000334 0.01907176564924365
47.600000000000335 0.01665242526313124
47.70000000000034 0.015737192167677924
47.80000000000034 0.014149993759810707
47.90000000000034 0.017853040507302687
48.00000000000034 0.03988712295082647
48.10000000000034 0.041103706566054096
48.200000000000344 0.024404403021190995
48.300000000000345 0.01930518678765862
48.40000000000035 0.023559980327315645
48.50000000000035 0.04138306420449045
48.60000000000035 0.053811978666856254
48.70000000000035 0.048540581383075945
48.80000000000035 0.035897169493922514
48.900000000000354 0.030003055128188447
49.000000000000355 0.026408037181294832
49.10000000000036 0.025055390496613032
49.20000000000036 0.02461642258765998
49.30000000000036 0.021197127045873346
49.40000000000036 0.016835693069242225
49.50000000000036 0.016163255061377443
49.600000000000364 0.016105653075748558
49.700000000000365 0.015740181915022026
49.80000000000037 0.016668824619458136
49.90000000000037 0.014694540203702113
50.00000000000037 0.018587507490307558
50.10000000000037 0.03242907666172394
50.20000000000037 0.0390260270297934
50.300000000000374 0.02674910279646785
50.400000000000375 0.016095740174133868
50.50000000000038 0.016967617773424714
50.60000000000038 0.017243344565511597
50.70000000000038 0.01350133059786633
50.80000000000038 0.014484151275224826
50.90000000000038 0.019233187420222345
51.000000000000384 0.017283761544135186
51.100000000000385 0.01618788070533068
51.20000000000039 0.03649024589814091
51.30000000000039 0.05262550310157054
51.40000000000039 0.03814734587671694
51.50000000000039 0.049633446584475806
51.60000000000039 0.05881102395416828
51.700000000000394 0.05184013164920779
51.800000000000395 0.036437770636051
