string
integrated and resized binned spectra ROIsize spatial in px50:1600
converted file:an 22 2019_15.45.10_18 binning:0.1
nm muJ
23.8 3.799663034255518e-05
23.900000000000002 0.0003633570042749474
24.000000000000004 0.0004894885075939303
24.100000000000005 0.0004761093486302063
24.200000000000006 0.00048115097539598584
24.300000000000008 0.0004712834384755683
24.40000000000001 0.00047429805653861337
24.50000000000001 0.0004700563040056367
24.600000000000012 0.0004649106364831324
24.700000000000014 0.0004710796247072669
24.800000000000015 0.00045617901460606345
24.900000000000016 0.0004648525431544307
25.000000000000018 0.0004611813963719946
25.10000000000002 0.0004569690163005087
25.20000000000002 0.0004500591699261988
25.300000000000022 0.0004491984459434135
25.400000000000023 0.00044452525991686275
25.500000000000025 0.0004435287574392784
25.600000000000026 0.00043233378415172854
25.700000000000028 0.0004377522315647962
25.80000000000003 0.00042984464630255187
25.90000000000003 0.00042231000903600113
26.000000000000032 0.000430705007336908
26.100000000000033 0.0004303822496030421
26.200000000000035 0.00042539162112503086
26.300000000000036 0.0004286200007442039
26.400000000000038 0.00042944537592956523
26.50000000000004 0.0004218456052606805
26.60000000000004 0.0004238736846023256
26.700000000000042 0.0004272318667998334
26.800000000000043 0.0004304263445859899
26.900000000000045 0.00044955020051943597
27.000000000000046 0.000433884383132894
27.100000000000048 0.00042903865678623723
27.20000000000005 0.00042758549942061816
27.30000000000005 0.0004344726198519461
27.400000000000052 0.0004370780031793001
27.500000000000053 0.0004323014887099762
27.600000000000055 0.0004408203399256545
27.700000000000056 0.0004488787820944027
27.800000000000058 0.0004589583238765711
27.90000000000006 0.0004695012983473862
28.00000000000006 0.0004794628171393529
28.100000000000062 0.0004914896764978756
28.200000000000063 0.0005003910392312169
28.300000000000065 0.0005111474731135284
28.400000000000066 0.0005264118494731031
28.500000000000068 0.0005355137092452559
28.60000000000007 0.00055027750377826
28.70000000000007 0.0005665826901360604
28.80000000000007 0.0005769027248133743
28.900000000000073 0.0005954188160833057
29.000000000000075 0.0006125311400030915
29.100000000000076 0.0006324160676494726
29.200000000000077 0.0006608920045033907
29.30000000000008 0.0006636986496844815
29.40000000000008 0.0006884504989220346
29.50000000000008 0.0007062444002636278
29.600000000000083 0.0007238708782995483
29.700000000000085 0.000741707542478204
29.800000000000086 0.0007542413956578099
29.900000000000087 0.0007827032887628368
30.00000000000009 0.0008012724036309918
30.10000000000009 0.0008511001980067182
30.20000000000009 0.0008656035686886462
30.300000000000093 0.0008940164646273753
30.400000000000095 0.0009084097853698548
30.500000000000096 0.0009334872009171279
30.600000000000097 0.0009770580255263617
30.7000000000001 0.0010020286518447523
30.8000000000001 0.001013862207407988
30.9000000000001 0.001045269548509115
31.000000000000103 0.0011001631900175446
31.100000000000104 0.001087953670479619
31.200000000000106 0.001098975499372565
31.300000000000107 0.0011418704622505208
31.40000000000011 0.001136639007407076
31.50000000000011 0.0011450407905963572
31.60000000000011 0.0011756841799869832
31.700000000000113 0.001186235062056979
31.800000000000114 0.001189845666530467
31.900000000000116 0.0012360645731347938
32.000000000000114 0.0012269977707928463
32.100000000000115 0.0012707325234722182
32.20000000000012 0.00127791435720799
32.30000000000012 0.001278338060954611
32.40000000000012 0.00131684297221421
32.50000000000012 0.001313485561839499
32.60000000000012 0.0013579540948186254
32.700000000000124 0.001343467356390291
32.800000000000125 0.0013826760006048068
32.90000000000013 0.0013871507568470971
33.00000000000013 0.001429111131696623
33.10000000000013 0.0014235793646995
33.20000000000013 0.0014546386321214833
33.30000000000013 0.0014536842780284902
33.400000000000134 0.0015133653735664029
33.500000000000135 0.0015028466315762789
33.600000000000136 0.0015464916833686751
33.70000000000014 0.0015507543603645152
33.80000000000014 0.0015462949366013806
33.90000000000014 0.0015836643948060514
34.00000000000014 0.0015723522687235484
34.10000000000014 0.001611601389941639
34.200000000000145 0.0016130222359268904
34.300000000000146 0.0016666316221860755
34.40000000000015 0.0017599927650338424
34.50000000000015 0.001740885813287999
34.60000000000015 0.0018147780083396002
34.70000000000015 0.001848084147709979
34.80000000000015 0.0018628124667839274
34.900000000000155 0.0018908830297056588
35.000000000000156 0.0018993983827897071
35.10000000000016 0.001910042419811873
35.20000000000016 0.001895867388148639
35.30000000000016 0.0019531403058368458
35.40000000000016 0.001963179379771787
35.50000000000016 0.001980315441681259
35.600000000000165 0.0019838876963392716
35.700000000000166 0.002013754916811694
35.80000000000017 0.002022914082504299
35.90000000000017 0.002038912495374003
36.00000000000017 0.002022670594695873
36.10000000000017 0.0021092993525555744
36.20000000000017 0.00214688548818619
36.300000000000175 0.002177159618186405
36.400000000000176 0.0022322899176858493
36.50000000000018 0.0023647160166260076
36.60000000000018 0.002256360825908596
36.70000000000018 0.0023023383144832213
36.80000000000018 0.0023298307382586866
36.90000000000018 0.002404035074085084
37.000000000000185 0.0024084255834251125
37.100000000000186 0.0024471294111239796
37.20000000000019 0.0024677731338900695
37.30000000000019 0.002673020784690239
37.40000000000019 0.0027925639508170593
37.50000000000019 0.0025953172747300965
37.60000000000019 0.0025049295376424344
37.700000000000195 0.002585920338069364
37.800000000000196 0.0026628809834877785
37.9000000000002 0.002718789390277744
38.0000000000002 0.002701092307675939
38.1000000000002 0.0028094152914443556
38.2000000000002 0.0032965415252037785
38.3000000000002 0.0030285626405480294
38.400000000000205 0.0029709913344489413
38.500000000000206 0.0029662129052060618
38.60000000000021 0.002953737479453289
38.70000000000021 0.0031120452235483486
38.80000000000021 0.003165003102491219
38.90000000000021 0.0031588741323246416
39.00000000000021 0.0033112832699363857
39.100000000000215 0.003277243025778226
39.200000000000216 0.0034083942423860742
39.30000000000022 0.003188357854125284
39.40000000000022 0.003282244228497043
39.50000000000022 0.0032897870998503578
39.60000000000022 0.0034718579891184547
39.70000000000022 0.0035322190411214817
39.800000000000225 0.003641509181635231
39.900000000000226 0.003692820054609528
40.00000000000023 0.004203493863480697
40.10000000000023 0.006056803610933046
40.20000000000023 0.004883888363191549
40.30000000000023 0.0044789172872378305
40.40000000000023 0.004233022933667346
40.500000000000234 0.004101714581745241
40.600000000000236 0.0041337018725947396
40.70000000000024 0.004393469852337388
40.80000000000024 0.005163084899003498
40.90000000000024 0.0047373403125875934
41.00000000000024 0.0056189888723954425
41.10000000000024 0.0048704603689102705
41.200000000000244 0.005433908273372916
41.300000000000246 0.005158718366254373
41.40000000000025 0.004551338321313911
41.50000000000025 0.005076871601687376
41.60000000000025 0.0049286127737045654
41.70000000000025 0.005393243048559463
41.80000000000025 0.005388266056569291
41.900000000000254 0.005337568928679729
42.000000000000256 0.005678769966620739
42.10000000000026 0.007746076588498619
42.20000000000026 0.012935246613809778
42.30000000000026 0.009553115773381858
42.40000000000026 0.007191060905010895
42.50000000000026 0.006589376524610659
42.600000000000264 0.006328793887592564
42.700000000000266 0.005458076930631937
42.80000000000027 0.0056417889036763985
42.90000000000027 0.0053221366578953535
43.00000000000027 0.008429832641138304
43.10000000000027 0.008427985739436763
43.20000000000027 0.008856166613736744
43.300000000000274 0.011173902576678744
43.400000000000276 0.007879014937270336
43.50000000000028 0.009509503098284194
43.60000000000028 0.009238306642536562
43.70000000000028 0.006833640422013001
43.80000000000028 0.008173986983343725
43.90000000000028 0.008231928174005062
44.000000000000284 0.007837996014619802
44.100000000000286 0.008194048962578448
44.20000000000029 0.00799777536715021
44.30000000000029 0.008120575585133637
44.40000000000029 0.010573073354879009
44.50000000000029 0.021468456380986597
44.60000000000029 0.0234269264680581
44.700000000000294 0.014304364962928808
44.800000000000296 0.011458146375418247
44.9000000000003 0.0105128272433824
45.0000000000003 0.009455874815867932
45.1000000000003 0.006995366804706838
45.2000000000003 0.008269391530882717
45.3000000000003 0.00693187845294085
45.400000000000304 0.007087889757806313
45.500000000000306 0.013310826222505151
45.60000000000031 0.015359455552046833
45.70000000000031 0.012859040041478163
45.80000000000031 0.019914539554675953
45.90000000000031 0.017616650744124718
46.00000000000031 0.012649218208244275
46.100000000000314 0.016564565004480516
46.200000000000315 0.014228712567096891
46.30000000000032 0.011235708434977735
46.40000000000032 0.011688635231392618
46.50000000000032 0.01283677845796268
46.60000000000032 0.010033567901778031
46.70000000000032 0.011924216517182725
46.800000000000324 0.010712533395733232
46.900000000000325 0.012115696444855311
47.00000000000033 0.016656068703804393
47.10000000000033 0.031567192817363456
47.20000000000033 0.04232003826281806
47.30000000000033 0.026434793200081838
47.40000000000033 0.017360114547207397
47.500000000000334 0.01421643774720191
47.600000000000335 0.013164750692282007
47.70000000000034 0.011839137925583705
47.80000000000034 0.008646085250497244
47.90000000000034 0.0099396956654348
48.00000000000034 0.012270144884912034
48.10000000000034 0.010701569183347654
48.200000000000344 0.008468182461554036
48.300000000000345 0.015858378962196048
48.40000000000035 0.0237650294814796
48.50000000000035 0.019834579247584246
48.60000000000035 0.023509732272988623
48.70000000000035 0.034755770889874894
48.80000000000035 0.0290022207657509
48.900000000000354 0.019405187272961248
49.000000000000355 0.025056452499028523
49.10000000000036 0.02653759406575873
49.20000000000036 0.017345348937509397
49.30000000000036 0.01530825508249187
49.40000000000036 0.017814683540607633
49.50000000000036 0.013871230188834759
49.600000000000364 0.01454401592632297
49.700000000000365 0.012346296804098586
49.80000000000037 0.014648961766062693
49.90000000000037 0.018160620575418295
50.00000000000037 0.029128938616382466
50.10000000000037 0.05324167106178581
50.20000000000037 0.05163599881198557
50.300000000000374 0.023867691285859062
50.400000000000375 0.02026023362996331
50.50000000000038 0.015696819518439237
50.60000000000038 0.014253572941430334
50.70000000000038 0.012939498787970065
50.80000000000038 0.01026478304433107
50.90000000000038 0.009197437797994363
51.000000000000384 0.00871624970714926
51.100000000000385 0.010414986583902651
51.20000000000039 0.013803257989079084
51.30000000000039 0.013313899797747258
51.40000000000039 0.009346400541702903
51.50000000000039 0.01280564550553236
51.60000000000039 0.023043376851245044
51.700000000000394 0.022680989655153402
51.800000000000395 0.021508045413915045
