string
integrated and resized binned spectra ROIsize spatial in px50:1600
converted file:an 22 2019_17.26.05_64 binning:0.1
nm muJ
23.8 4.7465213551981986e-05
23.900000000000002 0.00039541950178168753
24.000000000000004 0.0005209140662597809
24.100000000000005 0.000510197945242362
24.200000000000006 0.0005242972878306484
24.300000000000008 0.000510728188276145
24.40000000000001 0.0005120634500682077
24.50000000000001 0.0005060125899589997
24.600000000000012 0.0005039545118555584
24.700000000000014 0.0005140402311563253
24.800000000000015 0.0005098274928869188
24.900000000000016 0.0005168915276604702
25.000000000000018 0.0005136500832405971
25.10000000000002 0.0005101569121128064
25.20000000000002 0.0005018159870153205
25.300000000000022 0.000503640618560131
25.400000000000023 0.0004999170396211765
25.500000000000025 0.000500894192419972
25.600000000000026 0.0004888353613683522
25.700000000000028 0.0004964975531373301
25.80000000000003 0.000492808662121804
25.90000000000003 0.0004854985032478759
26.000000000000032 0.0004934291552977968
26.100000000000033 0.0004957829781767429
26.200000000000035 0.0004972936215002672
26.300000000000036 0.0004978273307248794
26.400000000000038 0.0004990791738827671
26.50000000000004 0.0004974071116906736
26.60000000000004 0.000502170806373336
26.700000000000042 0.0005015752133785343
26.800000000000043 0.0005103561747461639
26.900000000000045 0.0005267791148008638
27.000000000000046 0.0005088602119445797
27.100000000000048 0.0005079454333911603
27.20000000000005 0.0005053218972531274
27.30000000000005 0.0005076434270252264
27.400000000000052 0.0005165213835287237
27.500000000000053 0.000511843215373651
27.600000000000055 0.0005158255082805147
27.700000000000056 0.0005272213487784932
27.800000000000058 0.0005348305082813579
27.90000000000006 0.0005452191410550055
28.00000000000006 0.0005503199043791506
28.100000000000062 0.0005611190112866418
28.200000000000063 0.00057568996556551
28.300000000000065 0.0005908254201563491
28.400000000000066 0.000597629438877925
28.500000000000068 0.0006085795150034786
28.60000000000007 0.0006213765028100474
28.70000000000007 0.0006420607550996838
28.80000000000007 0.0006571545951682224
28.900000000000073 0.0006702778803438788
29.000000000000075 0.0006915428258266763
29.100000000000076 0.0007082246427408496
29.200000000000077 0.000733762547965668
29.30000000000008 0.000743657874256472
29.40000000000008 0.0007612804965087005
29.50000000000008 0.0007809131962657355
29.600000000000083 0.0008037845435904285
29.700000000000085 0.0008288091511505488
29.800000000000086 0.0008423898040796199
29.900000000000087 0.0008623806846153062
30.00000000000009 0.0008869721180182408
30.10000000000009 0.0009386134392427953
30.20000000000009 0.0009486206212130234
30.300000000000093 0.0009734741993718494
30.400000000000095 0.0009940103757175897
30.500000000000096 0.0010312638805612551
30.600000000000097 0.001073326323818754
30.7000000000001 0.0011018416455796847
30.8000000000001 0.0011120130061779896
30.9000000000001 0.0011408251050798943
31.000000000000103 0.0011884273012903264
31.100000000000104 0.001182064020283258
31.200000000000106 0.0011930242776922275
31.300000000000107 0.0012396310949328321
31.40000000000011 0.001234119432787006
31.50000000000011 0.0012357541134638236
31.60000000000011 0.001271315039128332
31.700000000000113 0.0012684104753211177
31.800000000000114 0.001277153405019449
31.900000000000116 0.0013238844528627015
32.000000000000114 0.0013118273439915783
32.100000000000115 0.0013503835110737358
32.20000000000012 0.001359183977847473
32.30000000000012 0.0013653965037310099
32.40000000000012 0.0014150917725552982
32.50000000000012 0.0013971155974299172
32.60000000000012 0.0014407706043680938
32.700000000000124 0.001436996064126673
32.800000000000125 0.0014771829933262015
32.90000000000013 0.0014679957214432558
33.00000000000013 0.0015191046612350572
33.10000000000013 0.0015069714177196086
33.20000000000013 0.0015432665420782308
33.30000000000013 0.0015335889889542878
33.400000000000134 0.0015841842830038486
33.500000000000135 0.0015683724941720997
33.600000000000136 0.0016186270721826625
33.70000000000014 0.0016209328735187652
33.80000000000014 0.0016123436402917123
33.90000000000014 0.001650867031285627
34.00000000000014 0.0016413699277574622
34.10000000000014 0.0016876155973333693
34.200000000000145 0.001694892440270687
34.300000000000146 0.0017275682185414764
34.40000000000015 0.0017924905926630871
34.50000000000015 0.0017733890446504752
34.60000000000015 0.0018401273298326666
34.70000000000015 0.0018647276163670352
34.80000000000015 0.0018669699062025726
34.900000000000155 0.001848451089332629
35.000000000000156 0.0018854050774771475
35.10000000000016 0.0019086226970919538
35.20000000000016 0.0018908712969850033
35.30000000000016 0.0019442074554860422
35.40000000000016 0.001959242558897863
35.50000000000016 0.0019763581814896403
35.600000000000165 0.001964599481583827
35.700000000000166 0.002027278476690244
35.80000000000017 0.0020495649494829873
35.90000000000017 0.002062975371612074
36.00000000000017 0.0020386365906663
36.10000000000017 0.002105228811476258
36.20000000000017 0.0021221419329149386
36.300000000000175 0.002144940105026208
36.400000000000176 0.002157530678252945
36.50000000000018 0.00218314466591634
36.60000000000018 0.0021678655220671874
36.70000000000018 0.0022287526341448435
36.80000000000018 0.002248638412671819
36.90000000000018 0.002277963850870463
37.000000000000185 0.0022949816796668803
37.100000000000186 0.0023185269958671696
37.20000000000019 0.002351516222127477
37.30000000000019 0.0024186141969940313
37.40000000000019 0.002533925154582679
37.50000000000019 0.0024342766792135153
37.60000000000019 0.002415423322836034
37.700000000000195 0.0024570508015102394
37.800000000000196 0.00250170570085486
37.9000000000002 0.002504527136483708
38.0000000000002 0.0025163424444779986
38.1000000000002 0.0025407064682870357
38.2000000000002 0.002555040652999141
38.3000000000002 0.0025712017475415755
38.400000000000205 0.0025971920373605594
38.500000000000206 0.0026334910275663715
38.60000000000021 0.0026611328195827034
38.70000000000021 0.002676079873787881
38.80000000000021 0.002682807672347948
38.90000000000021 0.00269309469595867
39.00000000000021 0.0027859057836791276
39.100000000000215 0.002751168930445243
39.200000000000216 0.0027790559874115925
39.30000000000022 0.0027963915727001218
39.40000000000022 0.002828204135053321
39.50000000000022 0.0028435940429085657
39.60000000000022 0.002858312999656842
39.70000000000022 0.002879453358125655
39.800000000000225 0.0028926106256915644
39.900000000000226 0.002915358599036951
40.00000000000023 0.0030259637206338525
40.10000000000023 0.0029656126929613865
40.20000000000023 0.0029748521888918605
40.30000000000023 0.002981190971618478
40.40000000000023 0.0029882893962487425
40.500000000000234 0.002991800904743727
40.600000000000236 0.003100809378851713
40.70000000000024 0.0030417004098030782
40.80000000000024 0.003030714468548842
40.90000000000024 0.0030385723075213138
41.00000000000024 0.0031253727873032577
41.10000000000024 0.003086919526611362
41.200000000000244 0.003097510581428064
41.300000000000246 0.003090462881459872
41.40000000000025 0.00307966011451507
41.50000000000025 0.0031933978805910863
41.60000000000025 0.0030931345644268924
41.70000000000025 0.0030624246769559763
41.80000000000025 0.0031171440549546026
41.900000000000254 0.0030615253988293097
42.000000000000256 0.0030465282795169787
42.10000000000026 0.00303733322267419
42.20000000000026 0.003126822383949876
42.30000000000026 0.0030618213353063076
42.40000000000026 0.003047336568630824
42.50000000000026 0.0031161347067791413
42.600000000000264 0.003021608205260326
42.700000000000266 0.0030080087984127074
42.80000000000027 0.003090920030840226
42.90000000000027 0.003008162313236535
43.00000000000027 0.003065508733168056
43.10000000000027 0.003036353543364708
43.20000000000027 0.0030272190988142413
43.300000000000274 0.0030960941424823594
43.400000000000276 0.003027399444241469
43.50000000000028 0.0031208968350973938
43.60000000000028 0.0030806773691614054
43.70000000000028 0.003039251338806764
43.80000000000028 0.0031152371646187217
43.90000000000028 0.0029811979616974145
44.000000000000284 0.003022788320098487
44.100000000000286 0.002946270912804984
44.20000000000029 0.0029924386855794635
44.30000000000029 0.002958294669538383
44.40000000000029 0.0030081615280156356
44.50000000000029 0.002986534154951425
44.60000000000029 0.003042689151376097
44.700000000000294 0.0032304931925202984
44.800000000000296 0.0030795691081051224
44.9000000000003 0.0030508832643996284
45.0000000000003 0.0029497188010484746
45.1000000000003 0.002910375085581419
45.2000000000003 0.0029420809562786332
45.3000000000003 0.002884624443623683
45.400000000000304 0.0029137391650732353
45.500000000000306 0.002918320682314545
45.60000000000031 0.0030273990686524046
45.70000000000031 0.0029869670900444217
45.80000000000031 0.0030681873338045396
45.90000000000031 0.002988202680477722
46.00000000000031 0.0032207336368848083
46.100000000000314 0.003400572083134198
46.200000000000315 0.00325061845165505
46.30000000000032 0.003130502957328604
46.40000000000032 0.002957775851983666
46.50000000000032 0.0030081735822106393
46.60000000000032 0.0029553556961426433
46.70000000000032 0.0028494554814161035
46.800000000000324 0.0029553115507301394
46.900000000000325 0.0029893940249721656
47.00000000000033 0.0029353663112378072
47.10000000000033 0.0030497544087837165
47.20000000000033 0.0032096682665254286
47.30000000000033 0.0035492263044476433
47.40000000000033 0.0035071153490482615
47.500000000000334 0.003072910941637924
47.600000000000335 0.0029733688404687494
47.70000000000034 0.0028934076883324923
47.80000000000034 0.0028963342125414558
47.90000000000034 0.0028853264787678337
48.00000000000034 0.002940176096789503
48.10000000000034 0.0029571940203088586
48.200000000000344 0.0028391075864569073
48.300000000000345 0.0030032888486814014
48.40000000000035 0.003161316345307287
48.50000000000035 0.00323952908212525
48.60000000000035 0.0032294685788143013
48.70000000000035 0.003340075830264534
48.80000000000035 0.0035909406149760405
48.900000000000354 0.003990657384850959
49.000000000000355 0.004056753080723594
49.10000000000036 0.003745027612762461
49.20000000000036 0.0032394058848658064
49.30000000000036 0.0031091741156689862
49.40000000000036 0.0030253717082488678
49.50000000000036 0.0028145933054443723
49.600000000000364 0.0028686122196095137
49.700000000000365 0.0029527208607707
49.80000000000037 0.0030373420329108812
49.90000000000037 0.0029845660105971856
50.00000000000037 0.002901422621417885
50.10000000000037 0.0032702087065413776
50.20000000000037 0.0037698380842657426
50.300000000000374 0.004006236124353175
50.400000000000375 0.003719115136751889
50.50000000000038 0.003050202651050084
50.60000000000038 0.002681155479443641
50.70000000000038 0.0025696866461287528
50.80000000000038 0.0027249870983686417
50.90000000000038 0.0027309252721826266
51.000000000000384 0.002618505349255333
51.100000000000385 0.0025869875927862647
51.20000000000039 0.0026388538563296505
51.30000000000039 0.002726836602183306
51.40000000000039 0.002707538666700827
51.50000000000039 0.0026647050360865078
51.60000000000039 0.002864008582341907
51.700000000000394 0.003010795868765138
51.800000000000395 0.0030936609883271964
