string
integrated and resized binned spectra ROIsize spatial in px50:1600
converted file:an 22 2019_16.38.10_39 binning:0.1
nm muJ
23.8 1.2776403667731792e-05
23.900000000000002 0.0001916890730149678
24.000000000000004 0.0002695730622639498
24.100000000000005 0.00026311596869005717
24.200000000000006 0.00026271251029500093
24.300000000000008 0.0002549617655104534
24.40000000000001 0.00025460852370921805
24.50000000000001 0.000248909227904288
24.600000000000012 0.0002437499226249049
24.700000000000014 0.00024749071318703363
24.800000000000015 0.00023524789164600478
24.900000000000016 0.00023555782084508904
25.000000000000018 0.0002354474661643049
25.10000000000002 0.00022977655335849946
25.20000000000002 0.00022668908968614412
25.300000000000022 0.00022446812584925102
25.400000000000023 0.00021953800329303354
25.500000000000025 0.0002162282956913659
25.600000000000026 0.0002109038430550933
25.700000000000028 0.000214152705640114
25.80000000000003 0.00020682480420385814
25.90000000000003 0.00020041228986412822
26.000000000000032 0.00020929858196343983
26.100000000000033 0.00020574002449182216
26.200000000000035 0.00020278539683796226
26.300000000000036 0.0002049098503484927
26.400000000000038 0.0002054369892517181
26.50000000000004 0.00020435266564639183
26.60000000000004 0.0002103004354097448
26.700000000000042 0.0002062862677710712
26.800000000000043 0.00021549319056035052
26.900000000000045 0.00022896800579260925
27.000000000000046 0.00021780085847442795
27.100000000000048 0.00021842974791065918
27.20000000000005 0.00021699320263219215
27.30000000000005 0.00022306981253242565
27.400000000000052 0.00022480563062075197
27.500000000000053 0.00022803361790081045
27.600000000000055 0.00023235548009501488
27.700000000000056 0.00024285793128797975
27.800000000000058 0.0002496858906301219
27.90000000000006 0.0002619117550876987
28.00000000000006 0.0002668788614487181
28.100000000000062 0.0002789781843463296
28.200000000000063 0.0002863738834142818
28.300000000000065 0.00030245691275707326
28.400000000000066 0.00031299231010905335
28.500000000000068 0.0003230111782244221
28.60000000000007 0.0003342063976933289
28.70000000000007 0.0003542330765530117
28.80000000000007 0.0003663087402645979
28.900000000000073 0.00039024685446044697
29.000000000000075 0.0004045484630509245
29.100000000000076 0.0004233397311255629
29.200000000000077 0.0004489350682772527
29.30000000000008 0.00045619017565639577
29.40000000000008 0.00047315085975694325
29.50000000000008 0.0004926875907159332
29.600000000000083 0.0005080595342698414
29.700000000000085 0.0005311212332053387
29.800000000000086 0.0005498837925767491
29.900000000000087 0.0005736702134739951
30.00000000000009 0.0005991557219185229
30.10000000000009 0.0006426910807710954
30.20000000000009 0.0006685986296680851
30.300000000000093 0.0006918257762580506
30.400000000000095 0.0007018882419630894
30.500000000000096 0.0007324378373522508
30.600000000000097 0.0007692091412199359
30.7000000000001 0.0007937016143615974
30.8000000000001 0.0008105522710502151
30.9000000000001 0.0008382985979816705
31.000000000000103 0.0008876992066728084
31.100000000000104 0.0008985474316664302
31.200000000000106 0.0009138782213300266
31.300000000000107 0.0009652240106188067
31.40000000000011 0.0009726840485873195
31.50000000000011 0.0009673857301029548
31.60000000000011 0.0009992109343748739
31.700000000000113 0.0010028626913395693
31.800000000000114 0.0010147645586178848
31.900000000000116 0.0010602504057067382
32.000000000000114 0.0010562990791400204
32.100000000000115 0.0011023353499757212
32.20000000000012 0.0011040425439782088
32.30000000000012 0.0011177965464480514
32.40000000000012 0.001171642306365317
32.50000000000012 0.0011764608466907104
32.60000000000012 0.0012346443488686473
32.700000000000124 0.0012336495866933682
32.800000000000125 0.0012654747735680433
32.90000000000013 0.0012626093659212389
33.00000000000013 0.0013040405755093344
33.10000000000013 0.0012936448489607806
33.20000000000013 0.001324424490663797
33.30000000000013 0.0013415098339056727
33.400000000000134 0.0013874663071515479
33.500000000000135 0.0013759491033214348
33.600000000000136 0.0014275192843351307
33.70000000000014 0.0014343080267834277
33.80000000000014 0.0014500397254411687
33.90000000000014 0.0014927945013365018
34.00000000000014 0.0015298688562890414
34.10000000000014 0.001575377266857279
34.200000000000145 0.001551862921777489
34.300000000000146 0.0015781554275952209
34.40000000000015 0.0016551176249591782
34.50000000000015 0.0016311880499198935
34.60000000000015 0.0016916977073758016
34.70000000000015 0.0017360369443483318
34.80000000000015 0.0017372932084132207
34.900000000000155 0.0017284156121131304
35.000000000000156 0.0017633819892834267
35.10000000000016 0.0017877486258879103
35.20000000000016 0.0017801791648602242
35.30000000000016 0.0018580887630023563
35.40000000000016 0.0018889830261247156
35.50000000000016 0.001974137754873176
35.600000000000165 0.0020309085434673177
35.700000000000166 0.0020378921731571743
35.80000000000017 0.0020205979305141365
35.90000000000017 0.0020087176564488034
36.00000000000017 0.0019808170634281904
36.10000000000017 0.002070316127035895
36.20000000000017 0.0021346951230882
36.300000000000175 0.0021406130543640644
36.400000000000176 0.002156412994214411
36.50000000000018 0.0021548479385542084
36.60000000000018 0.002157127428586019
36.70000000000018 0.002224198875446587
36.80000000000018 0.0022389838333708887
36.90000000000018 0.0023072325057737174
37.000000000000185 0.0023826350560832814
37.100000000000186 0.002416747487644113
37.20000000000019 0.0026563253040968074
37.30000000000019 0.0028897500440753874
37.40000000000019 0.002943325807900646
37.50000000000019 0.00268719837847206
37.60000000000019 0.002589373126757995
37.700000000000195 0.002615632348425391
37.800000000000196 0.002784942017857751
37.9000000000002 0.002908065316061358
38.0000000000002 0.0027754007362156374
38.1000000000002 0.0027815247611273036
38.2000000000002 0.002724128717910534
38.3000000000002 0.0027713676305311137
38.400000000000205 0.002782667872992688
38.500000000000206 0.002813364215102805
38.60000000000021 0.002862949975579989
38.70000000000021 0.0029539821937952077
38.80000000000021 0.003068301048313593
38.90000000000021 0.0030832707245911774
39.00000000000021 0.003529464969455833
39.100000000000215 0.004031733806269051
39.200000000000216 0.004162182069054687
39.30000000000022 0.0035691017697945054
39.40000000000022 0.003751425922635141
39.50000000000022 0.003656628239417333
39.60000000000022 0.003979581500898219
39.70000000000022 0.004561581692367599
39.800000000000225 0.003982376469299163
39.900000000000226 0.0038845772529582756
40.00000000000023 0.0037423940720933448
40.10000000000023 0.0036288720345595774
40.20000000000023 0.0036003396244854
40.30000000000023 0.003536106457779597
40.40000000000023 0.0035541652762630335
40.500000000000234 0.0035894908607500197
40.600000000000236 0.0037418502685547007
40.70000000000024 0.0038487210427099873
40.80000000000024 0.004125780621061083
40.90000000000024 0.004102491761170272
41.00000000000024 0.0047941868124597
41.10000000000024 0.005754617851379114
41.200000000000244 0.00701392787526028
41.300000000000246 0.006337673226415803
41.40000000000025 0.00552140697038744
41.50000000000025 0.006229560602040843
41.60000000000025 0.007290051529319569
41.70000000000025 0.007698357613674079
41.80000000000025 0.005989599637174979
41.900000000000254 0.005610451789993685
42.000000000000256 0.004932146239051582
42.10000000000026 0.004392309116539436
42.20000000000026 0.004668557535955
42.30000000000026 0.004420827815035096
42.40000000000026 0.004245909380226181
42.50000000000026 0.004503005937950047
42.600000000000264 0.004538907206156899
42.700000000000266 0.004511168396492156
42.80000000000027 0.004638669412057316
42.90000000000027 0.004752314349286779
43.00000000000027 0.005069465335163521
43.10000000000027 0.0051051186284601716
43.20000000000027 0.005660825906453804
43.300000000000274 0.006911013682666833
43.400000000000276 0.008931873059111315
43.50000000000028 0.0116108282877124
43.60000000000028 0.010356261403448542
43.70000000000028 0.0096595938033679
43.80000000000028 0.013252051794818998
43.90000000000028 0.012403044606371164
44.000000000000284 0.008881560603532034
44.100000000000286 0.008552641163529667
44.20000000000029 0.007004242923464595
44.30000000000029 0.005897142573391051
44.40000000000029 0.005901363321512802
44.50000000000029 0.005324365995435877
44.60000000000029 0.005077392964618956
44.700000000000294 0.005256036255892429
44.800000000000296 0.0050005857277608465
44.9000000000003 0.005267438380004039
45.0000000000003 0.005304979763349235
45.1000000000003 0.005243770641917296
45.2000000000003 0.005461740875455233
45.3000000000003 0.005460702892555614
45.400000000000304 0.005766531982158418
45.500000000000306 0.006190350899433792
45.60000000000031 0.0069152091426790555
45.70000000000031 0.007997332779698194
45.80000000000031 0.009578716223586602
45.90000000000031 0.01243863485924135
46.00000000000031 0.01717667078327292
46.100000000000314 0.020563974702838564
46.200000000000315 0.023600642587560096
46.30000000000032 0.022073568292560596
46.40000000000032 0.015186805567048076
46.50000000000032 0.014340975012194095
46.60000000000032 0.011133904211005907
46.70000000000032 0.008789051438948176
46.800000000000324 0.007078407548560315
46.900000000000325 0.006034465689207483
47.00000000000033 0.0060690649532296114
47.10000000000033 0.0061904344632837905
47.20000000000033 0.005785959601606386
47.30000000000033 0.0062363538903863905
47.40000000000033 0.006614616350978679
47.500000000000334 0.006700422472674593
47.600000000000335 0.006917865536221168
47.70000000000034 0.0070854877573070735
47.80000000000034 0.007119872470934895
47.90000000000034 0.006722522869464376
48.00000000000034 0.006943599326563509
48.10000000000034 0.0069116376726535275
48.200000000000344 0.0067835666371249765
48.300000000000345 0.007208335398482505
48.40000000000035 0.008127032491510778
48.50000000000035 0.009768752688480965
48.60000000000035 0.0109575745498769
48.70000000000035 0.013809038817754945
48.80000000000035 0.022723843424762368
48.900000000000354 0.03406877170586762
49.000000000000355 0.04284146265466346
49.10000000000036 0.03297852497241919
49.20000000000036 0.018788105953807553
49.30000000000036 0.018373970165101144
49.40000000000036 0.017462611591298464
49.50000000000036 0.010279532804970837
49.600000000000364 0.008926184068218547
49.700000000000365 0.008366348243430206
49.80000000000037 0.007062555042646889
49.90000000000037 0.006566067878703588
50.00000000000037 0.006209433974337072
50.10000000000037 0.006903944816306871
50.20000000000037 0.006710709430715918
50.300000000000374 0.0069133732489022135
50.400000000000375 0.006328039701152477
50.50000000000038 0.006782671721657357
50.60000000000038 0.006561625198127914
50.70000000000038 0.006442189467341589
50.80000000000038 0.00621621969831327
50.90000000000038 0.006185440472921232
51.000000000000384 0.00657347516624109
51.100000000000385 0.006693822912546487
51.20000000000039 0.00607273507469202
51.30000000000039 0.007249555659137558
51.40000000000039 0.006730587921240903
51.50000000000039 0.007734930036486051
51.60000000000039 0.009382530241954387
51.700000000000394 0.01125557909480899
51.800000000000395 0.013574313789546119
