string
integrated and resized binned spectra ROIsize spatial in px50:1600
converted file:an 22 2019_16.36.14_38 binning:0.1
nm muJ
23.8 -7.2689537961172496e-06
23.900000000000002 5.5403344926528e-05
24.000000000000004 9.853880591298923e-05
24.100000000000005 8.994227046169356e-05
24.200000000000006 8.648993088645243e-05
24.300000000000008 8.263099316438052e-05
24.40000000000001 7.734959355616226e-05
24.50000000000001 7.10612417748844e-05
24.600000000000012 7.03595529677585e-05
24.700000000000014 6.697203017946691e-05
24.800000000000015 6.0613711770264795e-05
24.900000000000016 6.253717457416703e-05
25.000000000000018 6.679358936795713e-05
25.10000000000002 5.260288783438073e-05
25.20000000000002 5.50141664616599e-05
25.300000000000022 4.9270480336591805e-05
25.400000000000023 4.761546712518928e-05
25.500000000000025 4.272214041043542e-05
25.600000000000026 3.508351810649001e-05
25.700000000000028 3.678469944358716e-05
25.80000000000003 3.5584446978309485e-05
25.90000000000003 3.496180457264231e-05
26.000000000000032 3.661791654063608e-05
26.100000000000033 3.97843169537182e-05
26.200000000000035 4.187738061722518e-05
26.300000000000036 4.135729364511276e-05
26.400000000000038 4.216859810778988e-05
26.50000000000004 4.1263817133258736e-05
26.60000000000004 4.168076966666598e-05
26.700000000000042 4.631304760344704e-05
26.800000000000043 5.4815892527680726e-05
26.900000000000045 6.83833357313014e-05
27.000000000000046 5.4884809512434074e-05
27.100000000000048 5.5495681303968764e-05
27.20000000000005 5.445121432480766e-05
27.30000000000005 6.586507324775906e-05
27.400000000000052 7.139666014165468e-05
27.500000000000053 7.586603038888356e-05
27.600000000000055 8.054495129615126e-05
27.700000000000056 9.54798281408603e-05
27.800000000000058 9.776674176432218e-05
27.90000000000006 0.00010623479031887408
28.00000000000006 0.00011110311696932395
28.100000000000062 0.0001258929781327938
28.200000000000063 0.00013277197214028
28.300000000000065 0.00014451707113558298
28.400000000000066 0.00015344945510533596
28.500000000000068 0.00017487229022094872
28.60000000000007 0.0001825641432914338
28.70000000000007 0.00020049885146149448
28.80000000000007 0.00021372490698141813
28.900000000000073 0.00023100651000281457
29.000000000000075 0.0002523454422382528
29.100000000000076 0.0002680910093558368
29.200000000000077 0.0002888848657676046
29.30000000000008 0.0003043348153438843
29.40000000000008 0.0003338019617845441
29.50000000000008 0.00035345240840758133
29.600000000000083 0.00038292416184461874
29.700000000000085 0.0003974339696394617
29.800000000000086 0.0004135919679671823
29.900000000000087 0.0004256889327029332
30.00000000000009 0.00044443818135567225
30.10000000000009 0.00047873179963386984
30.20000000000009 0.0005034289787741055
30.300000000000093 0.0005320653858384063
30.400000000000095 0.0005593580155633546
30.500000000000096 0.0005882782197152246
30.600000000000097 0.0006388749492737425
30.7000000000001 0.0006680180475997682
30.8000000000001 0.0006912214343540236
30.9000000000001 0.0007183165398492673
31.000000000000103 0.0007454754480071726
31.100000000000104 0.0007568207385186876
31.200000000000106 0.0007666777214950851
31.300000000000107 0.0008045825241676205
31.40000000000011 0.0008122721460080142
31.50000000000011 0.0008154280003548978
31.60000000000011 0.0008541735340590671
31.700000000000113 0.000869591722237433
31.800000000000114 0.0008908617917976392
31.900000000000116 0.0009472010807251195
32.000000000000114 0.0009637286728792158
32.100000000000115 0.0010110734464377125
32.20000000000012 0.0010096045382337693
32.30000000000012 0.0010124827320543107
32.40000000000012 0.001053314394942986
32.50000000000012 0.0010449937695659315
32.60000000000012 0.001085382975590582
32.700000000000124 0.001095891147035205
32.800000000000125 0.0011364685864421352
32.90000000000013 0.0011540102332559536
33.00000000000013 0.0012017455286336175
33.10000000000013 0.0012147835902005851
33.20000000000013 0.0012688044424566617
33.30000000000013 0.0013201664404483143
33.400000000000134 0.001376910641133083
33.500000000000135 0.001362712693592557
33.600000000000136 0.0013791682197510046
33.70000000000014 0.0013676934753875443
33.80000000000014 0.0013583251035186406
33.90000000000014 0.0013894862726619498
34.00000000000014 0.0013757521469630225
34.10000000000014 0.0014214931874257117
34.200000000000145 0.0014347434516739797
34.300000000000146 0.0014822536618171029
34.40000000000015 0.0015455628956131532
34.50000000000015 0.0015633542516299828
34.60000000000015 0.0016521515147365651
34.70000000000015 0.0017344702228157599
34.80000000000015 0.0018068929783786776
34.900000000000155 0.001791033039714063
35.000000000000156 0.0018098566957831302
35.10000000000016 0.0017829762333256103
35.20000000000016 0.0017512610863957344
35.30000000000016 0.0017687144212513613
35.40000000000016 0.0017841104687201488
35.50000000000016 0.001788158434340789
35.600000000000165 0.0018091817070953811
35.700000000000166 0.0018681535993395572
35.80000000000017 0.0018968328163889393
35.90000000000017 0.0019472848641463993
36.00000000000017 0.0019429224808881628
36.10000000000017 0.002067393149807081
36.20000000000017 0.002157218705808108
36.300000000000175 0.0023297116869149307
36.400000000000176 0.0024732566455078382
36.50000000000018 0.0024330999363684986
36.60000000000018 0.00237720318003131
36.70000000000018 0.002372923292771951
36.80000000000018 0.0023523131322870164
36.90000000000018 0.0023191172190726644
37.000000000000185 0.0022968986975002016
37.100000000000186 0.0023549060190937955
37.20000000000019 0.002351737077008251
37.30000000000019 0.002483318324243865
37.40000000000019 0.002559736255225468
37.50000000000019 0.0025444508161458703
37.60000000000019 0.0025083153034379455
37.700000000000195 0.002612362836899852
37.800000000000196 0.002803701826723544
37.9000000000002 0.002882858412440822
38.0000000000002 0.003168625015642375
38.1000000000002 0.003478880874666556
38.2000000000002 0.003491977546134559
38.3000000000002 0.0034351095516158554
38.400000000000205 0.0034624104895341064
38.500000000000206 0.0032902768876624418
38.60000000000021 0.003176030746168081
38.70000000000021 0.00306354952364696
38.80000000000021 0.0030045779423197964
38.90000000000021 0.003088547869021217
39.00000000000021 0.003090147726305617
39.100000000000215 0.0032238186814804518
39.200000000000216 0.003125917377156777
39.30000000000022 0.0032523922089487925
39.40000000000022 0.0033930729006448838
39.50000000000022 0.0032424963919295852
39.60000000000022 0.0035599141387156336
39.70000000000022 0.003793161522400509
39.800000000000225 0.004142149026775169
39.900000000000226 0.004770390916432894
40.00000000000023 0.005614324139761796
40.10000000000023 0.005547032204804633
40.20000000000023 0.005203057527971931
40.30000000000023 0.005342107482303797
40.40000000000023 0.0048081653631103895
40.500000000000234 0.004311693632769652
40.600000000000236 0.004465911291946908
40.70000000000024 0.004077707570086714
40.80000000000024 0.00426754127388947
40.90000000000024 0.004203835887238089
41.00000000000024 0.004155390022319211
41.10000000000024 0.004258598959925093
41.200000000000244 0.004019127254648197
41.300000000000246 0.00407921336105465
41.40000000000025 0.00420014387170698
41.50000000000025 0.004223852148551441
41.60000000000025 0.004298237477088801
41.70000000000025 0.004809705747980946
41.80000000000025 0.0051364869201905
41.900000000000254 0.005820615108598913
42.000000000000256 0.007299868913597318
42.10000000000026 0.007770651479353557
42.20000000000026 0.007837087402264437
42.30000000000026 0.008626963763554285
42.40000000000026 0.008010607824792886
42.50000000000026 0.007789214378780136
42.600000000000264 0.006152685894701949
42.700000000000266 0.00540009978618973
42.80000000000027 0.0057267914399084996
42.90000000000027 0.004885194123136534
43.00000000000027 0.005241907486598792
43.10000000000027 0.0052569784710551825
43.20000000000027 0.004807398425201331
43.300000000000274 0.005411868533761517
43.400000000000276 0.004846743864465485
43.50000000000028 0.0048546480962655654
43.60000000000028 0.005111107228044999
43.70000000000028 0.005146579335688621
43.80000000000028 0.004907260112772871
43.90000000000028 0.006209385871393418
44.000000000000284 0.0061792922440232255
44.100000000000286 0.006741392411076151
44.20000000000029 0.0086311654580778
44.30000000000029 0.011316541405285983
44.40000000000029 0.011925108304323402
44.50000000000029 0.013016268457967104
44.60000000000029 0.012660780754238482
44.700000000000294 0.012166132021675049
44.800000000000296 0.010224174178026712
44.9000000000003 0.00961730607909721
45.0000000000003 0.00793137588517019
45.1000000000003 0.006727465511132208
45.2000000000003 0.007210085548355678
45.3000000000003 0.00707207919293599
45.400000000000304 0.006925665618148436
45.500000000000306 0.0072568011034103265
45.60000000000031 0.00736584988328025
45.70000000000031 0.005416401656278894
45.80000000000031 0.006204176038948497
45.90000000000031 0.00540155794524421
46.00000000000031 0.005043895729412934
46.100000000000314 0.005996254251660412
46.200000000000315 0.0063983914655623185
46.30000000000032 0.005876453740020565
46.40000000000032 0.00665126388458287
46.50000000000032 0.008298449286995658
46.60000000000032 0.00761742305785016
46.70000000000032 0.008821407860892298
46.800000000000324 0.011812748486988373
46.900000000000325 0.01372787185653414
47.00000000000033 0.015014373729901385
47.10000000000033 0.015330883400247963
47.20000000000033 0.018835457772582283
47.30000000000033 0.018463572303725587
47.40000000000033 0.015896674168044248
47.500000000000334 0.01334354715427435
47.600000000000335 0.011671778714463982
47.70000000000034 0.009773815175945642
47.80000000000034 0.009137653467703248
47.90000000000034 0.009168381379844824
48.00000000000034 0.00891892024741576
48.10000000000034 0.008251534475682127
48.200000000000344 0.00787908926677724
48.300000000000345 0.007766513573874105
48.40000000000035 0.006755205897835869
48.50000000000035 0.007754727712277147
48.60000000000035 0.006896867072962521
48.70000000000035 0.00630194754877957
48.80000000000035 0.006328542961449702
48.900000000000354 0.007336755446317982
49.000000000000355 0.007794217685334024
49.10000000000036 0.0066860307793616645
49.20000000000036 0.008350903942861525
49.30000000000036 0.010660855430732545
49.40000000000036 0.009396371092353325
49.50000000000036 0.010075538828612096
49.600000000000364 0.013348231300334442
49.700000000000365 0.015935843985275252
49.80000000000037 0.018552906442179842
49.90000000000037 0.021613480260285693
50.00000000000037 0.020987439468876712
50.10000000000037 0.02263032453206844
50.20000000000037 0.020968059080879013
50.300000000000374 0.021208335839895266
50.400000000000375 0.0170794725863273
50.50000000000038 0.012418809425035718
50.60000000000038 0.011262967022466954
50.70000000000038 0.011025444071367574
50.80000000000038 0.009724193436710094
50.90000000000038 0.008662367862719417
51.000000000000384 0.009831703785025436
51.100000000000385 0.01024704011604839
51.20000000000039 0.008087647401953462
51.30000000000039 0.007547054231988785
51.40000000000039 0.00837995025737315
51.50000000000039 0.0071475660470292956
51.60000000000039 0.0051374391857293596
51.700000000000394 0.0061796885982038224
51.800000000000395 0.007010727572286113
