string
integrated and resized binned spectra ROIsize spatial in px50:1600
converted file:an 22 2019_17.12.18_58 binning:0.1
nm muJ
23.8 5.753689312192997e-05
23.900000000000002 0.00047460074788880995
24.000000000000004 0.0006238504944109457
24.100000000000005 0.000619236603736757
24.200000000000006 0.000630817089803621
24.300000000000008 0.0006239304946091579
24.40000000000001 0.0006312436199150242
24.50000000000001 0.0006252980003621686
24.600000000000012 0.0006209580220788529
24.700000000000014 0.0006317889428308285
24.800000000000015 0.0006185702817003673
24.900000000000016 0.0006279642981272862
25.000000000000018 0.0006239095634220537
25.10000000000002 0.0006217139093599422
25.20000000000002 0.0006152277384435526
25.300000000000022 0.0006218357216994069
25.400000000000023 0.0006110554292141624
25.500000000000025 0.000616221043226685
25.600000000000026 0.0006057541637445493
25.700000000000028 0.0006176243165376483
25.80000000000003 0.0006119120443657587
25.90000000000003 0.0006045754879582284
26.000000000000032 0.0006126867227692074
26.100000000000033 0.0006166640646230118
26.200000000000035 0.0006043198029413528
26.300000000000036 0.000612240998170357
26.400000000000038 0.000613566876763079
26.50000000000004 0.0006065639955394249
26.60000000000004 0.0006119547617532171
26.700000000000042 0.0006123199561991718
26.800000000000043 0.0006144554461645773
26.900000000000045 0.0006315393845735658
27.000000000000046 0.0006172180449381888
27.100000000000048 0.0006151649517882272
27.20000000000005 0.0006127206161203063
27.30000000000005 0.0006108699949412376
27.400000000000052 0.0006181637917820007
27.500000000000053 0.0006182018984372087
27.600000000000055 0.0006227342320398859
27.700000000000056 0.0006333310639356732
27.800000000000058 0.0006405907398327117
27.90000000000006 0.0006576092751235219
28.00000000000006 0.0006591626123058722
28.100000000000062 0.0006667176781139261
28.200000000000063 0.0006845632663307628
28.300000000000065 0.0006978321631798034
28.400000000000066 0.0007118052607836256
28.500000000000068 0.0007214075348244105
28.60000000000007 0.0007375849436196791
28.70000000000007 0.000752849367758846
28.80000000000007 0.0007662407193715308
28.900000000000073 0.0007840233109920004
29.000000000000075 0.000802762672705931
29.100000000000076 0.0008217946278898865
29.200000000000077 0.0008544306238640653
29.30000000000008 0.0008616541117646537
29.40000000000008 0.0008787708585841562
29.50000000000008 0.0009010625125722141
29.600000000000083 0.0009178564371648197
29.700000000000085 0.000937835845104973
29.800000000000086 0.0009654317601472336
29.900000000000087 0.0009829068261400116
30.00000000000009 0.0010074454834385442
30.10000000000009 0.0010559518471897704
30.20000000000009 0.001071011780385111
30.300000000000093 0.001103283945202432
30.400000000000095 0.0011234200744898702
30.500000000000096 0.001142025552263361
30.600000000000097 0.0011893026442348887
30.7000000000001 0.0012094838194127379
30.8000000000001 0.0012260982953032145
30.9000000000001 0.0012515283391849015
31.000000000000103 0.001313972774356966
31.100000000000104 0.00130233741401998
31.200000000000106 0.0013067401708682363
31.300000000000107 0.0013495918728320161
31.40000000000011 0.0013424873939954635
31.50000000000011 0.0013526518036221142
31.60000000000011 0.0013880360371100631
31.700000000000113 0.0013832565967898296
31.800000000000114 0.0013872022931817876
31.900000000000116 0.0014312219129919077
32.000000000000114 0.0014228905960423476
32.100000000000115 0.0014555754566194655
32.20000000000012 0.0014542778227809557
32.30000000000012 0.0014521620671834826
32.40000000000012 0.0015041117001930884
32.50000000000012 0.001491642224743091
32.60000000000012 0.001540501291075268
32.700000000000124 0.001529681552114732
32.800000000000125 0.0015686287265636795
32.90000000000013 0.0015700720392421111
33.00000000000013 0.0016040098491900015
33.10000000000013 0.0015919336991405797
33.20000000000013 0.0016308400050766112
33.30000000000013 0.0016195213742146708
33.400000000000134 0.0016596400772647295
33.500000000000135 0.0016447662922766666
33.600000000000136 0.0016944388645862122
33.70000000000014 0.0016970273689214269
33.80000000000014 0.0016883818777435815
33.90000000000014 0.0017236441288487685
34.00000000000014 0.001714069933215016
34.10000000000014 0.0017621040210188768
34.200000000000145 0.0017696439484021923
34.300000000000146 0.0017809501525927758
34.40000000000015 0.0018558557568146576
34.50000000000015 0.0018403497179206713
34.60000000000015 0.0018968014988561864
34.70000000000015 0.0019263735133597832
34.80000000000015 0.0019196361008401216
34.900000000000155 0.0019108013181229825
35.000000000000156 0.0019565450234818797
35.10000000000016 0.00197017982947561
35.20000000000016 0.0019487598366952944
35.30000000000016 0.001995088047912586
35.40000000000016 0.0020133999027085923
35.50000000000016 0.0020292621906766975
35.600000000000165 0.002027355410780649
35.700000000000166 0.0020773657797482897
35.80000000000017 0.002088991484697767
35.90000000000017 0.0021025001898159943
36.00000000000017 0.0020870991281216676
36.10000000000017 0.002157019514454011
36.20000000000017 0.002181356335940783
36.300000000000175 0.002197084970331804
36.400000000000176 0.0022049025806884486
36.50000000000018 0.0022287195884065363
36.60000000000018 0.002216701808059287
36.70000000000018 0.0022719648835779673
36.80000000000018 0.002293041242666638
36.90000000000018 0.002313926362675542
37.000000000000185 0.0023276797691797755
37.100000000000186 0.0023634872019579617
37.20000000000019 0.0023904991351584716
37.30000000000019 0.0025115553771616066
37.40000000000019 0.0026743024190357587
37.50000000000019 0.0024906945181379487
37.60000000000019 0.002440306021971306
37.700000000000195 0.002504040152650102
37.800000000000196 0.002578730695980587
37.9000000000002 0.002584567784343735
38.0000000000002 0.0025708897294781127
38.1000000000002 0.0025798128257191544
38.2000000000002 0.0026256719458877006
38.3000000000002 0.0026595650403007454
38.400000000000205 0.0026649147220379338
38.500000000000206 0.0026755520198008657
38.60000000000021 0.002703263635964311
38.70000000000021 0.0027195791526228924
38.80000000000021 0.002723801197736098
38.90000000000021 0.002750933654685587
39.00000000000021 0.002864090279535601
39.100000000000215 0.002873636249237516
39.200000000000216 0.0029305830342076836
39.30000000000022 0.0029353598932671276
39.40000000000022 0.0029595188937052764
39.50000000000022 0.002973581577919777
39.60000000000022 0.003117514472288278
39.70000000000022 0.003137475577117757
39.800000000000225 0.003064494747905653
39.900000000000226 0.003025869488823446
40.00000000000023 0.0032046157975015657
40.10000000000023 0.0032741917450769117
40.20000000000023 0.003393847477332427
40.30000000000023 0.0033373404329229265
40.40000000000023 0.0031794112228389552
40.500000000000234 0.0032106158485764847
40.600000000000236 0.003331935548829804
40.70000000000024 0.0032428312776730307
40.80000000000024 0.00325578936868861
40.90000000000024 0.00331501851939845
41.00000000000024 0.0034218770766847643
41.10000000000024 0.0034907157445659997
41.200000000000244 0.0037343233344989332
41.300000000000246 0.0038136418289045682
41.40000000000025 0.0037829826253499566
41.50000000000025 0.00393679816583021
41.60000000000025 0.004025942761323391
41.70000000000025 0.0039137465158332425
41.80000000000025 0.003718805731346241
41.900000000000254 0.0034969129045217613
42.000000000000256 0.0034323011362126362
42.10000000000026 0.0037493807726148368
42.20000000000026 0.004300577880179898
42.30000000000026 0.004432770543592013
42.40000000000026 0.004179436989803374
42.50000000000026 0.0038163491520107986
42.600000000000264 0.003570886165418666
42.700000000000266 0.003577370075333987
42.80000000000027 0.0038302255965309076
42.90000000000027 0.0037483020695249433
43.00000000000027 0.0037002563622739243
43.10000000000027 0.003538765967104553
43.20000000000027 0.0038242267307904963
43.300000000000274 0.003994447474010393
43.400000000000276 0.0044969741275177446
43.50000000000028 0.005732394023850012
43.60000000000028 0.005743811861729843
43.70000000000028 0.00577006322149072
43.80000000000028 0.005858709933791406
43.90000000000028 0.004936741810952326
44.000000000000284 0.004489042884309771
44.100000000000286 0.0040680280949393095
44.20000000000029 0.004056925748452395
44.30000000000029 0.00393705445800724
44.40000000000029 0.004465169789604432
44.50000000000029 0.005545973137780591
44.60000000000029 0.006209159031957556
44.700000000000294 0.006460306122475013
44.800000000000296 0.005048704361919873
44.9000000000003 0.004153433885493848
45.0000000000003 0.00409983741464052
45.1000000000003 0.00393367878110581
45.2000000000003 0.004040708010181121
45.3000000000003 0.004465010716953819
45.400000000000304 0.004879071974779692
45.500000000000306 0.0042877008135208524
45.60000000000031 0.004302702385491929
45.70000000000031 0.004537351521741408
45.80000000000031 0.004662594475406343
45.90000000000031 0.005529809480751884
46.00000000000031 0.008010184709749145
46.100000000000314 0.010327202824535708
46.200000000000315 0.010803351086605711
46.30000000000032 0.009292968432247913
46.40000000000032 0.006675869760211764
46.50000000000032 0.005431574496163663
46.60000000000032 0.004745395017840966
46.70000000000032 0.004639909585150411
46.800000000000324 0.004599073618581785
46.900000000000325 0.00456268875000903
47.00000000000033 0.00552876636788054
47.10000000000033 0.0070137121238651855
47.20000000000033 0.008213555804321529
47.30000000000033 0.009406308132776214
47.40000000000033 0.007827504450302171
47.500000000000334 0.004931704266521198
47.600000000000335 0.004840173196828521
47.70000000000034 0.0046175382358322635
47.80000000000034 0.004373530816649157
47.90000000000034 0.00417500590202556
48.00000000000034 0.004352748727013174
48.10000000000034 0.005414297402604794
48.200000000000344 0.006272185355295588
48.300000000000345 0.006214563403513868
48.40000000000035 0.005539887835936254
48.50000000000035 0.005872457629859146
48.60000000000035 0.0065466216572657695
48.70000000000035 0.006296410071067096
48.80000000000035 0.00952905931582036
48.900000000000354 0.016128324312368894
49.000000000000355 0.01807056758235012
49.10000000000036 0.014541181662555922
49.20000000000036 0.010342285745759334
49.30000000000036 0.00795762966281503
49.40000000000036 0.006204413825472454
49.50000000000036 0.005342138398977302
49.600000000000364 0.005740624847993897
49.700000000000365 0.00556364304304566
49.80000000000037 0.005411071203680047
49.90000000000037 0.006102297389920998
50.00000000000037 0.007623257860010142
50.10000000000037 0.009979427443286339
50.20000000000037 0.011130972543755918
50.300000000000374 0.010415536588861268
50.400000000000375 0.008048027095845093
50.50000000000038 0.005506956884965311
50.60000000000038 0.004349768837547263
50.70000000000038 0.004239270141993182
50.80000000000038 0.0040979018671332265
50.90000000000038 0.003974889198012612
51.000000000000384 0.0037562943840210375
51.100000000000385 0.004056411634973655
51.20000000000039 0.004523599194100819
51.30000000000039 0.005914223679018989
51.40000000000039 0.007908150757670603
51.50000000000039 0.008071583215737711
51.60000000000039 0.005997917550371236
51.700000000000394 0.0061237592479320094
51.800000000000395 0.007291430648033764
