string
20190122an 22 2019_17.47.   full spectra  index number  Nphoton via eV
eV x-axis E [J] Nphoton Nphoton/sr Nphoton/sr @ 0.1bw
51.660080420516415 3.923859230551699e-10 47407528.57551128 2556698315277.0796 616164293981.7853
51.4457232403483 3.8025590370243336e-10 46133421.27334178 2487985431673.5737 602092474464.9912
51.233137607123716 3.823834940418345e-10 46584040.90656861 2512287446389.796 610485849472.7188
51.02230164989275 3.733097995228856e-10 45666562.23606463 2462807622368.936 600925059858.0259
50.813193856245654 3.7795726918732467e-10 46425349.72917729 2503729196717.7114 613413653195.8224
50.605793064995666 3.736347998325935e-10 46082502.85021656 2485239390052.495 611368889952.8984
50.400078459040394 3.733173084371845e-10 46231276.85216406 2493262804298.4067 615835912661.7001
50.1960295583965 3.730646712526374e-10 46387795.331789166 2501703879907.945 620422562217.148
49.99362621340296 3.5576742524880234e-10 44416109.66989812 2395370443817.0205 596447240510.443
49.79284859808809 3.615396815616894e-10 45318755.32330821 2444050320003.5605 611012580000.8931
49.59367720369574 3.629876802399832e-10 45682992.95316263 2463693734511.575 618387127362.392
49.39609283236627 3.5796732298002973e-10 45231371.92170561 2439337714171.2466 614713103971.1191
49.20007659096798 3.5384997636727565e-10 44889251.81677037 2420887102587.115 612484436954.5349
49.005609885074826 3.51599224844735e-10 44780721.370774604 2415034032056.521 613418644142.3545
48.81267441308634 3.437003374075872e-10 43947718.12286402 2370109985928.256 604378046411.7009
48.621252160486 3.474252862615367e-10 44598911.54271141 2405228988531.217 615738621063.9836
48.4313253942341 3.3543976182017547e-10 43229196.31784185 2331359948885.8486 599159506863.6792
48.24287665729156 3.425728978990974e-10 44320921.3543871 2390236917282.0215 616681124658.7339
48.05588876327104 3.3904713762749847e-10 44035450.47156443 2374841410553.3623 615083925333.3069
47.87034479121208 3.3096075651379766e-10 43151800.36388797 2327185968274.9854 605068351751.4967
47.686228080476646 3.383869618201538e-10 44290402.22338716 2388591013916.969 623422254632.3279
47.503522225762175 3.3736529506648715e-10 44326512.86677711 2390538468759.961 626321078815.0872
47.322211072228725 3.378402214379534e-10 44558986.03060933 2403075796989.8066 632008934608.3318
47.142278710737365 3.388858662181557e-10 44867498.810974106 2419713958258.722 638804484980.2799
46.96370947319669 3.3637977554108165e-10 44705036.986865446 2410952356790.005 638902374549.3325
46.78648792801481 3.343174454017081e-10 44599251.36259954 2405247315091.609 639795785814.3677
46.61059887565385 3.355896206259431e-10 44937903.98884767 2423510924796.841 647077416920.7404
46.436027344284355 3.390474984603825e-10 45571619.33666035 2457687331177.8906 658660204755.6868
46.26275858553703 3.491664784331591e-10 47107492.9764754 2540517330238.884 683399161834.2362
46.09077807034915 3.6408199975115607e-10 49303090.4789329 2658926380535.9995 717910122744.7289
45.92007148490342 3.486456618484574e-10 47388251.543609805 2555658700758.733 692583507905.5818
45.75062472665653 3.4676468279557265e-10 47307152.210481666 2551284996104.4487 693949518940.4037
45.58242390045559 3.468131985798348e-10 47488360.50630479 2561057598865.3643 699168724490.2366
45.41545531473963 3.506585926625195e-10 48191427.14600928 2598974135484.582 712118913122.7922
45.24970547782453 3.574431684524021e-10 49303780.26413902 2658963580802.02 731214984720.5413
45.0851610942688 3.5653983205532654e-10 49358664.974498786 2661923525155.326 734690892942.8657
44.92180906131855 3.617661054739692e-10 50264296.88603246 2710764450891.2305 750881752896.8298
44.7596364654293 3.6797213381955766e-10 51311812.4855338 2767257194743.2056 769297500138.606
44.59863057886301 3.7797557151456086e-10 52897017.217524506 2852747630322.3223 795916588859.9427
44.43877885635813 3.8785981689533005e-10 54475552.87189986 2937878401096.798 822605952307.0742
44.28006893187113 3.9331085558388575e-10 55439157.262917325 2989845795245.679 840146668464.0472
44.1224886153876 4.0738701996691126e-10 57628347.015692 3107909274210.328 876430415327.282
43.96602588980112 4.180469069010101e-10 59346727.76572069 3200581921374.4824 905764683748.9829
43.81066890785836 4.345934323041556e-10 61914482.82680389 3339061509658.838 948293468743.0845
43.65640598916871 4.4593108240232066e-10 63754191.114692874 3438277377297.9854 979909052529.9183
43.50322561727689 4.6028010420830765e-10 66037362.27952788 3561409294232.3394 1018563058150.4469
43.3511164367969 4.693046636855819e-10 67568388.06364055 3643977847382.1157 1045821642198.6562
43.20006725060597 4.814881878486403e-10 69564903.84665163 3751650377299.3423 1080475308662.2205
43.05006701709692 4.994311063311224e-10 72408696.80708592 3905016749464.436 1128549840595.2083
42.90110484748759 5.173836630688063e-10 75271957.31960429 4059433010942.7144 1177235573173.3384
42.7531700031859 5.361050053570582e-10 78265527.22726133 4220876886410.302 1228275173945.3545
42.60625189320931 5.600013644215421e-10 82036047.77997701 4424221878957.021 1291872788655.4814
42.46034007165723 5.831251997235133e-10 85717069.80989932 4622740196726.104 1354462877640.6975
42.315424235235184 5.930097767867786e-10 87468590.67840107 4717200097679.141 1386856828717.664
42.17149422082962 6.101681974117452e-10 90306612.90309118 4870255252811.869 1436725299579.498
42.028540003131894 6.32689520161347e-10 93958334.97410996 5067193417431.921 1499889251559.795
41.8865516923105 6.511868348765545e-10 97033116.01628338 5233017027026.948 1554206057027.0369
41.74551953173033 6.632293467945717e-10 99161443.29864895 5347798179740.173 1593643857562.527
41.60543389571781 6.826695875583719e-10 102411676.35519178 5523083954586.774 1651402102421.399
41.46628528737092 7.121481891208752e-10 107192455.06545734 5780912389046.916 1734273716714.097
41.32806433641302 7.399787582858483e-10 111754022.21225786 6026918696266.072 1814102527576.0432
41.19076179708939 7.809547759181476e-10 118335496.14606902 6381859015329.805 1927321422629.6406
41.05436854610565 8.077829214571608e-10 122807323.13816391 6623025616509.801 2006776761802.4631
40.91887558060695 8.314973886163446e-10 126831220.98077786 6840035301346.492 2079370731609.3342
40.78427401619706 8.47517265940401e-10 129701438.67869835 6994826765344.942 2133422163430.0757
40.650555084996405 8.707436775339827e-10 133694279.25313246 7210161524961.561 2206309426638.137
40.51771013373824 9.153465354398831e-10 141003412.6334011 7604344676055.442 2334533815549.0786
40.38573062190196 9.387486054162207e-10 145080931.5686314 7824246158066.0205 2409867816684.2446
40.254608119882796 9.538863101652852e-10 147900617.66756958 7976312441953.456 2464680544563.694
40.124334307197095 9.79764502852322e-10 152406270.41271275 8219303273343.929 2547984014736.5547
39.99490097072226 1.032335034140705e-09 161103514.6781825 8688347546041.284 2702076086818.8774
39.866300002970746 1.0255725755637982e-09 160564467.48016372 8659276613545.104 2701694303426.044
39.73852340039712 1.037043246724504e-09 162882383.90776008 8784282350048.522 2749480375565.0874
39.6115632617377 1.0823170171242107e-09 170538123.36929256 9197158042404.506 2887907625315.136
39.48541178638185 1.090288373887558e-09 172343014.23611304 9294496198961.408 2927766302672.771
39.36006127277429 1.0973187857133214e-09 174006721.01512077 9384220266990.582 2965413604368.9727
39.235504116847785 1.1334819572037215e-09 180311883.20705613 9724259033786.727 3082590113710.4536
39.11173281048549 1.1483238068918046e-09 183250971.6571218 9882764712410.414 3142719178546.302
38.98873994001226 1.1434913011521544e-09 183055440.29179332 9872219663399.412 3149238072624.2437
38.86651818471441 1.1829214348079714e-09 189963096.26360232 10244751050634.826 3278320336203.4004
38.745060315387185 1.173347554278454e-09 189016321.05914003 10193691258172.977 3272174893873.5767
38.624359192909345 1.2097194154852014e-09 195484504.84421235 10542521814903.145 3394692024398.792
38.50440776684441 1.2112225632890222e-09 196337148.58167762 10588505076899.953 3420087139838.635
38.3851990740678 1.2266921296115752e-09 199462269.61587238 10757043533200.965 3485282104756.878
38.266726237419434 1.271755380893229e-09 207429848.0773404 11186736770569.93 3635689450435.2217
38.14898246438122 1.2732394654554114e-09 208312872.5925993 11234358474513.32 3662400862691.281
38.03196104577882 1.3290487632536202e-09 218112809.00983578 11762871174513.328 3846458874065.713
37.91565535450732 1.3185524442684789e-09 217054011.17175677 11705769977083.814 3839492552483.488
37.800058844280166 1.3571562558613275e-09 224091999.58799127 12085330221361.582 3976073642828.0435
37.6851650484009 1.3764280598008294e-09 227967045.49955046 12294312289218.678 4057123055442.1826
37.57096757855726 1.4212551404031457e-09 236106880.672645 12733295368468.123 4214720766963.018
37.45746012363715 1.400776274957206e-09 233409982.71872297 12587851075916.908 4179166557204.358
37.34463644856595 1.4355904792783946e-09 239933731.54822013 12939678267564.312 4308912863098.679
37.232490393164845 1.4281856327942868e-09 239415105.8109715 12911708668883.992 4312510695407.4883
37.12101587102963 1.4691885087788376e-09 247028263.16506103 13322287898934.693 4462966446142.967
37.010206868429535 1.4489029873163987e-09 244346864.29838485 13177679475525.797 4427700303776.689
36.900057443225876 1.4956629521675568e-09 252985522.59212163 13643564194039.896 4597881133391.06
36.790561723809766 1.512032844411462e-09 256515599.5508099 13833942011324.783 4675872399827.622
36.681713908058846 1.514457622836281e-09 257689356.51766175 13897242979543.68 4711165370065.573
36.573508262312366 1.5588984510269813e-09 266035858.8599269 14347371664124.562 4878106365802.065
36.46593912036438 1.5770637741669922e-09 269929797.06276995 14557372597354.914 4964064055698.133
36.35900088247475 1.61391240171107e-09 277049259.0772757 14941326730487.441 5109933741826.784
36.25268801439734 1.6253148117093298e-09 279824833.7683277 15091014076564.453 5176217828261.592
36.14699504642534 1.6946494925096707e-09 292615051.23494655 15780793283190.797 5428592889417.431
36.04191657245317 1.7679681648633585e-09 306164997.6025006 16511544834494.305 5696482967900.699
35.937447249054756 1.7407011318710768e-09 302319361.7309335 16304148856483.26 5641235504343.141
35.83358179457772 1.7754035249776938e-09 309240119.0780505 16677386803735.283 5787053220895.979
35.730314988253284 1.8027459497119275e-09 314910149.79370195 16983172792034.273 5910144131627.835
35.62764166932152 1.8012911291118613e-09 315562806.16891545 17018370692137.955 5939411371555.765
35.525556736171595 1.7790701897858082e-09 312565589.6686378 16856730155138.123 5899855554298.572
35.42405514549682 1.8209725699610049e-09 320844133.9855025 17303193848645.4 6073421040874.462
35.32313191146407 1.832713175483094e-09 323835364.130474 17464511540203.045 6147508062151.31
35.222782104897405 1.8502374672496326e-09 327863287.95512444 17681738347125.605 6241653636535.303
35.1230008524756 1.9164231523880444e-09 340556182.9944522 18366268934105.016 6501659202672.986
35.02378333594318 1.959531265437502e-09 349203119.3750761 18832600091643.34 6685573032533.344
34.92512479133489 2.0421364778652927e-09 364952019.5775671 19681941700983.734 7006771245550.151
34.82702050821316 2.045695022459379e-09 366617795.5036126 19771777358562.17 7058524517007.04
34.72946582891845 2.0851264119556863e-09 374734139.71673256 20209493565236.82 7234998696354.405
34.63245614783208 2.15376990880213e-09 388154822.99051386 20933273929810.99 7515045340802.015
34.53598691065149 2.2410101526728835e-09 405005506.4039271 21842034947076.832 7863132580947.683
34.440053613677456 2.1890118928964346e-09 396710117.8985131 21394662842821.72 7723473286259.097
34.34465180311326 2.191557387293032e-09 398274686.5859775 21479040372036.39 7775412614676.336
34.249777074375366 2.180234709282491e-09 397314555.0242926 21427260268327.88 7778095477403.2
34.15542507141566 2.2139520277560814e-09 404573550.2441178 21818739457536.62 7942021162543.281
34.061591486054624 2.2110853896356547e-09 405162790.6189024 21850517318960.16 7975438821420.328
33.968272057325706 2.2086009901235784e-09 405819379.2310787 21885927285457.516 8010249386477.394
33.87546257083028 2.2157242675498444e-09 408243665.6620213 22016669579350.086 8080117735621.396
33.78315885810322 2.2935955140865626e-09 423745939.8423772 22852710593737.68 8409797498495.47
33.69135679598881 2.3428511575828362e-09 434025426.42017406 23407085538078.117 8637214563550.999
33.60005230602678 2.4133183322176136e-09 448294729.82202655 24176632170520.35 8945353903092.504
33.50924135384833 2.516718872342298e-09 468769217.298931 25280825728195.145 9379186345159.746
33.41891994858189 2.6419030975889256e-09 493416250.7038471 26610045594245.656 9898936961059.8
33.3290841422685 2.83237550966875e-09 530415767.4461155 28605437570234.22 10669828213697.604
33.23973002928655 3.0099240286553206e-09 565180307.0692813 30480296744644.848 11399630982496.18
33.150853745785774 3.2997402863707404e-09 621260892.8661788 33504734920077.26 12564275595028.857
33.062451469130345 3.397794938718115e-09 641432687.766965 34592604201362.59 13006819179712.158
32.97451941735074 3.535391311577643e-09 669187762.5849782 36089441416037.8 13605719413846.148
32.88705384860445 3.0243134769169726e-09 573972136.6673375 30954442024877.082 11700779085403.516
32.80005106064518 2.9686284396729816e-09 564898340.3093047 30465090216022.543 11546269191872.547
32.71350739030047 2.9740133642661404e-09 567420184.9285908 30601093844206.816 11628415660798.812
32.62741921295758 2.897315117305959e-09 554245255.7045476 29890567048924.65 11388306045640.04
32.541782942057424 2.9317616843230083e-09 562310632.6191095 30325534578115.504 11584354208839.885
32.45659502859654 2.9689682292164673e-09 570941443.0665827 30790996060575.676 11792951491200.09
32.371851960636754 3.009866737087002e-09 580321547.9414605 31296867154288.637 12017996987247.312
32.2875502628226 3.070347218916687e-09 593528217.8696083 32009105732638.78 12323505707065.86
32.203686495906176 3.1215704174646747e-09 605001597.0402188 32627867563880.66 12594356879657.451
32.12025725627947 3.269657664584903e-09 635348843.8987211 34264501179844.13 13260361956598.99
32.03725917551389 3.400483772979406e-09 662482372.564273 35727818275487.32 13862393490888.904
31.954688919906893 3.593040150347614e-09 701804988.7640706 37848495509909.586 14723064753354.934
31.872543190035667 3.791750918753714e-09 742526670.0022887 40044624625798.21 15617403604061.35
31.790818720317628 4.464885017090071e-09 876592077.7107073 47274801188980.34 18484447264891.08
31.709512278577684 4.941577251612057e-09 972668836.561497 52456241666305.35 20562846733192.0
31.62862066562213 5.576616474415252e-09 1100473273.6541598 59348762723995.234 23324063750530.184
31.54814071481902 6.3662203985830715e-09 1259496240.2678692 67924905860924.19 26762412909204.34
31.468069291684962 7.276800583653653e-09 1443309102.3755767 77837973447404.38 30745999511723.977
31.388403293478163 4.804722122100862e-09 955406136.6136305 51525260507826.6 20404003161098.938
31.30913964879766 4.4725995099007335e-09 891615999.4871483 48085044554303.61 19089762688058.715
31.2302753171886 4.381476252687327e-09 875656194.2986346 47224328793248.29 18795282859712.957
31.151807288753453 4.059577250288455e-09 813366979.732921 43865057919500.25 17502158109879.568
31.073732583769104 4.045513953393646e-09 812585847.935611 43822931311971.86 17529172524788.666
30.99604825230968 4.19151528470663e-09 844021871.3218389 45518282882610.3 18252831435926.785
30.918751373874994 4.287940226753792e-09 865597015.9227556 46681835118098.836 18766097717475.625
30.841839057024558 4.398937120911724e-09 890218186.7107933 48009660207602.49 19347893063663.457
30.76530843901705 4.627665660695128e-09 938835873.4800798 50631622617174.55 20455175537338.516
30.689156685455128 4.770563226555692e-09 970227715.4021372 52324591471851.92 21191459546100.1
30.613380989935486 4.6478232596454566e-09 947604868.7537748 51104536437333.266 20748441793556.867
30.537978573704116 5.126549904423329e-09 1047789104.6793369 56507494045642.71 22998550076576.918
30.462946685316638 5.229789468498931e-09 1071522440.1902535 57787437985770.62 23577274698193.664
30.388282600303604 5.633096484800928e-09 1156991073.5769491 62396779952220.98 25520283000458.14
30.31398362084076 6.162015964393233e-09 1268728753.1328974 68422817285481.86 28053355087048.52
30.240047075424076 7.593115553359442e-09 1567207571.0757916 84519844781124.98 34737656205041.734
30.166470318549564 9.253025626610844e-09 1914468575.1643615 103247706173446.0 42538054943455.98
30.093250730397738 9.818516498335798e-09 2036412459.171802 109824166330055.31 45357380694314.5
30.020385716522686 1.4242014391141533e-08 2961038997.3565717 159689476407801.4 66111443232826.695
29.947872707545574 1.2313896849180828e-08 2566365495.629926 138404648717579.69 57437929217795.41
29.875709158852693 8.69162321183851e-09 1815815182.4361029 97927307271340.05 40737759824878.36
29.80389255029776 6.728297253619294e-09 1409032972.3741162 75989454309998.42 31687602447269.6
29.732420385908558 6.333311038750037e-09 1329503630.558546 71700419628279.19 29970775404620.668
29.66129019359777 5.725928978303622e-09 1204883047.3934 64979604504586.78 27226454287421.215
29.590499524877966 5.174460391759452e-09 1091444722.2499132 58861850985327.77 24721977413837.793
29.520045954580638 5.004026769963442e-09 1058014378.8658447 57058945303943.38 24021815972959.71
29.449927080579258 5.047641634509295e-09 1069777021.0292177 57693307151226.805 24346575617818.074
29.380140523516275 5.571602543369772e-09 1183628010.4449434 63833315744338.23 27001492559854.457
29.310683926533965 5.810311534902211e-09 1237264184.4860752 66725926262738.164 28291792735399.727
29.241554955009118 6.010731660454733e-09 1282968081.4324028 69190747354142.484 29406067625510.05
29.172751296291448 6.470468058910224e-09 1384354392.2037313 74658533120032.69 31804535109133.363
29.104270659445692 6.271484133769786e-09 1344938984.3486848 72532851611484.03 30971527638104.457
29.036110774997343 6.4125267053367325e-09 1378414132.0270493 74338173598193.47 31816738300026.82
28.96826939468193 6.666036052279307e-09 1436263362.9725716 77457995190726.17 33229479936820.957
28.90074429119782 6.76716071712781e-09 1461458334.442177 78816765475643.94 33891209154527.816
28.83353325796248 7.322254149505903e-09 1585024244.696767 85480701860144.28 36842182501720.414
28.766634108872076 7.87980951437439e-09 1709683200.9553497 92203586453102.2 39831949347741.85
28.700044678064504 1.0617824315435713e-08 2309095724.6991034 124530034079888.44 53921504756589.95
28.6337628196856 1.2034672577637385e-08 2623281102.3245215 141474119751431.72 61399767972122.875
28.567786407658676 1.3966985314702755e-08 3051511853.167129 164568697176728.9 71587383271874.89
28.50211333545716 2.232468708267944e-08 4888743960.371625 263651023853616.53 114951846400171.44
28.43674151588042 1.9107236873027385e-08 4193793401.976145 226172189262597.6 98837246707751.11
28.371668880832637 1.2217922562497447e-08 2687827917.1425967 144955143497249.2 63490352851797.75
28.30689338110471 1.0720544526656311e-08 2363815688.364812 127481093608193.14 55964200093996.43
28.24241298615914 9.019166838109597e-09 1993212472.5903845 107494381668600.58 47297527934183.02
28.17822568391787 7.961444720238202e-09 1763466507.0386968 95104131834502.98 41940922139014.95
28.114329480552975 7.08456977582783e-09 1572804440.7538073 84821685178770.17 37491184849017.52
28.050722400280232 7.102982067457022e-09 1580467766.2629504 85234969988321.84 37759091704826.31
27.987402485155446 6.094492210508988e-09 1359139103.8188577 73298667139460.7 32544608209920.64
27.924367794873564 5.977799874345133e-09 1336124713.36145 72057496062258.05 32065585747704.195
27.861616406570477 6.343774766045032e-09 1421118919.4655855 76641252062291.48 34181998419782.094
27.799146414627494 7.0352913109597105e-09 1579572626.5267572 85186694907881.47 38078452623822.19
27.736955930478437 7.318293444419481e-09 1646796737.458576 88812105814750.84 39787823405009.71
27.675043082419336 7.533654418044072e-09 1699050798.5908978 91630178683717.14 41141950228984.56
27.613406015420622 8.646408979963002e-09 1954360922.3107653 105399109121591.77 47429599104718.18
27.552042890941912 8.511079417414129e-09 1928056746.7922602 103980519221344.27 46895214168826.734
27.490951886749137 9.016304119899592e-09 2047046693.6242552 110397672904344.3 49899748152763.42
27.430131196734205 8.566814330295116e-09 1949307907.3899221 105126598929152.34 47622349314903.96
27.369579030736997 8.634042248139154e-09 1968951536.7131102 106185984126094.78 48208436793247.89
27.309293614369736 9.785737852888553e-09 2236516391.499257 120615814872691.98 54880195767075.16
27.24927318884365 9.813188809436267e-09 2247730335.030474 121220585283539.45 55276586889292.94
27.189516010797938 1.1082983051886168e-08 2544158516.4986334 137207021508603.05 62703608829431.56
27.130020352130984 1.6098456200373703e-08 3703591559.109913 199735497381358.8 91478857800664.84
27.070784499833756 1.481547178785377e-08 3415887971.9373174 184219580422057.28 84556787413719.33
27.0118067558254 2.8546126979942257e-08 6596028660.944166 355725258660004.0 163633618983607.75
26.953085436791 2.6299549513791868e-08 6090161316.606403 328443722881103.7 151412556248175.6
26.894618874021383 1.937549709644503e-08 4496519013.484701 242498247257845.1 112034190233126.92
26.836405413255104 1.7546716825116847e-08 4080942711.1230583 220086126988282.38 101899876795574.28
26.77844341452237 1.558314282622604e-08 3632107529.339925 195880348126087.3 90888481530503.16
26.720731251991072 1.2663554588903472e-08 2957987010.956201 159524882118190.9 74179070184957.05
26.663267313814746 1.1041702069150463e-08 2584708867.5773625 139393910751769.28 64957562410326.92
26.606050001982528 9.311194539314365e-09 2184308482.950312 117800231022573.77 55012707887539.97
26.549077732171 9.140255813966098e-09 2148809357.4617867 115885755472856.86 54234533561296.6
26.492348933597984 8.946193402533047e-09 2107690271.7031584 113668194244847.1 53310383100834.25
26.43586204887816 8.16649774937417e-09 1928107947.0182023 103983280460652.48 48872141816505.78
26.379615533880546 8.019935458735436e-09 1897541952.4749126 102334849734525.89 48199714224961.555
26.323607857587806 8.087548403442386e-09 1917610748.2369745 103417164249883.44 48812901525945.305
26.267837501957324 7.673236759205824e-09 1823237532.553431 98327596225659.69 46508953014738.61
26.212302961784054 8.443057886578985e-09 2010405032.9309967 108421580182822.4 51391829006651.914
26.157002744565094 8.68020205206074e-09 2071241939.9502535 111702527795078.84 53058700702663.35
26.10193537036601 9.696374496107415e-09 2318599006.4998693 125042548131974.52 59520252910818.17
26.04709937168877 1.0512587993734405e-08 2519064292.9788604 135853684582507.06 64802207545856.98
25.992493293341415 1.146590501187431e-08 2753273621.1168475 148484644530541.25 70975660085600.05
25.93811569230932 1.1239725968630421e-08 2704620122.193654 145860750763728.84 69867299615823.41
25.88396513762809 1.158312990894395e-08 2793084635.304783 150631661174567.34 72303197363792.5
25.83004021025803 1.1726379727283193e-08 2833530202.5109353 152812899400721.4 73503004611749.45
25.776339502960198 1.3746313149050659e-08 3328541413.3355336 179508961540781.38 86523319462655.05
25.722861620173973 1.080968802621424e-08 2622906767.212157 141453931777498.28 68322249048532.375
25.66960517789618 1.5245080350899453e-08 3706802981.608515 199908690094384.16 96755806005681.69
25.616568803561684 1.6897942943805858e-08 4117198977.4485373 222041435307823.7 107690096124296.55
25.563751135925475 1.5291584972925385e-08 3733506366.1445913 201348809423676.7 97855521379896.52
25.5111508249462 3.133881317251749e-08 7667282583.93574 413498215454914.94 201373630926544.25
25.458766531671156 3.7021284107636244e-08 9076179887.598188 489480353121819.3 238866412323448.06
25.40659692812265 1.999019180697462e-08 4910881316.227168 264844896264206.44 129509154273197.34
25.354640697185793 2.0283932279829804e-08 4993254088.534955 269287277770101.06 131950766107349.0
25.30289653249766 2.214119284695053e-08 5461598239.424983 294545179574519.1 144621683171092.06
25.251363138337787 2.263112703483079e-08 5593843730.893117 301677207659489.2 148425186168466.12
25.200039229520026 2.031421057897564e-08 5031386823.404219 271343784445868.06 133772485731815.67
25.148923531285707 1.640614900437908e-08 4071704257.378885 219587895170821.75 108476420214379.97
25.09801477919808 1.515242519386886e-08 3768180976.844347 203218818711710.94 100593315262296.2
25.047311719038085 1.174978307770625e-08 2927909865.2236505 157902815114629.0 78319796296860.81
24.996813106701318 1.1240006319066512e-08 2806537743.071181 151357190199072.5 75224523528937.84
24.946517708096284 1.021767796805063e-08 2556414397.544975 137867983836000.22 68658255950324.54
24.89642429904388 9.150051546283443e-09 2293905584.197541 123710826502608.67 61731702424800.86
24.84653166517806 9.806324941173355e-09 2463369050.66363 132850028064756.12 66425014032378.74
24.796838601847703 9.333616799838815e-09 2349322435.4758315 126699469331257.48 63476434134957.984
24.747343914019662 1.0075810679160441e-08 2541208970.646462 137047951860011.95 68798071833724.27
24.69804641618297 9.327783283216383e-09 2357245523.8422346 127126763208134.2 63944761893694.79
24.648944932254178 7.816178158501109e-09 1979179072.790571 106737557368665.94 53795728913805.83
24.60003829548383 9.390068629678667e-09 2382439923.3922696 128485502649305.28 64885178837897.586
24.55132534836406 9.297378239870559e-09 2363603001.4981985 127469623359270.84 64499629419790.67
24.502804942537253 9.02327889547637e-09 2298463190.5690703 123956619204356.97 62846005936609.95
24.45447593870582 1.1053064549335583e-08 2821066481.146151 152140728199797.7 77287489925500.25
24.406337206543014 1.2462247762226624e-08 3187005028.640055 171875873565630.88 87484819644900.3
24.358387624604813 1.0804617736680532e-08 2768533888.3174796 149307634055936.75 76146893368530.75
24.310626080242844 1.496067488817489e-08 3840997430.7667356 207145825890988.12 105851517030287.2
24.263051469518295 1.25843777944186e-08 3237243019.5987663 174585219332146.75 89387632298062.25
24.215662697116894 1.2451348741387084e-08 3209290372.9874063 173077727027734.25 88788873965224.05
24.168458676264812 1.5441852127206038e-08 3987855466.6214185 215065911669273.6 110543878598007.33
24.12143832864562 1.776638489998348e-08 4597109419.530751 247923109708992.2 127680401500126.1
24.07460058431815 1.3007531653230802e-08 3372288920.4036794 181868274101033.2 93844029436134.19
24.027944381635365 2.0826104910894527e-08 5409790023.515162 291751151235261.44 150835345188638.34
23.98146866716412 3.045258837148591e-08 7925696001.299392 427434507193183.75 221411074726061.16
