string
20190122an 22 2019_16.38.   full spectra  index number  Nphoton via eV
eV x-axis E [J] Nphoton Nphoton/sr Nphoton/sr @ 0.1bw
51.660080420516415 2.6957306226394977e-10 32569447.326145355 1756477369952.4868 423311046158.55554
51.4457232403483 2.6311596869005714e-10 31921765.603462305 1721547753940.508 416614556453.5935
51.233137607123716 2.627125102950009e-10 32005069.562209543 1726040354533.3809 419427806151.61035
51.02230164989275 2.549617655104534e-10 31189182.141430102 1682039368680.6807 410417605958.08984
50.813193856245654 2.5460852370921806e-10 31274143.192551102 1686621336625.2708 413222227473.17993
50.605793064995666 2.48909227904288e-10 30699389.375625163 1655624738414.2285 407283685649.88995
50.400078459040394 2.4374992262490487e-10 30185769.31977876 1627925097219.4048 402097499013.18884
50.1960295583965 2.4749071318703363e-10 30773614.964103863 1659627740526.2595 411587679650.4975
49.99362621340296 2.352478916460048e-10 29369738.243050218 1583916363970.1604 394395174628.5731
49.79284859808809 2.3555782084508904e-10 29527014.02307552 1592398280954.8035 398099570238.70276
49.59367720369574 2.3544746616430487e-10 29631707.970124017 1598044448263.6995 401109156514.1799
49.39609283236627 2.2977655335849946e-10 29033680.106118888 1565792675637.432 394579754260.6104
49.20007659096798 2.266890896861441e-10 28757677.859709032 1550907814527.56 392379677075.4693
49.005609885074826 2.24468125849251e-10 28588927.079444323 1541807048287.0828 391618990264.91785
48.81267441308634 2.1953800329303353e-10 28071529.864508204 1513903704081.9697 386045444540.89954
48.621252160486 2.162282956913659e-10 27757181.224025685 1496950813609.0745 383219408283.9182
48.4313253942341 2.1090384305509327e-10 27179853.652840175 1465815412271.6702 376714560953.8294
48.24287665729156 2.1415270564011398e-10 27706351.794648815 1494209571440.1782 385506069431.5487
48.05588876327104 2.0682480420385814e-10 26862410.59441208 1448695639166.7134 375212170544.1702
47.87034479121208 2.0041228986412822e-10 26130442.81679351 1409220457901.0693 366397319054.2784
47.686228080476646 2.0929858196343982e-10 27394431.304572836 1477387631646.219 385598171859.6625
47.503522225762175 2.0574002449182215e-10 27032234.72067717 1457854291190.1736 381957824291.8117
47.322211072228725 2.0278539683796225e-10 26746109.82213625 1442423513251.7456 379357383985.2167
47.142278710737365 2.049098503484927e-10 27129465.650094215 1463097976336.8782 386257865752.92206
46.96370947319669 2.0543698925171807e-10 27302676.530404832 1472439276741.78 390196408336.56024
46.78648792801481 2.0435266564639182e-10 27261442.760875206 1470215530593.0854 391077331137.76056
46.61059887565385 2.1030043540974478e-10 28160765.990404993 1518716227737.9702 405497232806.0279
46.436027344284355 2.062862677710712e-10 27727086.357907813 1495327790941.2825 400747847972.27106
46.26275858553703 2.1549319056035052e-10 29073077.136020824 1567917366018.9768 421769771459.0902
46.09077807034915 2.2896800579260924e-10 31006285.161281172 1672175694807.211 451487437597.95264
45.92007148490342 2.1780085847442795e-10 29603700.826447032 1596534016920.6982 432660718585.4874
45.75062472665653 2.1842974791065917e-10 29799140.005842093 1607074094324.282 437124153656.2007
45.58242390045559 2.1699320263219214e-10 29712396.979733467 1602396024081.4783 437454114574.23865
45.41545531473963 2.2306981253242564e-10 30656749.4539522 1653325158174.96 453011093339.94965
45.24970547782453 2.2480563062075197e-10 31008474.612217113 1672293772371.8406 459880787402.2472
45.0851610942688 2.2803361790081044e-10 31568520.364205465 1702497161445.498 469889216558.9547
44.92180906131855 2.3235548009501486e-10 32283800.659796216 1741072383180.0566 482277050140.84937
44.7596364654293 2.4285793128797973e-10 33865283.49721231 1826362096176.19 507728662736.97736
44.59863057886301 2.496858906301219e-10 34943101.753139876 1884489068872.4282 525772450215.4173
44.43877885635813 2.6191175508769866e-10 36785939.25057825 1983873695462.3896 555484634729.4493
44.28006893187113 2.668788614487181e-10 37617927.29580075 2028742991489.136 570076780608.455
44.1224886153876 2.7897818434632955e-10 39463828.814731956 2128292861423.859 600178586921.5073
43.96602588980112 2.863738834142818e-10 40654176.88217454 2192488591302.0 620474271338.469
43.81066890785836 3.0245691275707326e-10 43089614.197482824 2323832254810.9233 659968360366.2844
43.65640598916871 3.1299231010905335e-10 44748106.47560718 2413275103674.6147 687783404547.2599
43.50322561727689 3.2301117822442206e-10 46343098.47789921 2499293368867.349 714797903496.0603
43.3511164367969 3.3420639769332887e-10 48117543.50649977 2594989574754.747 744762007954.6046
43.20006725060597 3.5423307655301167e-10 51179220.034075506 2760106455030.5894 794910659048.817
43.05006701709692 3.663087402645979e-10 53108302.977867596 2864142317279.0737 827737129693.6422
42.90110484748759 3.9024685446044696e-10 56775361.63168354 3061907587141.2217 887953200270.9175
42.7531700031859 4.0454846305092446e-10 59059696.20367769 3185102246876.416 926864753841.0043
42.60625189320931 4.2333973112556285e-10 62016131.7743449 3344543459482.774 976606690168.9935
42.46034007165723 4.4893506827725266e-10 65991657.71926681 3558944437368.227 1042770720148.8514
42.315424235235184 4.5619017565639574e-10 67287780.58636351 3628844625171.098 1066880319800.3003
42.17149422082962 4.731508597569432e-10 70027660.76318707 3776606958341.2007 1114099052710.6516
42.028540003131894 4.926875907159332e-10 73167176.3336139 3945921715108.394 1167992827672.0427
41.8865516923105 5.080595342698414e-10 75705768.43945248 4082828538880.808 1212600076047.626
41.74551953173033 5.311212332053386e-10 79409556.14485598 4282574614474.392 1276207235113.3333
41.60543389571781 5.498837925767491e-10 82491621.16588391 4448791050631.475 1330188524138.7732
41.46628528737092 5.73670213473995e-10 86348767.74188513 4656807803433.331 1397042341030.017
41.32806433641302 5.991557219185229e-10 90486464.78851841 4879954704065.456 1468866365923.6663
41.19076179708939 6.426910807710953e-10 97384855.38075776 5251986407367.792 1586099895025.1057
41.05436854610565 6.68598629668085e-10 101647120.5101315 5481851291764.3 1661000941404.5774
40.91887558060695 6.918257762580506e-10 105526618.7363444 5691073473917.928 1730086336071.0505
40.78427401619706 7.018882419630894e-10 107414820.24352863 5792904591408.733 1766835900379.5544
40.650555084996405 7.324378373522507e-10 112458753.69414964 6064925018186.135 1855867055564.873
40.51771013373824 7.692091412199359e-10 118491860.45009297 6390291776215.679 1961819575298.262
40.38573062190196 7.937016143615973e-10 122664330.9345336 6615314015903.221 2037516716898.1162
40.254608119882796 8.105522710502151e-10 125676592.9677779 6777765961764.559 2094329682185.3132
40.124334307197095 8.382985979816705e-10 130400685.51029119 7032537298882.853 2180086562653.6301
39.99490097072226 8.876992066728083e-10 138532024.43242043 7471062173471.943 2323500335949.807
39.866300002970746 8.985474316664302e-10 140677308.76274216 7586757823465.331 2367068440921.158
39.73852340039712 9.138782213300266e-10 143537565.82647356 7741012108298.034 2422936789897.1963
39.6115632617377 9.652240106188068e-10 152088056.2695823 8202141915473.457 2575472561458.774
39.48541178638185 9.726840485873195e-10 153753176.54282606 8291942213553.857 2611961797269.4004
39.36006127277429 9.673857301029547e-10 153402658.41034368 8273038694519.653 2614280227468.1655
39.235504116847785 9.992109343748738e-10 158952336.3412777 8572334030992.408 2717429887824.6475
39.11173281048549 1.0028626913395693e-09 160038102.0786132 8630889613087.553 2744622896961.658
38.98873994001226 1.0147645586178848e-09 162448260.763452 8760869994563.52 2794717528265.613
38.86651818471441 1.0602504057067381e-09 170263589.75014094 9182352384681.729 2938352763098.383
38.745060315387185 1.0562990791400204e-09 170160806.27532646 9176809249555.459 2945755769107.348
38.624359192909345 1.1023353499757211e-09 178131786.01902953 9606685918814.285 3093352865858.181
38.50440776684441 1.1040425439782087e-09 178963446.9894023 9651537575623.328 3117446636926.289
38.3851990740678 1.1177965464480514e-09 181755658.7681953 9802122163456.588 3175887580959.7207
38.266726237419434 1.171642306365317e-09 191100890.36119947 10306112533501.95 3349486573388.1284
38.14898246438122 1.1764608466907105e-09 192479062.35706127 10380437648644.146 3384022673457.935
38.03196104577882 1.2346443488686472e-09 202619914.71299523 10927336019281.48 3573238878304.909
37.91565535450732 1.2336495866933683e-09 203077695.04058754 10952024211800.48 3592263941470.554
37.800058844280166 1.2654747735680433e-09 208953664.11367697 11268916500455.836 3707473528650.0474
37.6851650484009 1.262609365921239e-09 209116142.84496307 11277679013732.307 3721634074531.6787
37.57096757855726 1.3040405755093343e-09 216634539.28950047 11683147767344.225 3867121910991.002
37.45746012363715 1.2936448489607805e-09 215558777.82790503 11625131718013.152 3859543730380.315
37.34463644856595 1.324424490663797e-09 221354289.25284186 11937684908224.361 3975249074438.4937
37.232490393164845 1.3415098339056726e-09 224885134.9964863 12128104186248.951 4050786798207.37
37.12101587102963 1.3874663071515478e-09 233287552.9638943 12581248412641.357 4214718218234.7075
37.010206868429535 1.3759491033214347e-09 232043726.71870857 12514168593019.49 4204760647254.5693
36.900057443225876 1.4275192843351307e-09 241459288.4275684 13021951881492.035 4388397784062.4478
36.790561723809766 1.4343080267834276e-09 243329623.95013237 13122819482550.916 4435512985102.063
36.681713908058846 1.4500397254411687e-09 246728464.4612178 13306119689705.701 4510774574810.487
36.573508262312366 1.4927945013365017e-09 254754802.66389653 13738981852683.61 4671253829912.154
36.46593912036438 1.5298688562890412e-09 261851928.04195735 14121731366160.068 4815510395860.6875
36.35900088247475 1.575377266857279e-09 270434197.10218537 14584575001060.582 4987924650362.796
36.25268801439734 1.551862921777489e-09 267178875.7409528 14409014812836.637 4942292080802.951
36.14699504642534 1.578155427595221e-09 272500026.31434965 14695985619270.258 5055419053028.779
36.04191657245317 1.655117624959178e-09 286622289.78350854 15457602356198.168 5332872812888.521
35.937447249054756 1.6311880499198934e-09 283299482.6543447 15278402645848.53 5286327315463.528
35.83358179457772 1.6916977073758016e-09 294660224.0634453 15891089898141.83 5514208194655.058
35.730314988253284 1.7360369443483317e-09 303257180.68011403 16354725636152.035 5691444521380.819
35.62764166932152 1.7372932084132206e-09 304351201.82675886 16413726434264.703 5728390525558.013
35.525556736171595 1.7284156121131303e-09 303666065.61917764 16376776889745.248 5731871911411.06
35.42405514549682 1.7633819892834266e-09 310697028.92306024 16755958268187.686 5881341352133.807
35.32313191146407 1.7877486258879103e-09 315890252.2133946 17036029928453.773 5996682534815.57
35.222782104897405 1.7801791648602241e-09 315448911.00269467 17012228301080.148 6005316590281.258
35.1230008524756 1.8580887630023563e-09 330189924.9153077 17807214383845.953 6303753891881.283
35.02378333594318 1.8889830261247154e-09 336630895.7678432 18154577341212.45 6444874956130.379
34.92512479133489 1.974137754873176e-09 352799907.5352761 19026575658518.64 6773460934432.58
34.82702050821316 2.0309085434673175e-09 363967847.06466454 19628865063553.203 7007504827688.836
34.72946582891845 2.037892173157174e-09 366245310.57915825 19751689165664.676 7071104721307.587
34.63245614783208 2.0205979305141365e-09 364154420.04662555 19638926985003.004 7050374787615.957
34.53598691065149 2.008717656448803e-09 363024554.21821034 19577993075415.266 7048077507149.517
34.440053613677456 1.9808170634281904e-09 358979397.65335107 19359836903069.465 6988901122008.49
34.34465180311326 2.070316127035895e-09 376241348.462971 20290777660359.83 7345261513049.467
34.249777074375366 2.1346951230882e-09 389015659.3376307 20979699021026.137 7615630744632.664
34.15542507141566 2.140613054364064e-09 391171720.1843491 21095975850889.98 7678935209723.905
34.061591486054624 2.1564129942144107e-09 395144534.2446692 21310230576249.703 7778234160331.015
33.968272057325706 2.1548479385542084e-09 395942525.00652397 21353266391398.58 7815295499251.824
33.87546257083028 2.157127428586019e-09 397447291.4537576 21434418772805.676 7866431689619.601
33.78315885810322 2.224198875446587e-09 410924784.72509855 22161262912890.105 8155344751943.5625
33.69135679598881 2.2389838333708888e-09 414783461.5448962 22369362192072.348 8254294648874.862
33.60005230602678 2.3072325057737174e-09 428588371.0426144 23113863960375.887 8552129665339.053
33.50924135384833 2.3826350560832815e-09 443794490.7647374 23933933300491.96 8879489254481.9
33.41891994858189 2.416747487644113e-09 451364959.35054344 24342210315995.074 9055302237550.549
33.3290841422685 2.6563253040968074e-09 497447043.9916434 26827427151939.06 10006630327673.494
33.23973002928655 2.8897500440753874e-09 542614963.6054568 29263342869360.777 10944490233139.977
33.150853745785774 2.9433258079006455e-09 554156709.5341314 29885791734717.605 11207171900518.998
33.062451469130345 2.68719837847206e-09 507286905.0527948 27358092996658.953 10286642966743.627
32.97451941735074 2.589373126757995e-09 490123060.3578115 26432443123444.316 9965031057538.434
32.88705384860445 2.615632348425391e-09 496410209.86104053 26771510462025.305 10119630954645.547
32.80005106064518 2.784942017857751e-09 529944772.71759593 28580036722202.406 10831833917714.715
32.71350739030047 2.908065316061358e-09 554837775.529341 29922521771799.613 11370558273284.07
32.62741921295758 2.7754007362156373e-09 530923502.77616864 28632819846888.566 10909104361664.3
32.541782942057424 2.7815247611273035e-09 533495255.23810893 28771515015869.574 10990718736061.953
32.45659502859654 2.724128717910534e-09 523858075.0031872 28251779792140.285 10820431660389.367
32.371851960636754 2.7713676305311138e-09 534337395.55565745 28816931826148.426 11065701821241.434
32.2875502628226 2.782667872992688e-09 537916980.0095432 29009979593404.723 11168842143460.754
32.203686495906176 2.813364215102805e-09 545267162.2174805 29406376516692.562 11350861335442.895
32.12025725627947 2.8629499755799888e-09 556318778.2093219 30002392568076.133 11610925923844.861
32.03725917551389 2.9539821937952074e-09 575494918.6372479 31036565987335.977 12042187603086.207
31.954688919906893 3.0683010483135927e-09 599311138.3762796 32320979891892.574 12572861177946.3
31.872543190035667 3.0832707245911772e-09 603787219.3880081 32562375913275.59 12699326606177.52
31.790818720317628 3.5294649694558326e-09 692940807.8685204 37370448308485.31 14611845288617.568
31.709512278577684 4.03173380626905e-09 793581002.7840959 42797995884182.445 16776814386599.764
31.62862066562213 4.1621820690546865e-09 821352902.4438676 44295740466228.85 17408226003227.98
31.54814071481902 3.569101769794505e-09 706112886.2566693 38080821357568.37 15003843614882.055
31.468069291684962 3.751425922635141e-09 744072497.0792607 40127991415887.445 15850556609275.154
31.388403293478163 3.6566282394173328e-09 727110740.3244492 39213240189189.516 15528443114918.746
31.30913964879766 3.9795815008982186e-09 793332497.0432423 42784593915590.79 16985483784489.707
31.2302753171886 4.561581692367599e-09 911651013.1193869 49165537192060.68 19567883802440.293
31.151807288753453 3.982376469299163e-09 797899219.8665898 43030878269566.18 17169320429555.895
31.073732583769104 3.884577252958276e-09 780259946.5312833 42079588426492.91 16831835370597.088
30.99604825230968 3.742394072093344e-09 753584857.3609724 40640995072423.21 16297039024041.76
30.918751373874994 3.6288720345595774e-09 732552376.7056627 39506708821414.016 15881696946208.342
30.841839057024558 3.6003396244854e-09 728605052.5287174 39293828771002.32 15835412994713.65
30.76530843901705 3.5361064577795967e-09 717386224.1615318 38688794919889.85 15630273147635.5
30.689156685455128 3.5541652762630333e-09 722839105.654191 38982870003417.59 15788062351384.18
30.613380989935486 3.5894908607500194e-09 731830542.1650999 39467780127824.21 16023918731896.291
30.537978573704116 3.741850268554701e-09 764777485.0197408 41244615913638.69 16786558676851.19
30.462946685316638 3.848721042709987e-09 788557739.873965 42527090224144.31 17351052811450.328
30.388282600303604 4.1257806210610825e-09 847400956.6468712 45700517688289.46 18691511734510.215
30.31398362084076 4.102491761170272e-09 844682858.1691395 45553930046883.414 18677111319222.836
30.240047075424076 4.7941868124597e-09 989512910.324978 53364646223714.414 21932869597946.223
30.166470318549564 5.7546178513791134e-09 1190641362.4167643 64211547339816.54 26455157504002.062
30.093250730397738 7.0139278752602796e-09 1454725886.0677574 78453683072199.27 32401371108819.48
30.020385716522686 6.337673226415803e-09 1317657534.9897318 71061557120710.22 29419484647972.656
29.947872707545574 5.52140697038744e-09 1150728198.3668342 62059021731541.18 25754494018589.516
29.875709158852693 6.229560602040842e-09 1301452035.5282197 70187591014135.45 29198037861880.992
29.80389255029776 7.290051529319568e-09 1526674965.1395285 82333912537347.05 34333241528074.0
29.732420385908558 7.698357613674078e-09 1616057435.691288 87154328592383.34 36430509351616.195
29.66129019359777 5.989599637174979e-09 1260366150.3401756 67971820300110.06 28480192705745.44
29.590499524877966 5.610451789993685e-09 1183408033.3049057 63821452329386.35 26805009978342.406
29.520045954580638 4.9321462390515816e-09 1042816491.4920697 56239319936162.18 23676753693123.832
29.449927080579258 4.392309116539436e-09 930888462.8430687 50203017034959.96 21185673188753.42
29.380140523516275 4.668557535955e-09 991785653.2149677 53487215741520.836 22625092258662.8
29.310683926533965 4.420827815035096e-09 941383588.2063098 50769021425846.54 21526065084557.98
29.241554955009118 4.245909380226181e-09 906273398.8481717 48875521286137.08 20772096546607.902
29.172751296291448 4.5030059379500465e-09 963416555.2732112 51957264126386.74 22133794517840.363
29.104270659445692 4.538907206156898e-09 973382554.7019509 52494732640674.01 22415250837568.363
29.036110774997343 4.511168396492156e-09 969704853.5491533 52296393418529.71 22382856383130.73
28.96826939468193 4.638669412057316e-09 999447179.2875162 53900403507066.05 23123273104530.938
28.90074429119782 4.752314349286779e-09 1026325471.4899273 55349955644802.4 23800480927265.68
28.83353325796248 5.069465335163521e-09 1097370468.140089 59181427748542.52 25507195359620.6
28.766634108872076 5.105118628460171e-09 1107658191.7419019 59736246917377.62 25806058668308.234
28.700044678064504 5.660825906453804e-09 1231079787.2079887 66392400373981.85 28747909361933.215
28.6337628196856 6.911013682666833e-09 1506441614.8166816 81242723558777.19 35259342024510.164
28.567786407658676 8.931873059111314e-09 1951438760.529861 105241516301913.23 45780059591330.86
28.50211333545716 1.1610828287712398e-08 2542582857.0965705 137122045854740.64 59785211992664.13
28.43674151588042 1.0356261403448542e-08 2273066536.59762 122586972138299.55 53570506824434.71
28.371668880832637 9.659593803367899e-09 2125019679.9121594 114602772994341.08 50196014571523.45
28.30689338110471 1.3252051794818997e-08 2921997838.610392 157583978234998.88 69179366445164.06
28.24241298615914 1.2403044606371163e-08 2741040680.5043173 147824919385723.28 65042964529716.55
28.17822568391787 8.881560603532033e-09 1967272926.5768895 106095456316773.39 46788096235696.1
28.114329480552975 8.552641163529667e-09 1898722495.199287 102398516660122.17 45260144363775.336
28.050722400280232 7.004242923464594e-09 1558497552.503943 84050111587309.42 37234199433177.81
27.987402485155446 5.89714257339105e-09 1315127954.1337476 70925136275600.12 31490760506366.543
27.924367794873564 5.901363321512802e-09 1319040038.499426 71136115835334.4 31655571546723.184
27.861616406570477 5.3243659954358766e-09 1192753136.6297925 64325435781904.27 28689144358729.383
27.799146414627494 5.077392964618956e-09 1139982779.183253 61479518940547.78 27481344966424.258
27.736955930478437 5.2560362558924286e-09 1182737946.2035553 63785314386435.32 28575820845123.984
27.675043082419336 5.000585727760846e-09 1127772619.065815 60821022352779.17 27308639036394.902
27.613406015420622 5.267438380004039e-09 1190607077.9691322 64209698372107.51 28894364267449.527
27.552042890941912 5.304979763349235e-09 1201763198.6131208 64811350382084.83 29229919022320.55
27.490951886749137 5.243770641917296e-09 1190536966.3573725 64205917237653.69 29021074591419.35
27.430131196734205 5.461740875455233e-09 1242774065.849619 67023075361685.83 30361453138842.37
27.369579030736997 5.460702892555614e-09 1245286859.0199902 67158590843263.72 30490000242842.273
27.309293614369736 5.7665319821584175e-09 1317932637.690175 71076393469110.69 32339759028445.543
27.24927318884365 6.190350899433792e-09 1417912135.529352 76468309507942.4 34869549135621.07
27.189516010797938 6.915209142679055e-09 1587423543.9457777 85610096589886.83 39123814141578.26
27.130020352130984 7.997332779698194e-09 1839856804.2565281 99223877159114.4 45444535738875.64
27.070784499833756 9.578716223586602e-09 2208490016.6038013 119104346385900.84 54668894991125.28
27.0118067558254 1.243863485924135e-08 2874140933.1018505 155003044924097.16 71301400665087.28
26.953085436791 1.717667078327292e-08 3977585087.437099 214512027888641.97 98890044856655.31
26.894618874021383 2.0563974702838564e-08 4772331919.22067 257372897184040.3 118906278499029.27
26.836405413255104 2.3600642587560096e-08 5488939686.292706 296019709743975.25 137057125611459.94
26.77844341452237 2.2073568292560595e-08 5144891148.650595 277465097365014.28 128743805177364.7
26.720731251991072 1.5186805567048076e-08 3547374735.1007648 191310690124723.25 88959470907994.23
26.663267313814746 1.4340975012194094e-08 3357022771.6328306 181044967381278.12 84366954799678.77
26.606050001982528 1.1133904211005906e-08 2611897035.742442 140860174567492.34 65781701523016.56
26.549077732171 8.789051438948175e-09 2066243698.1651497 111432971529749.22 52150630675922.24
26.492348933597984 7.078407548560315e-09 1667646792.101158 89936553791261.92 42180243728102.61
26.43586204887816 6.0344656892074826e-09 1424735744.556014 76836308225167.0 36113064865827.836
26.379615533880546 6.069064953229611e-09 1435959855.3258486 77441626957401.92 36475006296936.195
26.323607857587806 6.19043446328379e-09 1467792595.5901387 79158373555460.27 37362752318177.49
26.267837501957324 5.785959601606386e-09 1374801669.560173 74143352712553.89 35069805833039.176
26.212302961784054 6.23635389038639e-09 1484959290.4368525 80084177137976.92 37959899963396.695
26.157002744565094 6.614616350978678e-09 1578358512.9306014 85121217497876.8 40432578311492.164
26.10193537036601 6.7004224726745925e-09 1602206360.1719832 86407337080506.16 41129892450319.76
26.04709937168877 6.9178655362211674e-09 1657683918.204554 89399253837601.75 42643444080536.766
25.992493293341415 7.085487757307073e-09 1701417072.1575649 91757792331236.14 43860224734331.695
25.93811569230932 7.119872470934895e-09 1713257992.7737875 92396375752487.6 44257863985439.84
25.88396513762809 6.7225228694643756e-09 1621027777.8795848 87422380226396.03 41962742508670.2
25.83004021025803 6.943599326563509e-09 1677832277.610427 90485859237555.08 43523698293265.45
25.776339502960198 6.911637672653527e-09 1673588545.3756084 90256993836188.17 43503871029041.91
25.722861620173973 6.7835666371249765e-09 1645992261.3123782 88768720241415.4 42875291876604.08
25.66960517789618 7.208335398482505e-09 1752688640.0406995 94522879125828.89 45749073496901.07
25.616568803561684 8.127032491510777e-09 1980158766.958353 106790392487971.22 51793340356667.03
25.563751135925475 9.768752688480964e-09 2385083064.725532 128628047835625.8 62513231248107.53
25.5111508249462 1.09575745498769e-08 2680855208.0755024 144579103782452.38 70410023542054.55
25.458766531671156 1.3809038817754944e-08 3385439576.3359823 182577491832418.47 89097816014220.3
25.40659692812265 2.2723843424762368e-08 5582442589.100205 301062341605720.06 147219485045197.56
25.354640697185793 3.4068771705867616e-08 8386639792.760876 452293306005905.8 221623719942892.97
25.30289653249766 4.2841462654663455e-08 10567762027.389015 569921701964258.1 279831555664456.84
25.251363138337787 3.297852497241919e-08 8151459487.066085 439609981027290.06 216288110665423.0
25.200039229520026 1.878810595380755e-08 4653403998.408114 250959088577743.72 123722830668830.17
25.148923531285707 1.8373970165101144e-08 4560081255.279711 245926172766631.9 121487529346709.47
25.09801477919808 1.7462611591298464e-08 4342689699.004626 234202198908794.6 115930088459852.5
25.047311719038085 1.0279532804970838e-08 2561540524.6647153 138144436985209.66 68519640744668.22
24.996813106701318 8.926184068218547e-09 2228795231.774974 120199411051353.42 59739107292521.7
24.946517708096284 8.366348243430205e-09 2093220511.6717482 112887836942823.97 56218142797523.414
24.89642429904388 7.062555042646889e-09 1770573025.636193 95487387926344.25 47648206575245.11
24.84653166517806 6.566067878703588e-09 1649409793.575499 88953028498818.22 44476514249409.56
24.796838601847703 6.209433974337072e-09 1562948518.2815592 84290153138660.52 42229366722467.58
24.747343914019662 6.903944816306871e-09 1741236219.9632983 93905247623037.12 47140434306763.45
24.69804641618297 6.710709430715918e-09 1695878783.528767 91459111222301.9 46003932944820.22
24.648944932254178 6.913373248902213e-09 1750574689.9762762 94408873339602.72 47582072163158.18
24.60003829548383 6.328039701152477e-09 1605544646.7330947 86587371599983.61 43726622657990.66
24.55132534836406 6.782671721657357e-09 1724307952.8309562 92992302498954.53 47054105064470.72
24.502804942537253 6.561625198127914e-09 1671416140.7299912 90139835581699.06 45700896639922.125
24.45447593870582 6.442189467341589e-09 1644235830.7409496 88673995559116.9 45046389744033.15
24.406337206543014 6.21621969831327e-09 1589691026.5019574 85732382416748.1 43637782650121.88
24.358387624604813 6.185440472921232e-09 1584933588.6559615 85475812760168.77 43592664507687.8
24.310626080242844 6.57347516624109e-09 1687671272.4168525 91016478364969.42 46509420444495.98
24.263051469518295 6.693822912546486e-09 1721939046.3374538 92864546857119.3 47546647990846.74
24.215662697116894 6.0727350746920195e-09 1565225632.7968655 84412958419169.98 43303847669032.44
24.168458676264812 7.249555659137558e-09 1872196413.2095857 100967959295674.3 51897531077976.92
24.12143832864562 6.730587921240902e-09 1741561342.1583152 93922781533646.6 48370232489826.15
24.07460058431815 7.73493003648605e-09 2005331953.6347778 108147987914260.03 55804361763758.81
24.027944381635365 9.382530241954387e-09 2437206511.511518 131439076644518.47 67954002625219.734
23.98146866716412 1.125557909480899e-08 2929415954.2630625 157984038823719.6 81835732110683.78
