string
20190122an 22 2019_17.48.   full spectra  index number  Nphoton via eV
eV x-axis E [J] Nphoton Nphoton/sr Nphoton/sr @ 0.1bw
51.660080420516415 4.021096216356054e-10 48582332.489786364 2620055745597.9585 631433434689.1173
51.4457232403483 3.9264886720692754e-10 47636960.86499893 2569071648492.898 621715338935.2672
51.233137607123716 3.983431573570037e-10 48528334.058112346 2617143598446.717 635965894422.5504
51.02230164989275 3.8747146665625006e-10 47398942.83346327 2556235284343.1934 623721409379.7449
50.813193856245654 3.8781205010668827e-10 47635834.85007364 2569010922263.3525 629407675954.5039
50.605793064995666 3.8364761590543e-10 47317440.34913775 2551839837657.251 627752600063.668
50.400078459040394 3.8215504863947895e-10 47325734.58237275 2552287147457.5215 630414925422.0013
50.1960295583965 3.8183923829071297e-10 47478846.967744455 2560544531664.0063 635015043852.6506
49.99362621340296 3.6578778855705266e-10 45667111.093989216 2462837222396.048 613246468376.6208
49.79284859808809 3.751749385129074e-10 47027925.58886106 2536226243738.9717 634056560934.746
49.59367720369574 3.7196285406503943e-10 46812543.141566776 2524610621564.9443 633677266012.7874
49.39609283236627 3.6687879075772274e-10 46357390.66013559 2500064149360.3076 630016165638.7617
49.20007659096798 3.6472277810736504e-10 46268570.6463924 2495274066723.15 631304338880.9515
49.005609885074826 3.626099579070824e-10 46183081.030613706 2490663593171.741 632628552665.6204
48.81267441308634 3.523969659488509e-10 45059724.537037164 2430080733425.9937 619670587023.624
48.621252160486 3.544810884878663e-10 45504663.40303528 2454076383131.435 628243554081.6394
48.4313253942341 3.480509023919973e-10 44854434.38924092 2419009391156.429 621685413527.2191
48.24287665729156 3.507480798831563e-10 45378598.71297371 2447277687009.089 631397643248.3167
48.05588876327104 3.440816350881607e-10 44689331.12405878 2410105336196.771 624217282074.9495
47.87034479121208 3.3518270267531433e-10 43702272.20782472 2356873034407.506 612786988945.952
47.686228080476646 3.4298200940961814e-10 44891833.510450594 2421026333888.158 631887873144.8082
47.503522225762175 3.433858586357667e-10 45117556.26223462 2433199610929.73 637498298063.5663
47.322211072228725 3.3390812476468227e-10 44040367.37712413 2375106580338.386 624653030629.008
47.142278710737365 3.383324812277788e-10 44794232.25467057 2415762676960.2456 637761346717.482
46.96370947319669 3.4487659276045686e-10 45834268.15854276 2471852039201.9897 655040790388.508
46.78648792801481 3.3514407550231173e-10 44709527.04263895 2411194506473.326 641377738721.9045
46.61059887565385 3.395661455753776e-10 45470389.75540278 2452227997868.7266 654744875430.9336
46.436027344284355 3.4538479379366374e-10 46423419.78309848 2503625114306.404 670971530634.1285
46.26275858553703 3.4678800144751637e-10 46786602.81428498 2523211654079.148 678743934947.2673
46.09077807034915 3.702952327642274e-10 50144471.23826602 2704302227675.2812 730161601472.3351
45.92007148490342 3.560636809091125e-10 48396515.78340525 2610034610254.482 707319379378.929
45.75062472665653 3.4508867381075337e-10 47078503.74630769 2538953934758.0815 690595470254.1918
45.58242390045559 3.465341913592745e-10 47450156.66767326 2558997257548.251 698606251310.6647
45.41545531473963 3.542867676574861e-10 48690051.54763969 2625865057789.759 719487025834.4108
45.24970547782453 3.6446754512108255e-10 50272684.8462706 2711216815409.1426 745584624237.4996
45.0851610942688 3.6640264070852726e-10 50724052.58130447 2735559175418.3423 755014332415.458
44.92180906131855 3.6516733755629426e-10 50736868.905847035 2736250362585.246 757941350436.0718
44.7596364654293 3.715475403185269e-10 51810384.44512852 2794145288838.0044 776772390296.96
44.59863057886301 3.8180939394278877e-10 53433553.93121287 2881683171853.1655 803989604947.0482
44.43877885635813 3.888061315204585e-10 54608464.32637144 2945046344711.223 824612976519.1132
44.28006893187113 3.9687354275381097e-10 55941336.06497161 3016928407137.903 847756882405.7622
44.1224886153876 4.179055910434956e-10 59116288.05063184 3188154257477.13 899059500608.5193
43.96602588980112 4.1981796547167605e-10 59598150.58243189 3214141208500.869 909601962005.7504
43.81066890785836 4.3391870648720654e-10 61818357.81224763 3333877466740.833 946821200554.3711
43.65640598916871 4.477385078389392e-10 64012596.39582053 3452213230247.2793 983880770620.467
43.50322561727689 4.629378050852456e-10 66418668.25829238 3581973208505.1426 1024444337632.4686
43.3511164367969 4.689903351246574e-10 67523132.4422341 3641537201887.964 1045121176941.8346
43.20006725060597 4.883950744303578e-10 70562803.51078202 3805467322977.7896 1095974589017.6134
43.05006701709692 4.970059648034915e-10 72057094.08278127 3886054738157.631 1123069819327.5415
42.90110484748759 5.138746471526746e-10 74761445.45939939 4031900995414.0864 1169251288670.0366
42.7531700031859 5.407568787008766e-10 78944650.37703665 4257502145415.959 1238933124316.0002
42.60625189320931 5.63013626065199e-10 82477321.77647895 4448019881454.349 1298821805384.7012
42.46034007165723 5.79945697550849e-10 85249695.71969672 4597534610505.303 1347077640878.0032
42.315424235235184 5.94355988389565e-10 87667156.09209234 4727908773577.487 1390005179431.7778
42.17149422082962 6.128195477844147e-10 90699020.23076048 4891417865242.856 1442968270246.6394
42.028540003131894 6.447734355154291e-10 95752871.67885591 5163973171778.72 1528536058846.4463
41.8865516923105 6.509233391660143e-10 96993852.61524196 5230899543278.882 1553577164353.861
41.74551953173033 6.663661741395678e-10 99630439.92615317 5373091269750.143 1601181198385.498
41.60543389571781 6.832581283628244e-10 102499967.16451725 5527845497114.716 1652825803637.2532
41.46628528737092 7.103056426267579e-10 106915115.20095456 5765955389902.697 1729786616970.8313
41.32806433641302 7.33307389475658e-10 110746490.18535586 5972582275170.738 1797747264826.348
41.19076179708939 7.817382322878505e-10 118454210.70045353 6388261317038.284 1929254917745.6013
41.05436854610565 8.036175249357143e-10 122174057.46366179 6588873461108.08 1996428658715.742
40.91887558060695 8.280108169443828e-10 126299401.9417214 6811354185033.454 2070651672250.1707
40.78427401619706 8.521785630905732e-10 130414789.27435304 7033297917942.726 2145155864972.3987
40.650555084996405 8.779162660607318e-10 134795560.92557454 7269553884807.812 2224483488751.0894
40.51771013373824 9.224258370600587e-10 142093934.8005345 7663156773442.913 2352589129447.0327
40.38573062190196 9.433866646123219e-10 145797730.4485003 7862903277380.608 2421774209433.137
40.254608119882796 9.566900458577687e-10 148335338.48940745 7999757030317.483 2471924922368.1787
40.124334307197095 9.764261105016368e-10 151886970.18713707 8191297299361.599 2539302162802.032
39.99490097072226 1.0341131355708788e-09 161381000.55280823 8703312419543.153 2706730162477.9585
39.866300002970746 1.0176643353759953e-09 159326347.03436127 8592504508923.552 2680861406784.1196
39.73852340039712 1.0241814054054443e-09 160862248.89207128 8675336029781.75 2715380177321.589
39.6115632617377 1.0880900524514742e-09 171447766.8427659 9246215312547.322 2903311608139.9814
39.48541178638185 1.116425870148398e-09 176474595.38295817 9517313267789.291 2997953679353.5522
39.36006127277429 1.1010650564984666e-09 174600783.83792582 9416258204083.531 2975537592490.3447
39.235504116847785 1.1391530438077134e-09 181214027.5234233 9772911872757.629 3098013063664.23
39.11173281048549 1.1603321149881447e-09 185167272.71559125 9986111244806.605 3175583375848.288
38.98873994001226 1.1631211046657438e-09 186197871.12742883 10041691641052.646 3203299633495.6226
38.86651818471441 1.1983163586521166e-09 192435337.71102434 10378079568984.275 3320985462075.2275
38.745060315387185 1.18464557768253e-09 190836336.6302227 10291845093316.553 3303682274954.665
38.624359192909345 1.222772551721556e-09 197593825.2710523 10656277923768.666 3431321491453.4897
38.50440776684441 1.229835304650045e-09 199354242.77796483 10751217622363.975 3472643292023.5127
38.3851990740678 1.218492160356585e-09 198128940.38117793 10685136797910.53 3461984322522.7783
38.266726237419434 1.2736517634187596e-09 207739157.82753077 11203417912594.682 3641110821593.266
38.14898246438122 1.2696373065903894e-09 207723528.57596594 11202575023662.363 3652039457713.869
38.03196104577882 1.332389429045449e-09 218661052.24963614 11792438051540.613 3856127242853.635
37.91565535450732 1.3509236873399288e-09 222382815.638971 11993153559673.8 3933754367573.003
37.800058844280166 1.389793329985265e-09 229480993.79521534 12375959849706.412 4071690790553.4946
37.6851650484009 1.410659197986093e-09 233636481.96636486 12600066229548.787 4158021855751.119
37.57096757855726 1.4804921213885722e-09 245947660.41959926 13264010758112.95 4390387560935.458
37.45746012363715 1.4562555481456254e-09 242654439.8298715 13086406656262.72 4344687009879.1655
37.34463644856595 1.4605695468280375e-09 244108543.91587633 13164826805522.441 4383887326238.732
37.232490393164845 1.4528548251943286e-09 243550546.73203132 13134733896173.8 4387001121322.288
37.12101587102963 1.4861199857465395e-09 249875109.10971594 13475818919202.06 4514399337932.533
37.010206868429535 1.4705241780480376e-09 247993119.5714576 13374322814544.967 4493772465687.131
36.900057443225876 1.5250930065412128e-09 257963500.8691418 13912027643976.361 4688353316019.641
36.790561723809766 1.511113964360917e-09 256359712.0196944 13825534962905.44 4673030817461.884
36.681713908058846 1.5045216030703383e-09 255998713.9396031 13806066258019.938 4680256461469.022
36.573508262312366 1.5527572726710919e-09 264987828.0165806 14290851133060.094 4858889385240.147
36.46593912036438 1.5761239325965206e-09 269768934.04090357 14548697219638.459 4961105751896.822
36.35900088247475 1.6605470801082224e-09 285054714.0719459 15373062657520.611 5257587428872.131
36.25268801439734 1.680470000865526e-09 289320712.0596611 15603128855778.43 5351873197531.985
36.14699504642534 1.7713358381948608e-09 305856479.0764414 16494906363358.84 5674247788995.228
36.04191657245317 1.8818481422924964e-09 325885976.58249235 17575101515232.24 6063410022755.298
35.937447249054756 1.8571701722821171e-09 322547329.2514877 17395047539356.068 6018686448617.128
35.83358179457772 1.8562379126424109e-09 323319867.88746697 17436710715827.053 6050538618391.815
35.730314988253284 1.843879319184248e-09 322095474.7942202 17370678930311.072 6044996267748.159
35.62764166932152 1.8494362743829187e-09 323997210.1914545 17473239933432.49 6098160736767.547
35.525556736171595 1.841699540212636e-09 323568966.5781694 17450144662332.875 6107550631816.743
35.42405514549682 1.8863873370773574e-09 332369812.4342223 17924776191317.637 6291596443152.414
35.32313191146407 1.8993216904435035e-09 335604905.04115605 18099245438427.586 6370934394326.342
35.222782104897405 1.8781372398604546e-09 332807145.8886587 17948361679525.293 6335771672872.392
35.1230008524756 1.938133398527213e-09 344414181.969163 18574331656954.465 6575313406561.688
35.02378333594318 1.9742038756630296e-09 351817888.1978563 18973615142309.668 6735633375519.89
34.92512479133489 2.005663813796997e-09 358433957.46204543 19330421195056.457 6881629945440.042
34.82702050821316 2.1584600985802293e-09 386826909.3565277 20861659259043.28 7447612355478.815
34.72946582891845 2.2799663601054244e-09 409750328.631564 22097924240617.33 7911056878140.593
34.63245614783208 2.3871886558470307e-09 430221810.7739358 23201955719947.87 8329502103461.142
34.53598691065149 2.4852021328970655e-09 449136987.24193853 24222055296155.105 8719939906615.863
34.440053613677456 2.4336308851963434e-09 441041914.1717203 23785486246838.266 8586560535109.121
34.34465180311326 2.4947147569285718e-09 453367885.18433106 24450228541343.25 8850982731965.303
34.249777074375366 2.3875139776036107e-09 435088043.3134821 23464392697985.816 8517574549369.048
34.15542507141566 2.350708194453395e-09 429564122.39060885 23166486442553.44 8432601065089.4
34.061591486054624 2.369959806533454e-09 434275190.5334395 23420555370967.324 8548502710402.934
33.968272057325706 2.4180605558594414e-09 444306526.21736306 23961547483690.836 8769926379030.783
33.87546257083028 2.3989737755850677e-09 442007095.51955825 23837538686611.066 8748376697986.169
33.78315885810322 2.47413305327434e-09 457100578.33469313 24651533493863.105 9071764325741.627
33.69135679598881 2.521768534374894e-09 467170805.93129486 25194623055886.55 9296815907622.324
33.60005230602678 2.533053490070243e-09 470536569.83258927 25376139434289.473 9389171590687.078
33.50924135384833 2.611113357885643e-09 486351327.7172895 26229032762738.88 9730971154975.447
33.41891994858189 2.7248552752746605e-09 508908852.43430746 27445564971309.062 10209750169327.4
33.3290841422685 2.9241317885349625e-09 547598862.3100142 29532125609240.53 11015482852246.967
33.23973002928655 3.689458161245053e-09 692777982.646728 37361667108900.56 13973263498727.592
33.150853745785774 4.454078232836355e-09 838594670.997942 45225592790093.086 16959597296284.75
33.062451469130345 4.3318558860657545e-09 817763877.4947917 44102183571016.02 16582421022701.8
32.97451941735074 4.028952965748205e-09 762610354.2993736 41127742083084.055 15505158765322.574
32.88705384860445 4.083421282267503e-09 774975893.2679261 41794618286049.05 15798365712126.51
32.80005106064518 4.026412047195973e-09 766183282.6451502 41320430884984.0 15660443305408.94
32.71350739030047 3.621338912318334e-09 690925205.6517954 37261746443051.4 14159463648359.803
32.62741921295758 3.4990161718515655e-09 669348356.7936753 36098102296601.63 13753376975004.916
32.541782942057424 3.445715202159612e-09 660886696.7299454 35641763131084.35 13615153516073.943
32.45659502859654 3.4071180140350347e-09 655198953.1207216 35335021882586.91 13533313381030.334
32.371851960636754 3.5016113732333547e-09 675133057.3428859 36410072453936.28 13981467822312.086
32.2875502628226 3.5059185436007333e-09 677728425.09765 36550041200789.66 14071765862303.936
32.203686495906176 3.710084638022711e-09 719063429.9325473 38779246991490.63 14968789338714.81
32.12025725627947 3.8727547445694614e-09 752540633.3258659 40584679843354.13 15706271099377.234
32.03725917551389 3.827220744701047e-09 745619284.9452273 40211410021535.89 15602027088355.729
31.954688919906893 3.863042666928827e-09 754542811.1057489 40692657725992.73 15829443855411.281
31.872543190035667 4.135153444138491e-09 809774107.6921421 43671293549796.1 17031804484420.531
31.790818720317628 4.932166953839483e-09 968333666.1825224 52222444985959.336 20418975989509.836
31.709512278577684 6.775459359087397e-09 1333638600.878564 71923419475952.56 28193980434573.816
31.62862066562213 1.1007142672789043e-08 2172117517.1854897 117142769590411.66 46037108449031.89
31.54814071481902 1.0001454581870528e-08 1978692796.4164495 106711332378166.9 42044264956998.09
31.468069291684962 9.141634221557183e-09 1813187503.3377368 97785595966706.64 38625310406848.18
31.388403293478163 7.952036594266302e-09 1581241197.236233 85276681288737.45 33769565790339.375
31.30913964879766 7.997855881628967e-09 1594378448.1188765 85985176082882.39 34136114904904.637
31.2302753171886 6.7711676107428e-09 1353245919.6474257 72980846436811.78 29046376881851.3
31.151807288753453 6.071854819748416e-09 1216541997.264526 65608374204022.35 26177741307403.375
31.073732583769104 5.559495295845981e-09 1116685605.6149333 60223097308739.516 24089238923495.7
30.99604825230968 5.592327934381716e-09 1126095640.2673867 60730582521859.32 24352963591265.664
30.918751373874994 5.341648356623554e-09 1078306747.0841234 58153317130435.41 23377633486434.9
30.841839057024558 5.486337267342567e-09 1110276659.923087 59877461475246.39 24130616974523.86
30.76530843901705 5.747347026580288e-09 1165990795.688151 62882136920851.42 25404383316023.977
30.689156685455128 5.856898148605483e-09 1191164363.6609428 64239752910536.164 26017099928767.24
30.613380989935486 6.063581536405245e-09 1236251695.6854784 66671322521760.625 27068556943834.242
30.537978573704116 6.769051439615321e-09 1383491525.4259546 74611998527250.95 30367083400591.58
30.462946685316638 6.370540003387678e-09 1305248827.1040971 70392352808668.62 28720079945935.887
30.388282600303604 6.0688614665141515e-09 1246493569.2966616 67223668990640.234 27494480617171.598
30.31398362084076 7.98903627745577e-09 1644903241.6663032 88709989175315.05 36371095561880.41
30.240047075424076 9.025954198959223e-09 1862943301.3875015 100468936964887.5 41292733092568.01
30.166470318549564 1.3762077881339564e-08 2847400050.1000896 153560903294403.78 63267092157288.734
30.093250730397738 2.2311618998154486e-08 4627548257.400928 249564682848113.22 103070214016274.52
30.020385716522686 2.4522075714877626e-08 5098353399.575749 274955306447166.16 113831496869121.47
29.947872707545574 1.7990201514547884e-08 3749376252.850154 202204675861411.84 83914940482485.67
29.875709158852693 1.6377443625822376e-08 3421502527.2556868 184522374610128.94 76761307837815.33
29.80389255029776 1.3485424719107506e-08 2824103537.5585055 152304517311910.97 63510983719067.4
29.732420385908558 1.1129186315203315e-08 2336265110.0972204 125995284936908.69 52666029103627.77
29.66129019359777 1.0652660018850834e-08 2241594248.7224874 120889664815896.1 50652769557859.26
29.590499524877966 8.900909260407116e-09 1877461551.5403378 101251909349693.53 42525801926871.51
29.520045954580638 7.323238815081385e-09 1548371406.1508071 83504006314597.84 35155186658445.03
29.449927080579258 7.505158298099117e-09 1590613293.8602939 85782120495744.1 36200054849204.55
29.380140523516275 7.874393736725998e-09 1672831634.9758966 90216173493894.3 38161441387916.42
29.310683926533965 8.116719713010501e-09 1728397270.2832024 93212840277550.98 39522244277679.87
29.241554955009118 8.401438824201547e-09 1793255539.9989538 96710660853663.12 41102030862806.12
29.172751296291448 8.523196866993086e-09 1823535007.207223 98343639098364.52 41894390255902.55
29.104270659445692 9.028828477563359e-09 1936259925.6347413 104422918438445.03 44588586173217.15
29.036110774997343 8.494794414293054e-09 1826011057.3233252 98477173019043.31 42148230052150.56
28.96826939468193 9.609507240849836e-09 2070463327.5322661 111660537058224.64 47902370397977.55
28.90074429119782 8.421735514490486e-09 1818785761.503784 98087511245813.02 42177629835700.74
28.83353325796248 9.586631829937496e-09 2075186624.9354389 111915265513305.56 48235479436232.38
28.766634108872076 9.564344543761831e-09 2075176965.2285576 111914744563214.89 48347169651310.9
28.700044678064504 1.4208688105944815e-08 3090013545.555054 166645101811632.66 72157329084434.61
28.6337628196856 1.995034556517574e-08 4348715278.155385 234527159701441.16 101784787310427.97
28.567786407658676 3.322295996463613e-08 7258563952.427389 391455930864286.8 170283329925959.56
28.50211333545716 4.355066046878218e-08 9536887462.227337 514326412709455.8 224246315941312.28
28.43674151588042 3.414146698027286e-08 7493614063.987301 404132234444924.06 176605786452424.6
28.371668880832637 2.6419929231672102e-08 5812135655.188219 313449738560249.44 137290985489394.88
28.30689338110471 2.192560809027523e-08 4834464914.712311 260723743129185.3 114457723233711.62
28.24241298615914 1.5988835624793156e-08 3533491192.875518 190561947676341.28 83847256977587.98
28.17822568391787 1.5916123166961713e-08 3525434278.968389 190127436558979.88 83846199522508.4
28.114329480552975 1.3630622280773732e-08 3026055770.751959 163195845121790.94 72132563543833.72
28.050722400280232 1.1852705026231412e-08 2637317405.4328203 142231100627423.72 63008377577948.266
27.987402485155446 1.031294944317276e-08 2299901678.3963356 124034197165390.27 55071183541433.43
27.924367794873564 1.0403388495210577e-08 2325307765.95692 125404352986959.11 55804937079195.695
27.861616406570477 9.23842586616156e-09 2069572497.2385056 111612494386950.88 49779172496580.22
27.799146414627494 1.0445407519056558e-08 2345216290.3781414 126478024034086.47 56535676743235.414
27.736955930478437 1.2453538111539112e-08 2802353593.451112 151131538101063.25 67706929069278.61
27.675043082419336 1.2083417974623519e-08 2725150348.059355 146967950304820.5 65988609686857.29
27.613406015420622 1.2257412817288675e-08 2770561590.8585663 149416988494492.25 67237644822524.18
27.552042890941912 1.2324254561233876e-08 2791874096.1756516 150566376536345.88 67905435817892.67
27.490951886749137 1.2013556256649499e-08 2727537834.439996 147096707964005.56 66487711999730.25
27.430131196734205 1.155621671010129e-08 2629521750.3255935 141810679253899.03 64240237702013.49
27.369579030736997 1.2841632198698326e-08 2928472055.7142353 157933134169921.1 71701642913145.45
27.309293614369736 1.3768118286648623e-08 3146683744.35362 169701337944337.4 77214108764673.95
27.24927318884365 1.0601190632985033e-08 2428223713.609587 130954632402170.75 59715312375388.72
27.189516010797938 1.8917617235294587e-08 4342641035.875725 234199574495680.94 107029205544526.12
27.130020352130984 2.3951639746423352e-08 5510285563.260148 297170897526182.56 136104271066995.34
27.070784499833756 3.475853658487487e-08 8014005138.854724 432197038166543.06 198378440518431.62
27.0118067558254 5.390142925137632e-08 12454767417.58162 671688312605850.0 308976623798702.2
26.953085436791 4.6410038176312603e-08 10747127780.853525 579594936015484.4 267193265503114.97
26.894618874021383 5.097525343502837e-08 11829951776.043026 637991869317606.8 294752243624740.9
26.836405413255104 4.534792971621837e-08 10546833637.562262 568793029354246.5 263351172591014.97
26.77844341452237 3.00138847965047e-08 6995614310.269849 377274999537396.94 175055599785349.56
26.720731251991072 2.1820539633526162e-08 5096900112.436304 274876930356011.84 127817772615542.53
26.663267313814746 2.1480879920836066e-08 5028375196.7799 271181366767748.1 126370516913775.36
26.606050001982528 1.8725688441668173e-08 4392849911.954723 236907350090408.78 110635732492216.92
26.549077732171 1.7173432055255615e-08 4037352154.157591 217735278781165.12 101900110469584.52
26.492348933597984 1.5862151550345352e-08 3737064582.292387 201540704793543.34 94522590548173.55
26.43586204887816 1.204604255674812e-08 2844067444.4030085 153381175145157.62 72089152318222.78
26.379615533880546 1.0837589996435183e-08 2564207877.7028966 138288287914036.39 65133783607510.95
26.323607857587806 1.3098179188409047e-08 3105664156.9324203 167489142683281.0 79054875346509.16
26.267837501957324 1.326228445449238e-08 3151250970.5660458 169947649446195.16 80385238188053.03
26.212302961784054 1.4687835073439068e-08 3497370022.944006 188613925134676.06 89403000513826.17
26.157002744565094 1.5948236478982895e-08 3805516975.91783 205232357252922.06 97485369695139.62
26.10193537036601 1.6828308270449268e-08 4023988435.327134 217014570521394.88 103298935568181.02
26.04709937168877 1.7417153336476303e-08 4173561170.7987533 225081060639785.28 107363665925179.42
25.992493293341415 1.495131667349375e-08 3590215142.674174 193621082612158.2 92550877488613.34
25.93811569230932 1.680123096391633e-08 4042887475.1444006 218033799844522.25 104438190125522.11
25.88396513762809 1.424382025282649e-08 3434667124.4266424 185232344195543.47 88911525213861.1
25.83004021025803 1.6230208143071598e-08 3921822935.6356635 211504762927764.0 101733790968257.89
25.776339502960198 1.522895966478943e-08 3687550427.2772074 198870395656714.16 95855530706534.47
25.722861620173973 1.627514948980625e-08 3949068616.1044116 212974128394518.34 102866504014553.42
25.66960517789618 2.3297796619661775e-08 5664800708.615211 305503932883316.7 147863903515524.9
25.616568803561684 2.8449837611728532e-08 6931828490.19634 373835016403478.7 181309982955690.62
25.563751135925475 3.996154623239733e-08 9756783716.259499 526185465461473.4 255726136214249.03
25.5111508249462 6.314948704963569e-08 15450009532.101631 833222370552841.0 405779294459234.94
25.458766531671156 5.539511612400201e-08 13580729327.86595 732411683040670.5 357416901323847.56
25.40659692812265 4.319559421933247e-08 10611625873.496525 572287288714177.2 279848484181233.53
25.354640697185793 5.3027450493694503e-08 13053658941.936018 703986662622382.1 344953464684965.9
25.30289653249766 5.6475887654480186e-08 13930984239.00654 751301006490727.9 368888794186955.44
25.251363138337787 5.000516830387465e-08 12360016220.066074 666578359939310.6 327956553090135.2
25.200039229520026 3.4760651080263215e-08 8609454998.915697 464309778480035.44 228904720790662.12
25.148923531285707 2.5779282989561457e-08 6397943616.917983 345042489202054.75 170450989665805.66
25.09801477919808 2.3732932081568786e-08 5902024398.753841 318297458028910.25 157557241724309.47
25.047311719038085 2.181461933435379e-08 5435950496.510933 293161991227238.7 145408347648719.34
24.996813106701318 2.079419326055052e-08 5192140161.296477 280013246881769.2 139166583700237.08
24.946517708096284 1.7997490305412297e-08 4502886417.079936 242841642717043.03 120935138073081.14
24.89642429904388 1.4802955703004692e-08 3711081033.586499 200139406366955.9 99869563777109.6
24.84653166517806 1.1798026431807173e-08 2963688572.973984 159832368596463.94 79916184298232.78
24.796838601847703 1.09517147833004e-08 2756606554.4692483 148664390350309.94 74480859565502.9
24.747343914019662 1.215517343098981e-08 3065642730.513137 165330778461906.62 82996050787875.05
24.69804641618297 1.4764518246623528e-08 3731175295.545613 201223094279852.9 101215216422771.2
24.648944932254178 1.7388262598114638e-08 4402981194.708986 237453732370349.0 119676681114651.89
24.60003829548383 1.8364726114635604e-08 4659482097.860845 251286881801685.56 126899875309848.12
24.55132534836406 1.63950299605503e-08 4167985966.003797 224780388633990.16 113738876648798.36
24.502804942537253 1.5748529479131303e-08 4011558961.29089 216344246286339.5 109686532867175.81
24.45447593870582 1.904163482255248e-08 4859984079.92263 262099997252970.28 133146798604514.11
24.406337206543014 1.585195600906542e-08 4053864477.6266274 218625791973122.66 111280528114312.03
24.358387624604813 1.510817907773278e-08 3871261972.135523 208777999181923.66 106476779582785.28
24.310626080242844 1.646890888477408e-08 4228220797.976693 228028866208196.62 116522750632379.97
24.263051469518295 1.3321531887833887e-08 3426870745.5190487 184811883787307.75 94623684499104.88
24.215662697116894 1.4150347253146749e-08 3647201131.15181 196694349350859.97 100904201216987.06
24.168458676264812 2.3954041139681633e-08 6186126710.684773 333619157432058.3 171480246920079.06
24.12143832864562 2.4006075566972257e-08 6211649513.176866 334995607715239.5 172522737973341.75
24.07460058431815 2.6729904978383793e-08 6929905289.114378 373731297751316.56 192845349639681.53
24.027944381635365 5.2023331499834935e-08 13513583118.012865 728790473355901.1 376784674725021.3
23.98146866716412 5.8329273075406496e-08 15180978402.654316 818713463295221.5 424093573986909.3
