string
20190122an 22 2019_17.55.   full spectra  index number  Nphoton via eV
eV x-axis E [J] Nphoton Nphoton/sr Nphoton/sr @ 0.1bw
51.660080420516415 6.044535620996474e-10 73029249.60888468 3938483296879.4155 949174474547.9531
51.4457232403483 5.909589296330231e-10 71696341.83336134 3866599290973.641 935717028415.6
51.233137607123716 6.048330182813405e-10 73684054.10872361 3973797045810.8213 965632682132.0269
51.02230164989275 5.964894459789079e-10 72967873.9823212 3935173296005.104 960182284225.2542
50.813193856245654 5.956387391004331e-10 73163659.04125112 3945732026767.144 966704346557.9236
50.605793064995666 5.900623060933902e-10 72775736.93493526 3924811303298.154 965503580611.3215
50.400078459040394 5.840027419917204e-10 72322369.83725369 3900361117227.006 963389195955.0605
50.1960295583965 5.930605831817968e-10 73742637.86387472 3976956480453.3354 986285207152.3916
49.99362621340296 5.66901791839921e-10 70775372.81783067 3816931231887.2207 950415876739.9257
49.79284859808809 5.827333814575966e-10 73045236.47010718 3939345471778.262 984836367944.5703
49.59367720369574 5.76102047116531e-10 72504019.258525 3910157509979.1753 981449535004.7518
49.39609283236627 5.732465379021864e-10 72433224.19161265 3906339516640.492 984397558193.348
49.20007659096798 5.72282702215734e-10 72599531.00429165 3915308479178.125 990573045232.0571
49.005609885074826 5.639346178389871e-10 71824387.56494345 3873504825095.5674 983870225574.2711
48.81267441308634 5.501592116186823e-10 70346867.09149913 3793821824974.068 967424565368.3805
48.621252160486 5.598539405441793e-10 71868333.59150508 3875874843855.231 992223960026.9265
48.4313253942341 5.467301981644981e-10 70458871.4858911 3799862246296.3784 976564597298.1956
48.24287665729156 5.520059687854975e-10 71416662.78836927 3851516139317.452 993691163943.858
48.05588876327104 5.406570469364635e-10 70220550.39034185 3787009537838.5806 980835470300.17
47.87034479121208 5.354712223594186e-10 69816577.44336644 3765223189045.805 978958029151.9103
47.686228080476646 5.44744554617143e-10 71299896.7312936 3845218920492.1475 1003602138248.4487
47.503522225762175 5.426692714030698e-10 71301455.10821468 3845302964098.055 1007469376593.654
47.322211072228725 5.357155416941355e-10 70657487.841818 3810573669520.56 1002180875083.9272
47.142278710737365 5.339834113050845e-10 70697843.90591149 3812750080824.4033 1006566021337.6066
46.96370947319669 5.391093016294582e-10 71647890.33627474 3863986291209.7607 1023956367170.5565
46.78648792801481 5.333879467744745e-10 71156032.8040665 3837460307642.6113 1020764441832.9342
46.61059887565385 5.324262230880078e-10 71295764.30178799 3844996057671.1465 1026613947398.1705
46.436027344284355 5.423417780015194e-10 72896550.39392887 3931326799388.185 1053595582236.053
46.26275858553703 5.46912207750153e-10 73786186.75237726 3979305081471.195 1070433066915.7145
46.09077807034915 5.719559898114491e-10 77452875.82169725 4177050419561.184 1127803613281.534
45.92007148490342 5.511395771791736e-10 74911418.0297981 4039989048716.959 1094837032202.2407
45.75062472665653 5.456254698567771e-10 74436609.12736897 4014382501457.581 1091912040396.4519
45.58242390045559 5.348961585428395e-10 73242142.20893516 3949964641050.67 1078340347006.8208
45.41545531473963 5.387552557590978e-10 74041775.10753834 3993089016991.139 1094106390655.5978
45.24970547782453 5.478708017025119e-10 75570339.57938214 4075524831035.5396 1120769328534.7515
45.0851610942688 5.449446748886905e-10 75441056.56417693 4068552569939.0215 1122920509303.1633
44.92180906131855 5.494118158264395e-10 76336058.59015843 4116820223637.774 1140359201947.601
44.7596364654293 5.560590183143908e-10 77539556.54867454 4181725129998.3003 1162519586139.5195
44.59863057886301 5.626449302080215e-10 78741169.54518594 4246528379948.408 1184781418005.628
44.43877885635813 5.735568864642876e-10 80557013.46875916 4344457237235.517 1216448026425.9016
44.28006893187113 5.816449856306497e-10 81985806.82878567 4421512373544.518 1242444976966.0264
44.1224886153876 5.885134653363114e-10 83250217.95383424 4489702340209.414 1266096059939.0105
43.96602588980112 5.99580021117015e-10 85117511.21608543 4590405871508.702 1299084861636.969
43.81066890785836 6.181942452978867e-10 88071227.35655525 4749700424653.724 1348914920601.621
43.65640598916871 6.351392075492847e-10 90805032.48257303 4897135129014.077 1395683511769.0012
43.50322561727689 6.55582816697442e-10 94057856.45448914 5072560632489.632 1450752340892.0317
43.3511164367969 6.593542935200291e-10 94930884.39844884 5119643219171.118 1469337603902.0955
43.20006725060597 6.709454774032078e-10 96937492.5487733 5227860032650.1045 1505623689403.244
43.05006701709692 6.860071420748549e-10 99458929.42651555 5363841671244.341 1550150242989.5955
42.90110484748759 7.010688090201283e-10 101995531.04878569 5500641147805.4795 1595185932863.523
42.7531700031859 7.233765899020755e-10 105605151.27971461 5695308751042.937 1657334846553.436
42.60625189320931 7.436144041157841e-10 108933996.7036247 5874834107940.049 1715451559518.5356
42.46034007165723 7.723213651025425e-10 113528148.67126375 6122597721626.021 1793921132436.357
42.315424235235184 7.816136182912916e-10 115287545.54002365 6217482376984.027 1827939818833.2996
42.17149422082962 7.974593389733089e-10 118026229.7119049 6365180209347.761 1877728161757.585
42.028540003131894 8.378714780706249e-10 124429133.8692257 6710490221571.408 1986305105585.0657
41.8865516923105 8.563595617654657e-10 127605830.24408714 6881810147199.222 2043897613718.2126
41.74551953173033 8.606576651745223e-10 128679553.57709074 6939716279812.557 2068035451384.0845
41.60543389571781 8.82182865853526e-10 132341952.5205696 7137230250483.911 2134031844894.6292
41.46628528737092 9.056405238285969e-10 136316896.73436323 7351599855483.235 2205479956644.9985
41.32806433641302 9.304124387148689e-10 140513942.02661258 7577947419894.734 2280962173388.259
41.19076179708939 9.736291829127283e-10 147530812.25070226 7956368755482.244 2402823364155.687
41.05436854610565 9.968758188352323e-10 151555136.3619819 8173401429080.683 2476540633011.439
40.91887558060695 1.0289712620100649e-09 156952605.38585302 8464488106128.426 2573204384263.0425
40.78427401619706 1.048539310871216e-09 160465234.86488026 8653924977044.76 2639447117998.489
40.650555084996405 1.067609543561869e-09 163921131.0204424 8840302207501.408 2705132475495.308
40.51771013373824 1.129029840567428e-09 173919990.2127205 9379542855975.025 2879519656784.4043
40.38573062190196 1.1594846872082688e-09 179195066.27139452 9664028853820.04 2976520886976.4614
40.254608119882796 1.161012794234908e-09 180015697.42366868 9708285670142.816 2999860272074.2227
40.124334307197095 1.1910548789142514e-09 185273329.89073092 9991830931302.617 3097467588703.7344
39.99490097072226 1.2520481608524244e-09 195391372.55724233 10537499170434.03 3277162242005.029
39.866300002970746 1.2273615427830308e-09 192156710.52265793 10363053144184.422 3233272580985.5054
39.73852340039712 1.2367232450532348e-09 194244966.18116984 10475673225517.73 3278885719586.93
39.6115632617377 1.2837106896894945e-09 202271246.3215594 10908532257183.77 3425279128755.8477
39.48541178638185 1.2954381206113129e-09 204771247.5062528 11043357864195.016 3478657727221.3433
39.36006127277429 1.2959917816822977e-09 205511181.73602155 11083262677955.816 3502311006233.9775
39.235504116847785 1.3377878332363827e-09 212812424.5907029 11477020291290.572 3638215432339.1836
39.11173281048549 1.3463340908756743e-09 214849704.27972746 11586891227514.992 3684631410349.521
38.98873994001226 1.3708237321636558e-09 219447880.01519516 11834871843874.12 3775324118195.6416
38.86651818471441 1.4126216745103615e-09 226850219.5013692 12234081620508.338 3914906118562.974
38.745060315387185 1.3886063286869172e-09 223692680.562363 12063794859558.115 3872478149918.2153
38.624359192909345 1.418826225554745e-09 229275101.82293588 12364856050911.723 3981483648393.551
38.50440776684441 1.4304384855572592e-09 231871682.37121868 12504890203983.037 4039079535886.4614
38.3851990740678 1.4205652622396998e-09 230986377.51390672 12457145520697.326 4036115148705.662
38.266726237419434 1.4754815571331466e-09 240658635.95724124 12978772519826.992 4218101068943.766
38.14898246438122 1.471712932184464e-09 240784830.23251784 12985578204508.137 4233298494669.5815
38.03196104577882 1.5111074051719904e-09 247990811.15034407 13374198320892.814 4373362850931.785
37.91565535450732 1.5034351675625177e-09 247488550.85333353 13347111313959.896 4377852510978.8423
37.800058844280166 1.5439698562585608e-09 254938435.34838867 13748885203252.139 4523383231870.048
37.6851650484009 1.5472846826982696e-09 256264695.52827504 13820410702881.033 4560735531950.763
37.57096757855726 1.6307220078536475e-09 270904692.3195952 14609948910349.73 4835893089325.84
37.45746012363715 1.6527431384325423e-09 275394975.1125053 14852110836877.18 4930900797843.158
37.34463644856595 1.669765726886827e-09 279072010.7482619 15050414167542.867 5011787917791.499
37.232490393164845 1.621620064357238e-09 271841650.2578023 14660479255509.654 4896600071340.491
37.12101587102963 1.6693524125548166e-09 280683673.0751326 15137331466961.727 5071006041432.002
37.010206868429535 1.6603493862659538e-09 280005748.9875546 15100770873640.863 5073859013543.3545
36.900057443225876 1.7154071132759373e-09 290154385.6397791 15648089053068.27 5273406010883.564
36.790561723809766 1.6961218752680137e-09 287746209.5838058 15518215595197.742 5245156871176.664
36.681713908058846 1.7019273294829646e-09 289587870.7737857 15617536783270.918 5294344969529.14
36.573508262312366 1.747056302958083e-09 298146183.7542476 16079088461585.229 5466890076938.658
36.46593912036438 1.719581562382603e-09 294323102.0647788 15872908835514.602 5412661912910.597
36.35900088247475 1.765935050215196e-09 303145943.18874294 16348726574076.248 5591264488334.163
36.25268801439734 1.7681143132658025e-09 304410130.4120072 16416904465669.275 5630998231724.545
36.14699504642534 1.8416935127549244e-09 318005135.5609606 17150086046842.588 5899629600113.629
36.04191657245317 2.0049535669912994e-09 347204557.3164825 18724817205639.4 6460061935945.778
35.937447249054756 2.0090998502024834e-09 348933985.9933604 18818085669898.67 6511057641784.863
35.83358179457772 2.0435318952336286e-09 355942768.9149041 19196070855502.926 6661036586859.325
35.730314988253284 2.0373824571911726e-09 355897299.27484065 19193618667936.105 6679379296441.661
35.62764166932152 2.0200978874465493e-09 353894907.82250106 19085629261895.516 6660884612401.106
35.525556736171595 2.051378979177156e-09 360407635.3713466 19436862073483.023 6802901725719.322
35.42405514549682 2.0923665281115127e-09 368662075.2923076 19882025811682.58 6978591059900.5
35.32313191146407 2.0699060454887343e-09 365746690.1660832 19724798458463.156 6943129057378.848
35.222782104897405 2.0550023510548802e-09 364147759.13813055 19638567760760.797 6932414419548.521
35.1230008524756 2.1046221906562733e-09 373999916.98190147 20169896773638.82 7140143457867.935
35.02378333594318 2.1498365000662797e-09 383116934.7542544 20661579522757.418 7334860730578.838
34.92512479133489 2.1799723294917576e-09 389584786.76355654 21010392186748.223 7479699618482.306
34.82702050821316 2.1449511108461167e-09 384405905.61540717 20731094001325.973 7401000558473.734
34.72946582891845 2.2196842806296552e-09 398916571.4726872 21513657363424.973 7701889336105.74
34.63245614783208 2.245766899185732e-09 404734623.5402706 21827426175391.027 7836045996965.243
34.53598691065149 2.3535884805562548e-09 425351171.7906414 22939281101441.305 8258141196518.894
34.440053613677456 2.4345280646963836e-09 441204508.165107 23794254976224.863 8589726046417.684
34.34465180311326 2.462142568034669e-09 447448497.2648744 24130994664870.645 8735420068682.232
34.249777074375366 2.4519479908123736e-09 446830160.4247605 24097647624750.742 8747446087784.722
34.15542507141566 2.489387525706305e-09 454906130.11574244 24533186424675.195 8930079858581.717
34.061591486054624 2.4946271303576567e-09 457119428.50650465 24652550087724.066 8998180782019.137
33.968272057325706 2.5953541329637895e-09 476883333.76380813 25718421791923.082 9412942375843.781
33.87546257083028 2.765916332067661e-09 509615676.8488131 27483684165539.676 10086512088752.955
33.78315885810322 2.7183102234214457e-09 502212754.31191397 27084442944853.188 9967075003705.979
33.69135679598881 2.6061004940458895e-09 482793742.38570285 26037171412927.438 9607716251370.418
33.60005230602678 2.5946997095995556e-09 481987887.6962578 25993711494455.195 9617673252948.395
33.50924135384833 2.6554390684891437e-09 494607525.4571998 26674291300496.25 9896162072483.422
33.41891994858189 2.908881718064662e-09 543278635.9114821 29299134861006.33 10899278168294.812
33.3290841422685 2.900160718110317e-09 543109826.9852878 29290030958943.234 10925181547686.072
33.23973002928655 3.0304565799605517e-09 569035751.1074456 30688221679211.285 11477394908024.02
33.150853745785774 3.5109598433162227e-09 661028401.5639846 35649405303569.2 13368526988838.328
33.062451469130345 3.3599310129390746e-09 634284769.7436891 34207115429495.066 12861875401489.97
32.97451941735074 3.241245292842826e-09 613511064.0803949 33086784970023.664 12473717933698.83
32.88705384860445 3.365304360078859e-09 638687407.5168494 34444550641066.688 13020040142323.184
32.80005106064518 3.351391221795537e-09 637734016.6989787 34393134067136.492 13034997811444.732
32.71350739030047 3.328157080785848e-09 634988238.096535 34245053630591.273 13013120379624.934
32.62741921295758 3.610448854090679e-09 690665000.9835172 37247713548762.164 14191378862078.07
32.541782942057424 3.728732092380052e-09 715169214.7916063 38569231122928.5 14733446288958.385
32.45659502859654 3.723220442762742e-09 715986392.6893417 38613301704483.78 14788894552816.795
32.371851960636754 4.711464263267262e-09 908400428.7101092 48990232468684.76 18812249267975.69
32.2875502628226 5.57565693534992e-09 1077829147.1080546 58127560059968.29 22379110623087.66
32.203686495906176 5.122533440805279e-09 992814672.7813462 53542710990288.266 20667486442250.477
32.12025725627947 3.860521517138019e-09 750163513.8525023 40456481273730.734 15656658252932.982
32.03725917551389 3.709492567684229e-09 722683477.2088376 38974476927549.69 15122097047889.088
31.954688919906893 3.6722235113686e-09 717271355.8143411 38682600044970.914 15047531417493.791
31.872543190035667 4.473326164964615e-09 875997409.1855768 47242730586229.39 18424664928629.52
31.790818720317628 5.319704078324697e-09 1044418934.1888034 56325740018924.805 22023364347399.316
31.709512278577684 4.669988118355281e-09 919210947.9528675 49573246120012.445 19432712479045.164
31.62862066562213 4.704189598994959e-09 928311091.7966902 50064018854499.58 19675159409818.383
31.54814071481902 5.118907443466982e-09 1012727218.9258221 54616598929824.45 21518939978351.004
31.468069291684962 6.238002960120393e-09 1237269916.838507 66726235409750.16 26356862986850.668
31.388403293478163 6.039413053158861e-09 1200921124.2396405 64765937128183.9 25647311102760.324
31.30913964879766 4.995812739887749e-09 995918941.4266392 53710124872725.664 21322919574472.293
31.2302753171886 4.959427707745143e-09 991162188.7257146 53453592166168.88 21274529682135.37
31.151807288753453 5.395538312866066e-09 1081036874.2847059 58300553483478.016 23261920839906.355
31.073732583769104 6.649902876078684e-09 1335705927.4792373 72034910848649.84 28813964339459.81
30.99604825230968 6.931468785171226e-09 1395750905.7440076 75273149571131.73 30184532978023.92
30.918751373874994 7.581886024477318e-09 1530538573.4871721 82542277774897.39 33181995665508.56
30.841839057024558 9.482321877014687e-09 1918948863.132317 103489329076892.3 41706199617986.84
30.76530843901705 7.863997101234593e-09 1595405357.4547524 86040557526460.38 34760385240689.992
30.689156685455128 1.2311489212866094e-08 2503886330.5918875 135035133773592.77 54689229178305.26
30.613380989935486 1.0716153000590551e-08 2184824635.18731 117828067224848.22 47838195293287.37
30.537978573704116 7.686742365944506e-09 1571053642.6387722 84727264256068.61 34483996552220.426
30.462946685316638 6.121249687445764e-09 1254172169.1883535 67637777550961.1 27596213240791.254
30.388282600303604 6.308333384708241e-09 1295679105.6123426 69876255649613.625 28579388560691.707
30.31398362084076 7.18273366267852e-09 1478889502.4930606 79756832155517.78 32700301183763.406
30.240047075424076 8.786624379812628e-09 1813545988.5302258 97804929151017.83 40197825881067.59
30.166470318549564 8.412653727448268e-09 1740594033.223075 93870614352622.97 38674693113277.23
30.093250730397738 7.0765756370497255e-09 1467719364.529486 79154424188449.95 32690777189831.023
30.020385716522686 8.553221299406619e-09 1778289301.2885005 95903528348620.11 39704060736326.87
29.947872707545574 1.2465354710363412e-08 2597931151.3879366 140106991390190.75 58144401426928.99
29.875709158852693 1.1075150946420225e-08 2313771173.247572 124782182035840.08 51909387726910.62
29.80389255029776 7.652884075344742e-09 1602658977.368612 86431746824250.62 36042038425712.805
29.732420385908558 7.020545356187888e-09 1473769483.678303 79480708428523.1 33222936123122.617
29.66129019359777 7.664855588137121e-09 1612883183.4727097 86983140480634.88 36445935861385.15
29.590499524877966 7.833270098523471e-09 1652265291.3929095 89107026116462.89 37424950968914.61
29.520045954580638 1.023414162756468e-08 2163831149.4069076 116695883975914.33 49128967153859.01
29.449927080579258 8.990844327393472e-09 1905483660.9912105 102763147800131.64 43366048371656.2
29.380140523516275 1.3174521676158683e-08 2798787738.129685 150939230748903.1 63847294606784.56
29.310683926533965 1.7855585065316638e-08 3802218824.525137 205054487231796.72 86943102586277.95
29.241554955009118 1.1682538569875155e-08 2493593948.614045 134480063377526.38 57154026935447.73
29.172751296291448 9.24052625862778e-09 1977007381.2186897 106620437570398.33 45420306404988.88
29.104270659445692 1.5777889943090945e-08 3383616831.773846 182479190822194.5 77918614481079.0
29.036110774997343 1.9019371438017184e-08 4088337027.9949317 220484904103584.47 94367538956334.2
28.96826939468193 1.5137339639291963e-08 3261489461.844953 175892835229979.28 75458026313659.81
28.90074429119782 9.191241121552934e-09 1984970728.8557515 107049902638487.92 46031458134551.06
28.83353325796248 9.044873241638868e-09 1957913927.2534053 105590723450032.23 45509601806961.7
28.766634108872076 8.944772955940166e-09 1940748444.6462255 104664985243857.0 45215273625348.16
28.700044678064504 1.0580878100433899e-08 2301060900.9376593 124096714288882.84 53733877287084.54
28.6337628196856 1.2287634708341743e-08 2678421013.51027 144447827140725.03 62690356979076.2
28.567786407658676 1.3965203627388789e-08 3051122589.4975033 164547704102459.16 71578251284567.55
28.50211333545716 1.7223192606825196e-08 3771599508.7904325 203403180882233.2 88683786864649.53
28.43674151588042 2.0002870105972403e-08 4390373408.17357 236773791703475.2 103470146974414.44
28.371668880832637 1.5336168340588907e-08 3373812626.244653 181950447888059.25 79694296174973.22
28.30689338110471 1.3320870895903534e-08 2937172037.1222587 158402326057311.0 69538621139159.086
28.24241298615914 1.1664355345537032e-08 2577792270.2585025 139020897155744.9 61169194748526.164
28.17822568391787 1.1787599325217151e-08 2610962876.5707808 140809795160420.25 62097119665744.055
28.114329480552975 1.132476587538287e-08 2514145900.5840716 135588434612144.27 59930088098569.53
28.050722400280232 1.1022922277824954e-08 2452684405.6022286 132273802835374.95 58597294656070.695
27.987402485155446 1.4088630311880783e-08 3141920231.369964 169444440654264.28 75233331650493.55
27.924367794873564 1.2584197116369465e-08 2812750028.175728 151692220084368.4 67503037937542.6
27.861616406570477 1.3980150383689272e-08 3131803530.2222867 168898844763535.03 75328884764536.83
27.799146414627494 2.5881219907205826e-08 5810884681.186703 313382273260575.8 140081876147474.33
27.736955930478437 2.580618055034445e-08 5807027862.346847 313174274182655.44 140302074833834.34
27.675043082419336 1.5751882331827152e-08 3552492159.8606052 191586673953772.72 86022416605234.67
27.613406015420622 1.5100567431507285e-08 3413204136.103999 184074840572507.97 82833678257631.88
27.552042890941912 1.1821409926658917e-08 2677962224.0461464 144423084525253.66 65134811120890.055
27.490951886749137 2.024784388320642e-08 4597036803.878282 247919193531078.88 112059475476047.2
27.430131196734205 3.4063870780977445e-08 7750952700.684996 418010563028383.7 189358785051849.66
27.369579030736997 2.1940192530103164e-08 5003354692.553028 269832005539133.66 122503730514768.86
27.309293614369736 1.535114316954115e-08 3508481817.423323 189213186624962.88 86091999914358.6
27.24927318884365 1.2377885257744709e-08 2835179136.735429 152901826781676.3 69723233012443.06
27.189516010797938 1.2069279695385843e-08 2770568228.902431 149417346485640.0 68283727343937.445
27.130020352130984 1.679236848542595e-08 3863232188.602232 208344951211517.34 95421987654877.55
27.070784499833756 2.757045988528213e-08 6356706262.984185 342818549745664.56 157353714333250.8
27.0118067558254 3.347365871143512e-08 7734611858.289157 417129297847957.7 191879477010067.5
26.953085436791 3.0808073657650145e-08 7134195904.404666 384748735015688.06 177369166842216.72
26.894618874021383 2.118568397210894e-08 4916613510.357076 265154034738941.16 122501164049393.53
26.836405413255104 1.89599673156725e-08 4409630655.762854 237812339249567.44 110107113072549.23
26.77844341452237 2.0558547639392075e-08 4791771243.196225 258421264149199.97 119907466565227.0
26.720731251991072 1.6372919677820356e-08 3824430447.108405 206252364863147.16 95907349661361.2
26.663267313814746 1.6169770998981375e-08 3785118474.12833 204132261619876.75 95125633914866.14
26.606050001982528 1.6458095365480345e-08 3860896383.1907115 208218980718224.53 97238263995407.36
26.549077732171 1.5372870344461965e-08 3614052857.9903045 194906655777857.62 91216314904036.69
26.492348933597984 1.6048881655500533e-08 3781057508.4858055 203913252860537.97 95635315591594.05
26.43586204887816 1.765710681796316e-08 4168838224.399565 224826351114425.53 105668385023778.08
26.379615533880546 1.4114984675461058e-08 3339649766.2652073 180108037427548.25 84830885628374.98
26.323607857587806 1.897416407595495e-08 4498898696.59094 242626584084746.44 114519747688001.08
26.267837501957324 3.147516386910703e-08 7478812645.859906 403333990749732.4 190776977624629.88
26.212302961784054 3.091169772616269e-08 7360488761.29398 396952757949442.25 188155607268014.0
26.157002744565094 2.3362625937635355e-08 5574714779.584183 300645579159668.4 142806650100844.9
26.10193537036601 1.907176564924365e-08 4560444411.907417 245945757882459.25 117070180752047.25
26.04709937168877 1.665242526313124e-08 3990314268.651516 215198515396927.03 102649691844335.95
25.992493293341415 1.5737192167677923e-08 3778925084.48676 203798250771004.2 97415563868541.83
25.93811569230932 1.4149993759810706e-08 3404919119.7818837 183628027842351.47 87957825336482.94
25.88396513762809 1.7853040507302687e-08 4304972276.613905 232168090125221.25 111440683260106.48
25.83004021025803 3.988712295082647e-08 9638214879.69323 519791022346589.44 250019481748717.88
25.776339502960198 4.1103706566054094e-08 9952878860.187426 536760919174821.5 258718763042259.22
25.722861620173973 2.4404403021190995e-08 5921583830.987985 319352302458548.8 154247162087480.66
25.66960517789618 1.930518678765862e-08 4694007660.0370455 253148852870463.97 122524044789304.27
25.616568803561684 2.3559980327315644e-08 5740410370.357449 309581578367137.7 150147065508064.62
25.563751135925475 4.138306420449045e-08 10103853454.7984 544903011861148.75 264822863764490.28
25.5111508249462 5.381197866685625e-08 13165516019.008978 710019139089674.4 345779320736672.56
25.458766531671156 4.8540581383075944e-08 11900263837.431927 641783814063478.2 313190501262977.7
25.40659692812265 3.589716949392251e-08 8818661705.468836 475592341614224.5 232564655049356.47
25.354640697185793 3.0003055128188446e-08 7385790665.271519 398317295127743.75 195175474612593.66
25.30289653249766 2.6408037181294832e-08 6514106551.214739 351307181484865.94 172491826109072.94
25.251363138337787 2.505539049661303e-08 6193060506.392306 333993098540920.1 164324604482129.88
25.200039229520026 2.4616422587659977e-08 6096950888.905664 328809885990225.1 162103273793184.28
25.148923531285707 2.1197127045873344e-08 5260736837.989611 283712680558333.7 140154064195809.12
25.09801477919808 1.6835693069242224e-08 4186784461.485316 225794195579247.56 111768126811726.75
25.047311719038085 1.6163255061377442e-08 4027695969.819695 217214518662033.84 107738401256375.44
24.996813106701318 1.6105653075748556e-08 4021449984.171606 216877671299103.3 107788202635652.64
24.946517708096284 1.5740181915022024e-08 3938118601.247734 212383591714426.84 105767028673779.06
24.89642429904388 1.6668824619458136e-08 4178851854.8964257 225366388382564.3 112457827802898.02
24.84653166517806 1.4694540203702112e-08 3691298806.5028377 199072546562681.0 99536273281341.52
24.796838601847703 1.858750749030756e-08 4678577372.847441 252316694130126.62 126410663759189.42
24.747343914019662 3.242907666172394e-08 8178901246.427684 441089921071333.7 221427140377803.97
24.69804641618297 3.90260270297934e-08 9862356868.308956 531879048487076.8 267535161389013.38
24.648944932254178 2.674910279646785e-08 6773292956.879752 365285160650157.5 184103720967673.22
24.60003829548383 1.6095740174133868e-08 4083796988.0436997 220240058762699.06 111221229675160.33
24.55132534836406 1.6967617773424713e-08 4313550687.392404 232630725682149.9 117711147195167.17
24.502804942537253 1.7243344565511596e-08 4392327137.976073 236879156776168.47 120097732485519.27
24.45447593870582 1.350133059786633e-08 3445935833.497251 185840068123828.03 94406754606908.33
24.406337206543014 1.4484151275224825e-08 3704071996.5173616 199761407475116.7 101678556404827.64
24.358387624604813 1.9233187420222344e-08 4928238319.110227 265780963200467.25 135548291232243.66
24.310626080242844 1.7283761544135187e-08 4437425729.870062 239311333634598.72 122288091487271.02
24.263051469518295 1.6187880705330682e-08 4164218896.755585 224577229771045.12 114983541642779.11
24.215662697116894 3.649024589814091e-08 9405229690.466524 507226080475982.6 260206979284168.5
24.168458676264812 5.262550310157054e-08 13590526479.498926 732940045556650.4 376731183416120.7
24.12143832864562 3.814734587671694e-08 9870748835.353449 532331629092925.94 274150788982846.38
24.07460058431815 4.9633446584475804e-08 12867800475.942127 693963275173916.4 358085049989744.94
24.027944381635365 5.881102395416828e-08 15276754439.738647 823878685782350.2 425945280549498.2
23.98146866716412 5.1840131649207785e-08 13492092005.672493 727631452998479.6 376913092653198.75
