string
integrated and resized binned spectra ROIsize spatial in px50:1600
converted file:an 22 2019_15.53.48_22 binning:0.1
nm muJ
23.8 6.970281739109885e-06
23.900000000000002 0.00015107421984747482
24.000000000000004 0.00022215512098555605
24.100000000000005 0.00021012232794941746
24.200000000000006 0.0002076768902169437
24.300000000000008 0.00020126062912614092
24.40000000000001 0.00020139656585804232
24.50000000000001 0.0001930872546407728
24.600000000000012 0.00019025290724021594
24.700000000000014 0.00019095871093589625
24.800000000000015 0.00018123614504136958
24.900000000000016 0.00018440209187147838
25.000000000000018 0.00018398913319469794
25.10000000000002 0.00017347219808850798
25.20000000000002 0.0001709012684233446
25.300000000000022 0.00016778549182494364
25.400000000000023 0.0001647343984241342
25.500000000000025 0.00016256431450736926
25.600000000000026 0.00015597567207734024
25.700000000000028 0.00015495333773514548
25.80000000000003 0.0001519982015891058
25.90000000000003 0.0001469262708840193
26.000000000000032 0.0001507998108813037
26.100000000000033 0.00015193385132676208
26.200000000000035 0.00015395246307361695
26.300000000000036 0.00015483208870832314
26.400000000000038 0.00015386678357816422
26.50000000000004 0.0001534942631026322
26.60000000000004 0.000153287631805108
26.700000000000042 0.0001554263242461616
26.800000000000043 0.00016984353161282015
26.900000000000045 0.00018279182589496268
27.000000000000046 0.00016785031339931826
27.100000000000048 0.00016383856152285938
27.20000000000005 0.00016221695761934457
27.30000000000005 0.00017465263063521464
27.400000000000052 0.00017908963876121287
27.500000000000053 0.00017806830049981565
27.600000000000055 0.0001820284627949299
27.700000000000056 0.0001931681796506575
27.800000000000058 0.00020015289531977534
27.90000000000006 0.00021320623216074085
28.00000000000006 0.00022055869726939152
28.100000000000062 0.00023324573365703829
28.200000000000063 0.0002376365400358505
28.300000000000065 0.0002492955533984953
28.400000000000066 0.0002623365242633358
28.500000000000068 0.0002713712870221772
28.60000000000007 0.00028621862772177655
28.70000000000007 0.00030627262400184316
28.80000000000007 0.00031894965065311815
28.900000000000073 0.00033870807000242184
29.000000000000075 0.0003612092502969495
29.100000000000076 0.0003771059036711417
29.200000000000077 0.0003976954114542851
29.30000000000008 0.0004097786356646091
29.40000000000008 0.0004280372085979595
29.50000000000008 0.0004508971330296527
29.600000000000083 0.00046840119376849053
29.700000000000085 0.0004928527523900256
29.800000000000086 0.0005035258070384972
29.900000000000087 0.0005309035744472599
30.00000000000009 0.0005520563251221876
30.10000000000009 0.0006013878821304845
30.20000000000009 0.0006139830187097064
30.300000000000093 0.000644047486699791
30.400000000000095 0.0006627372574363167
30.500000000000096 0.0006970703767179543
30.600000000000097 0.0007331871316133492
30.7000000000001 0.0007640493251901078
30.8000000000001 0.0007786429815780088
30.9000000000001 0.0008059107134954882
31.000000000000103 0.0008534095174974362
31.100000000000104 0.0008555256431772961
31.200000000000106 0.0008713053999601323
31.300000000000107 0.0009359264088798454
31.40000000000011 0.0009346224477031225
31.50000000000011 0.0009406111201163038
31.60000000000011 0.000969922073508942
31.700000000000113 0.000983480475633361
31.800000000000114 0.0009994607863245595
31.900000000000116 0.0010315706246965153
32.000000000000114 0.0010507532682838261
32.100000000000115 0.0010813361092175218
32.20000000000012 0.0011022382914014964
32.30000000000012 0.0010993945924484526
32.40000000000012 0.0011510509347520076
32.50000000000012 0.0011492502205848747
32.60000000000012 0.0012532912232800324
32.700000000000124 0.0012144244659167542
32.800000000000125 0.0012700301211871782
32.90000000000013 0.0012517772340234574
33.00000000000013 0.0013122483592627285
33.10000000000013 0.0013149319702590216
33.20000000000013 0.0013368759125388984
33.30000000000013 0.001365436258262032
33.400000000000134 0.0013959005854975734
33.500000000000135 0.0013988880172886543
33.600000000000136 0.0014265425089603418
33.70000000000014 0.001431731113438108
33.80000000000014 0.0014471385089213193
33.90000000000014 0.0014824871780497314
34.00000000000014 0.0015901321520362028
34.10000000000014 0.001582879830028275
34.200000000000145 0.0015944524543672547
34.300000000000146 0.0016064317975863446
34.40000000000015 0.0017047776542472887
34.50000000000015 0.0017170494457366002
34.60000000000015 0.0017421071963521003
34.70000000000015 0.0018676456787259134
34.80000000000015 0.0018108683972880334
34.900000000000155 0.001799891885418252
35.000000000000156 0.0017984928061441053
35.10000000000016 0.0018199334501475112
35.20000000000016 0.0018103531188729308
35.30000000000016 0.00188950922593177
35.40000000000016 0.0018943814007309195
35.50000000000016 0.0020910769038564596
35.600000000000165 0.0021036623059469193
35.700000000000166 0.0021501135523723115
35.80000000000017 0.002124605814001762
35.90000000000017 0.0020833175527630015
36.00000000000017 0.0022019972927509734
36.10000000000017 0.002171119364676834
36.20000000000017 0.002436095848928722
36.300000000000175 0.0024080595757797417
36.400000000000176 0.002349915481459027
36.50000000000018 0.0022816393503392015
36.60000000000018 0.002253927800492743
36.70000000000018 0.002339657993315391
36.80000000000018 0.0023634760479724196
36.90000000000018 0.0024123042138800618
37.000000000000185 0.0024409147464686145
37.100000000000186 0.002502060582649828
37.20000000000019 0.002960026023877032
37.30000000000019 0.003080246498823175
37.40000000000019 0.0032442068835001046
37.50000000000019 0.00279865895869531
37.60000000000019 0.002948752835463323
37.700000000000195 0.0031195851565208464
37.800000000000196 0.0031346621970459497
37.9000000000002 0.004243488065084096
38.0000000000002 0.003375117838127012
38.1000000000002 0.003097448159958623
38.2000000000002 0.0029824256471082133
38.3000000000002 0.002948059016625294
38.400000000000205 0.002988012865272177
38.500000000000206 0.003045379278171448
38.60000000000021 0.00309294026495477
38.70000000000021 0.0031808941825462005
38.80000000000021 0.003232982362612722
38.90000000000021 0.0033404247738871985
39.00000000000021 0.004050399058392863
39.100000000000215 0.004261843693301562
39.200000000000216 0.005111949263667224
39.30000000000022 0.004220338963599489
39.40000000000022 0.004041462065380014
39.50000000000022 0.0052364974179632895
39.60000000000022 0.005464910357570809
39.70000000000022 0.008785360797293352
39.800000000000225 0.005922842297892151
39.900000000000226 0.004539885764794665
40.00000000000023 0.004578682841073813
40.10000000000023 0.0040289806588202515
40.20000000000023 0.004112754414177149
40.30000000000023 0.0040157456168683535
40.40000000000023 0.003953499174315878
40.500000000000234 0.0040410402353026655
40.600000000000236 0.0042812884613213096
40.70000000000024 0.004245682610959116
40.80000000000024 0.004368790812912193
40.90000000000024 0.004680446551164931
41.00000000000024 0.005523289796724123
41.10000000000024 0.005849145060890858
41.200000000000244 0.009378391343970085
41.300000000000246 0.007357266550834372
41.40000000000025 0.0061319915762569595
41.50000000000025 0.009915664814455558
41.60000000000025 0.015297135860008998
41.70000000000025 0.017420418728894358
41.80000000000025 0.011598673774850693
41.900000000000254 0.0062308258795462645
42.000000000000256 0.006229108891553096
42.10000000000026 0.005655283241763764
42.20000000000026 0.005811105961496518
42.30000000000026 0.005457138342318159
42.40000000000026 0.005232729016950204
42.50000000000026 0.005513882711708696
42.600000000000264 0.00542498420913732
42.700000000000266 0.005537329274102217
42.80000000000027 0.005925866682971212
42.90000000000027 0.005851239493522822
43.00000000000027 0.006448464090967947
43.10000000000027 0.0064511816088157255
43.20000000000027 0.0072470950230054745
43.300000000000274 0.008167778705187827
43.400000000000276 0.011680827837345864
43.50000000000028 0.01623416902713142
43.60000000000028 0.012660303028409852
43.70000000000028 0.016801327257458632
43.80000000000028 0.030958422813651826
43.90000000000028 0.027518538176403855
44.000000000000284 0.019211946270987636
44.100000000000286 0.00905972849955493
44.20000000000029 0.008517558334874229
44.30000000000029 0.008746206305441515
44.40000000000029 0.007701709056895568
44.50000000000029 0.007049847442825403
44.60000000000029 0.006717989455844859
44.700000000000294 0.006630885380923908
44.800000000000296 0.006467557889003536
44.9000000000003 0.006643049396188562
45.0000000000003 0.006773083922589284
45.1000000000003 0.006981543381367513
45.2000000000003 0.006983361705395532
45.3000000000003 0.007980833115207999
45.400000000000304 0.007859771884008455
45.500000000000306 0.00856801263406811
45.60000000000031 0.00946770114726897
45.70000000000031 0.01154969530317344
45.80000000000031 0.011027087070702782
45.90000000000031 0.016429604420268133
46.00000000000031 0.02459632737355253
46.100000000000314 0.028512672287448894
46.200000000000315 0.0509373631023183
46.30000000000032 0.04663597826470152
46.40000000000032 0.028791381246403645
46.50000000000032 0.021592477810238334
46.60000000000032 0.013539500466718478
46.70000000000032 0.012043556473365743
46.800000000000324 0.011831755562043326
46.900000000000325 0.010492851316878908
47.00000000000033 0.010338904863392595
47.10000000000033 0.009636024370982967
47.20000000000033 0.008872747382356086
47.30000000000033 0.009559329783851057
47.40000000000033 0.008900361939338141
47.500000000000334 0.009166186489774865
47.600000000000335 0.008851120233461835
47.70000000000034 0.009696232175836837
47.80000000000034 0.008808702201000804
47.90000000000034 0.009833452255524792
48.00000000000034 0.00919776121775777
48.10000000000034 0.010731391401225428
48.200000000000344 0.01061676038302853
48.300000000000345 0.01143477701123641
48.40000000000035 0.014111277643767677
48.50000000000035 0.013347330815611689
48.60000000000035 0.016698838020529856
48.70000000000035 0.020419314099448953
48.80000000000035 0.043371184030731154
48.900000000000354 0.05296293743746587
49.000000000000355 0.08895374266266462
49.10000000000036 0.05643163073899851
49.20000000000036 0.029148806649170283
49.30000000000036 0.020623475583984145
49.40000000000036 0.017251592700087623
49.50000000000036 0.014737780223282823
49.600000000000364 0.012518219578658384
49.700000000000365 0.012360850091991445
49.80000000000037 0.011297615487686716
49.90000000000037 0.010162610077754776
50.00000000000037 0.009365459004951808
50.10000000000037 0.010063131877871667
50.20000000000037 0.00978973224020163
50.300000000000374 0.010033704756795676
50.400000000000375 0.009953779609628673
50.50000000000038 0.009720213541400114
50.60000000000038 0.010170695920285907
50.70000000000038 0.009720765584771859
50.80000000000038 0.010736829629652542
50.90000000000038 0.010232054133104488
51.000000000000384 0.01115973784761882
51.100000000000385 0.010563992560821365
51.20000000000039 0.011520460902405343
51.30000000000039 0.010857278086083626
51.40000000000039 0.013321788545900116
51.50000000000039 0.010244016505794812
51.60000000000039 0.014842240974252609
51.700000000000394 0.013394747551397197
51.800000000000395 0.023582416391950075
