string
20190122an 22 2019_17.10.   full spectra  index number  Nphoton via eV
eV x-axis E [J] Nphoton Nphoton/sr Nphoton/sr @ 0.1bw
51.660080420516415 5.702068576756856e-10 68891609.79256591 3715339482690.5854 895396815328.4442
51.4457232403483 5.65065083434313e-10 68554847.63579322 3697177826414.865 894717033992.3771
51.233137607123716 5.76057239943921e-10 70178431.98832412 3784738083267.618 919691354234.0287
51.02230164989275 5.669511362193071e-10 69354486.22044364 3740302509005.097 912633812197.2521
50.813193856245654 5.71025644855534e-10 70140376.77790536 3782685757502.3086 926758010588.0399
50.605793064995666 5.67941853745066e-10 70047495.85876553 3777676669354.8857 929308460661.2784
50.400078459040394 5.647267538575003e-10 69935248.95137036 3771623169253.627 931590922805.6362
50.1960295583965 5.722040526480338e-10 71149284.6351091 3837096377424.7114 951599901601.2941
49.99362621340296 5.621231977703236e-10 70178784.86963746 3784757114233.5093 942404521444.1515
49.79284859808809 5.720178091078326e-10 71702046.70081127 3866906955714.588 966726738928.6516
49.59367720369574 5.712407302595013e-10 71892209.22801389 3877162462119.09 973167777991.8705
49.39609283236627 5.688124302136215e-10 71872947.42575386 3876123668938.6147 976783164572.4753
49.20007659096798 5.63101107573803e-10 71434757.96066324 3852492015890.41 974680480020.2654
49.005609885074826 5.660121674443867e-10 72088990.4520927 3887774916284.0254 987494828736.1394
48.81267441308634 5.576322525331171e-10 71302417.78459823 3845354881444.56 980565494768.3558
48.621252160486 5.627533109822319e-10 72240525.16998138 3895947216540.4043 997362487434.3308
48.4313253942341 5.523445965770087e-10 71182416.98885718 3838883212460.2896 986592985602.321
48.24287665729156 5.61925882518179e-10 72700067.6317903 3920730441340.5273 1011548453865.8107
48.05588876327104 5.58074303378124e-10 72482704.08010381 3909007977776.2373 1012433066244.0225
47.87034479121208 5.494690406668877e-10 71641661.08015919 3863650346074.1543 1004549089979.281
47.686228080476646 5.59354354548522e-10 73212127.36773254 3948345934143.943 1030518288811.5674
47.503522225762175 5.586440266550714e-10 73400382.30842334 3958498563993.443 1037126623766.2446
47.322211072228725 5.51545281212439e-10 72745330.2516473 3923171464262.637 1031794095101.0941
47.142278710737365 5.57973693479848e-10 73874087.19089471 3984045571216.652 1051788030801.1586
46.96370947319669 5.588392813264646e-10 74270014.3051905 4005398006505.0728 1061430471723.8131
46.78648792801481 5.542998574165379e-10 73945763.25943339 3987911077164.439 1060784346525.7404
46.61059887565385 5.604220612628321e-10 75044611.7352724 4047172214189.2783 1080594981188.5104
46.436027344284355 5.59321618840672e-10 75178823.07440215 4054410260865.717 1086581949912.0321
46.26275858553703 5.599321607034353e-10 75542762.42668901 4074037589199.713 1095916111494.6849
46.09077807034915 5.746720096887465e-10 77820672.56486088 4196885777823.1753 1133159160012.2715
45.92007148490342 5.646426920324012e-10 76746774.30497567 4138970211365.1133 1121660927279.8892
45.75062472665653 5.615859227551658e-10 76614003.8047197 4131809869442.1577 1123852284488.2566
45.58242390045559 5.612727897823834e-10 76853835.70380364 4144744055862.801 1131515127250.532
45.41545531473963 5.585427915435659e-10 76761199.66780856 4139748174316.5747 1134290999762.768
45.24970547782453 5.686759564613561e-10 78440090.26739413 4230291109088.1675 1163330054999.2234
45.0851610942688 5.674902153351305e-10 78562216.32674776 4236877394000.7744 1169378160744.2068
44.92180906131855 5.685030585814284e-10 78988622.9936225 4259873598181.4053 1179984986696.1848
44.7596364654293 5.803680226902104e-10 80929321.58684379 4364535894927.0854 1213340978789.7217
44.59863057886301 5.920968516643001e-10 82862914.21275616 4468814965312.037 1246799375322.0815
44.43877885635813 6.043865717890859e-10 84887093.77039637 4577979408604.918 1281834234409.3315
44.28006893187113 6.069591236224821e-10 85553962.79798971 4613943800139.116 1296518207839.1094
44.1224886153876 6.143545563243305e-10 86905659.3050157 4686841086416.646 1321689186369.4482
43.96602588980112 6.312073778085696e-10 89607390.45341103 4832546034195.808 1367610527677.4202
43.81066890785836 6.460854531479684e-10 92044756.59351833 4963993719645.176 1409774216379.192
43.65640598916871 6.593232903515595e-10 94262599.57702987 5083602473568.325 1448826704966.9617
43.50322561727689 6.696277659097587e-10 96072915.09128734 5181233182539.999 1481832690206.4365
43.3511164367969 6.837865755308535e-10 98448535.16974759 5309350889470.521 1523783705278.0237
43.20006725060597 6.997789500716797e-10 101103322.16696082 5452524128977.9 1570326949145.6497
43.05006701709692 7.126082765286806e-10 103315624.48410083 5571834073559.935 1610260047258.8013
42.90110484748759 7.310793516456702e-10 106361637.7600978 5736106231275.32 1663470807069.774
42.7531700031859 7.499736846911287e-10 109488039.1945407 5904713739839.877 1718271698293.3435
42.60625189320931 7.698384947380884e-10 112775631.54231839 6082014309379.014 1775948178338.7148
42.46034007165723 7.999658788018309e-10 117591781.50988255 6341750323429.61 1858132844764.8062
42.315424235235184 8.07991268970125e-10 119178233.38464294 6427308017689.236 1889628557200.6309
42.17149422082962 8.249816103586998e-10 122099603.4451759 6584858139716.135 1942533151216.2554
42.028540003131894 8.46812021722614e-10 125756860.2951194 6782094796166.018 2007500059665.0693
41.8865516923105 8.664284297306022e-10 129106188.63754104 6962724801308.336 2067929265988.62
41.74551953173033 8.841795305981108e-10 132196379.4469841 7129379462999.958 2124555079973.9285
41.60543389571781 9.067069922154226e-10 136020975.1951422 7335640742584.628 2193356582032.7417
41.46628528737092 9.256668710530029e-10 139331259.97753513 7514165120052.454 2254249536015.765
41.32806433641302 9.47311110888652e-10 143066034.99458006 7715582348094.798 2322390286776.477
41.19076179708939 1.0001116570370024e-09 151543614.03040463 8172780027235.515 2468179568225.1763
41.05436854610565 1.0149990349354039e-09 154310410.82594514 8321993979500.609 2521564175788.677
40.91887558060695 1.0377831601085703e-09 158296715.19340324 8536976240055.031 2595240776976.7305
40.78427401619706 1.0575960515125847e-09 161851250.6289626 8728673108311.137 2662245298034.7324
40.650555084996405 1.0840553965242825e-09 166446232.85608223 8976481498071.268 2746803338409.683
40.51771013373824 1.1302732955924437e-09 174111536.68741068 9389872998968.191 2882691010683.306
40.38573062190196 1.1499448343421066e-09 177720709.09753028 9584516451132.113 2952031066948.581
40.254608119882796 1.1669667206513402e-09 180938857.1180195 9758071873013.928 3015244208761.3965
40.124334307197095 1.1922269645154928e-09 185455652.4739329 10001663627823.951 3100515724625.3477
39.99490097072226 1.2503582583246262e-09 195127650.77343363 10523276597340.146 3272739021772.8315
39.866300002970746 1.2373378033973457e-09 193718601.91011065 10447286286027.824 3259553321240.6465
39.73852340039712 1.2471469343283094e-09 195882154.7589852 10563967161195.566 3306521721454.092
39.6115632617377 1.2886744724131916e-09 203053377.78315416 10950712776824.219 3438523811922.949
39.48541178638185 1.2810892514378845e-09 202503106.87166932 10921036547022.482 3440126512311.9966
39.36006127277429 1.2886797427170698e-09 204351679.1914196 11020730453825.604 3482550823408.8306
39.235504116847785 1.325747795784832e-09 210897121.2080815 11373727563769.61 3605471637715.0376
39.11173281048549 1.3200501378552991e-09 210655277.67194775 11360684889325.846 3612697794805.3774
38.98873994001226 1.3309259525489186e-09 213060856.68875465 11490418288309.928 3665443433970.6704
38.86651818471441 1.376905441046219e-09 221114617.71406743 11924759370070.049 3815922998422.714
38.745060315387185 1.3638134167578745e-09 219698753.11598697 11848401484701.549 3803336876589.2563
38.624359192909345 1.4020717216284776e-09 226567659.20276177 12218843082218.725 3934467472474.406
38.50440776684441 1.4031415420849673e-09 227446893.55966303 12266260382098.482 3962002103417.7515
38.3851990740678 1.4045619061067636e-09 228384204.02742863 12316809739254.084 3990646355518.0547
38.266726237419434 1.4536602212669045e-09 237099463.76769635 12786825590421.121 4155718316886.858
38.14898246438122 1.438891450982171e-09 235414955.03033176 12695979668258.576 4138889371852.226
38.03196104577882 1.4870735079971867e-09 244046560.96992412 13161484051781.557 4303805284932.4067
37.91565535450732 1.4680804714035385e-09 241668624.12351546 13033241401052.262 4274903179545.138
37.800058844280166 1.5103266365154456e-09 249383307.59338447 13449295956583.314 4424818369716.003
37.6851650484009 1.5105820967751886e-09 250185932.4461792 13492581689263.332 4452551957456.921
37.57096757855726 1.5564321820293836e-09 258563249.50440466 13944372218170.395 4615587204214.477
37.45746012363715 1.5444685857838032e-09 257353292.14397293 13879118954861.266 4607867493013.879
37.34463644856595 1.5802748852497311e-09 264115188.5323803 14243789496097.824 4743181902200.314
37.232490393164845 1.5708465994939292e-09 263330197.55619845 14201454762214.467 4743285890579.89
37.12101587102963 1.6098895290672659e-09 270685628.070734 14598134727817.334 4890375133818.637
37.010206868429535 1.5947904377876814e-09 268949713.0572021 14504516454013.164 4873517528548.447
36.900057443225876 1.641430165732785e-09 277641475.08940953 14973265068679.676 5045990328144.627
36.790561723809766 1.6424879746060955e-09 278647245.7382845 15027506498275.357 5079297196416.903
36.681713908058846 1.6387594205268189e-09 278839667.87525195 15037883865925.371 5097842630548.988
36.573508262312366 1.6734001224852227e-09 285576291.7131527 15401191453022.691 5236405094027.409
36.46593912036438 1.6562922252902572e-09 283490516.72649866 15288705154861.6 5213448457807.918
36.35900088247475 1.7071621165622492e-09 293056797.2691233 15804616742782.477 5405178926031.69
36.25268801439734 1.7158488873883834e-09 295411772.67686886 15931621078136.336 5464546029800.747
36.14699504642534 1.7399346239467596e-09 300434432.83227086 16202494231480.992 5573658015629.252
36.04191657245317 1.813186393192975e-09 313995590.3944225 16933850404944.758 5842178389706.109
35.937447249054756 1.7924870305189862e-09 311313369.6851136 16789197659384.139 5809062390146.843
35.83358179457772 1.853721858623245e-09 322881621.1263519 17413075972791.8 6042337362558.583
35.730314988253284 1.875602037119069e-09 327636913.31932914 17669529913837.684 6148996410015.418
35.62764166932152 1.8734395368099533e-09 328202269.9545693 17700019719998.89 6177306882279.216
35.525556736171595 1.8527783130895002e-09 325515400.8430698 17555116285098.273 6144290699784.635
35.42405514549682 1.890007462466965e-09 333007656.1967851 17959175244003.05 6303670510644.994
35.32313191146407 1.9067341859170716e-09 336914672.55028397 18169881484739.473 6395798282628.126
35.222782104897405 1.893425726959398e-09 335516275.7905465 18094465643687.668 6387346372221.71
35.1230008524756 1.9437317530832893e-09 345409032.3268678 18627984152874.926 6594306390117.531
35.02378333594318 1.955493578136739e-09 348483573.31558895 18793794816335.117 6671797159798.925
34.92512479133489 1.9679292293124755e-09 351690376.4307022 18966738405005.348 6752158872181.848
34.82702050821316 1.9546137595246155e-09 350294730.9889992 18891470943132.86 6744255126698.761
34.72946582891845 2.0188246069281795e-09 362818531.27870697 19566882213529.74 7004943832443.282
34.63245614783208 2.04087969327201e-09 367809622.02574337 19836052821822.84 7121142963034.276
34.53598691065149 2.0773178640190245e-09 375422294.48424816 20246605901349.312 7288778124485.773
34.440053613677456 2.0641608972267384e-09 374083629.0372142 20174411382968.13 7282962509251.925
34.34465180311326 2.129153923375782e-09 386934020.729985 20867435798683.586 7554011759122.645
34.249777074375366 2.156205394590186e-09 392935578.5618668 21191101116384.547 7692369705247.769
34.15542507141566 2.1873569226941117e-09 399713609.31534266 21556641787434.41 7846617610626.077
34.061591486054624 2.165789895432443e-09 396862772.4830765 21402895537731.156 7812056871271.744
33.968272057325706 2.1689281651956918e-09 398529696.1889293 21492793095323.957 7866362272888.513
33.87546257083028 2.1493703797656875e-09 396018067.56903964 21357340418206.535 7838143933481.716
33.78315885810322 2.2136560500115482e-09 408976978.56436676 22056217303484.48 8116687967682.293
33.69135679598881 2.2348613108620985e-09 414019742.69574386 22328174668621.023 8239096452721.323
33.60005230602678 2.2558447944565914e-09 419042659.7066736 22599061674240.094 8361652819468.811
33.50924135384833 2.27748686152981e-09 424209372.4573628 22877703615343.75 8487628041291.941
33.41891994858189 2.2994731831454773e-09 429462169.7734287 23160988115759.89 8615887579063.041
33.3290841422685 2.3228393208586777e-09 434995500.0039389 23459401817197.285 8750356877814.784
33.23973002928655 2.4152342816312955e-09 453514055.48480296 24458111537402.934 9147333714987.9
33.150853745785774 2.5619190223983225e-09 482347082.24767363 26013082934647.414 9754906100492.69
33.062451469130345 2.48729208784023e-09 469548774.4080201 25322867412445.69 9521398147079.451
32.97451941735074 2.565558340469122e-09 485615337.6904786 26189340660700.465 9873381429084.002
32.88705384860445 2.5732264388133024e-09 488362164.99626523 26337477654044.797 9955566553228.914
32.80005106064518 2.6189692434903275e-09 498361923.37083954 26876766795614.992 10186294615538.084
32.71350739030047 2.629289063664183e-09 501649288.0162939 27054055085118.363 10280540932345.176
32.62741921295758 2.694825457323182e-09 515509761.3482982 27801553423076.094 10592391854191.756
32.541782942057424 2.6255717709077404e-09 503583538.6555061 27158369642303.527 10374497203359.734
32.45659502859654 2.5921342151751932e-09 498475138.55847496 26882872515279.965 10296140173351.883
32.371851960636754 2.5885736899524437e-09 499093555.2740115 26916223863098.76 10335829963430.334
32.2875502628226 2.607264693352135e-09 504009825.8025827 27181359400755.477 10464823369290.797
32.203686495906176 2.628557750338371e-09 509449227.2126217 27474707500498.992 10605237095192.205
32.12025725627947 2.649313355153008e-09 514805631.04627043 27763579522916.703 10744505275368.207
32.03725917551389 2.678644911912905e-09 521853699.3477446 28143683377595.28 10919749150506.83
31.954688919906893 2.679256404003421e-09 523321597.262355 28222847431028.387 10978687650670.12
31.872543190035667 2.707446771078657e-09 530190795.285217 28593304772722.168 11151388861361.68
31.790818720317628 2.8108771593271972e-09 551860269.6044506 29761944230412.5 11636920194091.139
31.709512278577684 2.8317845317015002e-09 557390570.985083 30060194585317.97 11783596277444.816
31.62862066562213 2.9003469911674416e-09 572346038.6322703 30866746204579.055 12130631258399.598
31.54814071481902 3.312944562383839e-09 655434615.7206607 35347731217798.9 13927006099812.875
31.468069291684962 3.736757741588459e-09 741163152.6528754 39971089838922.68 15788580486374.072
31.388403293478163 3.3963667252243956e-09 675358434.6831889 36422227102861.64 14423201932732.93
31.30913964879766 3.3739912222522613e-09 672607629.9096322 36273875603816.37 14400728614715.236
31.2302753171886 3.4926618249248676e-09 698022945.967131 37644529120228.68 14982522589851.125
31.151807288753453 3.5413162211544753e-09 709529466.1223528 38265078251970.47 15267766222535.316
31.073732583769104 3.721488397295475e-09 747501761.1451136 40312932371960.305 16125172948784.05
30.99604825230968 3.542375985440935e-09 713308339.6036488 38468873719770.18 15426018361627.89
30.918751373874994 3.242312783281655e-09 654518515.0637019 35298325710347.9 14189926935559.773
30.841839057024558 3.182228312059045e-09 643991364.230687 34730594178918.945 13996429454104.082
30.76530843901705 3.1621874067424387e-09 641527541.9164144 34597719706249.285 13977478761324.71
30.689156685455128 3.1931525579264295e-09 649417052.888374 35023202746949.04 14184397112514.41
30.613380989935486 3.215670821114905e-09 655615576.6194897 35357490478386.17 14355141134224.482
30.537978573704116 3.3220661002402437e-09 678979963.08452 36617536916315.914 14903337524940.793
30.462946685316638 3.2370997299060577e-09 663243716.1421193 35768877700041.086 14593702101616.299
30.388282600303604 3.3357694092738736e-09 685139237.4432793 36949707920575.01 15112430539515.037
30.31398362084076 3.3153186639487095e-09 682607792.4911791 36813186544356.414 15093406483186.645
30.240047075424076 3.656438484874512e-09 754683375.5391641 40700238396424.17 16727797980930.03
30.166470318549564 3.5525265875252975e-09 735024497.7916678 39640030848646.1 16331692709640.742
30.093250730397738 4.300645334676771e-09 891976679.3180304 48104496095940.12 19867156887623.992
30.020385716522686 6.622016181132552e-09 1376774915.0468378 74249770270333.73 30739404891916.73
29.947872707545574 6.218558460702058e-09 1296023026.7939084 69894803393651.73 29006343408365.383
29.875709158852693 5.480551386472747e-09 1144972368.5817032 61748608580785.46 25687421169607.316
29.80389255029776 4.790372405869263e-09 1003194778.0235268 54102512321058.14 22560747637881.43
29.732420385908558 5.284614899335107e-09 1109358856.967882 59827964162481.164 25008089019917.098
29.66129019359777 5.462607044360151e-09 1149473325.160113 61991346146883.78 25974374035543.688
29.590499524877966 5.259648166190612e-09 1109413310.2308314 59830900838781.9 25128978352288.527
29.520045954580638 5.572236910723048e-09 1178152524.9584243 63538021622510.94 26749507103076.6
29.449927080579258 4.578843412025976e-09 970421796.9017125 52335058329287.875 22085394614959.812
29.380140523516275 4.087322601463384e-09 868308441.0918434 46828062866519.95 19808270592537.492
29.310683926533965 3.838596027263096e-09 817401503.2953125 44082640651712.97 18691039636325.47
29.241554955009118 3.768794876919065e-09 804435101.364568 43383359778660.57 18437927905930.426
29.172751296291448 3.902730116199006e-09 834987751.852966 45031070857007.875 19183236185085.016
29.104270659445692 3.765869403356026e-09 807602229.792289 43554163702820.484 18597627901104.812
29.036110774997343 3.7338125694619166e-09 802607185.6828657 43284779888834.99 18525885792421.387
28.96826939468193 3.862500646072847e-09 832213946.0250064 44881478906101.73 19254154450717.31
28.90074429119782 3.940869824862042e-09 851083237.3049929 45899103884150.766 19736614670185.367
28.83353325796248 3.899375019079451e-09 844084870.3432275 45521680433520.2 19619844266846.266
28.766634108872076 4.358260326477997e-09 945612257.7553442 50997074493296.766 22030736181105.145
28.700044678064504 4.535396217066196e-09 986328620.96045 53192916806504.32 23032532977215.63
28.6337628196856 4.847702916390962e-09 1056687447.7235197 56987383619164.41 24732524490717.96
28.567786407658676 8.209702490106064e-09 1793658681.1731396 96732402344768.66 42078595019973.086
28.50211333545716 1.2224935443375902e-08 2677062352.2470407 144374554243632.38 62947305650220.78
28.43674151588042 9.94935109223884e-09 2183754942.7922244 117770378481592.5 51465655396453.82
28.371668880832637 7.178373088952048e-09 1579174486.4526746 85165223127190.98 37302367729711.18
28.30689338110471 7.276634869447684e-09 1604454290.5571668 86528568454537.92 37986041551541.91
28.24241298615914 7.231936434665175e-09 1598239190.082083 86193386735697.33 37925090163705.836
28.17822568391787 8.207050905793687e-09 1817868477.7071147 98038041931380.4 43234776491737.87
28.114329480552975 7.866514007156213e-09 1746399365.8332765 94183697201489.14 41629194163059.43
28.050722400280232 8.752838874087823e-09 1947573508.1986115 105033062403969.88 46529646644958.33
27.987402485155446 9.342398395132247e-09 2083458070.6139457 112361346375704.03 49888437790812.73
27.924367794873564 8.010065267734827e-09 1790365416.1776626 96554795848106.72 42966884152406.64
27.861616406570477 5.2011962548465466e-09 1165160913.527223 62837381195622.195 28025472013247.574
27.799146414627494 4.791581008329058e-09 1075811912.2589097 58018770146313.28 25934390255401.47
27.736955930478437 5.003710780361202e-09 1125958483.4724774 60723185626112.805 27203987160499.45
27.675043082419336 4.609897819069509e-09 1039661515.6852379 56069171405486.95 25175057961060.926
27.613406015420622 4.69821444668893e-09 1061944529.8647009 57270899201129.88 25771904640509.473
27.552042890941912 4.693436284522316e-09 1063227241.834646 57340076136335.875 25860374337487.74
27.490951886749137 4.646162859114013e-09 1054857089.1478617 56888671983537.086 25713679736558.66
27.430131196734205 4.828243131460257e-09 1098626881.8355882 59249186412094.39 26839881444677.6
27.369579030736997 4.974108778528725e-09 1134321426.9507544 61174200984730.61 27773087247068.19
27.309293614369736 4.819306158933515e-09 1101445530.4386215 59401196743602.28 27027544518339.188
27.24927318884365 6.137112966507657e-09 1405717881.5374873 75810670740981.53 34569665857886.918
27.189516010797938 5.8859902617236316e-09 1351160800.5070152 72868395508581.1 33300856747421.543
27.130020352130984 6.394563161239693e-09 1471125544.796821 79338120230253.84 36336859065457.26
27.070784499833756 1.1309885467235746e-08 2607632229.652798 140630172648556.42 64549249245683.61
27.0118067558254 1.8724924225707552e-08 4326686312.071629 233339132774791.2 107336001076407.83
26.953085436791 1.7372695735116676e-08 4022978396.481515 216960098907021.53 100018605596128.2
26.894618874021383 1.1753825893651157e-08 2727739130.971162 147107563929662.66 67963694535505.66
26.836405413255104 8.453878191476488e-09 1966167969.203459 106035865725574.3 49094605830940.68
26.77844341452237 9.352760020284713e-09 2179934463.067006 117564339180019.17 54549853379528.08
26.720731251991072 8.718652665156425e-09 2036526249.8390255 109830303085459.48 51071090934737.47
26.663267313814746 9.88865486553304e-09 2314796555.756171 124837481137291.33 58174266209979.945
26.606050001982528 1.2007400732093529e-08 2816810148.9615088 151911183280399.47 70942522591944.0
26.549077732171 1.2349097605807284e-08 2903185319.060925 156569414968710.3 73274486205355.88
26.492348933597984 1.2880684551970709e-08 3034641919.923051 163658898011913.3 76756023167588.73
26.43586204887816 1.2352197440412902e-08 2916350531.0245333 157279417710026.16 73921326323710.95
26.379615533880546 9.921452121832117e-09 2347446775.290655 126598314569987.14 59627806162463.766
26.323607857587806 7.876164732542313e-09 1867490294.0400963 100714157266467.86 47537082229773.15
26.267837501957324 5.8641606700771255e-09 1393383022.852912 75145449132396.67 35543797439624.83
26.212302961784054 5.953385529170735e-09 1417580738.1172624 76450437173512.92 36237507220240.96
26.157002744565094 5.826150378220015e-09 1390217294.4190223 74974720710208.23 35612992337349.516
26.10193537036601 5.65748863407725e-09 1352819812.345509 72957866377448.39 34727944395664.44
26.04709937168877 6.168791317838659e-09 1478188049.304995 79719002632695.98 38025964255796.63
25.992493293341415 5.767163097288048e-09 1384851697.9686787 74685352927975.08 35699598699572.76
25.93811569230932 5.764057285022437e-09 1387007598.0551884 74801621088005.94 35829976501153.45
25.88396513762809 5.856991042136098e-09 1412318761.6394057 76166657638907.25 36559995666675.57
25.83004021025803 5.7641628644170675e-09 1392836489.0415993 75115974445219.1 36130783708151.59
25.776339502960198 6.43479011760993e-09 1558124361.0812163 84029985292806.61 40502452911132.05
25.722861620173973 7.060320861970005e-09 1713145034.587631 92390283892968.22 44624507120304.11
25.66960517789618 8.024056691670155e-09 1951029222.8485255 105219429845787.5 50926204045361.02
25.616568803561684 7.539063342340814e-09 1836899555.598474 99064392096528.62 48046230166817.3
25.563751135925475 1.62090749638402e-08 3957515501.104726 213429670737655.78 103726819978489.73
25.5111508249462 2.6404314861500998e-08 6460019476.930282 348390253818386.2 169666053609554.66
25.458766531671156 2.5287964370685675e-08 6199625949.013882 334347174287832.25 163161421052462.28
25.40659692812265 1.6677491213268734e-08 4097068241.8469195 220955780363462.56 108047376597733.52
25.354640697185793 1.1229509148984834e-08 2764345280.6321282 149081741533498.3 73050053351413.89
25.30289653249766 1.0530868298658825e-08 2597663646.9923935 140092564820024.27 68785449326633.414
25.251363138337787 8.975833873705014e-09 2218599717.4019346 119649564746258.38 58867585855158.11
25.200039229520026 1.1009397453005157e-08 2726787588.5858483 147056247042101.84 72498729791757.69
25.148923531285707 1.1831569899891912e-08 2936377910.5021615 158359498636166.6 78229592326261.98
25.09801477919808 1.2050720090502954e-08 2996833419.1600714 161619877351937.47 80001839289208.48
25.047311719038085 1.2455920170963026e-08 3103871050.8790436 167392440084273.38 83026650281804.72
24.996813106701318 1.3674011230263476e-08 3414288882.721984 184133341193275.12 91514270573056.3
24.946517708096284 1.6048477647886434e-08 4015252726.306348 216543451836086.9 107838639014365.67
24.89642429904388 1.8431458334704853e-08 4620741750.472108 249197606450740.66 124349605618917.84
24.84653166517806 1.5822285272425346e-08 3974590693.728323 214350539585401.06 107175269792701.62
24.796838601847703 1.026241360181723e-08 2583105674.2438703 139307450187003.19 69793032543686.38
24.747343914019662 8.118741696990585e-09 2047618785.9926174 110428525970056.1 55435120036966.766
24.69804641618297 6.500807578358841e-09 1642834004.6255956 88598394772171.69 44564992570404.65
24.648944932254178 6.355972021500824e-09 1609431944.500249 86797014413074.64 43745695264188.16
24.60003829548383 6.3827685937640945e-09 1619430413.0531461 87336233994281.58 44104798167111.125
24.55132534836406 6.399218557219628e-09 1626825519.9325807 87735053714863.08 44393937179720.46
24.502804942537253 6.234891217376347e-09 1588188520.641459 85651351949274.73 43425235438282.96
24.45447593870582 5.835082546862094e-09 1489284326.0074034 80317427245902.88 40801253040920.26
24.406337206543014 6.3935740179204535e-09 1635046336.3323677 88178404129261.06 44882807701790.9
24.358387624604813 6.218420891319271e-09 1593384364.8158514 85931564954387.45 43825098126739.336
24.310626080242844 5.394076251001093e-09 1384872886.8395731 74686495648385.67 38164799276322.29
24.263051469518295 7.492201984823797e-09 1927316469.1187181 103940595885586.16 53217585093421.97
24.215662697116894 7.417873929780592e-09 1911930336.6509917 103110818418992.25 52895849848940.87
24.168458676264812 7.510022494333118e-09 1939461925.4066725 104595602981773.94 53762139932632.15
24.12143832864562 8.026628137664131e-09 2076915930.0810072 112008527315494.47 57684391567477.445
24.07460058431815 1.2495782720482453e-08 3239614612.7838306 174713119867841.6 90151969851807.3
24.027944381635365 2.386188697978824e-08 6198364921.228093 334279166785388.6 172822329228055.28
23.98146866716412 2.5480363506076534e-08 6631607556.251606 357644036213384.8 185259610758526.6
