string
20190122an 22 2019_17.45.   full spectra  index number  Nphoton via eV
eV x-axis E [J] Nphoton Nphoton/sr Nphoton/sr @ 0.1bw
51.660080420516415 4.1842422735369315e-10 50553440.75676081 2726358042655.593 657052288280.0074
51.4457232403483 4.098130409010064e-10 49719353.40151929 2681375530383.4497 648892878352.7802
51.233137607123716 4.1221860709123877e-10 50218716.95404857 2708306315257.181 658118434607.4932
51.02230164989275 4.052355092545777e-10 49571997.91510706 2673428616988.5254 652316582545.2062
50.813193856245654 4.0595589097700717e-10 49864484.02950672 2689202456680.178 658854601886.6255
50.605793064995666 3.969435475959854e-10 48957303.15180181 2640277994862.149 649508386736.0723
50.400078459040394 3.9729832777161174e-10 49201064.53409137 2653424099165.7437 655395752493.9319
50.1960295583965 4.0205550963027814e-10 49992588.76517292 2696111172905.178 668635570880.4601
49.99362621340296 3.893978740905337e-10 48614733.82149832 2621803156456.315 652828985957.6277
49.79284859808809 3.915651255683355e-10 49082424.48552355 2647025815572.1455 661756453893.0396
49.59367720369574 3.9130468277387434e-10 49246765.217706695 2655888746961.5093 666628075487.3245
49.39609283236627 3.843664179217665e-10 48567059.86038578 2619232089376.434 660046486522.8239
49.20007659096798 3.8265706752941947e-10 48543706.6864916 2617972647634.8857 662347079851.6204
49.005609885074826 3.8112628933902486e-10 48541375.98711963 2617846952511.4155 664933125937.8975
48.81267441308634 3.7422347582035146e-10 47850601.353375845 2580593326444.074 658051298243.2343
48.621252160486 3.736212671707876e-10 47961684.14892508 2586584045740.581 662165515709.5803
48.4313253942341 3.6405377209969075e-10 46916775.456050955 2530231892929.3574 650269596482.8624
48.24287665729156 3.733980598720679e-10 48308976.41629884 2605313593168.664 672170907037.4852
48.05588876327104 3.6650157179227435e-10 47601233.04783875 2567144839551.646 664890513443.8612
47.87034479121208 3.58185820789917e-10 46701497.76883738 2518621920489.2417 654841699327.2034
47.686228080476646 3.6442433434609066e-10 47698351.79629896 2572382474754.977 671391825911.0479
47.503522225762175 3.65937716741377e-10 48080650.697573796 2592999937554.4736 679365983639.2476
47.322211072228725 3.653796016539487e-10 48191255.903962895 2598964900363.8184 683527768795.6979
47.142278710737365 3.6957440878487876e-10 48930572.20641809 2638836389170.3555 696652806740.949
46.96370947319669 3.646234120019278e-10 48458630.111168794 2613384449444.995 692546879102.9034
46.78648792801481 3.615962105101884e-10 48238345.04038405 2601504427721.0405 692000177773.7965
46.61059887565385 3.658890780616896e-10 48995222.88512968 2642323014318.5146 705500244823.0258
46.436027344284355 3.676177703009223e-10 49411770.22576688 2664787502893.2344 714163050775.4
46.26275858553703 3.728655237219564e-10 50304829.14259567 2712950364293.2437 729783647994.8573
46.09077807034915 3.9263092503385857e-10 53169115.84478843 2867421968403.5996 774203931468.9817
45.92007148490342 3.7825799357641654e-10 51413187.971263655 2772724396712.257 751408311508.9838
45.75062472665653 3.749790489168473e-10 51156279.23766587 2758869252896.371 750412436787.806
45.58242390045559 3.739069446649796e-10 51198246.94322903 2761132580374.8003 753789194442.312
45.41545531473963 3.75697592449481e-10 51632566.64548711 2784555536272.7476 762968216938.7507
45.24970547782453 3.8426168118911666e-10 53002981.07613623 2858462284237.709 786077128165.3546
45.0851610942688 3.8459699825938883e-10 53242843.24096872 2871398102896.746 792505876399.4972
44.92180906131855 3.8881451401993695e-10 54022441.2143077 2913441990965.166 807023431497.307
44.7596364654293 3.987238072260255e-10 55599974.426141016 2998518699795.571 833588198543.1631
44.59863057886301 4.0551461425086286e-10 56751057.86872091 3060596879924.698 853906529499.0067
44.43877885635813 4.14970921935586e-10 58283352.42138156 3143233858037.905 880105480250.5822
44.28006893187113 4.250978328257499e-10 59919692.710148655 3231482045303.0796 908046454730.1777
44.1224886153876 4.3808397287498405e-10 61970691.19409626 3342092839118.081 942470180631.266
43.96602588980112 4.472645052284654e-10 63494513.158421256 3424272888701.6914 969069227502.5834
43.81066890785836 4.6021922292085765e-10 65565268.722598694 3535949186145.6777 1004209568865.3455
43.65640598916871 4.720970967343059e-10 67495112.40110396 3640026074982.512 1037407431370.008
43.50322561727689 4.866215360868477e-10 69816623.35125434 3765225664868.1733 1076854540152.2953
43.3511164367969 4.9823643135013e-10 71733854.67028603 3868622366418.5854 1110294619162.1223
43.20006725060597 5.134154389721582e-10 74177719.30204058 4000420516934.275 1152121108877.0818
43.05006701709692 5.263797734153932e-10 76315777.9630729 4115726485013.1216 1189444954168.7776
42.90110484748759 5.408203431419307e-10 78681660.61737315 4243319050543.258 1230562524657.494
42.7531700031859 5.624541537850684e-10 82112217.65749541 4428329736999.357 1288643953466.7676
42.60625189320931 5.859076524058927e-10 85831126.88854547 4628891319756.185 1351636265368.8386
42.46034007165723 6.134029328226797e-10 90167775.35817146 4862767713852.144 1424790940158.6245
42.315424235235184 6.216502847754326e-10 91693048.63532577 4945026033051.934 1453837653717.265
42.17149422082962 6.421213616165339e-10 95035771.261575 5125299790485.993 1511963438193.3645
42.028540003131894 6.5570461508546e-10 97376219.93890166 5251520696112.458 1554450126049.232
41.8865516923105 6.727274975413775e-10 100242882.41123763 5406120426022.769 1605617766528.7966
41.74551953173033 6.943339524485237e-10 103811987.79700111 5598603054858.677 1668383710347.8394
41.60543389571781 7.077079651641066e-10 106167845.18203048 5725654955439.063 1711970831676.2314
41.46628528737092 7.246437239939406e-10 109073281.38905355 5882345761284.573 1764703728385.3945
41.32806433641302 7.5078291182795e-10 113385700.96169335 6114915485702.382 1840589561196.3716
41.19076179708939 7.967640076311315e-10 120731016.77816284 6511049963441.145 1966337088959.2659
41.05436854610565 8.182094189786933e-10 124392464.66110711 6708512643211.253 2032679330893.0032
40.91887558060695 8.488789592238436e-10 129482493.07482633 6983018981362.589 2122837770334.2278
40.78427401619706 8.689497636457822e-10 132981402.28366557 7171715915126.98 2187373354113.594
40.650555084996405 8.936813335507933e-10 137216134.72914204 7400095955899.483 2264429362505.139
40.51771013373824 9.289145033691778e-10 143093473.2896221 7717062101307.335 2369138065101.4106
40.38573062190196 9.535166925338885e-10 147363297.5014873 7947334648664.806 2447779071788.669
40.254608119882796 9.766204082392355e-10 151425552.56958085 8166412947004.649 2523421600624.5146
40.124334307197095 1.0057468918682074e-09 156447934.50116995 8437271095678.632 2615554039660.311
39.99490097072226 1.0488716243250738e-09 163684171.84023657 8827522947433.957 2745359636651.999
39.866300002970746 1.0385543983181198e-09 162596912.0941625 8768886793122.97 2735892679454.3374
39.73852340039712 1.0568277934291405e-09 165989828.21344748 8951867496540.893 2801934526417.1973
39.6115632617377 1.0933327589978263e-09 172273847.66903472 9290766030972.562 2917300533725.5073
39.48541178638185 1.1041235913513763e-09 174529961.4121383 9412438735274.766 2964918201611.4775
39.36006127277429 1.1133371969894072e-09 176546831.74530518 9521208990503.885 3008702040999.176
39.235504116847785 1.1525104124248015e-09 183338889.12773123 9887506120700.291 3134339440262.0547
39.11173281048549 1.1584640454468066e-09 184869163.80543998 9970034166518.527 3170470864952.6797
38.98873994001226 1.1597785225746546e-09 185662774.93930805 10012833787378.613 3194093978173.6064
38.86651818471441 1.2006911639225894e-09 192816703.15840536 10398646690412.486 3327566940932.256
38.745060315387185 1.1926585718635725e-09 192127161.90637058 10361459580888.662 3326028525465.3125
38.624359192909345 1.2408729889636793e-09 200518763.86957934 10814020497824.846 3482114600299.579
38.50440776684441 1.2456222905807903e-09 201913286.752447 10889227419855.469 3517220456613.2646
38.3851990740678 1.244238343793776e-09 202315314.49931532 10910908863583.877 3535134471800.938
38.266726237419434 1.2881454079713891e-09 210103145.84976137 11330908300205.695 3682545197566.845
38.14898246438122 1.284104771203145e-09 210090529.5953201 11330227902862.818 3693654296333.217
38.03196104577882 1.3353231519338207e-09 219142511.28840965 11818403242097.773 3864617860165.826
37.91565535450732 1.33606091880134e-09 219936175.35367855 11861205717559.807 3890475475359.6133
37.800058844280166 1.3844029561853473e-09 228590941.79263026 12327959151844.812 4055898560957.028
37.6851650484009 1.3929041516695087e-09 230695852.1073041 12441477422403.127 4105687549393.0513
37.57096757855726 1.4516360327330189e-09 241153925.01826698 13005483566488.762 4304815060507.8506
37.45746012363715 1.4302875535145538e-09 238327418.24445558 12853049442123.635 4267212414784.9897
37.34463644856595 1.4615620754914449e-09 244274427.6475653 13173772951210.367 4386866392752.811
37.232490393164845 1.4334902551841221e-09 240304350.6693341 12959665837282.324 4328528389652.5317
37.12101587102963 1.4920171936597513e-09 250866661.26222688 13529293542199.885 4532313336636.804
37.010206868429535 1.503294797027033e-09 253519644.16194493 13672369486337.41 4593916147409.393
36.900057443225876 1.5605316015025954e-09 263957800.2219759 14235301510325.389 4797296608979.253
36.790561723809766 1.5418128078866503e-09 261567755.1396738 14106405859803.87 4767965180613.551
36.681713908058846 1.5253788152274994e-09 259547629.07495397 13997460022264.799 4745138947548.034
36.573508262312366 1.5610441724837601e-09 266402039.7681524 14367119880057.303 4884820759219.197
36.46593912036438 1.571988756528613e-09 269061158.4549615 14510526728525.637 4948089614427.35
36.35900088247475 1.624340134318877e-09 278839316.3256034 15037864906776.453 5142949798117.627
36.25268801439734 1.6432822226206892e-09 282918220.80651677 15257841111566.723 5233439501267.37
36.14699504642534 1.7012481012130214e-09 293754432.70134693 15842240373202.33 5449730688381.397
36.04191657245317 1.785742380021153e-09 309243018.26448077 16677543157489.31 5753752389333.978
35.937447249054756 1.7888751840542134e-09 310686075.8332813 16755367565676.367 5797357177723.954
35.83358179457772 1.8359970287292927e-09 319794306.92992836 17246576447465.26 5984562027270.274
35.730314988253284 1.8541930917094724e-09 323897121.69370466 17467842139004.795 6078809064373.574
35.62764166932152 1.8243271882210639e-09 319598424.47518957 17236012464126.088 6015368349979.617
35.525556736171595 1.823962271566649e-09 320452698.39197075 17282083642047.559 6048729274716.881
35.42405514549682 1.90467815914943e-09 335592542.45465463 18098578721451.816 6352601131229.511
35.32313191146407 1.9355315142042304e-09 342003081.045737 18444300460346.793 6492393762041.899
35.222782104897405 1.895690733819915e-09 335917636.485957 18116111113186.043 6394987222954.637
35.1230008524756 1.925666159538774e-09 342198702.9309915 18454850391117.062 6533017038455.25
35.02378333594318 1.9329617676258954e-09 344468236.25292766 18577246816221.09 6594922619758.445
34.92512479133489 1.9919393582676155e-09 355981247.8526043 19198146032972.58 6834539987738.181
34.82702050821316 2.008271979084888e-09 359911051.09041184 19410081175330.176 6929398979593.212
34.72946582891845 2.107976951899167e-09 378840786.38270223 20430965912094.117 7314285796529.313
34.63245614783208 2.1783734600776143e-09 392588902.53227186 21172404802793.754 7600893324202.826
34.53598691065149 2.2206219947215197e-09 401320866.142085 21643321497274.26 7791595739018.757
34.440053613677456 2.2042271059490063e-09 399467539.6299913 21543371195845.22 7777157001700.583
34.34465180311326 2.2870779338595267e-09 415633764.6401837 22415219222728.008 8114309358626.665
34.249777074375366 2.2882372332346197e-09 416996369.35503614 22488704791023.41 8163399839141.687
34.15542507141566 2.303612540521153e-09 420957948.60113114 22702353620411.23 8263656717829.637
34.061591486054624 2.2680927820865144e-09 415608915.5490225 22413879105843.266 8181065873632.658
33.968272057325706 2.2572590076481084e-09 414760046.44743943 22368099410779.617 8186724384345.281
33.87546257083028 2.3138175573393554e-09 426317197.9995084 22991379104752.945 8437836131444.242
33.78315885810322 2.4413971274491252e-09 451052556.54086757 24325362364600.31 8951733350172.918
33.69135679598881 2.4688763697855766e-09 457372255.8971351 24666185123827.06 9101822310692.367
33.60005230602678 2.4357355906581683e-09 452458929.2489311 24401208350278.1 9028447089602.871
33.50924135384833 2.42614518284593e-09 451898776.18622416 24370999173914.074 9041640693521.494
33.41891994858189 2.4640562865976735e-09 460200609.0101663 24818718821667.426 9232563401660.67
33.3290841422685 2.5703597694686926e-09 481348375.27062356 25959222450407.82 9682789974002.336
33.23973002928655 2.777188371259928e-09 521479001.30195165 28123475830583.2 10518179960637.2
33.150853745785774 3.2038293182490985e-09 603203188.7683672 32530879015078.76 12199079630654.422
33.062451469130345 3.21974116306923e-09 607819855.3443561 32779856846484.297 12325226174277.93
32.97451941735074 3.2453578376524477e-09 614289496.9092218 33128766021595.42 12489544790141.383
32.88705384860445 3.231786238354182e-09 613347547.0179152 33077966459320.35 12503471321623.07
32.80005106064518 3.1707672328791445e-09 603363197.4360073 32539508317286.184 12332473652251.467
32.71350739030047 3.1186152717061534e-09 595009180.340145 32088974360411.242 12193810256956.506
32.62741921295758 3.094932443335453e-09 592048691.2862147 31929314542571.895 12165068840719.621
32.541782942057424 3.1191801254563936e-09 598257409.1807033 32264152047454.387 12324906082127.324
32.45659502859654 3.04515571176264e-09 585592523.1288309 31581131991253.34 12095573552649.625
32.371851960636754 3.0569373210723165e-09 589397057.4396993 31786311353166.664 12205943559616.482
32.2875502628226 3.140789391232047e-09 607145380.3649795 32743482264318.05 12606240671762.377
32.203686495906176 3.371695794012042e-09 653479200.3083681 35242275239803.5 13603518242563.629
32.12025725627947 3.4519949769955233e-09 670780015.1477746 36175311942663.39 13999845721810.006
32.03725917551389 3.3200817430332703e-09 646818446.1603453 34883059321563.848 13534627016766.602
31.954688919906893 3.295143334490466e-09 643618755.7253857 34710499321279.52 13502384235977.828
31.872543190035667 3.267471426063849e-09 639858664.0602084 34507716760903.406 13458009536752.37
31.790818720317628 3.5330591007564293e-09 693646444.6345952 37408503452578.03 14626724849957.822
31.709512278577684 3.761104534581875e-09 740312047.2607197 39925189540222.62 15650674299767.496
31.62862066562213 4.5501395012306644e-09 897911293.6088126 48424551133926.22 19030848595633.05
31.54814071481902 5.196244228359987e-09 1028027567.281469 55441750040617.47 21844049516003.453
31.468069291684962 5.624335230012971e-09 1115552657.9255953 60161997193722.69 23763988891519.88
31.388403293478163 5.514931132720616e-09 1096629297.8664436 59141456274666.92 23420016684767.645
31.30913964879766 5.11192123497166e-09 1019065255.2568904 54958410606085.88 21818489010616.305
31.2302753171886 4.50194777635167e-09 899732927.7668519 48522792259816.0 19312071319406.91
31.151807288753453 4.282034507362442e-09 857937972.2649839 46268781229721.84 18461243710657.926
31.073732583769104 4.378992395767002e-09 879568650.6118654 47435328412194.875 18974131364877.867
30.99604825230968 4.679327046874302e-09 942249783.7571814 50815735540084.46 20377109951573.934
30.918751373874994 4.546562428782476e-09 917804508.2125623 49497396519271.3 19897953400746.945
30.841839057024558 4.601931184167598e-09 931298339.0152314 50225121745969.555 20240724063625.367
30.76530843901705 4.6086740657275e-09 934982961.027555 50423834211571.625 20371229021474.938
30.689156685455128 4.708043449369195e-09 957512566.7485262 51638860742619.664 20913738600761.035
30.613380989935486 5.081284768300091e-09 1035979622.4981374 55870606106021.99 22683466079044.45
30.537978573704116 5.420487365486101e-09 1107865466.9308662 59747425313348.625 24317202102533.242
30.462946685316638 5.0476255282522915e-09 1034199188.2805021 55774586901868.81 22756031455961.754
30.388282600303604 4.807005361648585e-09 987318841.2572513 53246319602234.375 21777744717313.656
30.31398362084076 4.798135589888743e-09 987912498.0361123 53278335641289.21 21844117612929.32
30.240047075424076 4.7722694394148786e-09 984989197.6628232 53120681417076.016 21832600062417.844
30.166470318549564 5.967358980880456e-09 1234657906.1410112 66585369105379.62 27433172071413.965
30.093250730397738 7.594309760969683e-09 1575100171.0563886 84945494412731.62 35082489192459.44
30.020385716522686 8.91429069428177e-09 1853358777.3902986 99952041503497.86 41380145182446.18
29.947872707545574 9.822437087051069e-09 2047115054.7992876 110401359637365.12 45816564249506.4
29.875709158852693 9.984409470617861e-09 2085898325.6099734 112492949857780.78 46797067140837.836
29.80389255029776 8.792609973079684e-09 1841339182.603803 99303822145426.94 41409693834643.375
29.732420385908558 7.013629397144386e-09 1472317669.2007139 79402411758342.64 33190208114987.188
29.66129019359777 6.225537397919469e-09 1310013536.6836257 70649314631417.12 29602062830563.074
29.590499524877966 5.386436966351175e-09 1136156768.7363842 61273181365954.305 25734736173700.94
29.520045954580638 5.3594353397929685e-09 1133159336.024923 61111529168638.375 25727953779996.27
29.449927080579258 5.908740976917039e-09 1252274978.695883 67535461655540.97 28499964818638.715
29.380140523516275 6.956175544620702e-09 1477765895.1970828 79696235769944.05 33711507730685.566
29.310683926533965 6.318147237567388e-09 1345404156.4542937 72557938444197.33 30764565900338.305
29.241554955009118 6.481155725550698e-09 1383378330.0260227 74605893874741.12 31707504896764.434
29.172751296291448 6.368431092608284e-09 1362523618.7293584 73481194763863.75 31302988969405.406
29.104270659445692 6.4548967170716354e-09 1384272374.697945 74654109898127.48 31877304926501.234
29.036110774997343 6.7092994833594085e-09 1442207362.0633368 77778556353014.19 33289222119090.09
28.96826939468193 7.519711873635203e-09 1620196257.4923592 87377536151266.66 37484963008892.75
28.90074429119782 6.9042894447477205e-09 1491073106.463822 80413896564526.84 34577975522747.484
28.83353325796248 7.087691356227296e-09 1534249209.21463 82742393165808.08 35661971454461.57
28.766634108872076 5.968107857704359e-09 1294901066.7317972 69834295843758.27 30168415804504.863
28.700044678064504 6.335984198070134e-09 1377908843.5524235 74310923280983.89 32176629780664.99
28.6337628196856 7.55291603992087e-09 1646361526.4269948 88788634789268.86 38534267498543.63
28.567786407658676 9.684460530295093e-09 2115864335.3491366 114109023273075.22 49637425123786.21
28.50211333545716 1.147797334449586e-08 2513489781.845394 135553049986026.78 59101129793904.92
28.43674151588042 1.195468087891652e-08 2623899108.274724 141507448946586.8 61838755189655.914
28.371668880832637 1.3235570776533067e-08 2911700941.834295 157028664354881.78 68778554987441.04
28.30689338110471 1.3449101456687393e-08 2965446105.715978 159927152719060.5 70208020043667.11
28.24241298615914 1.0497695964187935e-08 2319963573.671601 125116139535995.73 55051101395836.69
28.17822568391787 9.084038954398983e-09 2012122046.6425772 108514179105306.06 47854752985438.99
28.114329480552975 7.564985078599073e-09 1679458668.9587097 90573570876298.55 40033518327325.14
28.050722400280232 7.537624785925067e-09 1677179091.1481593 90450632749741.4 40069630308135.164
27.987402485155446 6.579266089031466e-09 1467249035.221134 79129059226672.34 35133302296642.617
27.924367794873564 6.70203124886275e-09 1498000898.2497451 80787513880591.9 35950443676862.69
27.861616406570477 7.886113870536803e-09 1766630442.5664208 95274763564872.4 42492544549933.2
27.799146414627494 8.69795127972458e-09 1952875174.7512395 105318982432930.56 47077585147518.93
27.736955930478437 9.516031896273742e-09 2141342158.4351945 115483047807117.27 51736405417590.27
27.675043082419336 9.505480308516404e-09 2143752953.4793653 115613062507590.25 51910265065902.42
27.613406015420622 9.172841738963507e-09 2073351316.4500012 111816286927968.47 50317329117587.81
27.552042890941912 8.405830419655259e-09 1904214172.8636332 102694684029617.39 46315302497357.91
27.490951886749137 8.470641653081135e-09 1923160394.5729299 103716457882432.12 46879838962859.13
27.430131196734205 9.053108883840099e-09 2059960220.1397922 111094102194767.45 50325628294227.484
27.369579030736997 8.982621587645714e-09 2048443367.591724 110472995834834.77 50154740109015.875
27.309293614369736 9.159135730559112e-09 2093307372.5570266 112892521369237.4 51366097223003.305
27.24927318884365 7.8695639971773e-09 1802539221.798102 97211331829954.25 44328367314458.29
27.189516010797938 8.684196103243934e-09 1993504038.7210748 107510105893370.92 49132118393270.484
27.130020352130984 7.879073303587412e-09 1812650170.772102 97756617504707.44 44772530817157.234
27.070784499833756 1.1821355743819099e-08 2725557948.8470316 146989932303850.44 67468378927463.39
27.0118067558254 1.4314320685311975e-08 3307547450.083357 178376752541690.97 82053306169180.81
26.953085436791 1.4598643481763117e-08 3380593791.575679 182316157607557.34 84047748657076.6
26.894618874021383 1.5430213944467255e-08 3580927500.2376 193120198037830.25 89221531493479.55
26.836405413255104 1.5515944692622782e-08 3608634141.1123667 194614423199424.0 90106477941332.9
26.77844341452237 1.576466207650116e-08 3674415903.3949213 198162047930290.94 91947190239653.62
26.720731251991072 1.4237537048946086e-08 3325642051.221012 179352598312064.06 83398958215107.84
26.663267313814746 1.348362910107698e-08 3156330019.2684216 170221563646128.44 79323248659098.83
26.606050001982528 1.1199625534033761e-08 2627314568.132549 141691645438721.78 66169998419880.695
26.549077732171 9.643849134288412e-09 2267200577.695511 122270619700339.86 57222650019758.625
26.492348933597984 9.31003622624285e-09 2193410303.1687226 118291094164306.61 55478523163060.805
26.43586204887816 8.508607324632793e-09 2008879926.764076 108339330875913.83 50919485511678.58
26.379615533880546 8.331994658024329e-09 1971376140.4622273 106316743533025.45 50075186204054.84
26.323607857587806 8.646875187038306e-09 2050230795.561059 110569392213536.5 52188753124789.58
26.267837501957324 9.021032559666522e-09 2143487248.1209424 115598732959886.5 54678200690028.164
26.212302961784054 1.058671305281479e-08 2520838005.5533357 135949341286984.36 64439987770023.18
26.157002744565094 1.2442822988929697e-08 2969066465.4436107 160122399505688.34 76058139765203.25
26.10193537036601 1.3185828117797422e-08 3152997853.5870757 170041859227026.5 80939924992062.3
26.04709937168877 1.3048862840432976e-08 3126815629.5010114 168629846194024.25 80436436634550.94
25.992493293341415 1.162929574151703e-08 2792508150.3925095 150600571218008.12 71987073042209.23
25.93811569230932 1.0480320438828473e-08 2521884041.034751 136005754207746.4 65146756265508.0
25.88396513762809 1.005906068600197e-08 2425579965.737605 130812054505085.31 62789786162441.11
25.83004021025803 1.1627691550817233e-08 2809683462.4982095 151526839531174.0 72884409814497.14
25.776339502960198 1.1928406206305543e-08 2888352216.500949 155769462525186.12 75080880937138.34
25.722861620173973 1.0025947867706394e-08 2432736860.319285 131198027384697.7 63368647226809.64
25.66960517789618 1.1697301853415291e-08 2844169554.3084764 153386681954542.72 74239154065998.5
25.616568803561684 1.0431625463619525e-08 2541674914.7968884 137073080329269.97 66480443959697.2
25.563751135925475 1.4787271774724346e-08 3610376125.6006565 194708368801320.44 94628267237431.73
25.5111508249462 1.8010716932138702e-08 4406460943.424758 237641395974559.7 115731359839610.95
25.458766531671156 1.7542110032565404e-08 4300643537.936161 231934640307919.88 113184104470265.0
25.40659692812265 1.6612061155200705e-08 4080994396.5937767 220088914396946.78 107623479140107.3
25.354640697185793 1.7178843653339962e-08 4228880777.4042845 228064459042105.97 111751584930631.48
25.30289653249766 1.6128349149358808e-08 3978401883.2165813 214556077862476.84 105347034230478.44
25.251363138337787 1.8234315708787553e-08 4507062881.037368 243066880325596.53 119588905120191.44
25.200039229520026 1.9007249749440676e-08 4707681136.153276 253886266407950.22 125165929339122.0
25.148923531285707 1.9292524214442994e-08 4788049465.999944 258220547896455.16 127560950660841.83
25.09801477919808 1.8105540770493752e-08 4502576546.918722 242824931351930.03 120198341019204.52
25.047311719038085 1.3806663521464888e-08 3440460650.4626727 185544790313299.62 92030215995402.3
24.996813106701318 1.2054736467080506e-08 3009969204.3987885 162328293103587.06 80677161672481.5
24.946517708096284 1.0645734571386881e-08 2663512122.4052315 143643787404500.7 71534606127437.62
24.89642429904388 1.019011761835242e-08 2554648745.9803286 137772761863534.23 68748608169902.62
24.84653166517806 9.558198863514882e-09 2401039268.198426 129488569355375.27 64744284677688.3
24.796838601847703 9.10681559038802e-09 2292235329.6751084 123620749313354.1 61933995405988.44
24.747343914019662 9.768855868456278e-09 2463792240.282737 132872850772851.73 66702171087969.9
24.69804641618297 9.624054385267129e-09 2432116874.081422 131164591392198.86 65975789470279.414
24.648944932254178 9.326413486236479e-09 2361594377.947337 127361297854803.06 64190094118818.59
24.60003829548383 1.1404904708881542e-08 2893642354.758136 156054760830669.2 78807654219486.02
24.55132534836406 1.3098797799160022e-08 3330009492.497926 179588135368946.75 90871596496686.53
24.502804942537253 1.3590915507403258e-08 3461958716.0894885 186704185662969.66 94659022131127.08
24.45447593870582 1.360432875559214e-08 3472223986.3514338 187257793918307.72 95126959310504.05
24.406337206543014 1.2917525115487542e-08 3303434363.2153487 178154932873338.62 90680860832523.33
24.358387624604813 1.0790435064941575e-08 2764899774.8029513 149111645524593.66 76046939217545.77
24.310626080242844 1.0904442804397277e-08 2799602097.4119534 150983149321913.9 77152389303492.38
24.263051469518295 1.0013172941325441e-08 2575818585.38272 138914455901614.48 71124201421629.1
24.215662697116894 1.1342024444016768e-08 2923366023.584357 157657764747880.5 80878433315659.4
24.168458676264812 1.1197974647578807e-08 2891874889.4608793 155959441043209.5 80163152696210.2
24.12143832864562 1.1835156401397675e-08 3062384907.271457 165155083346726.62 85054867923560.97
24.07460058431815 1.3101077599447803e-08 3396541327.884688 183176211705275.6 94518925239923.28
24.027944381635365 1.768734559197692e-08 4594465750.332751 247780536054811.7 128102537140344.6
23.98146866716412 1.7435990414492454e-08 4537951185.661214 244732693304388.8 126771535131668.8
