string
20190122an 22 2019_17.22.   full spectra  index number  Nphoton via eV
eV x-axis E [J] Nphoton Nphoton/sr Nphoton/sr @ 0.1bw
51.660080420516415 -2.0342727325757165e-10 -24577803.90006681 -1325486303814.0046 -319442199219.1798
51.4457232403483 -2.233298483795092e-10 -27094832.395464826 -1461230197390.7034 -353617707768.5422
51.233137607123716 -2.329467475552657e-10 -28378842.147353243 -1530477122258.8398 -371905940708.89703
51.02230164989275 -2.3474025947661504e-10 -28715508.359007407 -1548633604193.4739 -377866599423.2111
50.813193856245654 -2.472726160079704e-10 -30373056.989489898 -1638025561934.8337 -401316262674.0232
50.605793064995666 -2.5335808683746473e-10 -31248092.426198035 -1685216413136.368 -414563237631.5361
50.400078459040394 -2.534484239866329e-10 -31386822.93120161 -1692698179410.1619 -418096450314.30566
50.1960295583965 -2.632628319411363e-10 -32734759.701442257 -1765392702266.063 -437817390161.96783
49.99362621340296 -2.6453045307041193e-10 -33025546.412481196 -1781074892765.2795 -443487648298.5582
49.79284859808809 -2.6705985997989083e-10 -33475773.38904228 -1805355731422.2144 -451338932855.5557
49.59367720369574 -2.5828039806081375e-10 -32505294.936598044 -1753017617647.2097 -440007422029.4401
49.39609283236627 -2.767047141953271e-10 -34963341.72646345 -1885580615030.8662 -475166314987.7513
49.20007659096798 -2.764757298091612e-10 -35073589.05048259 -1891526277166.25 -478556148123.0571
49.005609885074826 -2.854180017495271e-10 -36351684.26833983 -1960454229929.1628 -497955374402.00586
48.81267441308634 -2.808636748624746e-10 -35913021.52016824 -1936797052621.5813 -493883248418.49976
48.621252160486 -2.944109720003067e-10 -37793475.07700112 -2038210321466.7092 -521781842295.47095
48.4313253942341 -2.9779162281024154e-10 -38377360.0792557 -2069699366486.2585 -531912737186.9828
48.24287665729156 -3.037513128630092e-10 -39298316.15768555 -2119366727872.021 -546796615790.9569
48.05588876327104 -3.04897026518985e-10 -39600033.21117874 -2135638394114.3926 -553130344075.6151
47.87034479121208 -3.0342981695779435e-10 -39562221.88919231 -2133599221305.2231 -554735797539.3585
47.686228080476646 -3.053198925222656e-10 -39962357.81034483 -2155178638461.783 -562501624638.5244
47.503522225762175 -3.0155370577101233e-10 -39621218.940877706 -2136780945119.6191 -559836607621.32
47.322211072228725 -2.9378342055834115e-10 -38748172.95870125 -2089697385633.184 -549590412421.5384
47.142278710737365 -3.027234999757591e-10 -40079707.149759606 -2161507313830.3533 -570637930851.1929
46.96370947319669 -3.0254560983361054e-10 -40208459.78646981 -2168450971499.4119 -574639507447.3273
46.78648792801481 -2.9457691135587374e-10 -39297709.096193306 -2119333988913.8613 -563742841051.0869
46.61059887565385 -2.9938260292803124e-10 -40089519.57816042 -2162036500225.7415 -577263745560.2585
46.436027344284355 -3.004898330898119e-10 -40389055.66414502 -2178190546416.5635 -583755066439.6498
46.26275858553703 -2.7875000011245613e-10 -37607314.80127967 -2028170657354.0688 -545577906828.2257
46.09077807034915 -2.7169325876789867e-10 -36792034.01625269 -1984202387499.289 -535734644624.8148
45.92007148490342 -2.8866239553406966e-10 -39235268.66281588 -2115966562776.7456 -573426938512.4692
45.75062472665653 -2.8831216304426e-10 -39332804.22709228 -2121226676947.5967 -576973656129.741
45.58242390045559 -2.8771518218443516e-10 -39396200.46370995 -2124645649761.1052 -580028262384.7753
45.41545531473963 -2.755764833682248e-10 -37872803.63089399 -2042488527612.1367 -559641856565.7386
45.24970547782453 -2.7307690884875395e-10 -37666754.039200895 -2031376228368.2273 -558628462801.2516
45.0851610942688 -2.772455234708364e-10 -38381318.65881691 -2069912853541.989 -571295947577.5856
44.92180906131855 -2.6886851983472145e-10 -37356974.29855816 -2014669739656.2769 -558063517884.7583
44.7596364654293 -2.676323242856541e-10 -37319944.57370284 -2012672718550.1887 -559523015756.9487
44.59863057886301 -2.6323109719283745e-10 -36838729.61578678 -1986720691326.6973 -554295072880.1589
44.43877885635813 -2.588328184067816e-10 -36353497.50063592 -1960552017940.8127 -548954565023.4081
44.28006893187113 -2.583637286927809e-10 -36417676.20364564 -1964013189336.8337 -551887706203.6577
44.1224886153876 -2.3994784784027673e-10 -33942656.89204101 -1830534860168.5317 -516210830567.50793
43.96602588980112 -2.450187662505636e-10 -34783326.41176112 -1875872350000.9683 -530871875050.2766
43.81066890785836 -2.3971691558739396e-10 -34151341.80638693 -1841789282935.627 -523068156353.704
43.65640598916871 -2.3475792795765204e-10 -33563037.866910435 -1810061923671.6936 -515867648246.4287
43.50322561727689 -2.2851907794526538e-10 -32786116.540952124 -1768162387778.0105 -505694442904.50995
43.3511164367969 -2.2299147660564755e-10 -32105316.209406156 -1731446677995.097 -496925196584.5876
43.20006725060597 -2.0382569378212426e-10 -29448520.53958976 -1588165110337.849 -457391551777.30475
43.05006701709692 -1.9548859765114507e-10 -28342396.813344195 -1528511617478.049 -441739857451.15076
42.90110484748759 -1.8624760031918262e-10 -27096374.359698 -1461313355856.7874 -423780873198.4508
42.7531700031859 -1.6956706108966622e-10 -24754955.286643885 -1335040116577.9243 -388496673924.16223
42.60625189320931 -1.5635945640072895e-10 -22905501.041754246 -1235298647360.4397 -360707205029.2571
42.46034007165723 -1.5410324179280368e-10 -22652559.58917344 -1221657459871.684 -357945635742.39
42.315424235235184 -1.4029243366829813e-10 -20693050.833496295 -1115980726978.286 -328098333731.61523
42.17149422082962 -1.283894620720316e-10 -19002002.237017743 -1024782108792.9515 -302310722093.92
42.028540003131894 -1.1753916194248136e-10 -17455297.738378 -941367999162.558 -278644927752.1072
41.8865516923105 -1.0318054248443172e-10 -15374895.518907227 -829171455502.8834 -246263922284.36166
41.74551953173033 -8.337004048610905e-11 -12464909.133506745 -672235257548.9615 -200326106749.58496
41.60543389571781 -7.53405066925166e-11 -11302316.27195555 -609536371954.3112 -182251375214.3339
41.46628528737092 -6.647304579437427e-11 -10005514.418528043 -539599566271.1107 -161879869881.33527
41.32806433641302 -5.231822013856594e-11 -7901269.421591328 -426117176442.8977 -128261270109.30905
41.19076179708939 -2.8333375435529634e-11 -4293262.738184032 -231536592173.82217 -69924050836.49573
41.05436854610565 -7.612826764724253e-12 -1157378.8596617854 -62417693340.022026 -18912561082.02661
40.91887558060695 1.1617436127456402e-11 1772048.3899094372 95566954642.12053 29052354211.20465
40.78427401619706 2.2279513984080538e-11 3409588.374097658 183879841741.98822 56083351731.30294
40.650555084996405 5.016667973597211e-11 7702609.002936759 415403376906.2405 127113433333.30382
40.51771013373824 5.841593057208922e-11 8998608.99004995 485296937764.9058 148986159893.82977
40.38573062190196 9.599041272532993e-11 14835045.7401464 800057239652.925 246417629813.09174
40.254608119882796 9.819734155632821e-11 15225553.941514982 821117431789.9324 253725286423.09692
40.124334307197095 1.1607195778590632e-10 18055455.299872413 973734626837.0955 301857734319.49207
39.99490097072226 1.283119647804329e-10 20024030.782407243 1079900330279.6584 335849002716.97845
39.866300002970746 1.4259444067652184e-10 22324700.3463123 1203975939677.3557 375640493179.331
39.73852340039712 1.6258759450021767e-10 25536692.967886355 1377199399558.4268 431063412061.77185
39.6115632617377 1.8548865389917827e-10 29227006.913660828 1576218832368.0679 494932713363.5941
39.48541178638185 2.0610297472769864e-10 32578911.00952366 1756987748453.0469 553451140762.696
39.36006127277429 2.0996807987617215e-10 33295572.4195893 1795637453991.2808 567421435461.235
39.235504116847785 2.27255333824542e-10 36151291.999248445 1949647031322.207 618038108929.1519
39.11173281048549 2.504560438510507e-10 39968093.596641876 2155487970662.8718 685445174670.7474
38.98873994001226 2.6746255619665555e-10 42816658.01638883 2309111668665.2886 736606622304.1875
38.86651818471441 2.883165475541838e-10 46300204.278837726 2496980075393.276 799033624125.9108
38.745060315387185 2.9811997939228727e-10 48024595.55439117 2589976871504.756 831382575753.0396
38.624359192909345 3.2262276641804294e-10 52134198.176364325 2811608633711.498 905337980055.0969
38.50440776684441 3.490872243412177e-10 56586454.30723564 3051719774093.972 985705487032.3385
38.3851990740678 3.6640036003904747e-10 59577334.5546796 3213018595601.944 1041018024974.9597
38.266726237419434 3.9457789607148657e-10 64357685.65751923 3470823969100.7075 1128017789957.7283
38.14898246438122 4.017601141445176e-10 65731392.83005199 3544908295350.796 1155640104284.34
38.03196104577882 4.325384023413505e-10 70984728.7381248 3828221842150.878 1251828542383.2898
37.91565535450732 4.4572553361229066e-10 73373277.92516701 3957036818716.051 1297908076538.8635
37.800058844280166 4.681416650926567e-10 77298985.55747762 4168751084179.438 1371519106695.0637
37.6851650484009 4.813509688674221e-10 79722407.16810924 4299446738124.759 1418817423581.177
37.57096757855726 5.170287832368527e-10 85891723.278763 4632159296245.072 1533244727057.144
37.45746012363715 5.220718276166391e-10 86992318.78813383 4691514651167.823 1557582864187.6965
37.34463644856595 5.502218766805633e-10 91959921.68866357 4959418554796.129 1651486378747.0203
37.232490393164845 5.655015394461961e-10 94798328.58833945 5112494455534.409 1707573148148.5857
37.12101587102963 5.94797496281268e-10 100008808.64730932 5393496777082.014 1806821420322.4116
37.010206868429535 6.08507399418126e-10 102620310.85019426 5534335658227.725 1859536781164.5247
36.900057443225876 6.329750019255802e-10 107065239.14216243 5774051606666.192 1945855391446.3435
36.790561723809766 6.411757835403598e-10 108775144.09836382 5866267152427.889 1982798297520.5608
36.681713908058846 6.476413272888125e-10 110198050.02582102 5943004778219.393 2014678619816.4875
36.573508262312366 6.729668323461777e-10 114846037.02666785 6193671726941.823 2105848387160.0967
36.46593912036438 6.752001758057654e-10 115567074.34248506 6232557426027.896 2125302082275.5586
36.35900088247475 7.110590938385614e-10 122062631.71363872 6582864246202.293 2251339572201.219
36.25268801439734 7.17867781255871e-10 123592814.82600988 6665387353881.981 2286227862381.5127
36.14699504642534 7.597557879007532e-10 131186997.53858238 7074943277393.462 2433780487423.26
36.04191657245317 8.109201764358912e-10 140429776.2870083 7573408343273.0205 2612825878429.2676
35.937447249054756 8.174829440427945e-10 141977802.70487368 7656893744294.438 2649285235525.844
35.83358179457772 8.576795981285672e-10 149390793.31805706 8056677938522.208 2795667244667.1265
35.730314988253284 8.914288025329099e-10 155717991.09071198 8397905088973.749 2922470970962.8193
35.62764166932152 8.918743176741814e-10 156244794.57355595 8426315715250.627 2940784184622.28
35.525556736171595 8.792123276250369e-10 154469183.51273215 8330556624992.111 2915694818747.352
35.42405514549682 9.133903079699733e-10 160933737.9297554 8679191449114.918 3046396198639.2993
35.32313191146407 9.268334285529668e-10 163768910.94517824 8832092945772.877 3108896716911.9707
35.222782104897405 9.319412441382683e-10 165140597.29768595 8906068288759.994 3143842105932.26
35.1230008524756 9.641800516287516e-10 171338713.8393298 9240334060380.445 3271078257374.5825
35.02378333594318 9.837491269763688e-10 175311448.14163336 9454584484373.012 3356377491952.3984
34.92512479133489 9.998637431972938e-10 178686535.56577262 9636603682388.475 3430630910930.2686
34.82702050821316 1.0084973460357832e-09 180737142.9835038 9747193385917.465 3479748038772.705
34.72946582891845 1.0507026609738052e-09 188829874.05488217 10183636130728.076 3645741734800.462
34.63245614783208 1.0735206338731834e-09 193471089.88511357 10433937908748.191 3745783709240.536
34.53598691065149 1.0946578898528542e-09 197831532.57477605 10669097530299.969 3840875110908.0
34.440053613677456 1.0934381258521426e-09 198161540.02140698 10686894903590.295 3857969060196.324
34.34465180311326 1.1476096815124966e-09 208556658.78408927 11247505916782.482 4071597141874.82
34.249777074375366 1.1689909769554757e-09 213030793.3632198 11488796966632.63 4170433298887.741
34.15542507141566 1.1898798274280369e-09 217436466.60416973 11726395881641.596 4268408100917.5146
34.061591486054624 1.209074392424218e-09 221552707.64154965 11948385655033.408 4361160764087.123
33.968272057325706 1.228154356400085e-09 225667216.82323432 12170282029071.332 4454323222640.076
33.87546257083028 1.243025153924895e-09 229025403.9188483 12351389788697.861 4532960052452.067
33.78315885810322 1.2847583618337878e-09 237361442.39993694 12800954154972.24 4710751129029.786
33.69135679598881 1.3010916765845284e-09 241034035.778849 12999017913761.23 4796637610177.99
33.60005230602678 1.337551632185929e-09 248461771.3166789 13399597304978.496 4957851002842.029
33.50924135384833 1.3612895100654565e-09 253556575.25495654 13674361188206.74 5073188000824.348
33.41891994858189 1.3796082965319436e-09 257663179.90086696 13895831268913.113 5169249232035.8955
33.3290841422685 1.4059551766811868e-09 263291640.3522377 14199375363828.38 5296367010708.105
33.23973002928655 1.4771412222600977e-09 277366179.888143 14958418338667.988 5594448458661.34
33.150853745785774 1.5825272098255074e-09 297951408.9099904 16068584211919.953 6025719079469.927
33.062451469130345 1.4959706624204709e-09 282408002.8734472 15230324947592.357 5726602180294.649
32.97451941735074 1.5139062786676428e-09 286555989.45081615 15454026764852.441 5826168090349.327
32.88705384860445 1.5305173212833344e-09 290470648.56480896 15665145181322.68 5921424878539.962
32.80005106064518 1.5696327899262638e-09 298684384.36912817 16108113737668.848 6104975106576.494
32.71350739030047 1.5800414486620903e-09 301460451.3103496 16257827630904.436 6177974499743.804
32.62741921295758 1.598486490967884e-09 305784327.2327781 16491015198755.219 6283076790725.599
32.541782942057424 1.604075806288688e-09 307661051.1101226 16592227325175.275 6338230838216.825
32.45659502859654 1.613189296928343e-09 310221111.85437053 16730291957281.127 6407701819638.458
32.371851960636754 1.6455391570559516e-09 317270468.8398278 17110465310966.879 6570418679411.542
32.2875502628226 1.6685721719837294e-09 322551358.85697925 17395264856855.654 6697176969889.388
32.203686495906176 1.6991853958111402e-09 329324583.6716063 17760546342579.32 6855570888235.3545
32.12025725627947 1.732102799386832e-09 336576370.9834357 18151636807743.945 7024683444596.542
32.03725917551389 1.7702973241410384e-09 344889389.198165 18599959686052.453 7216784358188.261
31.954688919906893 1.7668289670499333e-09 345103124.7865545 18611486492767.97 7239868245686.791
31.872543190035667 1.7634480850275157e-09 345330498.3249729 18623748797091.363 7263262030865.653
31.790818720317628 1.8341222375985656e-09 360093712.8006457 19419932161046.016 7593193474968.895
31.709512278577684 1.8186813336320935e-09 357977740.0592006 19305817291408.633 7567880378232.295
31.62862066562213 1.829361239410403e-09 361000825.69172764 19468852956330.695 7651259211837.981
31.54814071481902 1.8653751877751918e-09 369046763.79327637 19902772146112.703 7841692225568.467
31.468069291684962 1.915604181004396e-09 379948429.1493607 20490701327133.395 8093827024217.493
31.388403293478163 1.898371085497009e-09 377486010.33782065 20357902545671.01 8061729408085.563
31.30913964879766 1.924285116590521e-09 383607652.2677928 20688044024870.04 8213153477873.484
31.2302753171886 1.9384982945159875e-09 387416920.99532604 20893478714902.637 8315604528531.311
31.151807288753453 1.9562966995310967e-09 391958827.20202637 21138424703350.887 8434231456636.507
31.073732583769104 1.9876799422423465e-09 399247316.8796512 21531494535076.383 8612597814030.515
30.99604825230968 2.0456205908001787e-09 411915119.4226161 22214671878275.65 8908083423188.562
30.918751373874994 2.018040326854991e-09 407377340.2993292 21969948464332.49 8831919282661.61
30.841839057024558 2.0297100898482324e-09 410754867.8392565 22152099258322.51 8927296001103.81
30.76530843901705 2.0498587371434533e-09 415864295.1115375 22427651781130.45 9060771319576.701
30.689156685455128 2.0678281175306336e-09 420550793.48870826 22680395656744.555 9185560240981.576
30.613380989935486 2.0698075171584957e-09 421995323.6328888 22758299481241.77 9239869589383.963
30.537978573704116 2.1851330943387648e-09 446608087.54576033 24085671186141.332 9802868172759.664
30.462946685316638 2.1894015032515738e-09 448582654.3212052 24192160001312.133 9870401280535.037
30.388282600303604 2.1279650965438485e-09 437066297.0583844 23571080352220.44 9640571864058.07
30.31398362084076 2.0986303089750096e-09 432097649.62933743 23303120116942.277 9554279247946.66
30.240047075424076 2.1353452892767563e-09 440732039.5295373 23768774640065.633 9768966377066.797
30.166470318549564 2.1656179028042196e-09 448070456.95501953 24164537086079.79 9955789279463.988
30.093250730397738 2.133709903384756e-09 442542764.19940424 23866427414888.21 9856834522349.191
30.020385716522686 2.1273258489926146e-09 442289596.53838134 23852774027929.03 9875048447562.158
29.947872707545574 2.1953306401736613e-09 457533539.1749396 24674883166037.555 10240076513905.557
29.875709158852693 2.2265462800979315e-09 465160125.01458293 25086186597231.49 10435853624448.53
29.80389255029776 2.1291365568970502e-09 445881550.45338774 24046488882910.812 10027385864173.89
29.732420385908558 2.1902809454535754e-09 459788955.74635357 24796518271719.08 10364944637578.562
29.66129019359777 2.1822345288019273e-09 459198393.6847468 24764669131438.09 10376396366072.312
29.590499524877966 2.1688252038900827e-09 457468536.43680686 24671377554248.332 10361978572784.354
29.520045954580638 2.1034345074147753e-09 444734621.96599835 23984634780417.766 10097531242555.69
29.449927080579258 2.207219427771072e-09 467789275.6996998 25227977264858.07 10646206405770.266
29.380140523516275 2.2477373320886602e-09 477508014.19762313 25752110943429.418 10893142929070.396
29.310683926533965 2.1496273036018936e-09 457747722.60722846 24686434125071.86 10467048069030.004
29.241554955009118 2.1563182272276347e-09 460258021.02346116 24821815064017.074 10549271402207.074
29.172751296291448 2.2838995093265853e-09 488639506.18445873 26352434724575.94 11226137192669.152
29.104270659445692 2.261582104869896e-09 485003210.44685817 26156328505468.48 11168752271835.32
29.036110774997343 2.1865595748525557e-09 470015137.08901584 25348018453148.24 10848951897947.451
28.96826939468193 2.2856831765727194e-09 492473034.96831036 26559177764716.25 11393887261063.076
28.90074429119782 2.246478813497809e-09 485156969.4250751 26164620760567.58 11250786927044.365
28.83353325796248 2.229333522197558e-09 482576486.70072556 26025454766638.207 11216971004420.527
28.766634108872076 2.093684150966454e-09 454266897.50355023 24498712471027.54 10583443787484.35
28.700044678064504 2.2106521172586068e-09 480758317.4396682 25927400503395.402 11226564417969.848
28.6337628196856 2.3045016630458023e-09 502328220.7259097 27090670073644.848 11757350811962.152
28.567786407658676 2.204471256813634e-09 481633653.83163255 25974607585179.285 11298954299552.645
28.50211333545716 2.169335762962639e-09 475049306.1750412 25619512285621.707 11170107356530.543
28.43674151588042 2.2089339003447285e-09 484832656.7691406 26147130508576.69 11426296032247.547
28.371668880832637 2.2357070592449273e-09 491834501.13166887 26524741496185.855 11617836775329.88
28.30689338110471 2.1725421925686027e-09 479032506.7592331 25834327158470.293 11341269622568.387
28.24241298615914 2.1649460112531826e-09 478447451.9177545 25802775023767.246 11353221010457.293
28.17822568391787 2.237240802264193e-09 495550664.68579924 26725155003989.91 11785793356759.309
28.114329480552975 2.2427271095037346e-09 497894899.59737915 26851580102052.203 11868398405107.424
28.050722400280232 2.180523689317723e-09 485183176.8418415 26166034132247.305 11591553120585.475
27.987402485155446 2.229182815836958e-09 497132399.20803946 26810458290403.285 11903843480939.092
27.924367794873564 2.2077409831565492e-09 493462034.5783192 26612514728542.402 11842569054201.135
27.861616406570477 2.4649732950324663e-09 552198070.5081036 29780161906533.145 13281952210313.818
27.799146414627494 2.4004723790004717e-09 538957136.6712128 29066075468140.72 12992535734258.617
27.736955930478437 2.2341044114301696e-09 502728659.87500167 27112265843950.055 12146295098090.033
27.675043082419336 2.328551767455314e-09 525153865.6431179 28321662062859.918 12716426266222.732
27.613406015420622 2.431489308461633e-09 549593212.4522492 29639681345680.22 13337856605556.629
27.552042890941912 2.4692524341218052e-09 559371917.6677853 30167049042360.086 13605339118104.535
27.490951886749137 2.2461509253722247e-09 509962370.83620894 27502381447598.574 12431076414314.506
27.430131196734205 2.152808499048455e-09 489853808.95337075 26417922336708.445 11967318818528.41
27.369579030736997 2.2410885214069633e-09 511069388.04768693 27562083126311.066 12513185739345.447
27.309293614369736 2.1446574841689537e-09 490158400.8894715 26434349045994.406 12027628815927.521
27.24927318884365 2.237795736855046e-09 512571546.21280676 27643094842497.12 12605251248178.447
27.189516010797938 2.127594074182888e-09 488400691.2347677 26339555382456.99 12037176809782.838
27.130020352130984 2.512067046983862e-09 577923137.1832801 31167520341049.574 14274724316201.096
27.070784499833756 2.548004915705253e-09 587473653.8009084 31682581777070.715 14542305035674.605
27.0118067558254 2.1254348438115017e-09 491114929.76265085 26485934855929.133 12183530033727.842
26.953085436791 2.1684947919555686e-09 502156247.59293234 27081395525222.523 12484523337126.494
26.894618874021383 2.323925563139504e-09 539319090.9407524 29085595740530.9 13437545232125.572
26.836405413255104 2.1427488858011287e-09 498351659.4261183 26876213258846.35 12443686738845.805
26.77844341452237 2.189658935709218e-09 510364102.78490597 27524046938867.344 12771157779634.258
26.720731251991072 1.998684182524705e-09 466858006.5262397 25177753716016.824 11707655477947.55
26.663267313814746 2.255944988647335e-09 528085342.3146299 28479757236612.562 13271566872261.953
26.606050001982528 2.3856420903198443e-09 559646588.111418 30181862079056.855 14094929590919.045
26.549077732171 2.4106332813360478e-09 566722798.3300867 30563483633443.516 14303710340451.459
26.492348933597984 2.3090189645374028e-09 543996378.0970368 29337842853001.484 13759448298057.945
26.43586204887816 2.2785275149421393e-09 537959740.3790684 29012285669422.832 13635774264628.484
26.379615533880546 2.529946476499425e-09 598593293.0974864 32282266340056.67 15204947446166.648
26.323607857587806 2.8362218913084354e-09 672486804.6345289 36267359470480.98 17118193670067.135
26.267837501957324 2.473401812606743e-09 587704922.8827709 31695054168898.348 14991760621889.426
26.212302961784054 2.8396170740849704e-09 676150813.3696259 36464960257564.02 17284391162083.361
26.157002744565094 2.2934009610901464e-09 547243972.8064167 29512986341212.414 14018668512076.135
26.10193537036601 2.5080980489227766e-09 599736906.487176 32343941658610.566 15395716229498.19
26.04709937168877 2.6658288660566123e-09 638795538.4228861 34450382164320.492 16432832292381.156
25.992493293341415 2.77459147207231e-09 666254386.5068779 35931243806875.2 17175134539686.668
25.93811569230932 2.141362933008317e-09 515277088.9341912 27789005349235.645 13310933562283.357
25.88396513762809 2.1026183322534903e-09 507012439.9789989 27343291035602.098 13124779697089.04
25.83004021025803 2.0956330157639683e-09 506383008.3662168 27309345651981.88 13135795258603.723
25.776339502960198 2.6533417420830424e-09 642481935.082731 34649190337048.93 16700909742457.28
25.722861620173973 2.365217979250174e-09 573906132.0421672 30950882381102.26 14949276190072.547
25.66960517789618 2.6189597758923655e-09 636793488.9511962 34342411201370.633 16621727021463.346
25.616568803561684 2.6095222339740727e-09 635812436.4057926 34289502824465.125 16630408869865.902
25.563751135925475 2.805431833371552e-09 684958271.3775167 36939948381333.88 17952814913326.367
25.5111508249462 2.6030097584566918e-09 636846433.1103615 34345266491376.438 16726144781300.38
25.458766531671156 2.3473849810295144e-09 575487557.1394773 31036168980161.934 15145650462319.037
25.40659692812265 2.1755403165997156e-09 534453115.640485 28823172635463.152 14094531418741.523
25.354640697185793 2.1361006531318045e-09 525839525.22750515 28358639833204.227 13895733518270.016
25.30289653249766 2.1602903035864883e-09 532881755.75146735 28738428855273.34 14110568567939.518
25.251363138337787 2.189365141435329e-09 541155836.0396746 29184651802745.32 14358848686950.451
25.200039229520026 2.2024233998159984e-09 545492232.1648059 29418514587847.86 14503327691809.29
25.148923531285707 2.1983125001706077e-09 545580706.5756103 29423286032043.445 14535103299828.662
25.09801477919808 2.5893393985175863e-09 643929888.400675 34727278774050.887 17190002993155.066
25.047311719038085 2.586364672350888e-09 644492122.8895065 34757600202177.99 17239769700281.346
24.996813106701318 2.4146590866351226e-09 602920645.319893 32515641385520.496 16160273768603.432
24.946517708096284 2.5455720764333987e-09 636890018.1167415 34347617040239.277 17105113286038.27
24.89642429904388 2.657151605349784e-09 666144324.4051553 35925308133818.516 17926728758775.188
24.84653166517806 2.7273219483087447e-09 685108898.487665 36948071734107.65 18474035867054.01
24.796838601847703 2.5062234604040026e-09 630830162.6379902 34020807717777.59 17044424666606.031
24.747343914019662 2.7240189258938397e-09 687021774.3381578 37051233544293.54 18599719239234.89
24.69804641618297 2.8044808406718396e-09 708726790.4551343 38221789778857.54 19225560258766.33
24.648944932254178 2.5456835220071846e-09 644607050.9823961 34763798299195.45 17520954342793.92
24.60003829548383 2.950220337302336e-09 748527299.5958306 40368239883403.84 20385961141118.445
24.55132534836406 2.1495149493975746e-09 546455124.7763464 29470443595574.918 14912044459360.822
24.502804942537253 2.6748481792451244e-09 681353214.4548705 36745526878303.48 18629982127300.15
24.45447593870582 2.4425894712040894e-09 623420523.209427 33621204253664.42 17079571760862.195
24.406337206543014 2.297478218835853e-09 587540448.2660222 31686184017085.277 16128267664695.334
24.358387624604813 1.7965166249069425e-09 460332542.8252191 24825834040975.605 12661175360898.06
24.310626080242844 1.7764924267969249e-09 456095924.68966335 24597352304527.465 12569247027612.617
24.263051469518295 1.9511415139550564e-09 501917484.47839653 27068518978584.754 13859081717035.877
24.215662697116894 2.480323042934056e-09 639294347.0556378 34477283022250.066 17686846190413.562
24.168458676264812 3.0044813260791733e-09 775906748.8709759 41844819530948.22 21508237238907.523
24.12143832864562 2.1224806926380133e-09 549198727.8125129 29618406703358.164 15253479452228.871
24.07460058431815 1.9650517413827886e-09 509452707.2581979 27474895180112.95 14177045912938.443
24.027944381635365 2.424607482040932e-09 629816157.3374051 33966122191626.215 17560485173071.705
23.98146866716412 2.0747179338957644e-09 539973267.0310102 29120875599197.07 15084613560383.535
