string
20190122an 22 2019_17.00.   full spectra  index number  Nphoton via eV
eV x-axis E [J] Nphoton Nphoton/sr Nphoton/sr @ 0.1bw
51.660080420516415 2.746697312202264e-10 33185219.872987293 1789686117179.1436 431314354240.17993
51.4457232403483 2.6088578615353723e-10 31651195.312581994 1706955839372.427 413083313128.118
51.233137607123716 2.647762625082742e-10 32256487.102511704 1739599357101.8818 422722643775.7561
51.02230164989275 2.5730590239055874e-10 31475937.733868342 1697504160078.0083 414191015059.03784
50.813193856245654 2.5403122240193207e-10 31203231.961904604 1682797078551.1685 412285284245.02484
50.605793064995666 2.4962729923312764e-10 30787953.192680582 1660401004308.3562 408458647059.84534
50.400078459040394 2.43277617519816e-10 30127279.483978048 1624770727667.8616 401318369733.95764
50.1960295583965 2.4652824563092236e-10 30653939.33827613 1653173608026.057 409987054790.4473
49.99362621340296 2.331181289260941e-10 29103846.067924127 1569576741201.0166 390824608559.05634
49.79284859808809 2.3689482184332217e-10 29694606.19675952 1601436563290.6777 400359140822.6713
49.59367720369574 2.396418188346936e-10 30159578.73245338 1626512633155.0894 408254670921.9186
49.39609283236627 2.285487441083179e-10 28878538.859198507 1557425874486.8608 392471320370.6666
49.20007659096798 2.2516513790718908e-10 28564350.009685036 1540481601575.6406 389741845198.6337
49.005609885074826 2.2071832224784775e-10 28111340.95750757 1516050724976.3132 385076884143.98236
48.81267441308634 2.1697156929430657e-10 27743369.238284457 1496205930217.4211 381532512205.4397
48.621252160486 2.1450189118009683e-10 27535563.036951452 1484998896634.0112 380159717538.30206
48.4313253942341 2.1029134804303002e-10 27100919.45918195 1461558474059.3713 375620527833.26855
48.24287665729156 2.0795830725688963e-10 26904941.51010992 1450989340690.0623 374355249898.0193
48.05588876327104 2.0611409456460533e-10 26770103.60920059 1443717503400.7322 373922833380.7811
47.87034479121208 2.0123274394978188e-10 26237416.438937705 1414989568583.1313 367897287831.6145
47.686228080476646 2.0458033472969826e-10 26776874.804618612 1444082675440.656 376905578290.01056
47.503522225762175 2.0494376271062154e-10 26927613.68049947 1452212055764.6587 380479558610.32684
47.322211072228725 2.0366896669472676e-10 26862647.091550358 1448708393508.7593 381010307492.8113
47.142278710737365 2.0456851837403544e-10 27084274.2936974 1460660796668.6575 385614450320.5118
46.96370947319669 2.0550358263183328e-10 27311526.823251195 1472916574957.6943 390322892363.7775
46.78648792801481 2.0360367955586197e-10 27161525.094662804 1464826949147.3186 389643968473.1866
46.61059887565385 2.0530462407535924e-10 27491790.324017353 1482638224715.9326 395864405999.1441
46.436027344284355 2.0515310024423554e-10 27574776.4915554 1487113686759.854 398546468051.6482
46.26275858553703 2.1570477265220465e-10 29101622.550662838 1569456826432.0603 422183886310.20966
46.09077807034915 2.3024998265125458e-10 31179887.319852285 1681538096933.7058 454015286172.10626
45.92007148490342 2.1584555872893866e-10 29337934.616447043 1582201187478.171 428776521806.56274
45.75062472665653 2.1235786471827338e-10 28970787.187236864 1562400846858.7517 424973030345.57654
45.58242390045559 2.144717054075397e-10 29367133.96866505 1583775914886.7944 432370824764.09
45.41545531473963 2.2291043106478919e-10 30634845.46943065 1652143871531.1118 452687420799.5353
45.24970547782453 2.2685178535688967e-10 31290710.14614478 1687514796031.7185 464066568908.71356
45.0851610942688 2.243450749166398e-10 31057885.81223915 1674958529123.5227 462288554038.08954
44.92180906131855 2.3020892934471857e-10 31985555.84757847 1724987975664.008 477821669258.9042
44.7596364654293 2.3918534733076907e-10 33353160.643251363 1798743199404.313 500050609434.3956
44.59863057886301 2.483199718900637e-10 34751943.825073056 1874179880283.0708 522896186598.9865
44.43877885635813 2.5969536612499497e-10 36474643.75446594 1967085461728.67 550783929284.008
44.28006893187113 2.649311215674759e-10 37343383.493995085 2013936784613.6123 565916236476.4327
44.1224886153876 2.786389120881075e-10 39415835.87811064 2125704591925.4927 599448694922.968
43.96602588980112 2.8619559974186624e-10 40628867.39561392 2191123645193.346 620087991589.7198
43.81066890785836 3.0055241006841124e-10 42818288.65446762 2309199609331.1304 655812689050.0233
43.65640598916871 3.121172198983667e-10 44622995.958003975 2406527866280.2407 685860441889.8634
43.50322561727689 3.2296958247988863e-10 46337130.648253895 2498971522518.077 714705855440.1686
43.3511164367969 3.3331263266036256e-10 47988863.21146303 2588049818487.8545 742770297906.0065
43.20006725060597 3.5236398235258485e-10 50909175.2819623 2745542882882.3906 790716350270.1357
43.05006701709692 3.6512687899251626e-10 52936953.950077035 2854901426985.063 825066512398.6731
42.90110484748759 3.8226493753902856e-10 55614106.35301091 2999280837681.7993 869791442927.6858
42.7531700031859 4.027108897806766e-10 58791430.398700014 3170634613733.7095 922654672596.4768
42.60625189320931 4.2408387343723346e-10 62125143.105591156 3350422464259.399 978323359563.7681
42.46034007165723 4.502992262144541e-10 66192183.47461106 3569758834917.8 1045939338630.8761
42.315424235235184 4.560688446241112e-10 67269884.33099823 3627879476231.32 1066596566012.0055
42.17149422082962 4.75951461481151e-10 70442157.71153113 3798960868814.108 1120693456300.1592
42.028540003131894 4.941310921890146e-10 73381545.29440974 3957482679735.382 1171414873201.631
41.8865516923105 5.150795525104119e-10 76751818.83219858 4139242263814.1587 1229354952352.8315
41.74551953173033 5.325930129640486e-10 79629606.42730618 4294441974012.4565 1279743708255.6765
41.60543389571781 5.513477573298788e-10 82711239.97888708 4460635140928.525 1333729907137.5913
41.46628528737092 5.762577652349911e-10 86738245.7046284 4677812434577.457 1403343730373.255
41.32806433641302 5.972474311599486e-10 90198268.45121385 4864412212984.488 1464188076108.295
41.19076179708939 6.417556530748956e-10 97243113.1135331 5244342216103.114 1583791349263.173
41.05436854610565 6.619685575046384e-10 100639149.93663019 5427491219755.593 1644529839585.9392
40.91887558060695 6.93233411820677e-10 105741330.33922863 5702652917307.182 1733606486861.3838
40.78427401619706 7.105892897818655e-10 108746401.87078337 5864717077850.279 1788738708744.2246
40.650555084996405 7.369686369061887e-10 113154414.19267851 6102442140002.78 1867347294840.766
40.51771013373824 7.727882649012694e-10 119043202.08275948 6420025750243.355 1970947905324.759
40.38573062190196 8.020648362106688e-10 123956843.1255269 6685019479159.423 2058985999581.0256
40.254608119882796 8.163866725198883e-10 126581220.25080885 6826552707667.058 2109404786669.1858
40.124334307197095 8.427395267565928e-10 131091489.66760044 7069792517162.493 2191635680320.3184
39.99490097072226 8.929918677798291e-10 139357983.3296222 7515606316236.109 2337353564349.463
39.866300002970746 8.937810986628549e-10 139931087.83329552 7546513966625.128 2354512357587.015
39.73852340039712 9.066901078550957e-10 142408570.42315334 7680125140924.767 2403879169109.3643
39.6115632617377 9.476511801833922e-10 149319147.0892525 8052814041837.765 2528583609137.1646
39.48541178638185 9.572729495618785e-10 151317128.13366488 8160565593620.688 2570578161990.453
39.36006127277429 9.728020481107751e-10 154261548.0500607 8319358799381.812 2628917380604.607
39.235504116847785 1.0064488044156388e-09 160103721.2126151 8634428467239.913 2737113824115.107
39.11173281048549 1.0132231632552553e-09 161691439.3463606 8720054451121.698 2772977315456.5146
38.98873994001226 1.0201154102356727e-09 163304850.13832814 8807066045643.082 2809454068559.992
38.86651818471441 1.0626617966937093e-09 170650830.42793077 9203236358562.27 2945035634740.1562
38.745060315387185 1.0579804448692061e-09 170431660.0077323 9191416450186.59 2950444680509.9414
38.624359192909345 1.0953759901790421e-09 177007188.8715655 9546036150334.855 3073823640407.8047
38.50440776684441 1.1077923637208475e-09 179571286.4883345 9684318491852.773 3128034872868.4
38.3851990740678 1.1143764845967862e-09 181199550.77450007 9772131138543.15 3166170488887.7676
38.266726237419434 1.1675617984450727e-09 190435338.5179038 10270219178003.08 3337821232850.996
38.14898246438122 1.1650491561661608e-09 190612012.12903804 10279747224233.572 3351197595100.0884
38.03196104577882 1.2104191663279857e-09 198644272.3146046 10712928761035.16 3503127704858.365
37.91565535450732 1.2202951102273507e-09 200879342.82741025 10833466599355.791 3553377044588.6963
37.800058844280166 1.2734451253283825e-09 210269718.9567949 11339891624055.719 3730824344314.409
37.6851650484009 1.2823084169892934e-09 212378743.05072972 11453631751623.291 3779698478035.7036
37.57096757855726 1.3105148674909137e-09 217710085.01023644 11741152181723.877 3886321372150.667
37.45746012363715 1.2997692038208534e-09 216579273.0972846 11680167249591.543 3877815526864.341
37.34463644856595 1.3342492078420064e-09 222996318.15175083 12026239883470.328 4004737881195.3994
37.232490393164845 1.3355299751335502e-09 223882696.31639594 12074042450453.69 4032730178451.752
37.12101587102963 1.3827448180612246e-09 232493685.29982933 12538434957052.02 4200375710612.2803
37.010206868429535 1.372857026500051e-09 231522270.63635612 12486046353212.832 4195311574679.532
36.900057443225876 1.4203466090320981e-09 240246058.53022313 12956522129556.207 4366347957660.075
36.790561723809766 1.42916125396616e-09 242456476.5711896 13075730454714.846 4419596893693.472
36.681713908058846 1.4272211183750833e-09 242845812.29398406 13096727414827.633 4439790593626.817
36.573508262312366 1.4749100676726336e-09 251702711.19067955 13574381896471.67 4615289844800.098
36.46593912036438 1.4680564399720856e-09 251272132.05291536 13551160670029.51 4620945788480.163
36.35900088247475 1.5301133053933061e-09 262664043.67056116 14165528938441.322 4844610896947.007
36.25268801439734 1.5751966403227014e-09 271196161.417593 14625667902125.885 5016604090429.163
36.14699504642534 1.6306842299253701e-09 281570172.23719996 15185140559362.357 5223688352420.455
36.04191657245317 1.688369448506641e-09 292380619.9836876 15768150354880.635 5440011872433.976
35.937447249054756 1.6605227482167897e-09 288394238.49916595 15553163935386.223 5381394721643.569
35.83358179457772 1.7067386485675633e-09 297280058.0221758 16032378112690.348 5563235205103.393
35.730314988253284 1.7369354871972436e-09 303414141.3784266 16363190560711.459 5694390315127.499
35.62764166932152 1.7475301332493514e-09 306144578.0753958 16510443604961.438 5762144818131.171
35.525556736171595 1.7264869190393166e-09 303327212.72210395 16358502479390.885 5725475867787.032
35.42405514549682 1.7676521241440604e-09 311449400.34477293 16796533822411.98 5895583371666.533
35.32313191146407 1.7862301589580341e-09 315621943.29428244 17021559970156.43 5991589109494.905
35.222782104897405 1.7803536771095232e-09 315479834.68727916 17013896022107.904 6005905295804.056
35.1230008524756 1.8287800718370826e-09 324981651.3775083 17526331060464.436 6204321195404.2295
35.02378333594318 1.8532855787460081e-09 330269343.799654 17811497461532.36 6323081598843.948
34.92512479133489 1.893180078324458e-09 338331889.4194413 18246312298380.926 6495687178223.556
34.82702050821316 1.9048204443355873e-09 341371057.00778604 18410215266674.016 6572446850202.945
34.72946582891845 2.0136875611314948e-09 361895313.1820638 19517092861010.312 6987119244241.329
34.63245614783208 2.0755827843893127e-09 374063851.9389805 20173344799763.848 7242230783115.097
34.53598691065149 2.1030871890641185e-09 380079443.6395644 20497766967052.742 7379196108139.009
34.440053613677456 2.017226240828937e-09 365577757.9026078 19715687904793.7 7117363333630.946
34.34465180311326 2.076393447483677e-09 377345788.1233955 20350340331184.04 7366823199887.828
34.249777074375366 2.076983565815532e-09 378498607.3890837 20412512124630.504 7409741901241.044
34.15542507141566 2.1131565694120334e-09 386154372.2675897 20825389187729.39 7580441664333.451
34.061591486054624 2.1319192453225993e-09 390656260.8834309 21068177018808.86 7689884611865.108
33.968272057325706 2.1393806433001914e-09 393100486.90799993 21199994659317.547 7759198045310.167
33.87546257083028 2.1358926909064365e-09 393534824.87267417 21223418600111.562 7788994626240.861
33.78315885810322 2.2048078946114764e-09 407342265.7726616 21968056887489.426 8084244934596.112
33.69135679598881 2.2182933366612358e-09 410950438.85022473 22162646445431.473 8178016538364.378
33.60005230602678 2.250718412895967e-09 418090390.04294765 22547705564396.492 8342651058826.678
33.50924135384833 2.2931685013212756e-09 427130266.8376586 23035228083832.12 8546069619101.123
33.41891994858189 2.3150124664780423e-09 432364371.1931463 23317504468823.266 8674111662402.619
33.3290841422685 2.3936701343947502e-09 448259906.5744372 24174754145212.57 9017183296164.492
33.23973002928655 2.564915141728354e-09 481619972.3340874 25973869739044.395 9714227282401.756
33.150853745785774 2.863930708811446e-09 539208542.142568 29079633819828.285 10904862682435.506
33.062451469130345 2.7978093055191807e-09 528167936.8725072 28484211579062.402 10710063553727.318
32.97451941735074 2.8009766817225028e-09 530175913.64112663 28592502202423.363 10779373330313.53
32.88705384860445 2.7144399630784013e-09 515162504.59974766 27782825791185.863 10501908149068.236
32.80005106064518 2.6833310783077046e-09 510609294.30541265 27537270170835.684 10436625394746.727
32.71350739030047 2.6916039082995114e-09 513538508.5193427 27695243329759.418 10524192465308.781
32.62741921295758 2.68093562859222e-09 512852690.4516252 27658257012374.68 10537795921714.52
32.541782942057424 2.6815313910093917e-09 514316569.77080655 27737204342083.258 10595612058675.588
32.45659502859654 2.6662108613160933e-09 512720298.4860972 27651117084911.84 10590377843520.88
32.371851960636754 2.7036745254047844e-09 521285732.1488267 28113052783167.797 10795412268736.861
32.2875502628226 2.712064459804639e-09 524268648.07274026 28273922086977.54 10885460003486.29
32.203686495906176 2.7185165798455603e-09 526884437.1361967 28414992159445.18 10968186973545.418
32.12025725627947 2.7595903508375626e-09 536234284.7171742 28919231470724.758 11191742579169.9
32.03725917551389 2.8271115501058976e-09 550777975.2105751 29703575858624.3 11524987433146.082
31.954688919906893 2.810072359742965e-09 548873020.710565 29600841248590.836 11514727245701.916
31.872543190035667 2.8933068690920867e-09 566587194.368723 30556170482347.457 11916906488115.545
31.790818720317628 3.02044953825288e-09 593005671.1926353 31980924676827.31 12504541548639.316
31.709512278577684 3.154988152406734e-09 621007929.1112295 33491092529816.934 13128508271688.43
31.62862066562213 3.3724186472595442e-09 665503286.0711827 35890736797202.95 14105059561300.795
31.54814071481902 3.6466171419441925e-09 721448566.4048506 38907877919608.53 15329703900325.88
31.468069291684962 4.1154316895326525e-09 816270825.2649417 44021662939897.31 17388556861259.014
31.388403293478163 4.003205740174072e-09 796026748.9136037 42929895504280.72 17000238619694.834
31.30913964879766 3.6093214447540497e-09 719520882.7240165 38803917519915.36 15405155255406.545
31.2302753171886 3.6533745543828388e-09 730142051.2495569 39376719445927.38 15671934339479.213
31.151807288753453 3.5870701369964178e-09 718696608.9170048 38759464254431.23 15465026237517.148
31.073732583769104 3.544455227225457e-09 711942707.2717733 38395224871430.984 15358089948572.326
30.99604825230968 3.5836827768352e-09 721626055.9908689 38917449971541.79 15605897438588.307
30.918751373874994 3.4083041365960808e-09 688026822.6659095 37105436018954.12 14916385279619.469
30.841839057024558 3.49759245521972e-09 707811984.5217794 38172454096131.77 15383499000740.828
30.76530843901705 3.3713555355025895e-09 683962444.7955546 36886243237427.15 14902042267920.568
30.689156685455128 3.383508250829143e-09 688131217.2894889 37111066043683.3 15029981747691.787
30.613380989935486 3.4074771620876753e-09 694721328.3682145 37466472165848.67 15211387699334.24
30.537978573704116 3.5883024196958057e-09 733394631.8181201 39552131822607.24 16097717651801.38
30.462946685316638 3.4246905465935952e-09 701678871.2979932 37841693967565.24 15439411138766.129
30.388282600303604 3.5995175294092156e-09 739310903.3276912 39871197630417.68 16307319830840.68
30.31398362084076 3.550308737774498e-09 730991091.8994204 39422508392627.07 16163228440977.65
30.240047075424076 3.832198778019237e-09 790960034.3329372 42656646486210.805 17531881705832.32
30.166470318549564 4.1488322718402755e-09 858401276.3590744 46293767320168.12 19073032135907.57
30.093250730397738 4.405341810476653e-09 913691284.3488817 49275569462712.56 20350810188101.03
30.020385716522686 4.963541197422141e-09 1031963502.276371 55654015869967.29 23040762570165.383
29.947872707545574 6.337899096171995e-09 1320895063.0670538 71236157713267.31 29563005451005.85
29.875709158852693 6.778586884076392e-09 1416152159.3346362 76373393609409.73 31771331741515.15
29.80389255029776 5.905368827082497e-09 1236696162.1550727 66695292695025.375 27811937053825.812
29.732420385908558 5.645701511114187e-09 1185159012.426711 63915883013822.36 26716839099777.715
29.66129019359777 5.179196705866978e-09 1089836484.8150175 58775118391077.17 24626774605860.75
29.590499524877966 5.01283282690962e-09 1057352751.4414418 57023263593207.97 23949770709147.473
29.520045954580638 4.566933525385268e-09 965598618.7334878 52074943282848.8 21923551122078.93
29.449927080579258 4.1615762934682205e-09 881987869.2606597 47565797399495.22 20072766502587.28
29.380140523516275 4.367978212155382e-09 927930756.129173 50043507269323.14 21168403574923.207
29.310683926533965 4.1591371302606665e-09 885658433.0678794 47763751703041.92 20251830722088.88
29.241554955009118 3.898613775657343e-09 832144457.3725377 44877731367977.805 19073035831390.24
29.172751296291448 4.0092612055278e-09 857780041.3868707 46260263983155.0 19706872456823.684
29.104270659445692 4.041503689431957e-09 866712846.8104339 46742012120283.57 19958839175361.586
29.036110774997343 4.013591374323201e-09 862747451.1637846 46528157471584.75 19914051397838.285
28.96826939468193 4.0083685614540785e-09 863642630.3363688 46576434678838.266 19981290477221.273
28.90074429119782 4.2848463049219296e-09 925369531.7568514 49905379882502.48 21459313349476.65
28.83353325796248 4.220995876250028e-09 913705078.2473631 49276313370654.37 21238091062751.01
28.766634108872076 4.2945790346848126e-09 931795320.3540868 50251924057542.32 21708831192859.21
28.700044678064504 4.880470674274929e-09 1061373180.9542693 57240086230265.79 24784957337704.29
28.6337628196856 4.6976405549056415e-09 1023977313.3584089 55223318966636.51 23966920431520.832
28.567786407658676 5.949732301344987e-09 1299899601.212687 70103867894235.234 30495182533991.4
28.50211333545716 6.126354744051797e-09 1341572208.5221994 72351280659735.73 31545158367643.31
28.43674151588042 7.454121134160214e-09 1636083973.7168646 88234364138831.83 38558417128667.94
28.371668880832637 1.054096093729551e-08 2318912150.2322817 125059436041493.42 54776032986176.37
28.30689338110471 1.0313253097525718e-08 2274010374.136459 122637873501816.12 53838026467296.94
28.24241298615914 1.056110986413258e-08 2333977881.0432296 125871934177130.58 55383651037936.01
28.17822568391787 9.409915780799104e-09 2084304029.8090045 112406969138876.66 49571473390243.586
28.114329480552975 7.0699136901107096e-09 1569550727.7649672 84646211730418.77 37413625584846.195
28.050722400280232 6.852150937320467e-09 1524655923.8295567 82225025200867.2 36425686163983.914
27.987402485155446 5.584305709625843e-09 1245361876.8342843 67162636570286.086 29820210637207.1
27.924367794873564 5.221449955928748e-09 1167069569.4644227 62940315424967.414 28008440364109.945
27.861616406570477 5.537707673773969e-09 1240545485.2830884 66902887527577.75 29838687837299.754
27.799146414627494 4.838108116441129e-09 1086258238.234181 58582142775605.07 26186217820694.895
27.736955930478437 4.945014149756614e-09 1112750292.1757545 60010865000024.89 26884867520012.055
27.675043082419336 4.724339898467454e-09 1065471420.8924325 57461105200466.14 25800036235006.516
27.613406015420622 4.96029884125649e-09 1121183862.6648605 60465689288680.3 27209560179907.215
27.552042890941912 4.916228207068079e-09 1113697393.5425813 60061942382493.914 27087936014505.027
27.490951886749137 4.515715460571154e-09 1025240528.7115642 55291444445063.42 24991732889168.566
27.430131196734205 4.9203083234241405e-09 1119575556.5437498 60378952990167.2 27351665704544.562
27.369579030736997 5.0167493576476296e-09 1144045404.5929298 61698617211489.67 28011172214016.812
27.309293614369736 4.711273364943666e-09 1076754789.8720899 58069619740830.55 26421676982078.047
27.24927318884365 5.556163342641408e-09 1272650219.4302373 68634302814828.86 31297242083561.363
27.189516010797938 6.008862995936621e-09 1379366899.1476016 74389556535991.78 33996027336948.227
27.130020352130984 5.403250803911057e-09 1243065410.7475414 67038787655324.945 30703764746139.664
27.070784499833756 6.9519301301352246e-09 1602852400.0664062 86442178152363.39 39676959771932.47
27.0118067558254 8.118080221737914e-09 1875809277.106199 101162801830506.8 46534888842034.81
26.953085436791 8.173640690950142e-09 1892762091.8282216 102077070811433.78 47057529644066.87
26.894618874021383 1.0014096935217445e-08 2323995975.326272 125333607833264.12 57904126818969.31
26.836405413255104 1.398253039301414e-08 3251998995.5470033 175381012320744.25 81201408704504.23
26.77844341452237 1.8565607973380206e-08 4327258323.872944 233369981495504.62 108283671413912.53
26.720731251991072 1.8890707460891593e-08 4412542063.509927 237969352101865.16 110655748727364.72
26.663267313814746 1.5385468423921625e-08 3601524150.7237444 194230979873133.06 90511636620883.4
26.606050001982528 1.2872441887807503e-08 3019739722.234748 162855219253107.66 76053387391198.55
26.549077732171 9.484693313139038e-09 2229784172.2096024 120252744823838.45 56278284577555.98
26.492348933597984 8.010282626052437e-09 1887193133.9806714 101776735704869.39 47733289045584.61
26.43586204887816 7.269123127411925e-09 1716238037.3999143 92557090206583.92 43501832397093.66
26.379615533880546 7.057276069670967e-09 1669773713.4295416 90051259120571.45 42414143045789.03
26.323607857587806 6.437513184066326e-09 1526376580.1300724 82317820568963.48 38854011308551.02
26.267837501957324 5.807374226579378e-09 1379889997.8916917 74417767364902.81 35199603963600.22
26.212302961784054 5.868826569301004e-09 1397446118.5534496 75364572766226.86 35722807491187.42
26.157002744565094 6.035497769124515e-09 1440171096.5839868 77668740113337.84 36892651553836.1
26.10193537036601 5.817995468388874e-09 1391200238.6296601 75027731105030.78 35713200005993.63
26.04709937168877 5.838184759637378e-09 1398966912.10397 75446589492796.06 35988023188064.336
25.992493293341415 5.543365931055234e-09 1331111950.985655 71787156698317.88 34314260901796.586
25.93811569230932 6.204404805355046e-09 1492968612.3693812 80516121609808.89 38567222251096.96
25.88396513762809 6.338832241382548e-09 1528506981.9953659 82432713604384.7 39567702530104.76
25.83004021025803 5.687604782519174e-09 1374337204.322099 74118304001360.33 35650904224655.51
25.776339502960198 6.08302506037273e-09 1472947736.0412707 79436391399934.75 38288340654767.85
25.722861620173973 7.950074445435697e-09 1929038471.0646086 104033463824629.84 50248163027296.73
25.66960517789618 6.9091886243009184e-09 1679951853.5527587 90600168428599.06 43850481519441.836
25.616568803561684 6.612134757887833e-09 1611052573.349279 86884415278981.52 42138941410306.836
25.563751135925475 1.0209085811899863e-08 2492592294.3063483 134426043943104.7 65331057356341.98
25.5111508249462 8.540626540066563e-09 2089530218.2016664 112688818614272.88 54879454665151.07
25.458766531671156 9.249861963843154e-09 2267706621.8234158 122297910770094.94 59681380455806.38
25.40659692812265 1.2234207555640883e-08 3005510996.7919254 162087860998811.4 79260964028419.02
25.354640697185793 1.1053529857015645e-08 2721024818.554052 146745459602335.7 71905275205144.2
25.30289653249766 1.510623245348926e-08 3726274963.7124753 200958818319503.6 98670779794878.42
25.251363138337787 2.3168398730130867e-08 5726643741.246783 308839141068424.25 151948857405662.12
25.200039229520026 2.699466312539866e-08 6685989190.83448 360576849580750.9 177764386843313.78
25.148923531285707 2.5367461426940554e-08 6295737083.906709 339530468672572.44 167728051524241.56
25.09801477919808 2.1127911985799722e-08 5254194956.035579 283359875443340.75 140263138344452.67
25.047311719038085 1.628207650139309e-08 4057304896.565074 218811334513897.84 108530421918900.03
24.996813106701318 1.0756793506220683e-08 2685883451.721989 144850278054684.22 71990588193176.92
24.946517708096284 8.428998386189849e-09 2108895279.212847 113733180561630.3 56639123919688.94
24.89642429904388 8.734864445204102e-09 2189818737.8191147 118097400264741.19 58930602732105.02
24.84653166517806 8.157585737677244e-09 2049202362.2383373 110513928581016.84 55256964290508.984
24.796838601847703 7.42598021305609e-09 1869159865.2554011 100804197604820.58 50502903000013.51
24.747343914019662 6.855302215802693e-09 1728968123.9566464 93243626540176.73 46808300523167.55
24.69804641618297 6.8997392501768266e-09 1743648943.0905452 94035366305449.28 47299789251643.414
24.648944932254178 6.512381005288201e-09 1649037155.7980144 88932932062523.6 44822197759510.39
24.60003829548383 6.6985403461867206e-09 1699547743.3220038 91656979021026.03 46286774405617.02
24.55132534836406 6.494652553148918e-09 1651086991.6511474 89043480155406.17 45056000958635.26
24.502804942537253 6.3284698589667765e-09 1612025428.0019183 86936881541749.27 44076998941667.555
24.45447593870582 5.85139724369033e-09 1493448315.475371 80541992102529.55 40915331988086.61
24.406337206543014 6.368681838406555e-09 1628680590.5376916 87835098075607.44 44708064920481.21
24.358387624604813 6.0764704009499255e-09 1557011514.5560367 83969969237939.78 42824684311350.984
24.310626080242844 5.41221232945902e-09 1389529136.0583928 74937608180318.33 38293117780139.87
24.263051469518295 6.449251245299721e-09 1659024698.4435618 89471562407173.52 45809439952474.44
24.215662697116894 7.98253377113776e-09 2057469380.6950092 110959770682379.95 56922362360058.6
24.168458676264812 6.375402340190104e-09 1646446479.65802 88793216335473.98 45639713196433.92
24.12143832864562 5.614651971001996e-09 1452809314.2518923 78350321937797.9 40350415797964.38
24.07460058431815 9.398650952086663e-09 2436662644.183608 131409745761370.1 67807428812867.74
24.027944381635365 8.441997001908217e-09 2192893551.380193 118263225628087.83 61142087649724.73
23.98146866716412 7.29870029399294e-09 1899584988.6096208 102445031117116.61 53066526118664.48
