string
20190122an 22 2019_15.52.   full spectra  index number  Nphoton via eV
eV x-axis E [J] Nphoton Nphoton/sr Nphoton/sr @ 0.1bw
51.660080420516415 2.19642587641013e-10 26536915.924291518 1431141640893.9836 344905135455.45514
51.4457232403483 2.071895286743323e-10 25136655.911693428 1355625314210.616 328061326038.9616
51.233137607123716 2.0557007547831178e-10 25043666.775533948 1350610389895.8137 328198324744.6818
51.02230164989275 1.9926048762451203e-10 24375308.312086035 1314565672762.4014 320754024154.0289
50.813193856245654 1.9861927656553212e-10 24396856.812246893 1315727788057.4492 322353308074.06616
50.605793064995666 1.870577992532628e-10 23070901.241281435 1244218716053.8347 306077804149.2356
50.400078459040394 1.8679978455388484e-10 23133115.878789663 1247573964970.671 308150769347.75256
50.1960295583965 1.8833974328201723e-10 23418635.2593315 1262972087191.8606 313217077623.5701
49.99362621340296 1.7642647480942528e-10 22026124.64682173 1187873687338.7993 295780548147.36346
49.79284859808809 1.7831580896554153e-10 22351766.42818467 1205435619352.79 301358904838.199
49.59367720369574 1.7935040243100266e-10 22571738.977437302 1217298786722.6226 305541995467.37164
49.39609283236627 1.7241469462361672e-10 21785656.613475777 1174905194059.207 296076108902.9033
49.20007659096798 1.7275442043543714e-10 21915549.52468758 1181910346979.8594 299023317785.90186
49.005609885074826 1.664497248560341e-10 21199531.239898793 1143295325327.5242 290397012633.19025
48.81267441308634 1.620490427247578e-10 20720624.55761323 1117467783910.254 284954284897.11273
48.621252160486 1.5978225321675657e-10 20511214.52324229 1106174255262.6782 283180609347.242
48.4313253942341 1.5249402192331567e-10 19652392.95201466 1059857821348.9406 272383460086.68506
48.24287665729156 1.5359524395908975e-10 19871632.48951415 1071681457235.6808 276493815966.7932
48.05588876327104 1.4882646496818158e-10 19329584.88552314 1042448712193.585 269994216458.13235
47.87034479121208 1.4327173119097787e-10 18680260.48545715 1007430506233.4757 261931931620.70392
47.686228080476646 1.459955881264855e-10 19108902.087068807 1030547240930.0044 268972829882.73068
47.503522225762175 1.5021490259201137e-10 19736774.676880207 1064408546102.7166 278875039078.9017
47.322211072228725 1.4687467167822588e-10 19371839.19577307 1044727496325.036 274763331533.48996
47.142278710737365 1.4836455603113848e-10 19643033.849728532 1059353082929.4017 279669213893.35205
46.96370947319669 1.4896845439781122e-10 19797980.580187988 1067709393764.9768 282942989347.7106
46.78648792801481 1.4810841135149863e-10 19758239.833532266 1065566166664.2285 283440600332.6847
46.61059887565385 1.4562333447074105e-10 19500029.26424275 1051640814566.6663 280788097489.2929
46.436027344284355 1.4962370612438874e-10 20111030.490430612 1084592243433.8878 290670721240.2873
46.26275858553703 1.6355934309001516e-10 22066467.091641966 1190049364152.2776 320123278956.9516
46.09077807034915 1.757917060280918e-10 23805281.21047672 1283823987335.2551 346632476580.52325
45.92007148490342 1.6439334572297237e-10 22344500.65408234 1205043774576.975 326566862910.3438
45.75062472665653 1.601761789895383e-10 21851933.763446655 1178479535155.7273 320546433562.35486
45.58242390045559 1.5905749597648865e-10 21779389.42661914 1174567203310.4937 320656846503.76117
45.41545531473963 1.7129597771198836e-10 23541409.80157439 1269593344927.567 347868576510.1615
45.24970547782453 1.7441830077953731e-10 24058318.453564007 1297470340826.8357 356804343727.37286
45.0851610942688 1.7018295927839928e-10 23559790.28477188 1270584608379.534 350681351912.74927
44.92180906131855 1.762817184035167e-10 24492832.510678377 1320903778324.406 365890346595.8405
44.7596364654293 1.8592293979640418e-10 25925993.157597166 1398194443364.292 388698055255.27057
44.59863057886301 1.9903731289090693e-10 27854922.27641099 1502222009798.2805 419119940733.7281
44.43877885635813 2.1150605763595847e-10 29706375.66351484 1602071293189.6877 448579962093.0966
44.28006893187113 2.125121995192241e-10 29954670.922938608 1615461910472.1072 453944796842.6683
44.1224886153876 2.2702829175225216e-10 32115076.176313132 1731973035130.7253 488416395906.84753
43.96602588980112 2.332978341678211e-10 33119400.77568476 1786136478962.538 505476623546.4007
43.81066890785836 2.457654451342411e-10 35013047.37052807 1888261251213.7324 536266195344.68555
43.65640598916871 2.5580171926299934e-10 36571641.54044491 1972316573399.1091 562110223418.7418
43.50322561727689 2.6761507877543676e-10 38395302.65805249 2070667013658.7622 592210765906.4048
43.3511164367969 2.806467925714115e-10 40406270.929337345 2179118969408.3708 625407144220.1958
43.20006725060597 3.015859624234466e-10 43572820.6983182 2349891686376.713 676768805676.4995
43.05006701709692 3.1098619576643416e-10 45087510.319213696 2431579226695.185 702726396514.8999
42.90110484748759 3.36160563482055e-10 48906576.28590467 2637542283963.996 764887262349.5272
42.7531700031859 3.512612767917836e-10 51280343.865321405 2765560085218.65 804777984798.5986
42.60625189320931 3.7312135640364385e-10 54659512.21972001 2947799368689.574 860757415657.3765
42.46034007165723 3.896895107746718e-10 57282797.95676124 3089273738392.2847 905157205348.9054
42.315424235235184 4.0389400158133867e-10 59574125.899246454 3212845552117.36 944576592322.5015
42.17149422082962 4.2419261035900016e-10 62781701.869315796 3385830821023.2715 998820092201.8628
42.028540003131894 4.4115001476743547e-10 65513525.26082912 3533158650011.2715 1045814960403.299
41.8865516923105 4.619765497142733e-10 68838959.48806342 3712500040330.583 1102612511978.2068
41.74551953173033 4.801669312052078e-10 71791222.97997382 3871716251823.2095 1153771443043.2844
41.60543389571781 4.984307799851757e-10 74772822.24901074 4032514548149.414 1205721849896.6406
41.46628528737092 5.192498360587738e-10 78157419.43848279 4215046609875.2534 1264513982962.592
41.32806433641302 5.547164699143709e-10 83775103.00960408 4518009505297.41 1359920861094.487
41.19076179708939 5.905651406373074e-10 89486383.94806804 4826020127074.216 1457458078376.443
41.05436854610565 6.094864397015051e-10 92660288.00625156 4997189462456.963 1514148407124.4548
40.91887558060695 6.282797594011228e-10 95833721.30002066 5168333409412.569 1571173356461.4216
40.78427401619706 6.557015620755118e-10 100346552.6459779 5411711384304.482 1650571972212.7651
40.650555084996405 6.796249150884621e-10 104349839.71695527 5627609525749.161 1722048514879.1653
40.51771013373824 7.233690513616008e-10 111430481.11976008 6009470054858.95 1844907306841.7434
40.38573062190196 7.56230959165413e-10 116873347.564775 6303005024691.486 1941325547604.9055
40.254608119882796 7.619699650327929e-10 118143878.64834651 6371525042049.075 1968801237993.2249
40.124334307197095 7.946350411651592e-10 123608645.35371786 6666241097680.426 2066534740280.8806
39.99490097072226 8.426567101160483e-10 131502809.8216675 7091975102429.89 2205604256855.7266
39.866300002970746 8.563416653081127e-10 134069540.02810138 7230399420080.358 2255884619065.048
39.73852340039712 8.810129255068305e-10 138375603.92331865 7462626381434.012 2335802057388.7603
39.6115632617377 9.145327565917854e-10 144100755.69477096 7771385060247.292 2440214908917.7524
39.48541178638185 9.150119235481787e-10 144636883.91355827 7800298571559.377 2457094050041.1426
39.36006127277429 9.273612327166186e-10 147055795.8202284 7930751016190.329 2506117321116.1006
39.235504116847785 9.66860599969944e-10 153806114.39935887 8294797163657.326 2629450700879.425
39.11173281048549 9.693587415725984e-10 154691499.21947095 8342546159354.22 2652929678674.4644
38.98873994001226 9.887205550367644e-10 158279014.75545928 8536021651591.325 2722990906857.487
38.86651818471441 1.0370104786966828e-09 166531534.21216103 8981081818736.162 2873946181995.7964
38.745060315387185 1.0384494405035752e-09 167285381.15938908 9021736948372.057 2895977560427.475
38.624359192909345 1.0732351080793222e-09 173429334.93397132 9353081710198.11 3011692310683.773
38.50440776684441 1.0768134018707607e-09 174549648.6655133 9413500473126.3 3040560652819.7505
38.3851990740678 1.0940478583646637e-09 177894080.8619183 9593866428050.262 3108412722688.0757
38.266726237419434 1.1454852953071644e-09 186834547.2330587 10076027721745.996 3274709009567.444
38.14898246438122 1.1933440613944022e-09 195241300.76463816 10529405766056.06 3432586279734.2183
38.03196104577882 1.2428722590977337e-09 203970213.25881642 11000157913207.531 3597051637618.727
37.91565535450732 1.1978172707254375e-09 197179144.74460134 10633914112888.572 3487923829027.4487
37.800058844280166 1.2330346171658744e-09 203597184.7225139 10980040403204.963 3612433292654.508
37.6851650484009 1.2711524648570264e-09 210531069.6985203 11353986326334.945 3746815487690.5493
37.57096757855726 1.2954427802984914e-09 215206225.29422548 11606118483280.416 3841625217965.881
37.45746012363715 1.3034803342349618e-09 217197655.13395235 11713516727171.412 3888887553420.857
37.34463644856595 1.3524231924483747e-09 226033780.4410645 12190050884616.197 4059286944576.9707
37.232490393164845 1.3493387374381662e-09 226197539.85799482 12198882465547.686 4074426743493.1484
37.12101587102963 1.4007731549076418e-09 235524956.44870788 12701912068649.209 4255140542997.3364
37.010206868429535 1.3668129712344932e-09 230502985.0356545 12431076059329.041 4176841555934.578
36.900057443225876 1.4199863253052452e-09 240185117.95080504 12953235590868.959 4365240394122.4727
36.790561723809766 1.4309880077795115e-09 242766384.4223289 13092443852453.707 4425246022129.207
36.681713908058846 1.4606761313206928e-09 248538279.76765206 13403723422360.8 4543862240180.567
36.573508262312366 1.5623811159657764e-09 266630197.6107951 14379424482077.902 4889004323906.201
36.46593912036438 1.585062626941172e-09 271298878.4794107 14631207455584.809 4989241742354.527
36.35900088247475 1.5478953625172475e-09 265716567.30557048 14330152201232.61 4900912052821.628
36.25268801439734 1.5326114966467614e-09 263864424.41238603 14230265732628.48 4880981146291.555
36.14699504642534 1.6341677070061632e-09 282171664.0672081 15217579144427.707 5234847225682.935
36.04191657245317 1.6715412562629027e-09 289466425.29378664 15610987202150.758 5385790584742.167
35.937447249054756 1.7115861261131298e-09 297262761.3781356 16031445300919.598 5546880074118.115
35.83358179457772 1.8153389165015808e-09 316196073.0662744 17052522913488.61 5917225450980.379
35.730314988253284 1.811432883291945e-09 316427614.61195236 17065009999349.004 5938623479773.361
35.62764166932152 1.8499172549161128e-09 324081471.7326981 17477784176657.424 6099746677653.049
35.525556736171595 1.756692113838836e-09 308633976.0964622 16644697381054.76 5825644083369.393
35.42405514549682 1.7971723293030664e-09 316650678.3956106 17077039877661.895 5994040997059.252
35.32313191146407 1.828423613224242e-09 323077410.3084366 17423634925916.473 6133119493922.437
35.222782104897405 1.8305535936247937e-09 324375292.6893459 17493630004681.51 6175251391652.537
35.1230008524756 1.9149495477326067e-09 340294317.4580891 18352146468839.145 6496659849968.868
35.02378333594318 2.043079522152601e-09 364092043.26103836 19635562991405.043 6970624861948.747
34.92512479133489 2.181604508357349e-09 389876474.894965 21026122991043.8 7485299784811.531
34.82702050821316 2.1041630772546566e-09 377096106.845769 20336874965638.836 7260264362733.419
34.72946582891845 2.0191686802778745e-09 362880367.3525095 19570217046423.684 7006137702619.314
34.63245614783208 2.15662071462218e-09 388668598.4053989 20960981949552.52 7524992519889.225
34.53598691065149 2.105977493680844e-09 380601792.5827686 20525937359039.105 7389337449254.1
34.440053613677456 2.1328648649151814e-09 386534707.63127077 20845900756519.883 7525370173104.122
34.34465180311326 2.3587916958736335e-09 428666403.55517405 23118072270730.65 8368742162003.593
34.249777074375366 2.347700428468205e-09 427832630.63184595 23073106715839.906 8375537737850.079
34.15542507141566 2.434277647740165e-09 444835451.66256964 23990072547858.92 8732386407420.594
34.061591486054624 2.291003900130782e-09 419807185.12582254 22640292696186.56 8263706834107.959
33.968272057325706 2.2727648176891724e-09 417609161.4453402 22521752801581.48 8242961525378.763
33.87546257083028 2.296013298896429e-09 423036791.7515 22814466083135.535 8372909052510.653
33.78315885810322 2.367272634257635e-09 437357921.70231056 23586807732622.305 8679945245605.012
33.69135679598881 2.4111348456211648e-09 446675336.64705956 24089297944784.145 8888950941625.527
33.60005230602678 2.4212599159187984e-09 449769947.6050076 24256190986044.91 8974790664836.59
33.50924135384833 2.6416744463877815e-09 492043698.722406 26536023567702.105 9844864743616.797
33.41891994858189 2.7171244009165095e-09 507464992.11863476 27367697270808.793 10180783384741.299
33.3290841422685 3.3139785740206125e-09 620605030.1729597 33469364102546.977 12484072810250.303
33.23973002928655 2.941445515908571e-09 552321940.3818185 29786842235733.094 11140278996163.205
33.150853745785774 2.960875062599701e-09 557460807.6440656 30063982463595.69 11273993423848.28
33.062451469130345 3.151825324528284e-09 594998764.1240304 32088412611613.273 12065243141966.428
32.97451941735074 2.8927449544698102e-09 547546043.1979182 29529277063050.332 11132537452769.893
32.88705384860445 3.255510929529312e-09 617850159.5246861 33320793329994.918 12595259878738.055
32.80005106064518 3.642122953922757e-09 693057165.5171607 37376723501754.97 14165778207165.137
32.71350739030047 3.5003737179645865e-09 667845923.7040954 36017075753679.72 13686488786398.555
32.62741921295758 3.5167093393268536e-09 672732991.7866005 36280636397075.914 13822922467285.617
32.541782942057424 3.0743206758177905e-09 589653385.9955606 31800135207871.184 12147651649406.543
32.45659502859654 3.0410026861644755e-09 584793883.9232056 31538061205391.047 12079077441664.367
32.371851960636754 3.076676978022503e-09 593202989.4884559 31991566095387.957 12284761380629.463
32.2875502628226 3.0936039954833686e-09 598023980.78006 32251563203095.797 12416851833191.81
32.203686495906176 3.1772454815590366e-09 615792160.1823962 33209804978368.594 12818984721649.785
32.12025725627947 3.245569009518422e-09 630668017.7335432 34012063207855.07 13162668461439.229
32.03725917551389 3.245986497310738e-09 632383207.688677 34104563774757.348 13232570744605.684
31.954688919906893 3.6606175759381706e-09 715004444.4959242 38560345025086.31 14999974214758.682
31.872543190035667 3.6286101392892e-09 710579323.6936923 38321697298872.46 14945461946560.305
31.790818720317628 4.737254035686246e-09 930066360.4752954 50158680875665.7 19612044222385.04
31.709512278577684 4.8989934761682956e-09 964286915.3229353 52004202832952.51 20385647510517.68
31.62862066562213 3.9656677767306944e-09 782573343.6225322 42204350434205.29 16586309720642.719
31.54814071481902 4.422783929751291e-09 875005793.4341581 47189252533328.66 18592565498131.637
31.468069291684962 4.6570144098489405e-09 923690461.2623528 49814827245959.14 19676856762153.38
31.388403293478163 5.371421776982852e-09 1068092846.5069263 57602479253355.76 22810581784328.438
31.30913964879766 6.534460396667765e-09 1302649482.6525226 70252169597692.33 27890111330284.12
31.2302753171886 7.197899651040897e-09 1438530087.0929384 77580240114979.27 30876935565761.973
31.151807288753453 6.339061493225347e-09 1270078873.5377805 68495629572228.42 27329756199317.527
31.073732583769104 4.78536469932776e-09 961192984.7930543 51837346487325.22 20734938594929.996
30.99604825230968 4.618368161836402e-09 929974835.7422937 50153744926931.336 20111651715699.527
30.918751373874994 4.532437324050162e-09 914953104.5410275 49343619699803.14 19836135119320.746
30.841839057024558 4.32836145450379e-09 875935704.3636588 47239402831778.09 19037479341206.23
30.76530843901705 4.251940655021282e-09 862610808.889496 46520788324047.08 18794398482915.02
30.689156685455128 4.262356390188389e-09 866869613.9822356 46750466607916.22 18933938976206.133
30.613380989935486 4.397623284031908e-09 896593739.0681851 48353495131313.836 19631519023313.004
30.537978573704116 4.655095497479622e-09 951430969.0602043 51310878858072.37 20883527695235.758
30.462946685316638 4.572389408037288e-09 936828888.7174704 50523385492913.21 20613541281107.934
30.388282600303604 5.406587430378984e-09 1110468001.4517596 59887780565456.31 24494102251271.402
30.31398362084076 5.193875439763401e-09 1069393385.005206 57672617577107.62 23645773206614.93
30.240047075424076 6.826510562191874e-09 1408981459.8386521 75986676227769.83 31230523929612.83
30.166470318549564 9.281527788312234e-09 1920365726.5506752 103565740828855.36 42669085221484.62
30.093250730397738 6.945808010416288e-09 1440597464.3750386 77691734220936.9 32086686233248.113
30.020385716522686 7.900331078291438e-09 1642547730.424953 88582955942338.47 36673343760126.414
29.947872707545574 8.181239247896713e-09 1705069514.0987964 91954769318613.16 38161229267224.35
29.875709158852693 1.0418937301966042e-08 2176677943.4238663 117388714368191.66 48833705177168.805
29.80389255029776 1.2734440427018938e-08 2666833192.714776 143822893447790.94 59974146567729.31
29.732420385908558 1.6786020897501296e-08 3523761203.1548305 190037207216881.97 79435552616656.58
29.66129019359777 1.0482896781109654e-08 2205871687.7197204 118963139340355.16 49845555383607.625
29.590499524877966 7.080933969610991e-09 1493575643.5666075 80548858934151.73 33830520752343.906
29.520045954580638 7.015050076578746e-09 1483210260.591488 79989851578442.84 33675727514523.8
29.449927080579258 6.391447888769555e-09 1354577954.9336164 73052683389178.31 30828232390233.71
29.380140523516275 6.2792161231959325e-09 1333953028.6302683 71940376632910.84 30430779315720.598
29.310683926533965 6.14577302437025e-09 1308698303.5862212 70578383824742.1 29925234741689.32
29.241554955009118 5.786451812242555e-09 1235096390.7931705 66609016677930.56 28308832088120.0
29.172751296291448 5.937846264439406e-09 1270400144.404957 68512955779890.766 29186519162232.95
29.104270659445692 5.997630537208186e-09 1286210241.6517951 69365597759127.75 29619110243148.293
29.036110774997343 6.160684636110746e-09 1324279048.7421515 71418656795890.1 30567185108640.977
28.96826939468193 6.447670344050249e-09 1389214312.5325108 74920629679172.66 32140950132364.516
28.90074429119782 6.412604359974809e-09 1384887174.8598115 74687266204421.17 32115524467901.98
28.83353325796248 7.736216628187352e-09 1674633339.3427296 90313339801814.61 38925049454580.23
28.766634108872076 7.669029772946413e-09 1663950295.5642052 89737200929966.88 38766470801747.34
28.700044678064504 8.652655036253863e-09 1881723426.376929 101481753185515.48 43941599129326.79
28.6337628196856 1.4200480581181849e-08 3095377303.5555124 166934370445864.1 72449516773506.8
28.567786407658676 1.2007472495769401e-08 2623396804.8099437 141480359611606.7 61543956431047.03
28.50211333545716 1.6346539182771144e-08 3579626644.1177435 193050042584677.78 84169818566915.58
28.43674151588042 1.5737935151869137e-08 3454274892.7663136 186289795401854.12 81408640590606.92
28.371668880832637 1.914788111402714e-08 4212353544.4874763 227173141780391.06 99501836099815.36
28.30689338110471 2.3139992705904998e-08 5102229429.751346 275164341596596.6 120797145960905.12
28.24241298615914 3.4372405870820066e-08 7596212524.328624 409665391700461.4 180252772348198.3
28.17822568391787 1.5884891522814647e-08 3518516444.285307 189754356231634.2 83681671098148.95
28.114329480552975 1.127216370977915e-08 2502467997.440669 134958642758617.25 59651720099310.58
28.050722400280232 1.080514118688406e-08 2404226449.3431773 129660454726921.05 57439581444025.625
27.987402485155446 9.038055163945032e-09 2015586167.2294667 108700999881130.94 48263243947222.266
27.924367794873564 8.680119311151222e-09 1940132184.1383395 104631750180785.23 46561128830448.51
27.861616406570477 7.9259402120918e-09 1775552254.8255582 95755918838255.25 42707139801861.95
27.799146414627494 7.873620207955943e-09 1767795305.47379 95337584874531.19 42615900438914.51
27.736955930478437 7.587746030660703e-09 1707430223.0234637 92082082863780.22 41252773122974.92
27.675043082419336 7.677362757066833e-09 1731461067.848269 93378071545839.48 41926754124077.41
27.613406015420622 8.388091419936766e-09 1895973012.8292844 102250236478587.88 46012606415366.375
27.552042890941912 8.392099539642677e-09 1901103648.9747965 102526932800536.75 46239646693042.54
27.490951886749137 8.903740260502268e-09 2021490382.1759405 109019415475874.28 49276775795094.98
27.430131196734205 9.178110522826732e-09 2088403311.5759704 112628044295130.67 51020504065691.99
27.369579030736997 9.592641793936007e-09 2187555522.487675 117975344570237.22 53560806434888.66
27.309293614369736 9.872408316035915e-09 2256324801.9024324 121684086749076.53 55366259470830.13
27.24927318884365 1.18207026200875e-08 2707555349.897647 146019048231478.1 66584685993552.74
27.189516010797938 1.1330051152851798e-08 2600874331.2106185 140265717717428.48 64101432996864.78
27.130020352130984 1.353094915205151e-08 3112913961.595902 167880126223789.53 76889097810497.7
27.070784499833756 2.0504328755547335e-08 4727523427.647049 254956365498911.28 117024971763993.4
27.0118067558254 1.889172350303363e-08 4365227891.27222 235417688514167.34 108292136716520.9
26.953085436791 3.1111638664014265e-08 7204492160.158576 388539827360230.75 179116860413050.75
26.894618874021383 3.1561598739148385e-08 7324577435.104576 395016052326377.1 182497416174790.28
26.836405413255104 3.1083543818433315e-08 7229281856.31473 389876741059448.75 180512931110523.97
26.77844341452237 5.2751945241663245e-08 12295384803.706812 663092773613997.4 307675046956890.2
26.720731251991072 3.7288406131975456e-08 8709925812.95404 469728191308225.8 218423608958319.9
26.663267313814746 1.724650671761326e-08 4037167328.7845984 217725311108646.66 101459994976633.16
26.606050001982528 1.4205278856595416e-08 3332409281.9803653 179717556537084.6 83928098902815.48
26.549077732171 1.5095926171923225e-08 3548945245.954276 191395388116243.78 89573041638401.42
26.492348933597984 1.2691500727932344e-08 2990070906.582744 161255173579498.6 75628676408786.2
26.43586204887816 1.2181318535572797e-08 2876006067.0313582 155103632002112.47 72898707040991.53
26.379615533880546 1.0647150188119998e-08 2519149220.116602 135858264721495.73 63989242683824.305
26.323607857587806 1.122744971630932e-08 2662101934.638306 143567735671869.66 67763971237122.93
26.267837501957324 9.038514143583514e-09 2147641046.6972346 115822748219511.16 54784159907830.63
26.212302961784054 1.0116577613171298e-08 2408892467.963107 129912094124777.97 61578332615137.68
26.157002744565094 9.848719150354414e-09 2350069737.6234927 126739771498430.89 60201391461755.695
26.10193537036601 1.0187368004597235e-08 2436005472.33299 131374304340696.88 62534168866169.92
26.04709937168877 1.0436678447243378e-08 2500874573.361223 134872709051844.23 64334282217730.8
25.992493293341415 1.1165228647983461e-08 2681073101.372731 144590854815308.84 69114428601718.92
25.93811569230932 1.0885447316176433e-08 2619369896.79092 141263187587302.25 67665066854315.15
25.88396513762809 1.1887108190083655e-08 2866384086.592304 154584716506676.47 74200663923204.89
25.83004021025803 1.2447626051960414e-08 3007810184.22328 162211856676478.66 78023903061388.84
25.776339502960198 1.3439806643199937e-08 3254323724.0454164 175506385433706.72 84594077779045.1
25.722861620173973 1.3499870283043023e-08 3275663556.2479515 176657247220429.34 85325450407468.25
25.66960517789618 1.7262266131228642e-08 4197276635.5923314 226360040808244.75 109558259751190.19
25.616568803561684 1.560969165276205e-08 3803315393.1672583 205113625416893.88 99480108327195.42
25.563751135925475 1.9624227702517305e-08 4791339758.94213 258397994109637.44 125581425137270.52
25.5111508249462 2.4625623655160715e-08 6024848941.482818 324921412301693.5 158236727790925.25
25.458766531671156 3.229920422007493e-08 7918509441.092102 427046934439937.44 208398904006689.66
25.40659692812265 5.989791593630009e-08 14714794089.664091 793572042017960.8 388056728546784.0
25.354640697185793 6.065169797265554e-08 14930504337.15462 805205342527785.6 394550617838613.4
25.30289653249766 5.737939535259878e-08 14153853715.2566 763320405762883.9 374790319229584.2
25.251363138337787 6.879842679820605e-08 17005235658.31026 917096053409332.8 451211258277384.0
25.200039229520026 3.718091156880621e-08 9208900726.029703 496638016771792.8 244842542268498.84
25.148923531285707 1.8216964022190422e-08 4521115220.023443 243824726019960.8 120449414653854.02
25.09801477919808 1.8000981671695933e-08 4476574266.623331 241422622726651.25 119504198249691.52
25.047311719038085 1.8446315377524414e-08 4596608159.801358 247896076662888.25 122956454024800.16
24.996813106701318 1.4951760289055903e-08 3733332383.0438275 201339426477255.0 100065694959194.16
24.946517708096284 1.3876676327812623e-08 3471878372.5045986 187239154888463.94 93245099134450.19
24.89642429904388 1.3340995041930317e-08 3344569467.2469845 180373357970291.62 90006305627174.25
24.84653166517806 1.1811945419611148e-08 2967185051.4181066 160020934438559.1 80010467219280.36
24.796838601847703 1.0702114782685757e-08 2693780868.144855 145276187438068.8 72783369906470.16
24.747343914019662 1.1162986784422263e-08 2815404443.282519 151835373267744.53 76221357380405.84
24.69804641618297 1.1908245440520152e-08 3009360038.626624 162295440661154.06 81634606652564.69
24.648944932254178 1.1787568751367392e-08 2984797546.6644573 160970780133477.5 81129273187269.94
24.60003829548383 1.2742045959318851e-08 3232900652.4225183 174351034526960.28 88047272436112.8
24.55132534836406 1.2270716898978895e-08 3119492672.5240955 168234917533360.03 85126868271879.69
24.502804942537253 1.371263775127259e-08 3492964528.9705896 188376335887604.12 95506802295016.77
24.45447593870582 1.2488748606696822e-08 3187495190.0041986 171902308074485.8 87326372501842.2
24.406337206543014 1.3736844164174426e-08 3512961085.685128 189454754535434.94 96432470058529.97
24.358387624604813 1.2940899875806434e-08 3315926645.8695364 178828644390804.75 91202608639314.03
24.310626080242844 1.4205053226938506e-08 3646999440.626953 196683472137037.5 100505254262018.83
24.263051469518295 1.2992782800005727e-08 3342302345.9400735 180251091625681.9 92288558912352.36
24.215662697116894 1.4652654139919471e-08 3776668925.3231096 203676575617162.03 104486083291599.86
24.168458676264812 1.427302026829993e-08 3686004854.421355 198787042576825.12 102176539884488.77
24.12143832864562 1.440430865774247e-08 3727161343.464862 201006620972114.2 103518409800634.84
24.07460058431815 1.7191094966255394e-08 4456905478.289661 240361880698807.8 124026730440586.25
24.027944381635365 1.562572188382731e-08 4058938275.7373567 218899423007507.72 113171001694887.62
23.98146866716412 2.1372239784127663e-08 5562413064.18733 299982144975790.7 155390751097453.94
