string
20190122an 22 2019_17.28.   full spectra  index number  Nphoton via eV
eV x-axis E [J] Nphoton Nphoton/sr Nphoton/sr @ 0.1bw
51.660080420516415 4.484518650993738e-10 54181338.72873598 2922011368438.4805 704204739793.6841
51.4457232403483 4.3925634801056307e-10 53291475.43128928 2874020847485.9893 695513045091.5936
51.233137607123716 4.4512638331481225e-10 54227721.572787255 2924512805294.7544 710656611686.6233
51.02230164989275 4.381638027799705e-10 53600078.526777595 2890663879469.1377 705321986590.4761
50.813193856245654 4.3813721929388417e-10 53817389.671652235 2902383516722.68 711083961597.037
50.605793064995666 4.3074525015245034e-10 53126259.188815445 2865110699636.446 704817232110.5479
50.400078459040394 4.2967210678936707e-10 53210203.96238676 2869637859511.9966 708800551299.4558
50.1960295583965 4.40336688795843e-10 54752566.43400243 2952817802681.6846 732298815065.0314
49.99362621340296 4.330105852531953e-10 54059602.644571915 2915446114972.5684 725946082628.1754
49.79284859808809 4.4019868559836956e-10 55178608.44514367 2975794340899.387 743948585224.8503
49.59367720369574 4.400954479655482e-10 55387216.54364989 2987044620971.5596 749748199863.8452
49.39609283236627 4.30979636932583e-10 54456926.644857004 2936873884625.863 740092218925.6753
49.20007659096798 4.232111401680437e-10 53688378.44134086 2895425913044.5317 732542756000.2603
49.005609885074826 4.2552388028170273e-10 54195985.010833055 2922801245613.8535 742391516385.9165
48.81267441308634 4.238271289383337e-10 54193240.9374279 2922653257138.9688 745276580570.4318
48.621252160486 4.2357164828404554e-10 54373804.155405864 2932391070711.5522 750692114102.1478
48.4313253942341 4.121107633563025e-10 53110033.816968165 2864235661807.789 736108565084.6216
48.24287665729156 4.1803685970739743e-10 54084193.162833765 2916772286964.6753 752527250036.8524
48.05588876327104 4.1598049574394125e-10 54027556.89267753 2913717880611.0225 754652931078.2377
47.87034479121208 4.099694427821931e-10 53453224.293358356 2882743998757.022 749513439676.8264
47.686228080476646 4.1608841965641125e-10 54460500.98369476 2937066649495.902 766574395518.4291
47.503522225762175 4.1976350981167556e-10 55152835.489506416 2974404399802.742 779293952748.2903
47.322211072228725 4.2215649875345137e-10 55679769.12465032 3002822045221.431 789742197893.2522
47.142278710737365 4.216827875006843e-10 55829569.341247365 3010900803446.3354 794877812109.8042
46.96370947319669 4.1900004647640996e-10 55685311.475982614 3003120945432.8477 795827050539.6813
46.78648792801481 4.209102172851491e-10 56151064.92343053 3028239130037.807 805511608590.0564
46.61059887565385 4.2423723495603495e-10 56808467.72730826 3063693006070.502 818006032620.8036
46.436027344284355 4.2154089233239043e-10 56659616.03445522 3055665401937.177 818918327719.1785
46.26275858553703 4.284298205238261e-10 57801238.11370466 3117233328686.4287 838535765416.6204
46.09077807034915 4.4315461122922826e-10 60010909.37899794 3236401380070.7773 873828372619.1208
45.92007148490342 4.281983528248644e-10 58201129.326095 3138799548646.2817 850614677683.0995
45.75062472665653 4.2665287940010895e-10 58205848.83126665 3139054072585.4927 853822707743.2461
45.58242390045559 4.222802810239386e-10 57821900.38350659 3118347649385.6875 851308908282.2831
45.41545531473963 4.252071692219049e-10 58436726.62326438 3151505362065.713 863512469206.0256
45.24970547782453 4.3319191699492496e-10 59752153.552664705 3222446622142.391 886172821089.1403
45.0851610942688 4.333169687674513e-10 59987539.0243609 3235141011768.0347 892898919247.9723
44.92180906131855 4.358198243232689e-10 60553425.838230036 3265659410577.883 904587656730.0242
44.7596364654293 4.4227176417591854e-10 61672511.979315504 3326011969286.0605 924631327461.5186
44.59863057886301 4.5294878920764696e-10 63389387.323013216 3418603429559.7383 953790356847.1848
44.43877885635813 4.6078975986070075e-10 64718684.000450976 3490292688161.2534 977281952685.1162
44.28006893187113 4.6290916376451235e-10 65249391.325058036 3518913849472.5176 988814791701.7909
44.1224886153876 4.779520969823355e-10 67610375.27413821 3646242226765.9 1028240307947.9479
43.96602588980112 4.886702698586993e-10 69372553.63875394 3741276888799.6855 1058781359530.3162
43.81066890785836 5.005685882782126e-10 71313653.08092923 3845960803416.539 1092252868170.2677
43.65640598916871 5.081598608792935e-10 72650959.23070292 3918082014601.174 1116653374161.326
43.50322561727689 5.164360971209697e-10 74094181.62547505 3995915311888.687 1142831779200.162
43.3511164367969 5.314360100801298e-10 76513781.6404576 4126404866350.419 1184278196642.5579
43.20006725060597 5.482744461774204e-10 79214111.7735961 4272034257072.4106 1230345866036.8655
43.05006701709692 5.598283172931016e-10 81165226.54882786 4377258300776.812 1265027648924.4832
42.90110484748759 5.743542255067843e-10 83560363.10124382 4506428535387.686 1306864275262.3748
42.7531700031859 5.952722570353823e-10 86903305.46271712 4686714143190.116 1363833815668.2756
42.60625189320931 6.090634776536103e-10 89223283.59939346 4811831068112.121 1405054671888.7732
42.46034007165723 6.335452420531413e-10 93128614.17504767 5022446394483.149 1471576793583.5076
42.315424235235184 6.428704926961011e-10 94823016.72924286 5113825892336.784 1503464812347.011
42.17149422082962 6.636144536557572e-10 98216809.45909168 5296853871552.857 1562571892108.0894
42.028540003131894 6.786126105798362e-10 100778199.97122006 5434990218329.393 1608757104625.4426
41.8865516923105 6.965686705138696e-10 103795447.01958486 5597711007139.165 1662520169120.3677
41.74551953173033 7.231548867550728e-10 108121093.62421681 5830994068265.859 1737636232343.1777
41.60543389571781 7.406651717996968e-10 111111968.7244413 5992292612183.167 1791695491042.7163
41.46628528737092 7.539391926097048e-10 113482831.60793899 6120153762555.867 1836046128766.7834
41.32806433641302 7.720181399145789e-10 116592714.84513614 6287870441154.412 1892649002787.4314
41.19076179708939 8.270327189533959e-10 125317534.56699534 6758401864205.567 2041037362990.1233
41.05436854610565 8.327483652921038e-10 126602822.20961602 6827717705998.515 2068798464917.5432
40.91887558060695 8.561828782193005e-10 130596585.52637333 7043102229309.087 2141103077709.9631
40.78427401619706 8.734483689652795e-10 133669855.02136762 7208844320836.363 2198697517854.9548
40.650555084996405 9.099000808151911e-10 139706366.67896605 7534394705951.875 2305524780021.169
40.51771013373824 9.486485215881877e-10 146133375.45357457 7881004685422.533 2419468438424.778
40.38573062190196 9.69817256578311e-10 149882503.39219582 8083195969643.635 2489624358650.147
40.254608119882796 9.834761792759874e-10 152488543.7878397 8223740294338.268 2541135750950.603
40.124334307197095 1.007598515096291e-09 156735961.86854264 8452804474174.465 2620369386994.019
39.99490097072226 1.0549496798269945e-09 164632697.33959985 8878677133680.064 2761268588574.5386
39.866300002970746 1.0472003231072645e-09 163950525.03460154 8841887433070.809 2758668879118.063
39.73852340039712 1.0565547683938177e-09 165946945.7504833 8949554835997.098 2801210663666.9893
39.6115632617377 1.0982913561717244e-09 173055162.0558562 9332902485592.982 2930531380476.32
39.48541178638185 1.0964218686137862e-09 173312542.10987213 9346783047821.412 2944236660063.672
39.36006127277429 1.0942210479253128e-09 173515498.95451823 9357728554545.184 2957042223236.227
39.235504116847785 1.1276258290141316e-09 179380302.8713869 9674018703899.943 3066663929136.343
39.11173281048549 1.1277986865062163e-09 179975546.87583202 9706120342375.352 3086546268875.1553
38.98873994001226 1.133742709487811e-09 181494840.1039797 9788056156233.059 3122389913838.178
38.86651818471441 1.1783623592246297e-09 189230963.01415116 10205266945437.303 3265685422540.192
38.745060315387185 1.1729732511377197e-09 188956024.00362185 10190439424869.455 3271131055383.146
38.624359192909345 1.2058258700368486e-09 194855327.7025407 10508590154965.195 3383766029898.7725
38.50440776684441 1.2128939545046105e-09 196608078.29796523 10603116375358.334 3424806589240.6914
38.3851990740678 1.2202017382005106e-09 198406920.7061535 10700128337227.186 3466841581261.3745
38.266726237419434 1.264965763570457e-09 206322426.54728428 11127013286868.682 3616279318232.316
38.14898246438122 1.2472585084599542e-09 204062165.6900351 11005116927799.654 3587668118462.627
38.03196104577882 1.2914694140074673e-09 211945588.02332038 11430271606892.959 3737698815453.8564
37.91565535450732 1.2853015081714356e-09 211580395.70317894 11410576705730.361 3742669159479.555
37.800058844280166 1.322609698163466e-09 218387713.76241958 11777696847542.732 3874862262841.6396
37.6851650484009 1.3215002961786004e-09 218869788.3638095 11803695235525.525 3895219427723.442
37.57096757855726 1.36883012073432e-09 227397742.17151883 12263609637057.816 4059254789866.2036
37.45746012363715 1.3521068940437735e-09 225300251.30691543 12150491499053.662 4033963177685.762
37.34463644856595 1.3874504570805367e-09 231887972.4480678 12505768731366.5 4164420987544.8154
37.232490393164845 1.3840514309953623e-09 232016631.58539146 12512707346593.33 4179244253762.3994
37.12101587102963 1.4272234654437427e-09 239972291.98997235 12941757840565.197 4335488876589.19
37.010206868429535 1.4126034621042292e-09 238225215.5484283 12847537628523.531 4316772643183.9277
36.900057443225876 1.4556808192871428e-09 246222701.61936143 13278843789768.326 4474970357151.551
36.790561723809766 1.4627043448180628e-09 248147044.79691637 13382624035393.936 4523326923963.001
36.681713908058846 1.4551789371795459e-09 247602916.24243712 13353279064239.926 4526761602777.59
36.573508262312366 1.4885746097080017e-09 254034651.5258001 13700143945354.54 4658048941420.2705
36.46593912036438 1.4774358419074044e-09 252877507.88009652 13637738937154.383 4650468977569.745
36.35900088247475 1.5223412592242398e-09 261329869.87626395 14093576655868.033 4820003216306.942
36.25268801439734 1.5287993225583315e-09 263208095.57510132 14194869775847.465 4868840333115.666
36.14699504642534 1.5562439709503678e-09 268716576.086379 14491943326528.088 4985228504325.476
36.04191657245317 1.6154398646918451e-09 279751158.4936193 15087040752993.61 5205029059782.945
35.937447249054756 1.5997567396647117e-09 277840594.0026785 14984003594930.496 5184465243845.89
35.83358179457772 1.6558614235426775e-09 288418253.4218644 15554459065384.549 5397397295688.285
35.730314988253284 1.6818918086059786e-09 293798913.5238631 15844639233624.004 5513934453301.067
35.62764166932152 1.6838132549438656e-09 294982208.709642 15908454600061.797 5552050655421.21
35.525556736171595 1.6679233338041039e-09 293038151.8085727 15803611189044.29 5531263916165.716
35.42405514549682 1.7010153191272467e-09 299708406.3562483 16163339465901.16 5673332152531.238
35.32313191146407 1.7156890787137531e-09 303157528.9425701 16349351396297.13 5754971691496.438
35.222782104897405 1.7057687425450749e-09 302263335.5561876 16301127352707.629 5754297955505.76
35.1230008524756 1.7486749112896375e-09 310746638.7811504 16758633738612.139 5932556343468.524
35.02378333594318 1.769414816794684e-09 315322947.0698076 17005435038814.111 6036929438778.972
34.92512479133489 1.7801909545852198e-09 318139502.99185085 17157332511581.58 6108010374122.992
34.82702050821316 1.777130998373944e-09 318487282.70439285 17176088347033.482 6131863539891.253
34.72946582891845 1.8336353683592816e-09 329536745.7706408 17771988290672.082 6362371808060.274
34.63245614783208 1.8474132500423853e-09 332942883.1417532 17955682019073.35 6446089844847.222
34.53598691065149 1.8611641617081711e-09 336358018.2420916 18139860996966.52 6530349958907.966
34.440053613677456 1.8491980421774452e-09 335126353.45221555 18073437047271.56 6524510774065.418
34.34465180311326 1.910547427296487e-09 347206366.680651 18724914785042.086 6778419152184.505
34.249777074375366 1.9160427397327683e-09 349169594.128232 18830792067797.74 6835577520610.737
34.15542507141566 1.9447639552684492e-09 355382613.4919458 19165861551850.03 6976373604873.368
34.061591486054624 1.9604546114047754e-09 359236809.65091133 19373719188020.18 7071407503627.25
33.968272057325706 1.977328367642297e-09 363324192.2289005 19594152618427.6 7171459858344.451
33.87546257083028 1.9637941298555047e-09 361825939.2285758 19513351508627.34 7161400003666.158
33.78315885810322 2.0171050127865037e-09 372663817.2050979 20097840622410.547 7396005349047.085
33.69135679598881 2.0373715948999477e-09 377433740.24883384 20355083608416.37 7511025851505.792
33.60005230602678 2.0580044762268047e-09 382292111.3746484 20617096618703.88 7628325748920.413
33.50924135384833 2.080238924017468e-09 387469567.1904227 20896317935641.492 7752533954122.455
33.41891994858189 2.105360186103631e-09 393208566.3385847 21205823406489.043 7888566307214.256
33.3290841422685 2.123570627380539e-09 397678676.5042354 21446897418845.926 7999692737229.711
33.23973002928655 2.185060894153514e-09 410293872.9900353 22127237705953.71 8275586902025.966
33.150853745785774 2.293255819337216e-09 431764331.204073 23285144181854.945 8731929068195.523
33.062451469130345 2.2209837037924637e-09 419275315.9929338 22611608878302.26 8501964938241.535
32.97451941735074 2.2015057918447073e-09 416706555.32188207 22473075057253.836 8472349296584.634
32.88705384860445 2.2453300868095564e-09 426132051.8808508 22981394134351.082 8686966982784.692
32.80005106064518 2.276697728846558e-09 433231303.46115625 23364258314376.508 8855053901148.7
32.71350739030047 2.2801347142900305e-09 435033169.92114526 23461433364015.945 8915344678326.23
32.62741921295758 2.287216055723032e-09 437535648.1191103 23596392556891.055 8990225564175.293
32.541782942057424 2.306109786031448e-09 442310867.08260316 23853921152999.902 9112197880445.775
32.45659502859654 2.3276891304421503e-09 447621560.2670044 24140327990173.137 9245745620236.002
32.371851960636754 2.3396638315569178e-09 451102143.38121116 24328036593672.69 9341966051970.684
32.2875502628226 2.364723806759598e-09 457124294.65064514 24652812519934.727 9491332820174.814
32.203686495906176 2.3969419550099575e-09 464559025.3804164 25053769163373.082 9670754897061.639
32.12025725627947 2.420659333480383e-09 470374353.1494944 25367391053328.887 9817180337637.77
32.03725917551389 2.4304870623056622e-09 473507578.04447734 25536366552602.754 9908110222409.744
31.954688919906893 2.4417625878469554e-09 476933486.3576941 25721126532206.91 10005518221028.559
31.872543190035667 2.452105200222407e-09 480188057.66252464 25896646269726.15 10099692045193.229
31.790818720317628 2.5346661910255936e-09 497631695.8196345 26837385465137.89 10493417716868.78
31.709512278577684 2.5064738698069385e-09 493358476.18725085 26606929802014.21 10429916482389.723
31.62862066562213 2.52798193435113e-09 498864601.4652951 26903876334454.887 10573223399440.797
31.54814071481902 2.5639254817849817e-09 507248304.71686214 27356011272156.25 10778268441229.646
31.468069291684962 2.5968739957070927e-09 515074150.05243677 27778060811254.52 10972334020445.268
31.388403293478163 2.6229760829354467e-09 521571775.04607874 28128479138758.9 11138877738948.307
31.30913964879766 2.6530218521412445e-09 528881856.0932725 28522713397735.934 11323517218901.273
31.2302753171886 2.640377074205767e-09 527690305.04143643 28458452790648.105 11326464210678.03
31.151807288753453 2.6465054622101086e-09 530247368.61247355 28596355784551.566 11409945958035.402
31.073732583769104 2.6695438764448648e-09 536207166.61292714 28917768985471.355 11567107594188.49
30.99604825230968 2.75646284346716e-09 555053428.0194341 29934151957440.445 12003594934933.656
30.918751373874994 2.7039771785722464e-09 545845896.4264289 29437587778310.11 11833910286880.596
30.841839057024558 2.705374910626097e-09 547489968.85213 29526252961399.93 11899079943443.957
30.76530843901705 2.707211807639306e-09 549224543.9656184 29619798974103.656 11966398785537.877
30.689156685455128 2.7133899749604635e-09 551843887.4777628 29761060738761.242 12053229599198.346
30.613380989935486 2.723466481549138e-09 555264250.3020954 29945521648945.133 12157881789471.467
30.537978573704116 2.814549814132113e-09 575251325.902505 31023428978231.21 12626535594140.285
30.462946685316638 2.7705785806022765e-09 567659011.76475 30613973827365.582 12490501321564.76
30.388282600303604 2.769682644024173e-09 568869733.4446983 30679268310592.29 12547820739032.129
30.31398362084076 2.7602350023470874e-09 568318799.093932 30649556301365.973 12566318083560.477
30.240047075424076 2.8409482673485926e-09 586367427.4854804 31622922751554.02 12997021250888.465
30.166470318549564 2.7996949316424384e-09 579262198.4382845 31239736205440.598 12870771316640.383
30.093250730397738 2.8520762197149007e-09 591535752.8114835 31901651659194.684 13175382135247.885
30.020385716522686 2.889033339929285e-09 600655226.7995743 32393466872561.633 13410895285239.889
29.947872707545574 2.929311684194238e-09 610504093.4106727 32924618388546.61 13663716631246.805
29.875709158852693 3.019312922314529e-09 630781398.507557 34018177857629.406 14151561988774.145
29.80389255029776 3.0570287078273195e-09 640199754.0322493 34526111817196.75 14397388627771.164
29.732420385908558 3.029639217598915e-09 635989029.1880049 34299026511574.297 14336993081838.04
29.66129019359777 2.922532720767006e-09 614976215.0469263 33165800879950.098 13896470568698.762
29.590499524877966 2.838958233625566e-09 598819151.4062333 32294446927714.7 13563667709640.244
29.520045954580638 2.8414021645461853e-09 600765040.7218667 32399389161247.742 13640142836885.043
29.449927080579258 2.7921263397129214e-09 591752112.0386904 31913319959321.605 13467421022833.92
29.380140523516275 2.8418356088835244e-09 603717907.2935108 32558637896961.42 13772303830414.37
29.310683926533965 2.776008851793992e-09 591131182.4691728 31879833092741.695 13517049231321.879
29.241554955009118 2.7254454250653098e-09 581736082.3225013 31373153300763.203 13333590152824.133
29.172751296291448 2.823961817174202e-09 604185649.2340314 32583863321429.793 13880725774928.848
29.104270659445692 2.789523876184708e-09 598221940.5850748 32262239218386.652 13775976146251.445
29.036110774997343 2.7236262553792966e-09 585461097.2068602 31574044162729.418 13513690901648.2
28.96826939468193 2.827026388719605e-09 609110781.3445255 32849476766124.77 14092425532667.283
28.90074429119782 2.76908715110479e-09 598021188.6406136 32251412622408.86 13868107427636.188
28.83353325796248 2.7877092279318464e-09 603446237.0764669 32543986663136.383 14026458251811.107
28.766634108872076 2.784526852685827e-09 604159120.0855315 32582432598687.777 14075610882633.72
28.700044678064504 2.7746048378680218e-09 603403105.8073301 32541660584421.65 14090539033054.12
28.6337628196856 2.8913777750985314e-09 630253679.7877841 33989717872426.117 14751537556633.297
28.567786407658676 3.0104426280556538e-09 657722561.8703197 35471120650702.164 15429937483054.97
28.50211333545716 3.104357966810027e-09 679803985.8237762 36661976641661.45 15984621815763.648
28.43674151588042 3.175924303890188e-09 697074646.6032604 37593387129518.82 16428310175599.053
28.371668880832637 3.0831763163761758e-09 678269757.7463461 36579235388137.375 16021705100004.826
28.30689338110471 3.3206326046088646e-09 732179548.0213655 39486602089473.51 17334618317278.76
28.24241298615914 3.675724073442399e-09 812325484.2153188 43808889839972.95 19275911529587.598
28.17822568391787 3.897512779001204e-09 863302263.3508027 46558078613362.58 20532112668492.477
28.114329480552975 3.1078309219446913e-09 689951603.2468531 37209239853839.5 16446484015397.543
28.050722400280232 2.8918985526707684e-09 643469517.7873309 34702450886858.555 15373185742878.232
27.987402485155446 3.0960148989292547e-09 690445531.7679552 37235877526287.62 16532729621671.746
27.924367794873564 2.9355921119207753e-09 656147286.8838669 35386165728457.125 15746843749163.107
27.861616406570477 2.7570336295900813e-09 617624804.9638788 33308639909572.707 14855653399669.467
27.799146414627494 2.7859481248885e-09 625504645.4355162 33733601418089.195 15078919833885.541
27.736955930478437 2.7862099282308058e-09 626966034.4357986 33812414444358.54 15147961671073.135
27.675043082419336 2.7941657788841225e-09 630162910.9290866 33984822688157.188 15259185386980.932
27.613406015420622 2.875018299245056e-09 649844742.250087 35046268127140.965 15770820657214.06
27.552042890941912 2.736277515770039e-09 619862424.8038416 33429315233660.766 15076621170381.156
27.490951886749137 2.7645672838620277e-09 627662758.761799 33849988938621.836 15300195000257.01
27.430131196734205 2.8418193265936923e-09 646632537.0345404 34873033202020.77 15797484040514.727
27.369579030736997 2.674305014043152e-09 609862311.9634027 32890006975669.49 14932063166954.215
27.309293614369736 2.7567550129446916e-09 630052415.7183108 33978863657435.168 15460382964133.088
27.24927318884365 2.8009478834401867e-09 641562660.8950958 34599613680399.11 15777423838261.693
27.189516010797938 2.8231793736450397e-09 648076047.1649303 34950882016952.66 15972553081747.357
27.130020352130984 2.991278472996216e-09 688169944.1017708 37113154589082.984 16997824801800.473
27.070784499833756 3.468713564767766e-09 799754278.0716593 43130921961573.62 19797093180361.13
27.0118067558254 3.486962012150846e-09 805717055.344544 43452495835302.86 19988148084240.04
26.953085436791 3.740161943715477e-09 866105694.1494074 46709268245371.59 21532972661114.426
26.894618874021383 3.3469820657204834e-09 776742316.4108523 41889881869899.29 19353125423893.902
26.836405413255104 3.4718446155195876e-09 807467238.4052763 43546883587992.25 20162207101240.32
26.77844341452237 3.7321844758659965e-09 869894827.175977 46913617012676.78 21767918293881.703
26.720731251991072 4.186861313252803e-09 977978283.6115366 52742581299181.75 24525300304118.94
26.663267313814746 5.655038014893061e-09 1323765739.3798678 71390973910466.6 33268193842278.68
26.606050001982528 5.71984887915805e-09 1341816495.7445686 72364455122709.05 33794200542303.91
26.549077732171 3.9673550684718736e-09 932697056.7366037 50300554896552.055 23540659691586.188
26.492348933597984 3.3136286235817073e-09 780678719.9551034 42102172968217.29 19745919122094.266
26.43586204887816 3.5200207744542836e-09 831075968.8159572 44820107547994.21 21065450547556.9
26.379615533880546 3.3303645373346735e-09 787974723.6299691 42495648031446.39 20015450222811.19
26.323607857587806 3.057785278123899e-09 725020936.2129287 39100536599449.055 18455453274940.08
26.267837501957324 2.6941588968183286e-09 640159006.3604817 34523914286405.965 16329811457470.574
26.212302961784054 2.9393294780317897e-09 699893670.6890086 37745417710891.1 17891327994960.324
26.157002744565094 3.2102638622476283e-09 766022854.066559 41311778936887.76 19623094995022.016
26.10193537036601 2.78013039426448e-09 664785335.2476687 35852017553317.33 17065560355378.56
26.04709937168877 2.8493687699155926e-09 682776032.895179 36822259785894.055 17564217917871.764
25.992493293341415 3.0240835864659066e-09 726164184.8634114 39162192247538.29 18719527894323.652
25.93811569230932 2.9555679223516768e-09 711199587.7490668 38355148274130.055 18372116023307.582
25.88396513762809 2.7771549881075987e-09 669666056.4217545 36115235906563.61 17335313235150.576
25.83004021025803 2.874127153331358e-09 694496194.4114012 37454330642647.78 18015533039114.188
25.776339502960198 3.1559951084952027e-09 764194755.714272 41213189195597.87 19864757192277.81
25.722861620173973 2.9067988789209598e-09 705317529.2346212 38037927580579.44 18372319021420.06
25.66960517789618 2.981678224452112e-09 724987568.3301452 39098737062281.43 18923788738144.164
25.616568803561684 3.693589104057417e-09 899946303.1039913 48534299638103.33 23539135324480.562
25.563751135925475 4.283861524826766e-09 1045923251.4445413 56406868175336.945 27413737933210.855
25.5111508249462 4.2526837635295235e-09 1040451914.2317249 56111797770811.65 27326445514385.363
25.458766531671156 4.68023363338067e-09 1147411371.4977355 61880144537916.055 30197510534503.062
25.40659692812265 4.184940291709899e-09 1028091440.368965 55445194730102.445 27112700223020.176
25.354640697185793 3.710243682312984e-09 913343092.4827433 49256791399727.664 24135827785866.46
25.30289653249766 3.4684398561551895e-09 855564790.157078 46140795003072.96 22655130346509.32
25.251363138337787 3.87717531051978e-09 958339934.6813309 51683480874980.0 25428272590489.723
25.200039229520026 4.432956649189647e-09 1097946660.8728833 59212501947798.945 29191763460265.473
25.148923531285707 5.8752982840188685e-09 1458140909.8518589 78637856046783.6 38847100887108.95
25.09801477919808 7.812161390433674e-09 1942767415.9633162 104773868805605.56 51863065058774.38
25.047311719038085 8.973242889391364e-09 2236028206.2352624 120589486935347.39 59812385519935.99
24.996813106701318 6.797353784608375e-09 1697243703.2486913 91532721639323.75 45491762654743.19
24.946517708096284 3.890703766372735e-09 973435564.9139043 52497591492921.02 26143800563473.31
24.89642429904388 3.586118396171184e-09 899035046.1918354 48485155354861.85 24194092522075.723
24.84653166517806 4.419515885780173e-09 1110191505.7124841 59872869090168.99 29936434545084.8
24.796838601847703 3.2049440177616948e-09 806701951.3273387 43505611489621.84 21796311356299.85
24.747343914019662 2.9254176427009294e-09 737816320.0202634 39790594427952.586 19974878402831.695
24.69804641618297 3.2188169721971e-09 813434625.2910277 43868706059144.82 22065959147750.977
24.648944932254178 3.2449643656004e-09 821675943.6787258 44313162150204.88 22333833723702.51
24.60003829548383 2.735265268553114e-09 693989089.3100127 37426982354362.234 18900626088952.47
24.55132534836406 2.8113090462169416e-09 714698093.1981435 38543823433042.734 19503174657119.51
24.502804942537253 3.002864929071616e-09 764907589.1006839 41251632454988.83 20914577654679.656
24.45447593870582 2.7982832122971877e-09 714204005.5705732 38517177179948.23 19566726007414.465
24.406337206543014 2.7589710127821697e-09 705559274.6486936 38050964963279.12 19367941166307.785
24.358387624604813 2.6460870608647723e-09 678023219.1438173 36565939507742.93 18648629148949.633
24.310626080242844 2.9343015671117416e-09 753351360.45764 40628402533699.72 20761113694719.04
24.263051469518295 3.0167868220868313e-09 776047273.9263732 41852398077714.61 21428427815790.63
24.215662697116894 2.617972441951099e-09 674772984.774983 36390653662124.164 18668405328668.938
24.168458676264812 2.5930990457140875e-09 669667350.7656968 36115305710813.61 18563267135358.312
24.12143832864562 3.4562695954528947e-09 894320910.1424464 48230920973580.78 24838924301393.152
24.07460058431815 3.92738997227762e-09 1018201918.9110891 54911850689398.56 28334514955729.98
24.027944381635365 4.008365986662049e-09 1041213343.4465864 56152861813788.25 29031029557730.1
23.98146866716412 4.996653240630517e-09 1300446258.4936123 70133349240155.836 36329074906399.41
