string
integrated and resized binned spectra ROIsize spatial in px50:1600
converted file:an 22 2019_17.45.40_67 binning:0.1
nm muJ
23.8 2.8949271691478174e-05
23.900000000000002 0.00030400218280056943
24.000000000000004 0.0004184242273536932
24.100000000000005 0.0004098130409010064
24.200000000000006 0.0004122186070912388
24.300000000000008 0.00040523550925457774
24.40000000000001 0.0004059558909770072
24.50000000000001 0.0003969435475959854
24.600000000000012 0.00039729832777161175
24.700000000000014 0.00040205550963027815
24.800000000000015 0.0003893978740905337
24.900000000000016 0.00039156512556833554
25.000000000000018 0.00039130468277387436
25.10000000000002 0.00038436641792176656
25.20000000000002 0.0003826570675294195
25.300000000000022 0.0003811262893390249
25.400000000000023 0.00037422347582035146
25.500000000000025 0.00037362126717078764
25.600000000000026 0.00036405377209969075
25.700000000000028 0.0003733980598720679
25.80000000000003 0.00036650157179227437
25.90000000000003 0.000358185820789917
26.000000000000032 0.00036442433434609066
26.100000000000033 0.000365937716741377
26.200000000000035 0.0003653796016539487
26.300000000000036 0.0003695744087848788
26.400000000000038 0.0003646234120019278
26.50000000000004 0.00036159621051018844
26.60000000000004 0.0003658890780616896
26.700000000000042 0.0003676177703009223
26.800000000000043 0.00037286552372195643
26.900000000000045 0.0003926309250338586
27.000000000000046 0.00037825799357641657
27.100000000000048 0.0003749790489168473
27.20000000000005 0.0003739069446649796
27.30000000000005 0.00037569759244948105
27.400000000000052 0.00038426168118911667
27.500000000000053 0.00038459699825938885
27.600000000000055 0.000388814514019937
27.700000000000056 0.00039872380722602547
27.800000000000058 0.0004055146142508629
27.90000000000006 0.00041497092193558605
28.00000000000006 0.0004250978328257499
28.100000000000062 0.00043808397287498405
28.200000000000063 0.0004472645052284654
28.300000000000065 0.00046021922292085766
28.400000000000066 0.0004720970967343059
28.500000000000068 0.0004866215360868478
28.60000000000007 0.0004982364313501301
28.70000000000007 0.0005134154389721582
28.80000000000007 0.0005263797734153932
28.900000000000073 0.0005408203431419308
29.000000000000075 0.0005624541537850684
29.100000000000076 0.0005859076524058928
29.200000000000077 0.0006134029328226798
29.30000000000008 0.0006216502847754327
29.40000000000008 0.0006421213616165339
29.50000000000008 0.00065570461508546
29.600000000000083 0.0006727274975413776
29.700000000000085 0.0006943339524485238
29.800000000000086 0.0007077079651641066
29.900000000000087 0.0007246437239939406
30.00000000000009 0.00075078291182795
30.10000000000009 0.0007967640076311314
30.20000000000009 0.0008182094189786934
30.300000000000093 0.0008488789592238437
30.400000000000095 0.0008689497636457822
30.500000000000096 0.0008936813335507933
30.600000000000097 0.0009289145033691778
30.7000000000001 0.0009535166925338886
30.8000000000001 0.0009766204082392355
30.9000000000001 0.0010057468918682074
31.000000000000103 0.001048871624325074
31.100000000000104 0.0010385543983181197
31.200000000000106 0.0010568277934291405
31.300000000000107 0.0010933327589978264
31.40000000000011 0.0011041235913513763
31.50000000000011 0.0011133371969894073
31.60000000000011 0.0011525104124248016
31.700000000000113 0.0011584640454468068
31.800000000000114 0.0011597785225746545
31.900000000000116 0.0012006911639225895
32.000000000000114 0.0011926585718635726
32.100000000000115 0.0012408729889636795
32.20000000000012 0.0012456222905807904
32.30000000000012 0.0012442383437937762
32.40000000000012 0.0012881454079713892
32.50000000000012 0.001284104771203145
32.60000000000012 0.0013353231519338208
32.700000000000124 0.0013360609188013402
32.800000000000125 0.0013844029561853473
32.90000000000013 0.0013929041516695087
33.00000000000013 0.0014516360327330188
33.10000000000013 0.0014302875535145538
33.20000000000013 0.001461562075491445
33.30000000000013 0.0014334902551841223
33.400000000000134 0.0014920171936597514
33.500000000000135 0.001503294797027033
33.600000000000136 0.0015605316015025955
33.70000000000014 0.0015418128078866504
33.80000000000014 0.0015253788152274994
33.90000000000014 0.0015610441724837603
34.00000000000014 0.001571988756528613
34.10000000000014 0.0016243401343188771
34.200000000000145 0.0016432822226206893
34.300000000000146 0.0017012481012130215
34.40000000000015 0.001785742380021153
34.50000000000015 0.0017888751840542134
34.60000000000015 0.0018359970287292928
34.70000000000015 0.0018541930917094726
34.80000000000015 0.0018243271882210639
34.900000000000155 0.001823962271566649
35.000000000000156 0.00190467815914943
35.10000000000016 0.0019355315142042305
35.20000000000016 0.0018956907338199152
35.30000000000016 0.0019256661595387738
35.40000000000016 0.0019329617676258953
35.50000000000016 0.0019919393582676155
35.600000000000165 0.002008271979084888
35.700000000000166 0.002107976951899167
35.80000000000017 0.0021783734600776144
35.90000000000017 0.00222062199472152
36.00000000000017 0.0022042271059490065
36.10000000000017 0.002287077933859527
36.20000000000017 0.00228823723323462
36.300000000000175 0.002303612540521153
36.400000000000176 0.0022680927820865147
36.50000000000018 0.0022572590076481085
36.60000000000018 0.0023138175573393554
36.70000000000018 0.002441397127449125
36.80000000000018 0.0024688763697855768
36.90000000000018 0.0024357355906581683
37.000000000000185 0.0024261451828459304
37.100000000000186 0.0024640562865976736
37.20000000000019 0.0025703597694686927
37.30000000000019 0.002777188371259928
37.40000000000019 0.0032038293182490986
37.50000000000019 0.0032197411630692304
37.60000000000019 0.0032453578376524478
37.700000000000195 0.0032317862383541823
37.800000000000196 0.0031707672328791445
37.9000000000002 0.0031186152717061536
38.0000000000002 0.0030949324433354533
38.1000000000002 0.0031191801254563936
38.2000000000002 0.00304515571176264
38.3000000000002 0.0030569373210723168
38.400000000000205 0.003140789391232047
38.500000000000206 0.0033716957940120424
38.60000000000021 0.0034519949769955234
38.70000000000021 0.0033200817430332707
38.80000000000021 0.0032951433344904665
38.90000000000021 0.0032674714260638492
39.00000000000021 0.0035330591007564295
39.100000000000215 0.0037611045345818757
39.200000000000216 0.0045501395012306645
39.30000000000022 0.005196244228359987
39.40000000000022 0.005624335230012972
39.50000000000022 0.0055149311327206164
39.60000000000022 0.0051119212349716595
39.70000000000022 0.0045019477763516705
39.800000000000225 0.0042820345073624425
39.900000000000226 0.0043789923957670025
40.00000000000023 0.004679327046874303
40.10000000000023 0.004546562428782476
40.20000000000023 0.004601931184167598
40.30000000000023 0.0046086740657275
40.40000000000023 0.004708043449369195
40.500000000000234 0.005081284768300091
40.600000000000236 0.005420487365486101
40.70000000000024 0.005047625528252292
40.80000000000024 0.004807005361648586
40.90000000000024 0.004798135589888743
41.00000000000024 0.004772269439414879
41.10000000000024 0.005967358980880457
41.200000000000244 0.007594309760969683
41.300000000000246 0.00891429069428177
41.40000000000025 0.00982243708705107
41.50000000000025 0.009984409470617862
41.60000000000025 0.008792609973079684
41.70000000000025 0.007013629397144386
41.80000000000025 0.00622553739791947
41.900000000000254 0.005386436966351175
42.000000000000256 0.005359435339792969
42.10000000000026 0.0059087409769170395
42.20000000000026 0.006956175544620703
42.30000000000026 0.006318147237567388
42.40000000000026 0.006481155725550698
42.50000000000026 0.006368431092608284
42.600000000000264 0.0064548967170716355
42.700000000000266 0.006709299483359409
42.80000000000027 0.007519711873635203
42.90000000000027 0.0069042894447477205
43.00000000000027 0.007087691356227296
43.10000000000027 0.005968107857704359
43.20000000000027 0.006335984198070134
43.300000000000274 0.007552916039920872
43.400000000000276 0.009684460530295093
43.50000000000028 0.011477973344495861
43.60000000000028 0.011954680878916522
43.70000000000028 0.013235570776533067
43.80000000000028 0.013449101456687394
43.90000000000028 0.010497695964187936
44.000000000000284 0.009084038954398984
44.100000000000286 0.007564985078599072
44.20000000000029 0.007537624785925069
44.30000000000029 0.0065792660890314665
44.40000000000029 0.0067020312488627505
44.50000000000029 0.007886113870536803
44.60000000000029 0.00869795127972458
44.700000000000294 0.009516031896273742
44.800000000000296 0.009505480308516405
44.9000000000003 0.009172841738963508
45.0000000000003 0.00840583041965526
45.1000000000003 0.008470641653081135
45.2000000000003 0.009053108883840099
45.3000000000003 0.008982621587645715
45.400000000000304 0.009159135730559112
45.500000000000306 0.0078695639971773
45.60000000000031 0.008684196103243934
45.70000000000031 0.007879073303587412
45.80000000000031 0.011821355743819099
45.90000000000031 0.014314320685311976
46.00000000000031 0.014598643481763117
46.100000000000314 0.015430213944467254
46.200000000000315 0.015515944692622782
46.30000000000032 0.015764662076501162
46.40000000000032 0.014237537048946087
46.50000000000032 0.01348362910107698
46.60000000000032 0.011199625534033761
46.70000000000032 0.009643849134288411
46.800000000000324 0.00931003622624285
46.900000000000325 0.008508607324632792
47.00000000000033 0.00833199465802433
47.10000000000033 0.008646875187038307
47.20000000000033 0.009021032559666521
47.30000000000033 0.01058671305281479
47.40000000000033 0.012442822988929698
47.500000000000334 0.013185828117797423
47.600000000000335 0.013048862840432976
47.70000000000034 0.01162929574151703
47.80000000000034 0.010480320438828473
47.90000000000034 0.01005906068600197
48.00000000000034 0.011627691550817233
48.10000000000034 0.011928406206305543
48.200000000000344 0.010025947867706395
48.300000000000345 0.011697301853415292
48.40000000000035 0.010431625463619525
48.50000000000035 0.014787271774724347
48.60000000000035 0.018010716932138703
48.70000000000035 0.017542110032565405
48.80000000000035 0.016612061155200707
48.900000000000354 0.01717884365333996
49.000000000000355 0.01612834914935881
49.10000000000036 0.018234315708787554
49.20000000000036 0.019007249749440677
49.30000000000036 0.019292524214442993
49.40000000000036 0.018105540770493752
49.50000000000036 0.013806663521464889
49.600000000000364 0.012054736467080506
49.700000000000365 0.010645734571386881
49.80000000000037 0.01019011761835242
49.90000000000037 0.009558198863514883
50.00000000000037 0.00910681559038802
50.10000000000037 0.009768855868456279
50.20000000000037 0.009624054385267129
50.300000000000374 0.009326413486236479
50.400000000000375 0.011404904708881542
50.50000000000038 0.013098797799160022
50.60000000000038 0.013590915507403259
50.70000000000038 0.01360432875559214
50.80000000000038 0.012917525115487542
50.90000000000038 0.010790435064941576
51.000000000000384 0.010904442804397278
51.100000000000385 0.010013172941325442
51.20000000000039 0.011342024444016769
51.30000000000039 0.011197974647578808
51.40000000000039 0.011835156401397677
51.50000000000039 0.013101077599447803
51.60000000000039 0.01768734559197692
51.700000000000394 0.017435990414492456
51.800000000000395 0.015855363165606283
