string
integrated and resized binned spectra ROIsize spatial in px50:1600
converted file:an 22 2019_17.28.09_65 binning:0.1
nm muJ
23.8 3.818807340850115e-05
23.900000000000002 0.0003363963748692563
24.000000000000004 0.0004484518650993738
24.100000000000005 0.0004392563480105631
24.200000000000006 0.0004451263833148123
24.300000000000008 0.0004381638027799705
24.40000000000001 0.00043813721929388417
24.50000000000001 0.00043074525015245036
24.600000000000012 0.0004296721067893671
24.700000000000014 0.000440336688795843
24.800000000000015 0.0004330105852531953
24.900000000000016 0.00044019868559836957
25.000000000000018 0.0004400954479655482
25.10000000000002 0.000430979636932583
25.20000000000002 0.00042321114016804373
25.300000000000022 0.00042552388028170275
25.400000000000023 0.00042382712893833374
25.500000000000025 0.00042357164828404556
25.600000000000026 0.0004121107633563025
25.700000000000028 0.00041803685970739744
25.80000000000003 0.00041598049574394127
25.90000000000003 0.0004099694427821931
26.000000000000032 0.00041608841965641124
26.100000000000033 0.0004197635098116756
26.200000000000035 0.0004221564987534514
26.300000000000036 0.0004216827875006843
26.400000000000038 0.00041900004647640995
26.50000000000004 0.00042091021728514916
26.60000000000004 0.000424237234956035
26.700000000000042 0.00042154089233239047
26.800000000000043 0.0004284298205238261
26.900000000000045 0.0004431546112292283
27.000000000000046 0.00042819835282486445
27.100000000000048 0.00042665287940010896
27.20000000000005 0.00042228028102393863
27.30000000000005 0.0004252071692219049
27.400000000000052 0.00043319191699492496
27.500000000000053 0.00043331696876745135
27.600000000000055 0.00043581982432326893
27.700000000000056 0.00044227176417591856
27.800000000000058 0.000452948789207647
27.90000000000006 0.00046078975986070075
28.00000000000006 0.0004629091637645124
28.100000000000062 0.00047795209698233543
28.200000000000063 0.0004886702698586994
28.300000000000065 0.0005005685882782126
28.400000000000066 0.0005081598608792935
28.500000000000068 0.0005164360971209697
28.60000000000007 0.0005314360100801298
28.70000000000007 0.0005482744461774205
28.80000000000007 0.0005598283172931016
28.900000000000073 0.0005743542255067843
29.000000000000075 0.0005952722570353823
29.100000000000076 0.0006090634776536103
29.200000000000077 0.0006335452420531413
29.30000000000008 0.0006428704926961012
29.40000000000008 0.0006636144536557573
29.50000000000008 0.0006786126105798362
29.600000000000083 0.0006965686705138696
29.700000000000085 0.0007231548867550728
29.800000000000086 0.0007406651717996969
29.900000000000087 0.0007539391926097048
30.00000000000009 0.0007720181399145789
30.10000000000009 0.000827032718953396
30.20000000000009 0.0008327483652921039
30.300000000000093 0.0008561828782193006
30.400000000000095 0.0008734483689652795
30.500000000000096 0.0009099000808151912
30.600000000000097 0.0009486485215881876
30.7000000000001 0.0009698172565783111
30.8000000000001 0.0009834761792759873
30.9000000000001 0.001007598515096291
31.000000000000103 0.0010549496798269945
31.100000000000104 0.0010472003231072646
31.200000000000106 0.0010565547683938177
31.300000000000107 0.0010982913561717244
31.40000000000011 0.0010964218686137864
31.50000000000011 0.0010942210479253128
31.60000000000011 0.0011276258290141316
31.700000000000113 0.0011277986865062164
31.800000000000114 0.001133742709487811
31.900000000000116 0.0011783623592246297
32.000000000000114 0.0011729732511377197
32.100000000000115 0.0012058258700368486
32.20000000000012 0.0012128939545046106
32.30000000000012 0.0012202017382005107
32.40000000000012 0.0012649657635704571
32.50000000000012 0.0012472585084599543
32.60000000000012 0.0012914694140074674
32.700000000000124 0.0012853015081714357
32.800000000000125 0.001322609698163466
32.90000000000013 0.0013215002961786005
33.00000000000013 0.00136883012073432
33.10000000000013 0.0013521068940437735
33.20000000000013 0.0013874504570805368
33.30000000000013 0.0013840514309953623
33.400000000000134 0.0014272234654437428
33.500000000000135 0.0014126034621042291
33.600000000000136 0.001455680819287143
33.70000000000014 0.0014627043448180628
33.80000000000014 0.0014551789371795459
33.90000000000014 0.0014885746097080019
34.00000000000014 0.0014774358419074045
34.10000000000014 0.00152234125922424
34.200000000000145 0.0015287993225583316
34.300000000000146 0.0015562439709503678
34.40000000000015 0.0016154398646918452
34.50000000000015 0.0015997567396647118
34.60000000000015 0.0016558614235426775
34.70000000000015 0.0016818918086059786
34.80000000000015 0.0016838132549438656
34.900000000000155 0.001667923333804104
35.000000000000156 0.0017010153191272467
35.10000000000016 0.0017156890787137532
35.20000000000016 0.001705768742545075
35.30000000000016 0.0017486749112896377
35.40000000000016 0.0017694148167946842
35.50000000000016 0.00178019095458522
35.600000000000165 0.001777130998373944
35.700000000000166 0.0018336353683592818
35.80000000000017 0.0018474132500423855
35.90000000000017 0.0018611641617081712
36.00000000000017 0.0018491980421774452
36.10000000000017 0.001910547427296487
36.20000000000017 0.0019160427397327683
36.300000000000175 0.0019447639552684492
36.400000000000176 0.0019604546114047757
36.50000000000018 0.001977328367642297
36.60000000000018 0.001963794129855505
36.70000000000018 0.0020171050127865036
36.80000000000018 0.002037371594899948
36.90000000000018 0.002058004476226805
37.000000000000185 0.0020802389240174683
37.100000000000186 0.0021053601861036313
37.20000000000019 0.002123570627380539
37.30000000000019 0.002185060894153514
37.40000000000019 0.0022932558193372162
37.50000000000019 0.0022209837037924637
37.60000000000019 0.0022015057918447073
37.700000000000195 0.0022453300868095567
37.800000000000196 0.002276697728846558
37.9000000000002 0.002280134714290031
38.0000000000002 0.0022872160557230324
38.1000000000002 0.002306109786031448
38.2000000000002 0.0023276891304421505
38.3000000000002 0.002339663831556918
38.400000000000205 0.002364723806759598
38.500000000000206 0.0023969419550099575
38.60000000000021 0.002420659333480383
38.70000000000021 0.002430487062305662
38.80000000000021 0.0024417625878469557
38.90000000000021 0.0024521052002224072
39.00000000000021 0.002534666191025594
39.100000000000215 0.0025064738698069387
39.200000000000216 0.00252798193435113
39.30000000000022 0.002563925481784982
39.40000000000022 0.0025968739957070927
39.50000000000022 0.0026229760829354467
39.60000000000022 0.0026530218521412445
39.70000000000022 0.002640377074205767
39.800000000000225 0.0026465054622101087
39.900000000000226 0.002669543876444865
40.00000000000023 0.00275646284346716
40.10000000000023 0.0027039771785722466
40.20000000000023 0.002705374910626097
40.30000000000023 0.0027072118076393063
40.40000000000023 0.0027133899749604636
40.500000000000234 0.002723466481549138
40.600000000000236 0.0028145498141321132
40.70000000000024 0.0027705785806022764
40.80000000000024 0.0027696826440241733
40.90000000000024 0.0027602350023470876
41.00000000000024 0.0028409482673485927
41.10000000000024 0.0027996949316424387
41.200000000000244 0.0028520762197149006
41.300000000000246 0.0028890333399292853
41.40000000000025 0.002929311684194238
41.50000000000025 0.003019312922314529
41.60000000000025 0.0030570287078273196
41.70000000000025 0.003029639217598915
41.80000000000025 0.0029225327207670062
41.900000000000254 0.0028389582336255663
42.000000000000256 0.0028414021645461855
42.10000000000026 0.0027921263397129217
42.20000000000026 0.0028418356088835244
42.30000000000026 0.002776008851793992
42.40000000000026 0.0027254454250653097
42.50000000000026 0.002823961817174202
42.600000000000264 0.002789523876184708
42.700000000000266 0.002723626255379297
42.80000000000027 0.002827026388719605
42.90000000000027 0.0027690871511047905
43.00000000000027 0.0027877092279318463
43.10000000000027 0.002784526852685827
43.20000000000027 0.002774604837868022
43.300000000000274 0.0028913777750985315
43.400000000000276 0.003010442628055654
43.50000000000028 0.003104357966810027
43.60000000000028 0.003175924303890188
43.70000000000028 0.003083176316376176
43.80000000000028 0.0033206326046088647
43.90000000000028 0.003675724073442399
44.000000000000284 0.003897512779001205
44.100000000000286 0.0031078309219446914
44.20000000000029 0.0028918985526707685
44.30000000000029 0.0030960148989292546
44.40000000000029 0.0029355921119207755
44.50000000000029 0.0027570336295900813
44.60000000000029 0.0027859481248885
44.700000000000294 0.002786209928230806
44.800000000000296 0.0027941657788841225
44.9000000000003 0.0028750182992450563
45.0000000000003 0.002736277515770039
45.1000000000003 0.002764567283862028
45.2000000000003 0.0028418193265936924
45.3000000000003 0.002674305014043152
45.400000000000304 0.002756755012944692
45.500000000000306 0.0028009478834401867
45.60000000000031 0.0028231793736450397
45.70000000000031 0.0029912784729962164
45.80000000000031 0.003468713564767766
45.90000000000031 0.003486962012150846
46.00000000000031 0.003740161943715478
46.100000000000314 0.0033469820657204834
46.200000000000315 0.0034718446155195875
46.30000000000032 0.0037321844758659967
46.40000000000032 0.004186861313252804
46.50000000000032 0.005655038014893061
46.60000000000032 0.005719848879158051
46.70000000000032 0.003967355068471874
46.800000000000324 0.0033136286235817074
46.900000000000325 0.0035200207744542837
47.00000000000033 0.003330364537334674
47.10000000000033 0.0030577852781238993
47.20000000000033 0.0026941588968183287
47.30000000000033 0.00293932947803179
47.40000000000033 0.0032102638622476284
47.500000000000334 0.00278013039426448
47.600000000000335 0.0028493687699155928
47.70000000000034 0.003024083586465907
47.80000000000034 0.002955567922351677
47.90000000000034 0.0027771549881075988
48.00000000000034 0.0028741271533313582
48.10000000000034 0.003155995108495203
48.200000000000344 0.00290679887892096
48.300000000000345 0.0029816782244521125
48.40000000000035 0.003693589104057417
48.50000000000035 0.004283861524826766
48.60000000000035 0.004252683763529524
48.70000000000035 0.00468023363338067
48.80000000000035 0.004184940291709899
48.900000000000354 0.003710243682312984
49.000000000000355 0.0034684398561551895
49.10000000000036 0.00387717531051978
49.20000000000036 0.004432956649189647
49.30000000000036 0.0058752982840188685
49.40000000000036 0.007812161390433674
49.50000000000036 0.008973242889391364
49.600000000000364 0.006797353784608375
49.700000000000365 0.003890703766372735
49.80000000000037 0.003586118396171184
49.90000000000037 0.004419515885780173
50.00000000000037 0.003204944017761695
50.10000000000037 0.0029254176427009294
50.20000000000037 0.0032188169721971
50.300000000000374 0.0032449643656004
50.400000000000375 0.002735265268553114
50.50000000000038 0.002811309046216942
50.60000000000038 0.003002864929071616
50.70000000000038 0.002798283212297188
50.80000000000038 0.0027589710127821697
50.90000000000038 0.0026460870608647725
51.000000000000384 0.0029343015671117415
51.100000000000385 0.0030167868220868314
51.20000000000039 0.002617972441951099
51.30000000000039 0.0025930990457140876
51.40000000000039 0.003456269595452895
51.50000000000039 0.00392738997227762
51.60000000000039 0.004008365986662049
51.700000000000394 0.0049966532406305175
51.800000000000395 0.0044778082862900435
