string
20190122an 22 2019_15.45.   full spectra  index number  Nphoton via eV
eV x-axis E [J] Nphoton Nphoton/sr Nphoton/sr @ 0.1bw
51.660080420516415 4.894885075939302e-10 59139329.54185237 3189396890104.375 768644650515.1656
51.4457232403483 4.761093486302063e-10 57762556.5801126 3115147225176.316 753865628492.6514
51.233137607123716 4.811509753959858e-10 58616433.68327452 3161197002853.0933 768170871693.2996
51.02230164989275 4.712834384755683e-10 57651565.80801648 3109161468724.628 758635398368.8162
50.813193856245654 4.742980565386134e-10 58259107.433017395 3141926320548.2456 769771948534.2988
50.605793064995666 4.700563040056367e-10 57974714.82529829 3126588965430.175 769140885495.8036
50.400078459040394 4.6491063648313234e-10 57574111.515871614 3104984341922.4507 766931132454.8374
50.1960295583965 4.710796247072669e-10 58575220.061774366 3158974343292.0054 783425637136.389
49.99362621340296 4.5617901460606343e-10 56952086.40217457 3071438392406.939 764788159709.334
49.79284859808809 4.6485254315443067e-10 58268952.867456235 3142457286966.435 785614321741.6125
49.59367720369574 4.6118139637199456e-10 58040940.85689817 3130160549701.8423 785670297975.1454
49.39609283236627 4.5696901630050864e-10 57740844.50199204 3113976288086.3643 784722024597.7191
49.20007659096798 4.500591699261988e-10 57094307.64605856 3079108414986.9106 779014428991.6816
49.005609885074826 4.4919844594341346e-10 57211247.99652178 3085415033492.471 783695418507.0853
48.81267441308634 4.445252599168627e-10 56839836.028883375 3065384705389.155 781673099874.2289
48.621252160486 4.435287574392784e-10 56935694.095657475 3070554351755.2734 786061914049.34
48.4313253942341 4.323337841517285e-10 55716239.2690634 3004788888032.701 772230744224.425
48.24287665729156 4.377522315647962e-10 56634901.20460548 3054332525794.1284 788017791654.8497
48.05588876327104 4.2984464630255185e-10 55828233.10403303 3010828739883.0713 779804643629.6978
47.87034479121208 4.223100090360011e-10 55062229.71433629 2969518010663.877 772074682772.6086
47.686228080476646 4.30705007336908e-10 56373620.04720841 3040241576212.846 793503051391.5515
47.503522225762175 4.303822496030421e-10 56548034.441130064 3049647782368.252 799007718980.4531
47.322211072228725 4.253916211250308e-10 56106461.2809275 3025833645907.558 795794248873.7036
47.142278710737365 4.2862000074420387e-10 56748036.11127996 3060433915889.4365 807954553794.7823
46.96370947319669 4.2944537592956523e-10 57073500.87825026 3077986301478.7764 815666369891.8518
46.78648792801481 4.218456052606805e-10 56275849.3282412 3034968780098.4326 807301695506.1827
46.61059887565385 4.2387368460232556e-10 56759785.676714346 3061067572505.885 817305041859.0508
46.436027344284355 4.2723186679983336e-10 57424544.026145644 3096918134708.2627 829974060101.8297
46.26275858553703 4.304263445859899e-10 58070597.42808612 3131759935028.844 842443422522.73
46.09077807034915 4.4955020051943595e-10 60876984.37764308 3283108992900.9355 886439428083.2638
45.92007148490342 4.3388438313289397e-10 58973979.9994489 3180479553360.6675 861909958960.6975
45.75062472665653 4.2903865678623724e-10 58531327.00002362 3156607180936.099 858597153214.611
45.58242390045559 4.275854994206181e-10 58548332.147977635 3157524272259.5967 862004126326.8602
45.41545531473963 4.344726198519461e-10 59710088.515303664 3220178045538.957 882328784477.695
45.24970547782453 4.370780031793001e-10 60288179.29390768 3251354606818.2466 894122516875.0004
45.0851610942688 4.323014887099762e-10 59846957.98561339 3227559445807.4053 890806407042.8386
44.92180906131855 4.4082033992565445e-10 61248204.58344234 3303128979246.607 914966727251.2603
44.7596364654293 4.4887878209440265e-10 62593826.484853745 3375698660723.646 938444227681.1672
44.59863057886301 4.589583238765711e-10 64230411.14256221 3463960026858.918 966444847493.6561
44.43877885635813 4.695012983473862e-10 65942233.9913362 3556279004983.7134 995758121395.4044
44.28006893187113 4.794628171393529e-10 67582712.61455363 3644750373524.841 1024174854960.4941
44.1224886153876 4.914896764978756e-10 69525380.64209872 3749518882291.4595 1057364324806.1547
43.96602588980112 5.003910392312168e-10 71036456.17617972 3831011514122.872 1084176258496.7781
43.81066890785836 5.111474731135283e-10 72820777.06112894 3927240327088.6655 1115336252893.151
43.65640598916871 5.264118494731031e-10 75260422.47503242 4058810934269.0293 1156761116266.6646
43.50322561727689 5.355137092452558e-10 76831287.07878752 4143528003617.033 1185049009034.469
43.3511164367969 5.502775037782601e-10 79226495.69681488 4272702124741.985 1226265509800.9368
43.20006725060597 5.665826901360604e-10 81859267.48608515 4414688079302.235 1271430166839.0554
43.05006701709692 5.769027248133743e-10 83640714.32206312 4510761894182.627 1303610187418.7632
42.90110484748759 5.954188160833056e-10 86624961.14716238 4671702973782.45 1354793862396.8545
42.7531700031859 6.125311400030914e-10 89422915.54157043 4822597262123.402 1403375803277.8606
42.60625189320931 6.324160676494726e-10 92644264.88694024 4996325332151.511 1458926996988.2764
42.46034007165723 6.608920045033907e-10 97148478.77210881 5239238565510.963 1535096899694.6545
42.315424235235184 6.636986496844814e-10 97895157.54296367 5279507113837.777 1552175091468.3027
42.17149422082962 6.884504989220346e-10 101892614.15592653 5495090817415.076 1621051791137.4436
42.028540003131894 7.062444002636277e-10 104881692.8667271 5656292481660.489 1674262574571.4448
41.8865516923105 7.238708782995483e-10 107863739.1804217 5817114887202.202 1727683121499.091
41.74551953173033 7.41707542478204e-10 110894957.78963721 5980589165323.95 1782215571266.4875
41.60543389571781 7.542413956578099e-10 113148625.79723617 6102129970579.057 1824536861203.0864
41.46628528737092 7.827032887628368e-10 117812399.71117228 6353648310954.07 1906094493286.2454
41.32806433641302 8.012724036309918e-10 121010789.82439706 6526138184604.744 1964367593565.9797
41.19076179708939 8.511001980067181e-10 128964400.1251343 6955078116030.942 2100433591041.3877
41.05436854610565 8.656035686886462e-10 131597802.2631814 7097098065437.67 2150420713827.6072
40.91887558060695 8.940164646273752e-10 136367475.5182262 7354327580285.115 2235715584406.676
40.78427401619706 9.084097853698547e-10 139020242.7811815 7497391895085.181 2286704528000.839
40.650555084996405 9.334872009171278e-10 143327941.09064177 7729707000754.031 2365290342230.6265
40.51771013373824 9.770580255263616e-10 150509681.96854872 8117019846519.757 2491925092881.627
40.38573062190196 1.0020286518447522e-09 154860683.07248273 8351670281302.031 2572314446640.93
40.254608119882796 1.013862207407988e-09 157199914.81947586 8477825557611.232 2619648097301.9517
40.124334307197095 1.045269548509115e-09 162595841.14394698 8768829036545.185 2718337001328.9395
39.99490097072226 1.1001631900175445e-09 171688599.89230022 9259203491229.252 2879612285772.338
39.866300002970746 1.0879536704796191e-09 170330901.8843618 9185982542703.7 2866026553323.524
39.73852340039712 1.098975499372565e-09 172609724.57938176 9308879945716.23 2913679423009.0737
39.6115632617377 1.1418704622505207e-09 179921818.3600658 9703222751847.656 3046811944080.292
39.48541178638185 1.136639007407076e-09 179669706.95688763 9689626329103.512 3052232293667.5303
39.36006127277429 1.1450407905963571e-09 181574211.6095396 9792336678771.22 3094378390491.6523
39.235504116847785 1.175684179986983e-09 187025322.4613926 10086316271255.617 3197362257988.094
39.11173281048549 1.186235062056979e-09 189300897.9096861 10209038549546.73 3246474258755.643
38.98873994001226 1.189845666530467e-09 190476064.09122577 10272415517019.89 3276900549929.1694
38.86651818471441 1.2360645731347937e-09 198497251.45317912 10704999894038.469 3425599966092.5776
38.745060315387185 1.2269977707928462e-09 197658915.07367545 10659788230964.775 3421792022139.746
38.624359192909345 1.270732523472218e-09 205343912.77895615 11074241826762.4 3565905868217.471
38.50440776684441 1.27791435720799e-09 207147776.6600471 11171524597755.799 3608402445075.07
38.3851990740678 1.278338060954611e-09 207859987.70131356 11209934293937.857 3632018711235.621
38.266726237419434 1.31684297221421e-09 214783866.27800685 11583340569779.014 3764585685178.174
38.14898246438122 1.313485561839499e-09 214897478.37640545 11589467694927.672 3778166468546.3574
38.03196104577882 1.3579540948186253e-09 222856519.8783292 12018700532213.775 3930115074033.7563
37.91565535450732 1.343467356390291e-09 221155388.88906962 11926958168395.38 3912042279233.6816
37.800058844280166 1.3826760006048067e-09 228305788.97579604 12312580798484.01 4050839082701.3237
37.6851650484009 1.387150756847097e-09 229742962.19059652 12390087862181.479 4088728994519.907
37.57096757855726 1.429111131696623e-09 237411962.03781655 12803678690018.389 4238017646396.1562
37.45746012363715 1.4235793646995e-09 237209639.29332122 12792767380453.504 4247198770310.507
37.34463644856595 1.454638632121483e-09 243117295.7029785 13111368574053.98 4366085735159.7354
37.232490393164845 1.4536842780284902e-09 243689592.75902957 13142232678617.314 4389505714658.422
37.12101587102963 1.5133653735664028e-09 254456128.35413787 13722874282271.871 4597162884560.916
37.010206868429535 1.5028466315762788e-09 253444064.34498188 13668293450389.016 4592546599330.731
36.900057443225876 1.546491683368675e-09 261583003.1320881 14107228187347.371 4754135899135.665
36.790561723809766 1.5507543603645152e-09 263084684.94926885 14188214213985.584 4795616404326.969
36.681713908058846 1.5462949366013805e-09 263106567.784369 14189394360036.541 4810204688052.658
36.573508262312366 1.5836643948060513e-09 270262323.463443 14575305818383.969 4955603978250.26
36.46593912036438 1.5723522687235483e-09 269123377.1011671 14513882193632.395 4949233828028.754
36.35900088247475 1.6116013899416388e-09 276652543.5568044 14919931776282.697 5102616667488.762
36.25268801439734 1.6130222359268904e-09 277708463.48109204 14976877767196.22 5137069074148.288
36.14699504642534 1.6666316221860754e-09 287777206.8332163 15519887283592.547 5338841225555.636
36.04191657245317 1.7599927650338423e-09 304783870.7710277 16437060364425.666 5670785825727.019
35.937447249054756 1.7408858132879988e-09 302351436.6041356 16305878661363.256 5641834016831.619
35.83358179457772 1.8147780083396002e-09 316098373.9773842 17047253980399.81 5915397131198.565
35.730314988253284 1.848084147709979e-09 322829989.3724426 17410291461086.568 6058781428458.031
35.62764166932152 1.8628124667839273e-09 326340545.33683926 17599616506908.406 6142266160910.639
35.525556736171595 1.8908830297056586e-09 332210034.52681434 17916159334059.664 6270655766921.126
35.42405514549682 1.899398382789707e-09 334662278.4288715 18048409380443.156 6334991692535.471
35.32313191146407 1.910042419811873e-09 337499228.3565515 18201406706365.176 6406895160640.373
35.222782104897405 1.895867388148639e-09 335948939.748415 18117799304930.977 6395583154640.598
35.1230008524756 1.9531403058368455e-09 347080970.38984746 18718152135836.934 6626225856086.081
35.02378333594318 1.963179379771787e-09 349853240.61980397 18867661271609.176 6698019751421.216
34.92512479133489 1.980315441681259e-09 353903927.41904235 19086115690696.477 6794657185887.89
34.82702050821316 1.9838876963392716e-09 355541038.9981953 19174405473819.723 6845262754153.976
34.72946582891845 2.0137549168116935e-09 361907418.19053215 19517745686746.8 6987352955854.991
34.63245614783208 2.022914082504299e-09 364571839.55002123 19661438509504.766 7058456424912.089
34.53598691065149 2.038912495374003e-09 368481502.2891952 19872287470395.566 7154023489342.425
34.440053613677456 2.022670594695873e-09 366564426.94330245 19768899180510.426 7136572604164.686
34.34465180311326 2.1092993525555744e-09 383325822.7350037 20672844896939.766 7483569852691.389
34.249777074375366 2.14688548818619e-09 391237167.62931615 21099505445815.39 7659120476831.164
34.15542507141566 2.1771596181864048e-09 397850172.5127916 21456146235844.56 7810037229847.371
34.061591486054624 2.2322899176858493e-09 409048341.940821 22060065945880.22 8051924070246.148
33.968272057325706 2.3647160166260073e-09 434504734.0901808 23432934704850.305 8576454101975.15
33.87546257083028 2.256360825908596e-09 415730886.78751373 22420457041233.13 8228307734132.472
33.78315885810322 2.302338314483221e-09 425361188.1057188 22939821283489.453 8441854232324.123
33.69135679598881 2.3298307382586864e-09 431613325.663776 23277000420261.043 8589213155076.498
33.60005230602678 2.404035074085084e-09 446570284.4221665 24083632455473.258 8910944008525.08
33.50924135384833 2.4084255834251124e-09 448598287.2668493 24193003089466.945 8975604146191.613
33.41891994858189 2.4471294111239797e-09 457039253.30412877 24648226221642.02 9169140154451.217
33.3290841422685 2.4677731338900693e-09 462137091.7192719 24923153754866.855 9296336350565.547
33.23973002928655 2.6730207846902387e-09 501919215.7380533 27068612345794.156 10123661017326.13
33.150853745785774 2.792563950817059e-09 525771916.2433455 28354993666000.566 10633122624750.113
33.062451469130345 2.5953172747300964e-09 489941672.51488376 26422660837669.043 9934920474963.426
32.97451941735074 2.5049295376424343e-09 474139365.3479172 25570438979131.914 9640055495132.66
32.88705384860445 2.5859203380693637e-09 490771288.43345237 26467402204390.004 10004678033259.402
32.80005106064518 2.6628809834877785e-09 506717859.30177283 27327404235682.18 10357086205323.549
32.71350739030047 2.7187893902777435e-09 518725301.35518044 27974968194217.5 10630487913802.854
32.62741921295758 2.701092307675939e-09 516708585.7548942 27866206283766.246 10617024594114.705
32.541782942057424 2.8094152914443557e-09 538844646.981144 29060008874717.125 11100923390141.715
32.45659502859654 3.2965415252037784e-09 633934764.6119701 34188239576703.48 13094095757876.996
32.371851960636754 3.0285626405480294e-09 583926237.6451541 31491268853121.15 12092647239599.0
32.2875502628226 2.970991334448941e-09 574321751.3567406 30973296821029.746 11924719276096.383
32.203686495906176 2.9662129052060617e-09 574891258.1855229 31004010448030.305 11967548032939.238
32.12025725627947 2.9537374794532887e-09 573960299.5988936 30953803649204.32 11979122012241.451
32.03725917551389 3.1120452235483484e-09 606288763.8535156 32697284749756.418 12686546482905.33
31.954688919906893 3.165003102491219e-09 618199316.9676114 33339623466745.707 12969113528564.172
31.872543190035667 3.1588741323246413e-09 618592397.2037508 33360822369276.67 13010720724017.941
31.790818720317628 3.3112832699363857e-09 650105136.0498419 35060311221331.83 13708581687540.568
31.709512278577684 3.277243025778226e-09 645071805.7626427 34788862625461.285 13637234149181.023
31.62862066562213 3.408394242386074e-09 672602605.3667059 36273604629124.78 14255526619246.074
31.54814071481902 3.188357854125284e-09 630786318.8012004 34018443210134.52 13403266624793.105
31.468069291684962 3.282244228497043e-09 651013163.9241526 35109281361860.816 13868166137934.684
31.388403293478163 3.2897870998503576e-09 654165361.3830802 35279280055629.98 13970594902029.2
31.30913964879766 3.4718579891184546e-09 692117441.8127135 37326043998220.86 14818439467293.824
31.2302753171886 3.5322190411214814e-09 705928619.6246179 38070883818070.24 15152211759592.068
31.151807288753453 3.641509181635231e-09 729603882.898371 39347695909831.83 15699730668021.975
31.073732583769104 3.692820054609528e-09 741743410.0879316 40002383248455.14 16000953299381.984
30.99604825230968 4.203493863480696e-09 846433930.3949747 45648365752439.98 18304994666728.49
30.918751373874994 6.056803610933046e-09 1222673557.5609615 65939050582879.5 26507498334317.406
30.841839057024558 4.883888363191549e-09 988358351.8641465 53302380635096.03 21480859395943.312
30.76530843901705 4.478917287237831e-09 908658604.990345 49004155971566.2 19797679012512.746
30.689156685455128 4.233022933667346e-09 860903833.600826 46428730775891.81 18803635964236.25
30.613380989935486 4.101714581745241e-09 836263448.6657814 45099869463265.836 18310547002085.543
30.537978573704116 4.13370187259474e-09 844866014.1511976 45563807688786.11 18544469729336.215
30.462946685316638 4.3934698523373875e-09 900170373.0972726 48546383781519.8 19806924582859.45
30.388282600303604 5.163084899003497e-09 1060454610.7784443 57190547541125.84 23390933944320.25
30.31398362084076 4.7373403125875935e-09 975395049.71849 52603266934126.86 21567339442992.746
30.240047075424076 5.618988872395442e-09 1159750808.5745707 62545613060190.14 25706246967737.676
30.166470318549564 4.8704603689102706e-09 1007707500.1333822 54345884404823.35 22390504374785.23
30.093250730397738 5.433908273372915e-09 1127021430.556126 60780510593257.305 25102350875016.184
30.020385716522686 5.1587183662543725e-09 1072542537.828066 57842452072992.2 23946775158217.652
29.947872707545574 4.551338321313911e-09 948554123.0220131 51155729926243.125 21229627919390.836
29.875709158852693 5.076871601687376e-09 1060637387.1644903 57200404711333.14 23795368359915.11
29.80389255029776 4.928612773704565e-09 1032144931.2422014 55663800373509.64 23211804755753.71
29.732420385908558 5.393243048559462e-09 1132162334.9418833 61057760683633.36 25522143965758.715
29.66129019359777 5.388266056569291e-09 1133830065.131026 61147701735045.195 25620887026983.33
29.590499524877966 5.3375689286797285e-09 1125849073.2927876 60717285111352.96 25501259746768.38
29.520045954580638 5.678769966620739e-09 1200677085.7063477 64752776077066.49 27260918728444.48
29.449927080579258 7.74607658849862e-09 1641672554.7343252 88535757527212.58 37362089676484.266
29.380140523516275 1.2935246613809778e-08 2747956282.7642713 148197879318004.66 62687702951514.55
29.310683926533965 9.553115773381857e-09 2034267513.1365898 109708488924390.67 46516399303939.586
29.241554955009118 7.191060905010895e-09 1534904922.3846757 82777755919521.16 35180546265795.887
29.172751296291448 6.5893765246106585e-09 1409794817.1102297 76030540762126.4 32389010364665.277
29.104270659445692 6.328793887592563e-09 1357229236.6168265 73195667586339.97 31254550059367.95
29.036110774997343 5.458076930631937e-09 1173248973.5461946 63273572029561.72 27081088828652.43
28.96826939468193 5.641788903676398e-09 1215579189.8552551 65556449791272.22 28123716960455.297
28.90074429119782 5.322136657895353e-09 1149386175.5100524 61986646147322.91 26654257843349.574
28.83353325796248 8.429832641138304e-09 1824778113.6963146 98410680101383.86 42415003123694.41
28.766634108872076 8.427985739436762e-09 1828621061.2478602 98617931097712.11 42602946234213.45
28.700044678064504 8.856166613736744e-09 1925981807.3344412 103868617285607.25 44975111284666.49
28.6337628196856 1.1173902576678743e-08 2435653091.4753923 131355300364492.52 57008200358191.15
28.567786407658676 7.879014937270335e-09 1721409948.5772223 92836012499964.48 40383665437483.32
28.50211333545716 9.509503098284193e-09 2082426762.1623642 112305727686860.34 48965297271468.83
28.43674151588042 9.238306642536562e-09 2027689806.7660594 109353751790833.17 47787589532592.15
28.371668880832637 6.8336404220130005e-09 1503336545.80359 81075266512330.55 35510966732402.234
28.30689338110471 8.173986983343724e-09 1802315042.8296423 97199241809482.75 42670467154362.66
28.24241298615914 8.231928174005061e-09 1819234770.1746433 98111726380978.78 43169159607629.54
28.17822568391787 7.837996014619801e-09 1736122517.9330592 93629464561603.83 41290593871666.44
28.114329480552975 8.194048962578448e-09 1819113510.6142128 98105186826541.34 43362492577332.555
28.050722400280232 7.997775367150209e-09 1779566110.3390813 95972386938102.39 42515767413579.06
27.987402485155446 8.120575585133638e-09 1810978083.4964862 97666441474675.53 43363900014756.055
27.924367794873564 1.0573073354879008e-08 2363234785.80569 127449765406979.66 56715145606104.82
27.861616406570477 2.1468456380986596e-08 4809317899.816047 259367559152686.3 115677931382098.4
27.799146414627494 2.34269264680581e-08 5259843571.076208 283664506479633.25 126798034396393.3
27.736955930478437 1.4304364962928806e-08 3218835337.9476323 173592489061665.6 77769435099628.8
27.675043082419336 1.1458146375418246e-08 2584134029.681196 139362909619146.53 62573946418990.05
27.613406015420622 1.05128272433824e-08 2376230270.2871313 128150614708309.28 57667776618741.47
27.552042890941912 9.455874815867932e-09 2142085902.5536323 115523158089001.67 52100944298140.27
27.490951886749137 6.995366804706837e-09 1588216446.321852 85652857987285.12 38715091810252.73
27.430131196734205 8.269391530882717e-09 1881631803.720629 101476811955756.36 45968995815955.65
27.369579030736997 6.931878452940849e-09 1580781323.506724 85251880198598.31 38704353610164.32
27.309293614369736 7.087889757806313e-09 1619927067.614454 87363018682670.22 39750173500615.17
27.24927318884365 1.3310826222505151e-08 3048871112.7084365 164426281470095.53 74978384350362.12
27.189516010797938 1.5359455552046833e-08 3525845836.683097 190149631955944.22 86898381803866.47
27.130020352130984 1.2859040041478164e-08 2958335356.080254 159543668446408.44 73071000148457.06
27.070784499833756 1.991453955467595e-08 4591540323.896903 247622767171582.8 113658850131749.84
27.0118067558254 1.7616650744124717e-08 4070602407.806043 219528472183983.56 100983097204636.1
26.953085436791 1.2649218208244274e-08 2929167261.0880256 157970626746761.72 72824458930250.8
26.894618874021383 1.6564565004480517e-08 3844179125.934058 207317415402579.34 95780645915993.78
26.836405413255104 1.422871256709689e-08 3309255025.7744546 178468842469679.6 82631074063461.28
26.77844341452237 1.1235708434977734e-08 2618810702.002275 141233030090866.6 65532125962161.125
26.720731251991072 1.1688635231392617e-08 2730262735.279779 147243662458274.84 68468303043096.21
26.663267313814746 1.283677845796268e-08 3004911281.2165365 162055518207543.56 75517871484718.14
26.606050001982528 1.003356790177803e-08 2353769689.761583 126939310721045.98 59280658106726.34
26.549077732171 1.1924216517182724e-08 2803298786.601956 151182512573029.78 70753415884177.4
26.492348933597984 1.0712533395733232e-08 2523833479.509748 136110887848214.97 63836006400813.98
26.43586204887816 1.2115696444855311e-08 2860512708.8629766 154268071830187.66 72505993760186.89
26.379615533880546 1.6656068703804393e-08 3940878239.156898 212532419586394.38 100102769625191.45
26.323607857587806 3.156719281736346e-08 7484788370.784854 403656262893150.25 190525756085568.2
26.267837501957324 4.232003826281806e-08 10055662891.842419 542304084331620.06 256509831888864.97
26.212302961784054 2.6434793200081836e-08 6294477902.184338 339462560728730.0 160905253785399.53
26.157002744565094 1.7360114547207396e-08 4142414786.759488 223401329382052.2 106115631456476.58
26.10193537036601 1.4216437747201909e-08 3399437434.049416 183332399339913.2 87266222085796.19
26.04709937168877 1.3164750692282007e-08 3154585094.998652 170127459501178.12 81150798182063.36
25.992493293341415 1.1839137925583704e-08 2842896929.070685 153318048998993.1 73286027421520.08
25.93811569230932 8.646085250497243e-09 2080511234.167218 112202422845937.12 53744960543201.8
25.88396513762809 9.9396956654348e-09 2396797019.5425897 129259783963745.19 62044696302597.84
25.83004021025803 1.2270144884912034e-08 2964924122.292468 159899002039630.66 76911419981064.92
25.776339502960198 1.0701569183347654e-08 2591285083.3685546 139748567498059.23 67358809534063.32
25.722861620173973 8.468182461554035e-09 2054754312.1072094 110813346443596.17 53522846332257.5
25.66960517789618 1.5858378962196047e-08 3855924997.9340277 207950872831307.12 100648222450352.4
25.616568803561684 2.3765029481479597e-08 5790370780.9623375 312275954164868.1 151453837769963.94
25.563751135925475 1.9834579247584246e-08 4842697995.124074 261167754944413.5 126927528902971.55
25.5111508249462 2.350973227298862e-08 5751837499.952061 310197845948698.4 151066350977016.62
25.458766531671156 3.475577088987489e-08 8520764104.548887 459526659278897.2 224249009728102.03
25.40659692812265 2.90022207657509e-08 7124817283.540461 384242943954993.06 187894799593992.2
25.354640697185793 1.940518727296125e-08 4776935228.967016 257621154678721.5 126234365792573.03
25.30289653249766 2.5056452499028523e-08 6180709314.122513 333326996058536.0 163663555064744.75
25.251363138337787 2.6537594065758727e-08 6559423839.97319 353751152712708.2 174045567134649.44
25.200039229520026 1.7345348937509396e-08 4296064557.972789 231687694923720.1 114222033597396.33
25.148923531285707 1.530825508249187e-08 3799227190.7189784 204893147770703.56 101217214998721.98
25.09801477919808 1.781468354060763e-08 4430244714.4488945 238924059912872.56 118267409656871.08
25.047311719038085 1.3871230188834759e-08 3456549916.205421 186412487910169.9 92460594003449.98
24.996813106701318 1.454401592632297e-08 3631521947.08408 195848767547812.94 97336837471261.48
24.946517708096284 1.2346296804098586e-08 3088984699.366358 166589615913161.3 82961628724750.02
24.89642429904388 1.4648961766062692e-08 3672474961.24942 198057372498717.9 98830628876858.84
24.84653166517806 1.8160620575418294e-08 4561985344.631841 246028860719052.25 123014430359527.38
24.796838601847703 2.9128938616382463e-08 7331913285.131596 395411676312034.44 198101249832322.97
24.747343914019662 5.3241671061785805e-08 13428022461.185411 724176168545298.8 363536436609730.9
24.69804641618297 5.163599881198557e-08 13049051781.433025 703738197455558.5 353980313320164.1
24.648944932254178 2.386769128585906e-08 6043674306.146693 325936668307792.7 164272080827122.0
24.60003829548383 2.026023362996331e-08 5140408591.340728 277223352075465.7 139997792798106.77
24.55132534836406 1.5696819518439237e-08 3990485142.2152123 215207730645339.16 108895111706540.98
24.502804942537253 1.4253572941430333e-08 3630754753.285208 195807392619568.3 99274348058122.66
24.45447593870582 1.2939498787970064e-08 3302539865.8119535 178106692434045.56 90478199756498.69
24.406337206543014 1.0264783044331069e-08 2625041309.1078935 141569048085660.72 72058645475596.52
24.358387624604813 9.197437797994362e-09 2356716253.180701 127098219526374.6 64820091958453.61
24.310626080242844 8.71624970714926e-09 2237806314.3089843 120685380690053.97 61670229532613.08
24.263051469518295 1.041498658390265e-08 2679182329.7697916 144488885091995.6 73978309167104.33
24.215662697116894 1.3803257989079083e-08 3557740121.194141 191869697648600.4 98429154893728.0
24.168458676264812 1.3313899797747257e-08 3438312169.623315 185428922274879.5 95310466049288.67
24.12143832864562 9.346400541702903e-09 2418411298.1256914 130425446703394.75 67169105052245.73
24.07460058431815 1.280564550553236e-08 3319948596.565426 179045549065595.56 92387503317848.36
24.027944381635365 2.3043376851245044e-08 5985748690.4694195 322812727270082.2 166894179998641.53
23.98146866716412 2.2680989655153402e-08 5903032833.283945 318351843122199.3 164906254737293.25
