string
20190122an 22 2019_14.50   full spectra  index number  Nphoton via eV
eV x-axis E [J] Nphoton Nphoton/sr Nphoton/sr @ 0.1bw
51.660080420516415 7.471680231705913e-10 90271814.88411294 4868378588088.566 1173279239729.3618
51.4457232403483 7.4027047670319e-10 89811123.05015151 4843533377398.56 1172135077330.4248
51.233137607123716 7.527222165253402e-10 91700722.10821734 4945439865112.024 1201741887222.2185
51.02230164989275 7.437415390435154e-10 90981054.67278266 4906628043972.584 1197217242729.3215
50.813193856245654 7.522277516552352e-10 92397843.07278033 4983035750179.173 1220843758793.8635
50.605793064995666 7.478946597141312e-10 92242097.90785046 4974636379599.15 1223760549381.36
50.400078459040394 7.493485368114995e-10 92798643.08762872 5004650982053.024 1236148792567.0842
50.1960295583965 7.647428811797403e-10 95090044.66838205 5128226767105.896 1271800238242.2163
49.99362621340296 7.587120525908686e-10 94722100.29398409 5108383447059.365 1271987478317.7922
49.79284859808809 7.702755731783564e-10 96553523.75596589 5207152512237.476 1301788128059.375
49.59367720369574 7.654431760256437e-10 96333118.5050346 5195266009172.109 1304011768302.1711
49.39609283236627 7.698924883272002e-10 97280648.94123788 5246366531445.824 1322084365924.2725
49.20007659096798 7.594852393558275e-10 96347962.23690462 5196066534856.634 1314604833318.717
49.005609885074826 7.695135648672904e-10 98007532.73722592 5285567532477.647 1342534153249.3184
48.81267441308634 7.613951509282546e-10 97356842.0837162 5250475644172.502 1338871289263.9785
48.621252160486 7.710729209768421e-10 98982470.06045131 5338146114122.562 1366565405215.3584
48.4313253942341 7.571684808317796e-10 97578726.88064368 5262441939474.872 1352447578445.0786
48.24287665729156 7.739888881716359e-10 100136061.11925578 5400359530539.456 1393292758879.1172
48.05588876327104 7.711868158024283e-10 100161762.37093535 5401745604626.085 1399052111598.1243
47.87034479121208 7.63743172742797e-10 99579458.50327913 5370341830538.925 1396288875940.1216
47.686228080476646 7.76265445694669e-10 101602935.99079828 5479468411037.653 1430141255280.825
47.503522225762175 7.792974252732947e-10 102392089.0902996 5522027609135.842 1446771233593.5383
47.322211072228725 7.771464884429413e-10 102500700.9966868 5527885072843.043 1453833774157.7493
47.142278710737365 7.812164519070436e-10 103430776.3206881 5578044237123.613 1472603678600.5813
46.96370947319669 7.803209723844083e-10 103705039.56713477 5592835313587.676 1482101358100.6907
46.78648792801481 7.74843971747865e-10 103367208.43644446 5574616007316.347 1482847857946.1477
46.61059887565385 7.856482070631963e-10 105204039.48180665 5673676704640.948 1514871680139.0955
46.436027344284355 7.811882159860696e-10 105000072.76520815 5662676735303.392 1517597365061.337
46.26275858553703 7.775099062801701e-10 104897075.4970242 5657122070254.261 1521765836898.3435
46.09077807034915 7.993340621481415e-10 108243856.09812795 5837614675153.8125 1576155962291.5493
45.92007148490342 7.883470958037269e-10 107152890.64993298 5778778671522.39 1566049019982.4888
45.75062472665653 7.856162833940453e-10 107177203.85459483 5780089887931.803 1572184449517.4358
45.58242390045559 7.822335522395053e-10 107109501.83265866 5776438703180.644 1576967765968.2979
45.41545531473963 7.775918445393167e-10 106865371.35997818 5763272693752.082 1579136718088.1077
45.24970547782453 7.918314986510745e-10 109220960.592831 5890310132827.331 1619835286527.4844
45.0851610942688 7.902105077548732e-10 109395170.4828001 5899705310040.147 1628318665571.071
44.92180906131855 7.898880169313176e-10 109748163.76934466 5918742314670.647 1639491621163.68
44.7596364654293 8.016726968951381e-10 111789114.764943 6028811245256.176 1676009526181.2056
44.59863057886301 8.093201622928255e-10 113262934.92394154 6108294686615.728 1704214217565.8198
44.43877885635813 8.235315344632047e-10 115666366.28262503 6237912261930.641 1746615433340.5173
44.28006893187113 8.31185985141995e-10 117159874.66608807 6318457493512.794 1775486555677.1191
44.1224886153876 8.360597164903305e-10 118267733.39921132 6378204555670.435 1798653684698.9998
43.96602588980112 8.576010157532437e-10 121746658.50491506 6565823742411.219 1858128119102.3838
43.81066890785836 8.703143965445664e-10 123989599.82687132 6686786055179.262 1899047239670.8591
43.65640598916871 8.818395147590683e-10 126075456.89249556 6799276779877.048 1937793882264.9438
43.50322561727689 8.954505246158785e-10 128472184.99518359 6928532847139.8545 1981560394281.9941
43.3511164367969 9.075851147919081e-10 130670048.65335928 7047064111707.17 2022507400059.9365
43.20006725060597 9.258587821936947e-10 133767097.06350946 7214088605294.7295 2077657518324.9011
43.05006701709692 9.417915706800023e-10 136543157.66952854 7363802156871.4795 2128138823335.8315
42.90110484748759 9.58034385136208e-10 139380364.12080476 7516813317166.7705 2179875861978.2732
42.7531700031859 9.746402818636097e-10 142286930.27437282 7673565061274.932 2233007432830.9263
42.60625189320931 9.923427026780162e-10 145370848.2569434 7839881428050.562 2289245376990.8193
42.46034007165723 1.0259261788241058e-09 150807040.97810432 8133056482505.797 2382985549374.109
42.315424235235184 1.0265886218378222e-09 151421213.39918914 8166178934602.748 2400856606773.202
42.17149422082962 1.043509720424589e-09 154442379.63029292 8329111085789.069 2457087770307.7695
42.028540003131894 1.064141147666481e-09 158031589.31205803 8522677943675.967 2522712671327.996
41.8865516923105 1.0848179031725935e-09 161648325.51481524 8717729312820.056 2589165605907.612
41.74551953173033 1.1120006156686265e-09 166258605.008384 8966362687483.092 2671976080869.887
41.60543389571781 1.1298787686508198e-09 169500415.55172738 9141194234363.072 2733217076074.4814
41.46628528737092 1.1469043615345148e-09 172631898.97306415 9310075815584.87 2793022744675.4966
41.32806433641302 1.1673329489799497e-09 176294455.54842845 9507598287378.049 2861787084500.722
41.19076179708939 1.220836456564444e-09 184989313.40923655 9976513860753.56 3012907185947.637
41.05436854610565 1.2264317365836371e-09 186454546.85998064 10055534219071.504 3046826868378.656
40.91887558060695 1.249803421006327e-09 190636911.2426936 10281090038842.303 3125451371808.061
40.78427401619706 1.2700762746768336e-09 194368571.21073818 10482339271615.32 3197113477842.475
40.650555084996405 1.3055099140457604e-09 200448434.5042575 10810227619874.111 3307929651681.328
40.51771013373824 1.3571087694662334e-09 209054123.65765402 11274334305487.174 3461220631784.648
40.38573062190196 1.3750959666169216e-09 212517177.31670734 11461097541662.057 3530018042831.782
40.254608119882796 1.389086718743564e-09 215378689.79416603 11615419531229.809 3589164635150.1216
40.124334307197095 1.4079790672947165e-09 219016751.31202587 11811620979250.27 3661602503567.4927
39.99490097072226 1.4720594342670769e-09 229725758.4336516 12389160059831.953 3853028778607.7915
39.866300002970746 1.4540006393040411e-09 227639509.80000436 12276648217785.62 3830314243949.0728
39.73852340039712 1.4593478978150724e-09 229211332.60129514 12361416962934.889 3869123509398.479
39.6115632617377 1.502263928926978e-09 236708161.46392113 12765722572168.807 4008436887661.174
39.48541178638185 1.4928154002270712e-09 235970878.83811185 12725960759985.598 4008677639395.364
39.36006127277429 1.4939574885503243e-09 236903484.4779755 12776256384750.33 4037297017581.0347
39.235504116847785 1.533256347411764e-09 243907137.36901447 13153964906694.973 4169806875422.389
39.11173281048549 1.5237273648436133e-09 243158348.25711882 13113582547217.361 4170119250014.8423
38.98873994001226 1.5228551927033184e-09 243785787.89368212 13147420503127.346 4194027140497.3984
38.86651818471441 1.574625220910445e-09 252866059.92346773 13637121546366.344 4363878894837.5713
38.745060315387185 1.5545183068563318e-09 250419690.49124286 13505188311417.125 4335165447964.965
38.624359192909345 1.5946707294459507e-09 257690679.29712337 13897314317327.416 4474935210179.401
38.50440776684441 1.5935051535927567e-09 258304516.10564518 13930418669765.934 4499525230334.33
38.3851990740678 1.5954571894238893e-09 259424108.45842516 13990798528580.77 4533018723259.864
38.266726237419434 1.6448344864158137e-09 268280970.3466449 14468451014349.67 4702246579663.636
38.14898246438122 1.6222167794848341e-09 265408547.62268224 14313540632817.729 4666214246298.501
38.03196104577882 1.6640113253739298e-09 273084174.513639 14727488858563.07 4815888856749.942
37.91565535450732 1.6481405181454928e-09 271309277.0736512 14631768254031.273 4799219987322.254
37.800058844280166 1.6889577951364421e-09 278878668.46374613 15039987176135.67 4948155780948.738
37.6851650484009 1.6702568358538426e-09 276631614.2596839 14918803054742.137 4923205008064.929
37.57096757855726 1.717452453705912e-09 285312840.756418 15386983485691.744 5093091533764.051
37.45746012363715 1.6961423540576789e-09 282626544.0290896 15242110919593.826 5060380825305.083
37.34463644856595 1.736019556587613e-09 290145174.5919371 15647592299257.068 5210648235652.317
37.232490393164845 1.7204793631047272e-09 288414012.36994636 15554230344533.248 5195112935074.388
37.12101587102963 1.7712549588207678e-09 297817491.4148216 16061362012312.17 5380556274124.39
37.010206868429535 1.7439978584865578e-09 294112450.4502329 15861548348178.459 5329480244987.988
36.900057443225876 1.7979941322328739e-09 304123656.0023744 16401454838521.732 5527290280581.36
36.790561723809766 1.7971676883097618e-09 304888580.14163053 16442707363530.2 5557635088873.023
36.681713908058846 1.7835438562700098e-09 303475159.49803007 16366481281157.75 5548237154312.79
36.573508262312366 1.8205462783129826e-09 310687711.8430437 16755455796038.273 5696854970652.68
36.46593912036438 1.8029219859248012e-09 308587625.78434324 16642197698652.664 5674989415240.682
36.35900088247475 1.8492646553845276e-09 317450564.2740565 17120177896860.242 5855100840726.293
36.25268801439734 1.8597391153973671e-09 320184855.9241415 17267638839569.238 5922800121972.231
36.14699504642534 1.864088925383217e-09 321872150.4467059 17358634999732.814 5971370439907.864
36.04191657245317 1.9142406284978796e-09 331495492.442851 17877623924238.547 6167780253862.477
35.937447249054756 1.8869857623258557e-09 327725604.8248282 17674313065997.316 6115312320834.999
35.83358179457772 1.9488450191215574e-09 339450191.0687531 18306622549277.324 6352398024599.051
35.730314988253284 1.966924508831538e-09 343589451.30789053 18529853753220.797 6448389106120.737
35.62764166932152 1.973655469554071e-09 345758799.5174288 18646847173448.168 6507749663532.992
35.525556736171595 1.9514678498464523e-09 342854207.0507526 18490201870702.863 6471570654746.254
35.42405514549682 1.994291207954097e-09 351381808.8674647 18950097289284.207 6651484148538.676
35.32313191146407 2.0044670933457056e-09 354183807.7799901 19101209699365.89 6723625814176.616
35.222782104897405 1.986557002952449e-09 352019198.73909473 18984471863533.008 6701518567827.113
35.1230008524756 2.0386014568325987e-09 362267764.2569324 19537179228392.297 6916161446850.672
35.02378333594318 2.0517141057576827e-09 365630790.6046416 19718547969935.64 7000084529327.108
34.92512479133489 2.0581127359411747e-09 367807150.81550497 19835919548917.816 7061587359414.685
34.82702050821316 2.048065032346303e-09 367042535.15958595 19794683660482.74 7066702066792.683
34.72946582891845 2.105569048793031e-09 378408043.5553008 20407627997399.76 7305930823068.735
34.63245614783208 2.116239197043822e-09 381390996.1213028 20568499277325.293 7384091240559.652
34.53598691065149 2.126250240828232e-09 384265575.2813136 20723525955921.797 7460469344131.868
34.440053613677456 2.103459359328002e-09 381205608.4033447 20558501277420.668 7421618961149.3
34.34465180311326 2.1716363927646576e-09 394654417.32071805 21283798464064.004 7704735043990.34
34.249777074375366 2.1806072327659433e-09 397382441.75292504 21430921414351.297 7779424473409.7
34.15542507141566 2.20459327221542e-09 402863348.34837496 21726507897760.945 7908448874784.936
34.061591486054624 2.2119490148711656e-09 405321042.6756112 21859051886758.438 7978553938666.699
33.968272057325706 2.2267943591788817e-09 409162319.7482484 22066212793796.254 8076233882529.371
33.87546257083028 2.207705286410908e-09 406766181.1649751 21936988519443.555 8050874786635.7
33.78315885810322 2.2672967965482167e-09 418887203.97919095 22590677913084.477 8313369472015.091
33.69135679598881 2.291449962063989e-09 424503086.2017748 22893543661388.668 8447717611052.589
33.60005230602678 2.3068596160303425e-09 428519103.5512403 23110128349517.844 8550747489321.577
33.50924135384833 2.3196475572077193e-09 432062310.0782095 23301214247272.496 8644750485737.495
33.41891994858189 2.3413103434595956e-09 437275906.3185455 23582384625158.16 8772647080559.204
33.3290841422685 2.3588522501409816e-09 441739600.6565709 23823112630537.383 8886021011190.645
33.23973002928655 2.3788302784466708e-09 446678392.6898091 24089462757833.547 9009459071428.96
33.150853745785774 2.473971095142568e-09 465788625.19627506 25120081748570.67 9420030655713.914
33.062451469130345 2.416492777776263e-09 456183344.0140628 24602066847684.02 9250377134729.066
32.97451941735074 2.408359091661361e-09 455860268.35905516 24584643307421.855 9268410526897.97
32.88705384860445 2.4519907422376695e-09 465353335.9396934 25096606504397.418 9486517258662.207
32.80005106064518 2.477022568374395e-09 471350984.54339665 25420060996573.438 9634203117701.334
32.71350739030047 2.488583069243597e-09 474803604.55905384 25606261544093.277 9730379386755.633
32.62741921295758 2.500003759754413e-09 478241118.7554277 25791647431497.457 9826617671400.312
32.541782942057424 2.518404313766071e-09 483028866.3764634 26049851700829.414 9951043349716.633
32.45659502859654 2.537490360368562e-09 487966962.34728914 26316164289328.457 10079090922812.463
32.371851960636754 2.5543651570438237e-09 492497931.4459779 26560520437165.574 10199239847871.984
32.2875502628226 2.565551441066855e-09 495946245.1958384 26746488746835.47 10297398167531.596
32.203686495906176 2.594842367556812e-09 502914740.49608225 27122301212270.61 10469208267936.055
32.12025725627947 2.6211084060604274e-09 509324940.5164046 27468004691970.945 10630117815792.205
32.03725917551389 2.6311239453463194e-09 512595662.9095952 27644395461194.23 10726025438943.227
31.954688919906893 2.6444811258270837e-09 516529170.04512763 27856530355560.8 10836190308313.229
31.872543190035667 2.6548127303035064e-09 519883636.43882763 28037437456924.793 10934600608200.703
31.790818720317628 2.7419157304589667e-09 538321053.7047992 29031771375574.16 11351422607849.35
31.709512278577684 2.699659686834012e-09 531383951.5203758 28657651947695.312 11233799563496.727
31.62862066562213 2.72244544903686e-09 537239465.792851 28973441104509.777 11386562354072.37
31.54814071481902 2.739051492898913e-09 541895322.6900693 29224532478453.242 11514465796510.668
31.468069291684962 2.7739164915484033e-09 550189451.4568838 29671836644732.008 11720375474668.857
31.388403293478163 2.7791111654506327e-09 552618818.3890264 29802852931158.027 11801929760738.35
31.30913964879766 2.7995845508764067e-09 558099237.8040679 30098413140822.406 11949070016906.61
31.2302753171886 2.820935991105429e-09 563775753.1645589 30404548847426.375 12101010441275.785
31.151807288753453 2.8437536179521496e-09 569767527.1911514 30727686522382.566 12260346922429.922
31.073732583769104 2.859325243128352e-09 574326835.5957806 30973571015145.72 12389428406058.232
30.99604825230968 2.953560909802943e-09 594741957.6997659 32074562985361.965 12861899757130.19
30.918751373874994 2.9008617718011945e-09 585590554.0867252 31581025800384.812 12695572371754.621
30.841839057024558 2.909841532137075e-09 588868124.53867 31757785886904.438 12798387712422.258
30.76530843901705 2.9091368266283542e-09 590190003.7632451 31829075120661.645 12858946348747.305
30.689156685455128 2.920636880518266e-09 593993353.3069129 32034190587822.45 12973847188068.137
30.613380989935486 2.9239178319049986e-09 596132558.9563215 32149558413233.61 13052720715772.57
30.537978573704116 3.0295560727891464e-09 619195346.6296471 33393339562804.93 13591089202061.803
30.462946685316638 2.976827854616082e-09 609917065.6902312 32892959856052.492 13420327621268.99
30.388282600303604 2.972343508074255e-09 610494586.0105999 32924105652395.22 13465959211829.52
30.31398362084076 2.978899936036157e-09 613340832.5122662 33077604344571.984 13561817781274.977
30.240047075424076 3.04571493239867e-09 628630957.5891992 33902204111722.973 13933805889917.887
30.166470318549564 3.0094957711419327e-09 622670390.5770544 33580749437835.61 13835268768387.041
30.093250730397738 3.0119920115228036e-09 624703137.203121 33690375904989.906 13914125248761.34
30.020385716522686 3.0035517054220115e-09 624464593.7068573 33677511202413.266 13942489637798.441
29.947872707545574 3.0043026346311787e-09 626133117.272332 33767495040783.035 14013510441924.92
29.875709158852693 3.100160286527707e-09 647671669.4983972 34929073841546.215 14530494718083.545
29.80389255029776 3.0135837732508036e-09 631101561.2810272 34035444305557.438 14192780275417.568
29.732420385908558 2.9913126330726174e-09 627943421.9277812 33865125164136.824 14155622318609.176
29.66129019359777 3.0599172760131555e-09 643885466.6665313 34724883100277.977 14549726019016.127
29.590499524877966 3.0001507140065563e-09 632819350.2015288 34128085035226.62 14333795714795.256
29.520045954580638 2.986984377660708e-09 631545866.2176108 34059405767311.836 14339009828038.012
29.449927080579258 2.9744243156716364e-09 630387617.4453115 33996941159394.285 14346709169264.604
29.380140523516275 3.0657234104241113e-09 651280501.9038762 35123698957186.0 14857324658889.342
29.310683926533965 2.9812764847006295e-09 634841453.2359008 34237137491168.523 14516546296254.81
29.241554955009118 2.9525199617592306e-09 630204288.7142521 33987054201100.414 14444498035467.428
29.172751296291448 3.0444651012372674e-09 651362250.2169693 35128107661470.78 14964573863786.29
29.104270659445692 2.9688170301418965e-09 636671906.6920456 34335854243721.113 14661409762069.283
29.036110774997343 2.9490567139323006e-09 633918833.7805251 34187380423502.707 14632198821259.166
28.96826939468193 3.0486416363764226e-09 656859977.1768441 35424601270788.06 15197153945167.818
28.90074429119782 2.9669365589008946e-09 640749398.9011184 34555754284384.21 14858974342285.615
28.83353325796248 3.025291320616973e-09 654874850.3590488 35317542950239.16 15221861011552.346
28.766634108872076 2.967382723067774e-09 643833379.8779529 34722074048454.18 14999935988932.848
28.700044678064504 2.9523327079492238e-09 642054212.9242349 34626123188119.367 14993111340455.203
28.6337628196856 3.0209393076952624e-09 658495106.2043829 35512784134472.05 15412548314361.246
28.567786407658676 2.9450579633016635e-09 643437297.3686004 34700713232676.59 15094810256213.857
28.50211333545716 2.988186533743611e-09 654364328.3867954 35290010389365.555 15386444529762.664
28.43674151588042 2.9477414672062853e-09 646991440.8897213 34892388964901.887 15247973977661.502
28.371668880832637 2.918333463850412e-09 642005882.3867038 34623516711730.598 15165100319738.623
28.30689338110471 2.9919766167865626e-09 659712876.3744452 35578458744301.875 15618943388748.424
28.24241298615914 2.921280375420287e-09 645595384.223059 34817099325578.008 15319523703253.924
28.17822568391787 2.9820302648874635e-09 660522138.8697199 35622102446482.85 15709347178898.615
28.114329480552975 2.9141323736948547e-09 646949706.6610706 34890138228884.066 15421441097167.21
28.050722400280232 2.964066498025039e-09 659527436.8847792 35568457952337.8 15756826872885.535
27.987402485155446 2.9143170061224242e-09 649924894.007615 35050590728837.273 15562462283603.791
27.924367794873564 2.9553213264250433e-09 660557051.6181288 35623985298589.27 15852673457871.912
27.861616406570477 2.911183438700794e-09 652157117.071141 35170975003599.65 15686254851605.484
27.799146414627494 2.87506474380972e-09 645513222.9904053 34812668352451.613 15561262753545.531
27.736955930478437 2.983359639509403e-09 671329587.7409842 36204950512008.836 16219817829380.504
27.675043082419336 2.8767128578360554e-09 648779597.1522702 34988824620614.86 15709982254654.377
27.613406015420622 2.956055289060794e-09 668161655.8409882 36034103256414.58 16215346465387.205
27.552042890941912 2.9202858648640294e-09 661546742.5662723 35677359546431.22 16090489155440.64
27.490951886749137 2.8779207788267987e-09 653398347.7562141 35237914844100.766 15927537509533.482
27.430131196734205 2.919897550452816e-09 664398592.5711153 35831160436751.65 16231515677847.797
27.369579030736997 2.8661774793230305e-09 653617898.8030632 35249755279754.4 16003388897008.783
27.309293614369736 2.9161394975004534e-09 666479511.7246073 35943384858775.4 16354240110742.896
27.24927318884365 2.859050875300456e-09 654871266.2726641 35317349659681.79 16104711444814.588
27.189516010797938 2.915069125914459e-09 669169835.2471387 36088474590813.43 16492432888001.729
27.130020352130984 2.843423284162903e-09 654154556.3827329 35278697339613.875 16157643381543.598
27.070784499833756 2.91637517887557e-09 672405917.1267701 36262997189614.88 16644715710032.254
27.0118067558254 2.8287857708312343e-09 653635151.0376278 35250685696512.484 16215315420396.33
26.953085436791 2.9092208617910794e-09 673685469.199881 36332003710898.12 16749053710722.57
26.894618874021383 2.890486070034525e-09 670802173.870811 36176506967410.69 16713546218944.107
26.836405413255104 2.8413936011208514e-09 660839553.1480641 35639220667471.63 16500959169039.293
26.77844341452237 2.9077427342500495e-09 677734549.2000992 36550371474965.195 16959372364383.598
26.720731251991072 2.8278387730357964e-09 660534157.3721997 35622750606932.586 16564579032223.268
26.663267313814746 2.920748511135521e-09 683706599.7086982 36872445456311.09 17182559582641.615
26.606050001982528 2.9018324959421e-09 680739437.9125438 36712425776033.96 17144702837407.244
26.549077732171 2.830636910260499e-09 665462674.5840707 35888546610880.23 16795839813891.82
26.492348933597984 2.892356465031215e-09 681428548.3609082 36749589652222.25 17235557546892.547
26.43586204887816 2.8922151512531665e-09 682851228.1222427 36826315080825.62 17308368087987.727
26.379615533880546 2.8294410509729232e-09 669454651.337356 36103834784434.625 17004906183468.658
26.323607857587806 2.8989286174857036e-09 687354980.5150095 37069203425799.59 17496664016977.525
26.267837501957324 2.803212728590584e-09 666071283.7208017 35921369033843.37 16990807553008.488
26.212302961784054 2.8861821856270316e-09 687238589.3698311 37062926426054.35 17567827125947.744
26.157002744565094 2.8747752292071854e-09 685969633.7656587 36994491374643.03 17572383402955.738
26.10193537036601 2.7941596489166387e-09 668140013.4226389 36032936076091.23 17151677572218.934
26.04709937168877 2.8750642344751747e-09 688933272.8918504 37154321076563.78 17722611153521.227
25.992493293341415 2.8668880006455102e-09 688417277.0225486 37126493307233.164 17746463800857.785
25.93811569230932 2.855151107926096e-09 687036246.2530192 37052014017806.01 17747914714528.39
25.88396513762809 2.8152058108533915e-09 678841397.5607601 36610064047516.44 17572830742807.934
25.83004021025803 2.8649186983394424e-09 692271088.6289791 37334330204401.555 17957812828317.75
25.776339502960198 2.8684088862719543e-09 694558436.4921315 37457687371583.55 18054605313102.94
25.722861620173973 2.788461666144594e-09 676603705.5376335 36489384830574.68 17624372873167.75
25.66960517789618 2.889738056195307e-09 702632547.4329411 37893125928707.39 18340272949494.332
25.616568803561684 2.890135103913348e-09 704184014.237187 37976796870513.734 18418746482199.51
25.563751135925475 2.8560243680954332e-09 697310656.74538 37606115207756.11 18276571990967.535
25.5111508249462 2.802395686861607e-09 685627739.7898848 36976052958253.695 18007337790669.61
25.458766531671156 2.876737586916427e-09 705264240.7636814 38035053721764.83 18561106216221.254
25.40659692812265 2.8821948004982277e-09 708053065.8317864 38185455663554.93 18672687819478.418
25.354640697185793 2.860252578303655e-09 704102522.3230141 37972401993878.414 18606476977000.348
25.30289653249766 2.787141507206043e-09 687507997.1529788 37077455646327.86 18205030722347.375
25.251363138337787 2.8572934975187308e-09 706250877.1135235 38088263234456.77 18739425511352.41
25.200039229520026 2.8713604416986925e-09 711173345.1537064 38353733005261.11 18908390371594.11
25.148923531285707 2.8486060172261054e-09 706971590.0324177 38127131438746.31 18834802930739.64
25.09801477919808 2.83446365831751e-09 704888616.8499581 38014796242494.12 18817324140034.453
25.047311719038085 2.7771965676048953e-09 692045221.1057341 37322149119803.64 18511785963423.746
24.996813106701318 2.836206423358961e-09 708177571.1100241 38192170260258.836 18981508619348.34
24.946517708096284 2.825008033075785e-09 706803564.5199503 38118069786355.71 18982798753604.156
24.89642429904388 2.8085319122284027e-09 704095163.2097135 37972005115299.36 18948030552534.113
24.84653166517806 2.8031503044259873e-09 704157137.9394943 37975347425940.336 18987673712970.363
24.796838601847703 2.7060485133643383e-09 681127222.1977924 36733339066782.85 18403402872457.625
24.747343914019662 2.757906637514887e-09 695568556.2803987 37512163351211.49 18831106002307.695
24.69804641618297 2.7487713754305866e-09 694648323.6224115 37462535004047.37 18843655107036.793
24.648944932254178 2.7424582979391882e-09 694433514.8474878 37450950320148.914 18875278961354.42
24.60003829548383 2.7123845076284725e-09 688183802.8468056 37113901994213.5 18742520507077.363
24.55132534836406 2.6843972044869282e-09 682434243.9387528 36803827033220.95 18622736478809.695
24.502804942537253 2.6655392640938193e-09 678981992.3007894 36617646352390.164 18565146700662.098
24.45447593870582 2.5874188126801177e-09 660385221.9046004 35614718484808.99 18092276990283.676
24.406337206543014 2.6393495638649804e-09 674968151.2409388 36401179032032.72 18528200127303.42
24.358387624604813 2.630054475560384e-09 673915090.8588294 36344387256850.1 18535637500994.285
24.310626080242844 2.6155279934779697e-09 671509566.1217818 36214656785185.23 18505689617228.3
24.263051469518295 2.594394811727668e-09 667389888.6024877 35992481681577.21 18428150620968.176
24.215662697116894 2.5780071994684465e-09 664472087.208171 35835124018494.65 18383418621487.008
24.168458676264812 2.5554496819536824e-09 659944409.511634 35590945376690.625 18293745923619.098
24.12143832864562 2.545501537706846e-09 658656736.4322404 35521500887774.28 18293572957203.055
24.07460058431815 2.5512419305938368e-09 661426404.7302127 35670869700789.35 18406168765607.516
24.027944381635365 2.47841657879195e-09 643793610.9238288 34719929300118.535 17950203448162.258
23.98146866716412 2.5270806938323587e-09 657706763.8960347 35470268662516.89 18373599167183.082
