string
20190122an 22 2019_16.35.   full spectra  index number  Nphoton via eV
eV x-axis E [J] Nphoton Nphoton/sr Nphoton/sr @ 0.1bw
51.660080420516415 2.594828791702852e-10 31350365.256073777 1690732009070.1538 407466414185.913
51.4457232403483 2.5122812669375306e-10 30479508.38271554 1643766508697.865 397791495104.8743
51.233137607123716 2.5377081234154517e-10 30915743.192927524 1667292746783.82 405152137468.46716
51.02230164989275 2.476189315904794e-10 30290941.63816943 1633597063198.7095 398597683420.4888
50.813193856245654 2.445441752136822e-10 30037916.41033781 1619951357692.4775 396888082634.646
50.605793064995666 2.413188457284773e-10 29763224.41345422 1605137158624.2065 394863741021.54486
50.400078459040394 2.3245714773706066e-10 28787282.320998367 1552504389556.4097 383468584220.42926
50.1960295583965 2.366481986890975e-10 29425429.563102394 1586919808959.4128 393556112621.92017
49.99362621340296 2.269427913221981e-10 28332880.395416383 1527998394991.7773 380471600352.9556
49.79284859808809 2.3228882743763185e-10 29117247.903500114 1570299505105.1543 392574876276.29047
49.59367720369574 2.354048715465609e-10 29626347.320911475 1597755347287.0757 401036592169.0473
49.39609283236627 2.2587516226481767e-10 28540715.356986757 1539206979621.0369 387880158864.47925
49.20007659096798 2.2121383509652446e-10 28063089.47918231 1513448512267.6858 382902473603.7212
49.005609885074826 2.1738636221419818e-10 27686972.63317094 1493164449051.5886 379263770059.10236
48.81267441308634 2.1382898461767144e-10 27341538.310250737 1474535100971.521 376006450747.73517
48.621252160486 2.1255803329307605e-10 27286030.40538134 1471541547602.9226 376714636186.3434
48.4313253942341 2.07800391536316e-10 26779901.91712421 1444245928275.7178 371171203566.86945
48.24287665729156 2.0884032192944143e-10 27019053.581366353 1457143429483.5625 375943004806.74225
48.05588876327104 2.0658170911115472e-10 26830837.397866227 1446992889817.7756 374771158462.79535
47.87034479121208 2.0080412101752658e-10 26181531.108607627 1411975660577.4436 367113671750.1357
47.686228080476646 2.060411597023322e-10 26968077.578117646 1454394282553.9153 379596907746.5712
47.503522225762175 2.0793982332424468e-10 27321266.85491161 1473441856981.1448 386041766529.046
47.322211072228725 2.0593049385250643e-10 27160928.20385378 1464794758696.3142 385241021537.1383
47.142278710737365 2.1032215667885465e-10 27846039.199035965 1501742943505.613 396460137085.4677
46.96370947319669 2.0909677890687447e-10 27789064.36877811 1498670278532.1282 397147623811.0023
46.78648792801481 2.0954566434296515e-10 27954209.04447682 1507576566769.9414 401015366760.80426
46.61059887565385 2.1524789091665182e-10 28823266.457921825 1554445021878.1802 415036820841.46375
46.436027344284355 2.1373686223193854e-10 28728526.144794047 1549335656209.0376 415221955864.0297
46.26275858553703 2.2326678613310077e-10 30121845.048933156 1624477647405.2693 436984487152.0024
46.09077807034915 2.3671109983111194e-10 32054835.944423735 1728724266337.8486 466755551911.225
45.92007148490342 2.2732993041372682e-10 30898901.390947174 1666384464744.1687 451590189945.647
45.75062472665653 2.290155028518608e-10 31243294.918704163 1684957682514.9736 458308489644.0686
45.58242390045559 2.2831507843704805e-10 31262676.271381706 1686002923075.4373 460278797999.5892
45.41545531473963 2.365538274611517e-10 32509873.651307303 1753264548726.1975 480394486350.9894
45.24970547782453 2.464193906157172e-10 33989759.939581 1833075137755.415 504095662882.7293
45.0851610942688 2.4331102026531317e-10 33683493.55147362 1816558124908.9656 501370042474.8715
44.92180906131855 2.5304509855713274e-10 35158445.655838996 1896102612328.0647 525220423614.8453
44.7596364654293 2.5732012120093846e-10 35881961.144079484 1935121959791.3042 537963904821.97894
44.59863057886301 2.609337955883995e-10 36517226.292074986 1969381947232.905 549457563277.9908
44.43877885635813 2.7222693454410545e-10 38234723.26836751 2062006932287.4695 577361941040.471
44.28006893187113 2.828263787073977e-10 39865810.629568696 2149971828027.826 604142083675.8273
44.1224886153876 2.954669112571476e-10 41796298.99588986 2254083485018.629 635651542775.2312
43.96602588980112 3.0461666865084524e-10 43243957.098821856 2332156001010.8535 660000148286.0747
43.81066890785836 3.193685384264666e-10 45498933.98754394 2453767394509.282 696869940040.6174
43.65640598916871 3.266279618935297e-10 46697578.00640439 2518410526849.6694 717747000152.1503
43.50322561727689 3.4284012410349303e-10 49187999.37773203 2652719492444.9033 758677774839.2407
43.3511164367969 3.537718919094977e-10 50934495.92174513 2746908430486.7417 788362719549.6865
43.20006725060597 3.705836614566038e-10 53541535.23797924 2887506627185.819 831601908629.5234
43.05006701709692 3.8908626807351913e-10 56410642.54827806 3042238207738.6035 879206842036.4457
42.90110484748759 4.0655423693800777e-10 59147853.62450122 3189856595733.469 925058412762.6677
42.7531700031859 4.2886540997904334e-10 62609707.21433594 3376555111914.6807 982577537567.1373
42.60625189320931 4.444292809085854e-10 65105594.449932076 3511158852757.364 1025258385005.1749
42.46034007165723 4.6540802831020956e-10 68413116.8943979 3689534256740.6685 1081033537224.9753
42.315424235235184 4.850421165885661e-10 71543424.77716883 3858352440912.225 1134355617628.1914
42.17149422082962 4.966027547705684e-10 73498607.32156734 3963795860291.5054 1169319778785.9915
42.028540003131894 5.209422481153873e-10 77363168.96494374 4172212509287.815 1234974902749.149
41.8865516923105 5.391517011560229e-10 80338801.04250936 4332688993681.611 1286808631123.466
41.74551953173033 5.679302395287839e-10 84912982.99269189 4579375619987.702 1364653934756.2974
41.60543389571781 5.905133982423161e-10 88586730.86711302 4777501640970.309 1428472990650.0818
41.46628528737092 6.006418917544521e-10 90408541.33435456 4875752275253.671 1462725682576.1199
41.32806433641302 6.261456041218568e-10 94562565.43530543 5099779697472.166 1535033688939.0842
41.19076179708939 6.603839953823201e-10 100065804.25686625 5396570562687.612 1629764309931.6924
41.05436854610565 6.808228441541424e-10 103505569.13366938 5582077829776.297 1691369582422.2124
40.91887558060695 7.138157148754764e-10 108880821.41012733 5871966352809.5 1785077771254.0886
40.78427401619706 7.276755313130786e-10 111361227.78321014 6005735207373.65 1831749238248.85
40.650555084996405 7.571850937242876e-10 116258455.82178621 6269843779407.982 1918572196498.7556
40.51771013373824 7.991778265290692e-10 123108349.1099791 6639260012567.141 2038252823858.1626
40.38573062190196 8.26207483190884e-10 127688020.66785648 6886242694608.823 2120962749939.4387
40.254608119882796 8.469971502878061e-10 131327392.32679765 7082514798822.425 2188497072836.1968
40.124334307197095 8.735439874872825e-10 135883246.21559912 7328212988796.497 2271746026526.8574
39.99490097072226 9.212913019825809e-10 143774319.26969054 7753780272924.982 2411425664879.703
39.866300002970746 9.216509760134499e-10 144294418.25198942 7781829324030.924 2427930749097.6226
39.73852340039712 9.344989382745296e-10 146776342.55484664 7915680040877.575 2477607852794.591
39.6115632617377 9.79173831881727e-10 154286096.4942815 8320682702311.744 2612694368525.9976
39.48541178638185 9.794179717294504e-10 154817614.75912207 8349347597805.978 2630044493308.8174
39.36006127277429 9.886439845207066e-10 156773674.37571204 8454838317879.085 2671728908449.7446
39.235504116847785 1.0167438693247218e-09 161741438.09879753 8722750894702.761 2765112033620.83
39.11173281048549 1.025472382014577e-09 163646185.23442334 8825474321529.928 2806500834246.3296
38.98873994001226 1.0361283688289697e-09 165868279.5082908 8945312348465.557 2853554639160.3594
38.86651818471441 1.0734433436909948e-09 172382218.48959726 9296610492868.865 2974915357718.2695
38.745060315387185 1.0739475296953034e-09 173003821.70088387 9330133689095.725 2994972914199.7744
38.624359192909345 1.1130622032802374e-09 179865190.95568487 9700168823627.191 3123454361207.937
38.50440776684441 1.1285677466997854e-09 182938941.26822954 9865936845749.416 3186697601177.0146
38.3851990740678 1.1418531109147262e-09 185667297.90881884 10013077712106.938 3244237178722.429
38.266726237419434 1.1835811409745388e-09 193048175.73259848 10411130056625.719 3383617268403.3535
38.14898246438122 1.1816971393545262e-09 193335764.6476589 10426639789293.1 3399084571309.493
38.03196104577882 1.2303017831938509e-09 201907247.71098036 10888901733037.201 3560670866703.0303
37.91565535450732 1.2178982377562835e-09 200484780.7556673 10812187781108.799 3546397592203.683
37.800058844280166 1.2556855958073572e-09 207337286.92111692 11181744927306.055 3678794081083.7686
37.6851650484009 1.2511671919188822e-09 207221064.79650596 11175477042876.74 3687907424149.342
37.57096757855726 1.3072714581381156e-09 217171271.6450187 11712093859881.455 3876703067620.825
37.45746012363715 1.3034669039373062e-09 217195417.25656986 11713396037958.0 3888847484602.0044
37.34463644856595 1.3425873350585557e-09 224389889.65146995 12101395497201.064 4029764700567.733
37.232490393164845 1.3463227079235002e-09 225691945.20082828 12171615635847.17 4065319622373.176
37.12101587102963 1.3972981531830865e-09 234940672.24325487 12670401494514.443 4244584500662.1904
37.010206868429535 1.403024052982847e-09 236609718.44397658 12760413518716.629 4287498942288.808
36.900057443225876 1.4417524079870313e-09 243866765.47309926 13151787641577.545 4432152435211.261
36.790561723809766 1.4409023800513116e-09 244448352.61294755 13183152762378.316 4455905633683.724
36.681713908058846 1.4362320519071414e-09 244379048.76655748 13179415190886.365 4467821749710.7295
36.573508262312366 1.4747365928791472e-09 251673106.6223735 13572785315671.387 4614747007328.002
36.46593912036438 1.4614232242379097e-09 250136792.6923081 13489931571661.54 4600066665936.685
36.35900088247475 1.4984547379687936e-09 257229434.80386543 13872439301601.484 4744374241147.781
36.25268801439734 1.51512763647561e-09 260854288.63390517 14067928456148.46 4825299460458.907
36.14699504642534 1.5438028836654069e-09 266568374.1075049 14376090327114.418 4945375072527.174
36.04191657245317 1.6178295624193462e-09 280164990.492154 15109358802578.838 5212728786889.85
35.937447249054756 1.598941089456603e-09 277698934.50364316 14976363867372.248 5181821898110.736
35.83358179457772 1.665332675190972e-09 290067957.8109404 15643427981482.709 5428269509574.346
35.730314988253284 1.690348602257102e-09 295276176.6711608 15924308356090.516 5541659307919.413
35.62764166932152 1.708187029788793e-09 299252177.43523437 16138734941075.97 5632418494435.151
35.525556736171595 1.708207348406408e-09 300115667.27180755 16185303135553.965 5664856097444.107
35.42405514549682 1.7471429471550963e-09 307835809.87211657 16601652103175.635 5827179888214.577
35.32313191146407 1.7511913716170824e-09 309430686.1957698 16687664129794.246 5874057773687.42
35.222782104897405 1.7577845265442342e-09 311480566.46270406 16798214617922.79 5929769760126.711
35.1230008524756 1.8165692513777911e-09 322811738.9541142 17409307212061.246 6162894753069.502
35.02378333594318 1.8333237370177318e-09 326711994.38505846 17619648834775.504 6254975336345.265
34.92512479133489 1.8424117950525395e-09 329259044.5281241 17757011802333.062 6321496201630.518
34.82702050821316 1.830523031872546e-09 328055898.457869 17692125873382.902 6316088936798.005
34.72946582891845 1.890634706578051e-09 339780536.1947427 18324438133688.82 6560148851860.257
34.63245614783208 1.904192731833259e-09 343175744.8852285 18507542475969.664 6644207748872.995
34.53598691065149 1.9444109122244504e-09 351402748.09711444 18951226546488.227 6822441556735.781
34.440053613677456 1.9212354416175e-09 348181543.0186609 18777506256806.254 6778679758707.458
34.34465180311326 2.007489715813859e-09 364823819.8215307 19675027860289.527 7122360085424.042
34.249777074375366 2.0456241325333364e-09 372783828.50436914 20104312857852.48 7297865567400.619
34.15542507141566 2.074761700903892e-09 379138164.11639553 20447003557876.973 7442709295067.172
34.061591486054624 2.0900332542097515e-09 382981005.49679184 20654248828372.08 7538800822355.686
33.968272057325706 2.179690764778486e-09 400507270.00200534 21599444080687.477 7905396533531.561
33.87546257083028 2.1358203076114747e-09 393521488.36591625 21222699359404.777 7788730664901.472
33.78315885810322 2.1814303172692044e-09 403023215.8698787 21735129587926.57 7998527688356.981
33.69135679598881 2.2251714392761205e-09 412224643.3214413 22231364569382.797 8203373526102.417
33.60005230602678 2.2791904267303473e-09 423379312.5936845 22832938306566.58 8448187173429.609
33.50924135384833 2.2983992904775696e-09 428104564.3508209 23087772160381.336 8565563471500.881
33.41891994858189 2.3046678010976416e-09 430432344.99148834 23213309876038.66 8635351273886.744
33.3290841422685 2.279249721722259e-09 426832524.9324181 23019170798198.61 8586150707728.274
33.23973002928655 2.366795258491762e-09 444418549.5147177 23967588924454.03 8963878257745.025
33.150853745785774 2.53329720603473e-09 476958289.90454817 25722464192877.277 9645924072328.889
33.062451469130345 2.417621898627578e-09 456396498.43789804 24613562312068.863 9254699429337.768
32.97451941735074 2.4363687195107525e-09 461162001.19128525 24870566910855.883 9376203725392.598
32.88705384860445 2.5037106501840626e-09 475169046.6121503 25625969913408.395 9686616627268.355
32.80005106064518 2.5772772590106335e-09 490428383.24771965 26448909253227.906 10024136606973.379
32.71350739030047 2.606797359960989e-09 497358034.04011184 26822626825915.707 10192598193848.164
32.62741921295758 2.6194585600235434e-09 501092363.3179667 27024020015146.695 10296151625770.662
32.541782942057424 2.623897079484713e-09 503262333.5594166 27141046981690.195 10367879947005.441
32.45659502859654 2.70000695603392e-09 519219388.2703295 28001614408890.973 10724618318604.885
32.371851960636754 2.7512523559863163e-09 530459042.03346735 28607771378131.43 10985384209202.904
32.2875502628226 2.7050184877272095e-09 522906592.5942882 28200466139120.53 10857179463561.342
32.203686495906176 2.7720991059715245e-09 537269438.7681595 28975057553579.74 11184372215681.35
32.12025725627947 2.933410733141064e-09 570010474.8482544 30740788742310.074 11896685243273.38
32.03725917551389 2.951545376711001e-09 575020177.8441061 31010963113225.258 12032253687931.248
31.954688919906893 2.9176455635390974e-09 569884589.7224381 30733999730126.48 11955525895019.285
31.872543190035667 2.878428181633919e-09 563673547.7476656 30399036887089.38 11855624385964.895
31.790818720317628 2.9263150640167525e-09 574524224.5173005 30984216242565.67 12114828550843.021
31.709512278577684 2.911308749988312e-09 573043615.5376621 30904366678634.156 12114511738024.768
31.62862066562213 2.9603548882439614e-09 584187822.4888201 31505376180568.887 12381612838963.602
31.54814071481902 2.9734605138062536e-09 588270921.0880415 31725578575070.68 12499877958577.945
31.468069291684962 3.094840576558717e-09 613842790.2755177 33104675035793.555 13076346639138.135
31.388403293478163 3.233119523605211e-09 642897165.488338 34671583803031.367 13729947186000.154
31.30913964879766 3.132583722229765e-09 624482867.3549296 33678496704223.72 13370363191576.945
31.2302753171886 3.43018619556065e-09 685536932.4204574 36971155697092.734 14714519967443.016
31.151807288753453 3.3282466340674473e-09 666839364.2134404 35962791781675.47 14349153920887.666
31.073732583769104 3.3201710274469757e-09 666892765.8415444 35965671743080.52 14386268697232.145
30.99604825230968 3.579323958334125e-09 720748345.2113203 38870114838519.66 15586916050246.432
30.918751373874994 3.5467567599752507e-09 715975947.725056 38612738405290.71 15522320838926.775
30.841839057024558 3.433316553063635e-09 694804393.0300578 37470951861107.52 15100793600026.06
30.76530843901705 3.542711540325386e-09 718726227.7175261 38761061602777.97 15659468887522.299
30.689156685455128 3.6649208702102227e-09 745364359.3360236 40197661828049.41 16280053040360.066
30.613380989935486 3.81216473147676e-09 777229610.128154 41916161725937.05 17017961660730.082
30.537978573704116 4.034253939367741e-09 824540363.7896901 44467640949079.27 18098329866275.527
30.462946685316638 3.667125368797095e-09 751350919.0619247 40520518294636.516 16532371464211.174
30.388282600303604 3.6456716548306235e-09 748790576.0557196 40382438440081.99 16516417321993.38
30.31398362084076 3.5970046689395435e-09 740605554.2548813 39941018436181.61 16375817558835.018
30.240047075424076 3.6515546636857166e-09 753675362.229071 40645876019621.79 16705455044064.25
30.166470318549564 3.6513796709457096e-09 755477388.4896262 40743059687340.47 16786140591182.781
30.093250730397738 3.7868983700821835e-09 785422830.8074697 42358023897134.91 17493863869517.355
30.020385716522686 3.8152326162745315e-09 793220133.7896656 42778534140914.68 17710313134337.85
29.947872707545574 4.00042992960604e-09 833738130.5666183 44963678509557.19 18659926581466.18
29.875709158852693 4.068540220790892e-09 849981289.2488855 45839675586088.67 19069305043813.31
29.80389255029776 4.281780920221229e-09 896686081.1372037 48358475159157.16 20165484141368.7
29.732420385908558 4.223605015458965e-09 886629153.0198132 47816102840936.86 19987130987511.586
29.66129019359777 4.20921449463151e-09 885727225.5106825 47767461694427.32 20014566449964.57
29.590499524877966 4.169559915867056e-09 879481882.1157281 47430648968347.89 19920872566706.22
29.520045954580638 3.9591572376178984e-09 837094899.3986131 45144709781918.62 19005922818187.38
29.449927080579258 4.321856857431814e-09 915957092.2485996 49397764974987.016 20845856819444.832
29.380140523516275 4.597309753293674e-09 976649815.6200206 52670936731792.02 22279806237547.52
29.310683926533965 4.2274390680777905e-09 900202841.0371406 48548134784570.48 20584409148656.97
29.241554955009118 4.05270889963144e-09 865035482.4142679 46651551493993.96 19826909384947.094
29.172751296291448 4.562568369530865e-09 976159916.8072649 52644516382390.48 22426563978897.945
29.104270659445692 4.893903463343938e-09 1049512589.5397699 56600441958589.83 24168388716318.46
29.036110774997343 5.064647192988169e-09 1088678704.2517939 58712679033776.8 25129026626456.484
28.96826939468193 4.8473381433497505e-09 1044406920.1894296 56325092101328.555 24163464511469.535
28.90074429119782 4.54505028195688e-09 981564040.3238256 52935961937674.65 22762463633200.72
28.83353325796248 4.20529513261158e-09 910306389.9720607 49093021373608.43 21159092212024.215
28.766634108872076 4.592249340382989e-09 996380881.736889 53735037414013.13 23213536162854.664
28.700044678064504 4.445870140128019e-09 966859069.0668006 52142919643154.91 22577884205485.348
28.6337628196856 4.543307280998091e-09 990336218.5725106 53409047416366.07 23179526578703.445
28.567786407658676 4.516257297109829e-09 986713479.2198699 53213672296044.59 23147947448778.69
28.50211333545716 4.569616669472907e-09 1000671848.6742584 53966450193150.26 23529372284212.414
28.43674151588042 4.9881641470083515e-09 1094838046.2707424 59044853686964.59 25802601061202.473
28.371668880832637 4.989554750799156e-09 1097655062.4468935 59196775981336.08 25928187879826.266
28.30689338110471 5.324823921773428e-09 1174091697.7464454 63319020328761.555 27797049924326.145
28.24241298615914 4.491164921529661e-09 992535796.1256684 53527671111662.12 23552175289130.72
28.17822568391787 5.773389400496591e-09 1278810466.8976893 68966526299051.16 30414238097880.934
28.114329480552975 5.509310700877532e-09 1223090266.595637 65961523791648.836 29154993515909.645
28.050722400280232 4.782411418064453e-09 1064123071.0532818 57388388400714.18 25423056061516.203
27.987402485155446 5.172454586855656e-09 1153514525.7221704 62209288971139.03 27620924303185.805
27.924367794873564 6.222239144198545e-09 1390760424.8660865 75004011853212.5 33376785274678.902
27.861616406570477 5.884752777265623e-09 1318289790.6325922 71095654804886.08 31708662042979.273
27.799146414627494 4.67765987411611e-09 1050234193.1237646 56639358196641.734 25317793113898.3
27.736955930478437 5.002352825189392e-09 1125652910.0264912 60706705983785.484 27196604280736.812
27.675043082419336 6.302516448777848e-09 1421394586.3750434 76656118838606.69 34418597358530.69
27.613406015420622 6.8462055529385e-09 1547458214.1298642 83454757670519.08 37554640951735.08
27.552042890941912 6.480448739174099e-09 1468047976.1757646 79172146285924.05 35706637974952.1
27.490951886749137 6.0598085900080655e-09 1375808865.0530138 74197670984294.2 33537347284900.848
27.430131196734205 6.0253994970878885e-09 1371029933.883494 73939942188107.84 33494793811211.41
27.369579030736997 5.106300531526652e-09 1164467116.2728288 62799964558966.516 28511183909771.305
27.309293614369736 5.319777003241015e-09 1215827426.1717877 65569837229751.71 29834275939537.195
27.24927318884365 5.694060709915967e-09 1304235884.5552995 70337724596952.03 32074002416209.51
27.189516010797938 5.790343485628587e-09 1329204567.3486118 71684291084396.5 32759721025569.184
27.130020352130984 5.133181535123318e-09 1180933598.1185741 63688005502220.93 29169106520017.984
27.070784499833756 5.98412200674915e-09 1379712416.7330353 74408190374437.3 34153359381864.715
27.0118067558254 6.320789203321089e-09 1460517105.3217487 78766004784698.92 36232362200962.81
26.953085436791 6.381039992897104e-09 1477651277.033501 79690054387481.5 36737115072625.766
26.894618874021383 6.464808928143472e-09 1500304024.1623688 80911721961409.64 37381215546172.086
26.836405413255104 5.998618726973771e-09 1395133893.972035 75239873992224.55 34836061658399.81
26.77844341452237 5.739591926764029e-09 1337779887.2159219 72146759947813.25 33476096615784.848
26.720731251991072 6.348487301330852e-09 1482896673.6568618 79972939766932.27 37187416991622.64
26.663267313814746 6.760853252185723e-09 1582621704.867118 85351132365183.86 39773627682177.17
26.606050001982528 6.126605549067826e-09 1437237340.0657923 77510521986958.33 36197413767908.234
26.549077732171 6.954516869502393e-09 1634957623.7219334 88173619838907.69 41265254084608.49
26.492348933597984 6.4559747779799064e-09 1521003919.9528632 82028071838405.89 38471165692213.06
26.43586204887816 6.735497413231236e-09 1590249148.181902 85762482040198.42 40308366558892.52
26.379615533880546 6.935681195746067e-09 1641003983.8393764 88499701353602.19 41683359337546.51
26.323607857587806 6.378090502197695e-09 1512287072.6852882 81557970371546.28 38495362015370.1
26.267837501957324 6.662619345263993e-09 1583104762.2540896 85377183755006.6 40383407916119.484
26.212302961784054 6.8103389740204796e-09 1621632817.5483496 87455010147176.3 41453674809756.8
26.157002744565094 7.634423823532753e-09 1821701697.2435977 98244768293742.94 46666264939528.69
26.10193537036601 7.967642647050582e-09 1905224301.4142776 102749160481802.25 48908600389336.48
26.04709937168877 9.204410155629973e-09 2205593995.959779 118948163363413.47 56738273924349.195
25.992493293341415 8.625198301424132e-09 2071143179.332073 111697201613484.8 53391262371246.734
25.93811569230932 8.355106756168927e-09 2010492953.1982315 108426321741934.9 51936208114384.805
25.88396513762809 7.0595675571667444e-09 1702300658.8740115 91805444354811.73 44066613290309.74
25.83004021025803 7.893537256838e-09 1907372671.0262141 102865022521703.39 49478075832940.984
25.776339502960198 6.665540847004156e-09 1613998496.2488053 87043289540949.39 41954865558736.836
25.722861620173973 7.2515538338597916e-09 1759546582.427627 94892729448631.47 45833188323689.47
25.66960517789618 7.351533618553564e-09 1787506927.4424527 96400636929615.34 46657908273933.71
25.616568803561684 7.799025015804874e-09 1900239450.857996 102480326408352.22 49702958308051.77
25.563751135925475 7.969396535164602e-09 1945762506.0481603 104935394664559.11 50998601806970.336
25.5111508249462 7.2902857020075495e-09 1783624679.3141713 96191266444645.77 46845146758542.65
25.458766531671156 8.847163385872267e-09 2168980582.944882 116973594045322.39 57083113894117.38
25.40659692812265 8.096500360786033e-09 1989023053.5325818 107268445388669.58 52454269795059.586
25.354640697185793 7.695008755188159e-09 1894264553.74056 102158098908773.31 50057468465298.73
25.30289653249766 6.953660672108829e-09 1715268962.5563235 92504827789739.31 45419870444762.99
25.251363138337787 8.565434703946593e-09 2117159394.9918473 114178866120955.97 56176002131509.375
25.200039229520026 6.720511634787606e-09 1664524129.763657 89768147933007.75 44255696930973.72
25.148923531285707 5.598676131239943e-09 1389488382.2626832 74935410319262.02 37018092697713.4
25.09801477919808 9.647887814137152e-09 2399285055.8780756 129393964303839.33 64050012330400.016
25.047311719038085 9.229698714053323e-09 2299934027.649661 124035941767649.92 61521827116758.16
24.996813106701318 8.314041462860695e-09 2075948224.6372216 111956338750678.86 55642300359086.516
24.946517708096284 7.804511680015782e-09 1952651677.512861 105306929178310.45 52442850730795.875
24.89642429904388 9.057775205209943e-09 2270772029.9211397 122463228894759.55 61109151218484.16
24.84653166517806 1.0103330554882139e-08 2537977473.3981953 136873676511376.0 68436838255688.695
24.796838601847703 8.342311623263457e-09 2099805496.6861398 113242966615226.17 56734726274226.51
24.747343914019662 7.234451814274895e-09 1824593021.2016237 98400698022934.17 49397150407511.72
24.69804641618297 8.222570869993347e-09 2077944758.0694544 112064012232422.45 56368198152911.39
24.648944932254178 8.942124406910722e-09 2264286347.311384 122113454622612.62 61545181129794.7
24.60003829548383 1.2255326431989972e-08 3109410603.613086 167691189366678.1 84684050630170.38
24.55132534836406 1.0315592971856184e-08 2622456124.8841324 141429628538846.7 71563392040656.02
24.502804942537253 1.0629863035627646e-08 2707701844.440338 146026948713991.1 74035662997994.62
24.45447593870582 8.89604692844551e-09 2270532275.689042 122450298896936.36 62204751839646.1
24.406337206543014 8.036099507404622e-09 2055093914.789452 110831661290027.6 56413315596620.3
24.358387624604813 8.645784176941822e-09 2215362641.0753803 119474988516718.33 60932244143528.76
24.310626080242844 7.720453207613903e-09 1982145936.3600569 106897560965514.06 54624653653373.695
24.263051469518295 8.243448051987963e-09 2120569256.5554435 114362760695866.97 58553733476285.93
24.215662697116894 6.768729340873104e-09 1744615652.665553 94087501162845.36 48266888096537.7
24.168458676264812 7.192023999782708e-09 1857338872.7816584 100166688912622.42 51485678101088.26
24.12143832864562 8.723164253038277e-09 2257146897.4418926 121728422540118.39 62690137608158.58
24.07460058431815 7.412786024691392e-09 1921813980.3012524 103643845468254.5 53480224261619.93
24.027944381635365 7.412002544506217e-09 1925342141.0819378 103834119945643.4 53682240011900.555
23.98146866716412 7.8727737143369e-09 2048995323.0143213 110502762910686.77 57240431187733.664
