1.962E-02
1.938E-02
1.957E-02
1.912E-02
1.897E-02
1.859E-02
1.837E-02
1.811E-02
1.967E-02
1.938E-02
1.990E-02
1.900E-02
2.030E-02
1.715E-02
1.748E-02
1.757E-02
1.496E-02
1.634E-02
1.534E-02
1.373E-02
1.395E-02
1.865E-02
1.684E-02
1.728E-02
1.520E-02
1.620E-02
1.560E-02
1.518E-02
1.842E-02
1.671E-02
1.974E-02
1.744E-02
1.597E-02
1.740E-02
1.905E-02
1.586E-02
1.886E-02
1.788E-02
1.555E-02
1.642E-02
1.687E-02
1.623E-02
1.609E-02
1.602E-02
1.629E-02
1.559E-02
1.583E-02
1.636E-02
1.600E-02
1.494E-02
1.518E-02
1.504E-02
1.649E-02
1.672E-02
1.541E-02
1.603E-02
1.628E-02
1.617E-02
1.682E-02
1.579E-02
1.480E-02
1.486E-02
1.453E-02
1.474E-02
1.509E-02
1.691E-02
1.643E-02
1.775E-02
1.710E-02
1.829E-02
