string
20190121an 21 2019_16.18   full spectra  index number  Nphoton via eV
eV x-axis E [J] Nphoton Nphoton/sr Nphoton/sr @ 0.1bw
43.81066890785845 2.277033062572283e-09 324398193.7353081 17494865063065.463 4968541677910.697
43.65640598916881 2.274821292355311e-09 325228263.1730675 17539630888174.91 4998794803129.591
43.50322561727698 2.2901321250229163e-09 328570110.7334402 17719857453116.145 5067879231591.217
43.35111643679699 2.3105694217333587e-09 332665458.957077 17940720472523.863 5148986775614.305
43.20006725060606 2.3258181081423813e-09 336031738.9729762 18122264685099.547 5219212229308.481
43.05006701709701 2.3353753710863376e-09 338588215.7360297 18260136032320.97 5277179313340.706
42.90110484748767 2.351238702611387e-09 342071758.1637846 18448004232243.08 5349921227350.538
42.75317000318599 2.364732226949002e-09 345225305.94578856 18618075749229.098 5417860043025.487
42.606251893209404 2.374504149113629e-09 347847252.1788476 18759477879191.043 5477767540723.662
42.46034007165731 2.3835375223558666e-09 350370473.2622851 18895555740386.04 5536397831932.912
42.31542423523527 2.4574693842512525e-09 362475277.96335495 19548370487661.645 5747220923372.522
42.17149422082971 2.433014933475156e-09 360093067.3161814 19419897349928.625 5728869718228.942
42.02854000313198 2.4517565092739023e-09 364101114.421122 19636052201039.047 5812271451507.651
41.88655169231059 2.4724661752623133e-09 368421295.36608934 19869040497952.625 5901105027891.772
41.745519531730416 2.4880582694390526e-09 371997183.47977966 20061888920779.164 5978442898392.037
41.605433895717894 2.512647152227107e-09 376938436.45359933 20328371767135.52 6078183158373.36
41.46628528737101 2.5205997255692203e-09 379400350.86605006 20461143346245.438 6138343003873.722
41.32806433641311 2.5437470072024724e-09 384165026.849941 20718103357173.906 6236149110509.205
41.19076179708947 2.6324142782776686e-09 398881035.4808981 21511740899667.656 6496545751699.44
41.05436854610573 2.5934272309383546e-09 394279016.70739913 21263553027432.61 6442856567312.073
40.91887558060703 2.6193547866049725e-09 399539397.6158815 21547246512635.293 6550362939841.144
40.78427401619714 2.6316739110263183e-09 402743290.44443643 21720033148919.176 6624610110420.304
40.65055508499649 2.6479974242222206e-09 406574421.64628726 21926646886941.312 6709553947404.111
40.51771013373833 2.729963623796512e-09 420533833.27153575 22679480988547.867 6962600663483.633
40.38573062190204 2.7204566422645987e-09 420438849.8418306 22674358511548.89 6983702421556.812
40.254608119882874 2.750990243679604e-09 426542609.8495629 23003535614796.703 7108092504972.414
40.124334307197174 2.839156208553046e-09 441642055.41735953 23817851994595.188 7383534118324.339
39.99490097072234 2.841325427154777e-09 443409840.33361006 23913189019176.652 7437001784963.6455
39.86630000297082 2.811501254420588e-09 440170898.18113124 23738512165239.152 7406415795554.55
39.73852340039719 2.8045584015754664e-09 440495764.9548275 23756032300921.31 7435638110188.528
39.61156326173778 2.878054117726065e-09 453488155.8976164 24456714767039.324 7679408436850.253
39.485411786381924 2.8407115293493867e-09 449034218.1653321 24216512937527.32 7628201575320.931
39.36006127277436 2.8010861204870034e-09 444180686.0984928 23954760898741.625 7569704444002.236
39.235504116847856 2.8515111025267648e-09 453612281.7083522 24463408898978.414 7754900620976.325
39.11173281048556 2.804092639148007e-09 447480664.9975426 24132729477681.824 7674207973902.765
38.98873994001234 2.782627439995582e-09 445456026.36695343 24023540276485.07 7663509348198.343
38.86651818471449 2.86075001063741e-09 459402386.0469085 24775670483846.44 7928214554830.57
38.74506031538725 2.7653272020833325e-09 445470715.26814866 24024332452117.668 7711810717129.904
38.62435919290941 2.808092513458897e-09 453773468.06497246 24472101714208.387 7880016751975.065
38.50440776684447 2.77621888636435e-09 450020431.0157903 24269699610805.49 7839112974290.07
38.38519907406786 2.743985822959732e-09 446176857.9330747 24062414879445.344 7796222420940.247
38.266726237419505 2.81578136298064e-09 459268432.5281547 24768446341478.887 8049745060980.64
38.14898246438129 2.735940122696922e-09 447623217.51980144 24140417366176.52 7869776061373.428
38.03196104577889 2.8000817812240703e-09 459526933.5828726 24782387359518.71 8103840666562.328
37.91565535450739 2.740276849084938e-09 451091713.796011 24327474123877.035 7979411512631.677
37.80005884428024 2.77855704406853e-09 458791978.6579356 24742751080749.234 8140365105566.684
37.68516504840097 2.7160774246402075e-09 449842722.57051367 24260115755744.883 8005838199395.367
37.57096757855732 2.7688718750983927e-09 459980536.09590375 24806850241590.805 8211067429966.704
37.45746012363721 2.705499488727202e-09 450814737.6558196 24312536740463.95 8071762197833.429
37.34463644856601 2.7470327273189812e-09 459118266.9879705 24760347881273.562 8245195844464.178
37.23249039316491 2.680554413398319e-09 449357004.9855436 24233920900866.184 8094129580889.244
37.121015871029684 2.7266859381531025e-09 458462945.6831327 24725006260936.293 8282877097413.383
37.01020686842959 2.665704802495501e-09 449551567.86676043 24244413719318.64 8146123009691.115
36.90005744322593 2.7184231736697467e-09 459810618.57600206 24797686552828.234 8356820368302.971
36.79056172380983 2.7080890497980707e-09 459425923.72477436 24776939875927.266 8374605678063.701
36.68171390805892 2.6638939907663317e-09 453269287.9357308 24444911170306.168 8286824886733.73
36.57350826231243 2.694907101821161e-09 459902904.45692354 24802663550435.27 8432905607147.514
36.465939120364446 2.651310672119806e-09 453797597.4076706 24473403014902.156 8345430428081.83
36.35900088247482 2.6951447219233726e-09 462656986.5398275 24951191795485.63 8533307594056.232
36.25268801439741 2.6756181750727205e-09 460651933.8120305 24843058866281.46 8521169191133.958
36.146995046425396 2.6332149836704056e-09 454677112.149164 24520835435983.88 8435167389978.15
36.041916572453225 2.6643380715051575e-09 461392391.26948404 24882991897824.973 8584632204749.292
35.937447249054806 2.5937680189639585e-09 450477268.9659902 24294336980706.99 8405840595324.531
35.83358179457777 2.6531865382295666e-09 462132529.01404434 24922907687182.69 8648248967452.754
35.73031498825334 2.6588554065295667e-09 464458430.4759173 25048344058319.383 8716823732295.023
35.62764166932158 2.59086983463284e-09 453886738.36319065 24478210405999.062 8542895431693.733
35.52555673617166 2.679293742387837e-09 470726244.1319248 25386368610459.04 8885229013660.402
35.42405514549688 2.6773164729381387e-09 471726647.25166667 25440320568042.484 8929552519382.818
35.323131911464124 2.6523875494355644e-09 468669565.634671 25275451492292.457 8896958925286.725
35.22278210489746 2.607847153468121e-09 462112219.29877317 24921812379825.87 8797399770078.498
35.123000852475656 2.656404361891725e-09 472053851.3889128 25457966758248.67 9012120232420.428
35.02378333594324 2.640025879814169e-09 470472346.48547626 25372675855227.26 9007299928605.637
34.92512479133495 2.584773884966848e-09 461927231.4532489 24911835945128.473 8868613596465.678
34.827020508213224 2.62207940165741e-09 469914116.8732828 25342570410967.297 9047297636714.467
34.7294658289185 2.6232688492454068e-09 471447865.1419868 25425285788302.54 9102252312212.516
34.63245614783214 2.624219076144869e-09 472939698.3523927 25505740677437.793 9156560903200.023
34.535986910651545 2.613812897936645e-09 472380107.2972955 25475561810266.258 9171202251695.895
34.44005361367751 2.55724205563708e-09 463443712.0597303 24993620073688.68 9022696846601.49
34.34465180311331 2.60722094057659e-09 473813786.02690214 25552880415618.05 9250142710453.443
34.24977707437542 2.6021202049693406e-09 474196758.245975 25573534190592.676 9283192911185.371
34.15542507141571 2.594451859835085e-09 474105394.65698665 25568606932389.957 9306972923389.904
34.06159148605468 2.5693314921944478e-09 470808374.1506095 25390797900209.3 9267641233576.258
33.96827205732576 2.5175338041835293e-09 462584237.7938302 24947268439809.46 9130700248970.213
33.87546257083034 2.5618170068306015e-09 472010701.39486724 25455639669695.54 9342219758778.182
33.78315885810328 2.5559180225124195e-09 472210500.04578876 25466414854345.633 9371640666399.213
33.69135679598887 2.541414676131769e-09 470810356.41060674 25390904803921.594 9369243872645.814
33.600052306026825 2.539447765603968e-09 471724361.75565606 25440197310746.11 9412873004976.045
33.509241353848374 2.5301636135276003e-09 471273462.3584333 25415880208296.81 9429291557278.215
33.41891994858194 2.5192941200643915e-09 470517128.45822 25375090956746.137 9439533835909.975
33.32908414226855 2.521788264020756e-09 472252444.2225559 25468676912910.977 9499816488515.268
33.23973002928659 2.4513698905343294e-09 460299321.2727486 24824042395433.55 9284191855892.092
33.150853745785824 2.498512714011274e-09 470409215.5238613 25369271188752.28 9513476695782.031
33.062451469130394 2.5204884264998176e-09 475815549.51201516 25660835955249.69 9648474319173.768
32.97451941735079 2.5009318443032486e-09 473382671.8943829 25529630336792.523 9624670636970.727
32.8870538486045 2.49306973872957e-09 473149551.3679433 25517058096156.625 9645447960347.203
32.80005106064523 2.49432863043632e-09 474644143.6351238 25597661781823.133 9701513815310.984
32.71350739030052 2.5000781213408253e-09 476996777.1470258 25724539818225.383 9775325130925.852
32.627419212957626 2.486766256482737e-09 475708835.21406275 25655080829977.63 9774585796221.275
32.54178294205747 2.473388505677411e-09 474394853.7077147 25584217521880.176 9773171093357.227
32.45659502859658 2.4667256495564162e-09 474358697.45860076 25582267607510.582 9798008493677.059
32.3718519606368 2.4642905392738937e-09 475130969.3242352 25623916396998.91 9839583896447.16
32.28755026282264 2.45637456158673e-09 474841284.0659801 25608293608087.613 9859193039113.686
32.20368649590622 2.4612799007676827e-09 477028569.4650003 25726254384840.566 9930334192548.94
32.12025725627952 2.4596986280798243e-09 477960337.13767534 25776504817852.773 9975507364508.521
32.03725917551394 2.447962047586125e-09 476912055.31359863 25719970751342.99 9979348651520.967
31.954688919906943 2.436654462675908e-09 475935749.7396025 25667318379636.758 9984586849678.785
31.872543190035717 2.421668204629711e-09 474227676.438499 25575201615432.414 9974328630018.688
31.790818720317677 2.4184933530947497e-09 474823451.2656187 25607331881289.98 10012466765584.27
31.709512278577733 2.4394959098840784e-09 480174957.84152794 25895939793533.883 10151208399065.0
31.628620665622176 2.433025418980448e-09 480126158.9340239 25893308057850.715 10176070066735.371
31.548140714819066 2.512929543198887e-09 497159242.62086284 26811905961488.535 10563890948825.645
31.468069291685 2.6151395130430653e-09 518697004.23505986 27973442124381.9 11049509639131.088
31.388403293478206 2.5537992617043544e-09 507816149.26043725 27386635251754.457 10845107559694.566
31.309139648797704 2.5479317044022052e-09 507932057.9042819 27392886230097.94 10874975833349.0
31.230275317188642 2.5636909629429014e-09 512364267.7719614 27631916271151.465 10997502675917.879
31.151807288753492 2.5570262596397878e-09 512319534.196128 27629503779688.48 11024172008096.072
31.07373258376915 2.5221994700601593e-09 506611426.54626626 27321664294055.387 10928665717622.121
30.996048252309727 2.5083883638244923e-09 505100064.54270905 27240156212862.887 10923302641357.566
30.918751373875036 2.4944861843379515e-09 503556412.45916283 27156906720641.617 10917076501697.88
30.8418390570246 2.475035946744806e-09 500875996.1766694 27012351288211.164 10885977569149.424
30.765308439017097 2.530814855652978e-09 513438080.845801 27689827243507.582 11186690206377.082
30.689156685455174 2.442954639611306e-09 496843283.75046116 26794866230966.277 10851920823540.889
30.61338098993553 2.43486081627547e-09 496422913.55468315 26772195574983.305 10869511403442.494
30.537978573704155 2.4085350436852057e-09 492268060.2083406 26548123431380.684 10805086236572.107
30.462946685316677 2.3977380205126968e-09 491268359.8741762 26494209375176.11 10809637425071.523
30.388282600303643 2.458174764499922e-09 504888610.99616593 27228752477159.914 11136559763158.314
30.313983620840798 2.4085710500667336e-09 495912922.4657988 26744691644765.133 10965323574354.092
30.240047075424116 2.3928631034151116e-09 493883327.05682325 26635235123433.152 10947081635730.84
30.166470318549603 2.3543908506056613e-09 487127938.3660343 26270915543742.94 10823617204022.195
30.093250730397784 2.3148300988982186e-09 480108054.51732105 25892331682724.777 10693532984965.219
30.02038571652273 2.334217517080446e-09 485304178.6481463 26172559785948.742 10835439751382.818
29.94787270754562 2.2792725272952873e-09 475028046.83449703 25618365764767.605 10631621792378.541
29.87570915885274 2.231192379509552e-09 466130767.39577025 25138533551719.223 10457629957514.926
29.803892550297803 2.1980922287037943e-09 460322175.10855466 24825274907763.527 10352139636537.49
29.7324203859086 2.2523109885812352e-09 472810449.0911995 25498770236702.477 10658485958941.639
29.661290193597814 2.1881867747534194e-09 460450899.65679777 24832217050615.453 10404698944207.121
29.590499524878005 2.1091551218891767e-09 444882374.56767195 23992603110325.008 10076893306336.06
29.520045954580674 2.063696977148731e-09 436332812.7162047 23531523382298.543 9906771343948.016
29.449927080579297 2.105423276964301e-09 446215005.8034777 24064472202383.734 10155207269405.584
29.38014052351631 2.0411627358732797e-09 433623426.8776166 23385405615414.316 9892026575320.55
29.310683926534004 2.0237655732226864e-09 430946369.4852465 23241031328657.926 9854197283350.537
29.241554955009157 2.1083124160300577e-09 450011361.0544308 24269210465818.938 10314414447973.418
29.17275129629149 2.3146598495057045e-09 495220670.2741261 26707358333677.688 11377334650146.512
29.104270659445735 2.391317012604021e-09 512825258.8361628 27656777619393.32 11809444043480.646
29.036110774997383 2.2352630679487797e-09 480484268.2517823 25912620971156.027 11090601775654.8
28.96826939468197 2.1100795557906014e-09 454637498.9831051 24518699089332.438 10518521909323.45
28.90074429119786 1.9816483613987668e-09 427963312.0534337 23080154393296.438 9924466389117.752
28.833533257962518 2.060799234513263e-09 446094424.4029648 24057969221257.98 10368984734361.154
28.76663410887211 1.921970236560363e-09 417010109.21509737 22489445784661.473 9715440578973.664
28.700044678064536 1.8856337350637202e-09 410075422.8579792 22115456642874.03 9575992726364.672
28.633762819685636 2.0189888532652247e-09 440093012.12034166 23734311753060.164 10300691300827.822
28.56778640765871 1.9649611920217774e-09 429305410.82160985 23152534071432.703 10071352321073.477
28.502113335457196 1.9765915327522848e-09 432841449.56107664 23343233408850.164 10177649766258.762
28.43674151588046 1.8776545672336362e-09 412121092.5254593 22225780052459.266 9712665882924.318
28.371668880832676 1.7834767375848434e-09 392348088.66517055 21159417658624.6 9267824934477.46
28.306893381104747 1.8024000678297194e-09 397418391.05765367 21432860168165.23 9409025613824.488
28.242412986159177 1.766888159833395e-09 390477699.44461435 21058547161621.332 9265760751113.67
28.17822568391791 1.8433994855879117e-09 408314491.42177546 22020489227960.4 9711035749530.352
28.114329480553014 1.816619970722161e-09 403297313.38978887 21749911726722.516 9613460983211.111
28.050722400280268 2.0080093737163003e-09 446797423.8668828 24095882135072.44 10674475785837.63
27.987402485155485 2.296684816316203e-09 512186091.17586875 27622307168615.645 12264304382864.014
27.924367794873596 2.321898897746625e-09 518977979.25960743 27988595168497.062 12454924849980.96
27.86161640657051 2.2690144951379444e-09 508299797.281815 27412718494619.016 12226072448600.125
27.799146414627526 2.0450188141499133e-09 459150246.491038 24762072542821.484 11068646426641.607
27.736955930478473 2.3789001599086226e-09 535311278.7605578 28869453558963.062 12933515194415.16
27.675043082419368 2.249699569970724e-09 507370479.03250307 27362600159540.914 12285807471633.977
27.61340601542066 2.098349514235465e-09 474293120.0079679 25578731001351.367 11510428950607.922
27.552042890941948 1.9028723838298457e-09 431067054.8345658 23247539915765.39 10484640502010.31
27.490951886749173 2.278475914882735e-09 517301382.6994933 27898175951772.54 12609975530201.156
27.43013119673424 2.794595081129705e-09 635887049.674327 34293526734246.785 15534967610613.143
27.369579030737032 2.8239346931040567e-09 643984635.905974 34730231318905.457 15767525018783.377
27.30929361436977 2.64918803344488e-09 605468136.3873059 32653028132223.895 14857127800161.977
27.249273188843684 2.563645893184101e-09 587208169.9727553 31668264176542.535 14440728464502.281
27.18951601079797 2.13639468096515e-09 490420917.9725168 26448506649314.4 12086967538736.688
27.130020352131016 1.8634182237540447e-09 428695765.5248244 23119655768132.727 10588802341804.453
27.070784499833785 1.8117416938371834e-09 417719175.52497274 22527685884796.42 10340207821121.586
27.011806755825432 1.9544205713794054e-09 451599410.0851398 24354854295045.855 11203232975721.514
26.95308543679103 2.2218603358675056e-09 514514055.1288252 27747854770344.54 12791761049128.51
26.89461887402142 2.4912188941803146e-09 578143263.5599003 31179391804362.758 14404879013615.934
26.83640541325514 3.082142667317683e-09 716831973.6503016 38658904069409.28 17899072584136.44
26.778443414522407 4.256579843505573e-09 992120515.818782 53505274954492.836 24826447578884.34
26.720731251991108 4.8943794856479276e-09 1143242274.0075731 61655304204542.72 28669716455111.734
26.66326731381478 4.624114417229574e-09 1082440865.0092444 58376271008266.82 27203342289851.703
26.60605000198256 3.3865187981504e-09 794441755.8066941 42844416481688.2 20008342496948.94
26.549077732171035 3.0980804797358785e-09 728336762.1783764 39279359814122.84 18382740393009.375
26.49234893359802 3.218020156991339e-09 758153716.7657104 40887394652697.164 19176188092112.934
26.43586204887819 4.1935167389505e-09 990088186.9396137 53395671016519.52 25095965377765.33
26.37961553388058 4.06151587844907e-09 960967430.4305816 51825182291555.79 24409660859322.734
26.323607857587838 3.299894064711624e-09 782426516.7724975 42196432030285.055 19916715918293.43
26.267837501957352 3.9893189189471295e-09 947901936.3795414 51120557358928.26 24180023630773.91
26.212302961784083 5.3195605859709585e-09 1266658539.9132712 68311170236797.34 32379494692242.418
26.15700274456513 5.112257644491185e-09 1219870502.7364638 65787881227235.75 31249243582935.54
26.101935370366043 5.063793169639557e-09 1210855234.2899342 65301685841363.664 31083602460490.266
26.047099371688805 4.583494196193984e-09 1098313428.9662716 59232281830755.08 28253798433268.855
25.992493293341447 3.2150523582995774e-09 772020947.2735482 41635257406615.586 19901653040362.65
25.938115692309353 2.7889372618357593e-09 671103179.823857 36192740283851.45 17336322595965.332
25.883965137628124 2.4332113429588303e-09 586729603.3017756 31642454972008.855 15188378386563.307
25.830040210258062 2.436360468062427e-09 588715454.4719818 31749552357040.65 15271534683736.074
25.776339502960226 2.7532161880755642e-09 666665599.896376 35953420634306.2 17329548745735.295
25.722861620174 3.4459669555513635e-09 836143469.2089419 45093398945093.164 21780111690480.246
25.66960517789621 3.912684754367719e-09 951359466.7757014 51307022724335.39 24832598998578.293
25.616568803561712 4.832132891775426e-09 1177353519.7197418 63494931096406.35 30795041581755.633
25.5637511359255 7.63521125079361e-09 1864169728.7866755 100535078460964.08 48860048132030.016
25.51115082494623 9.502381542886106e-09 2324831004.5632224 125378641141421.44 61059398235872.54
25.458766531671188 9.501706734830791e-09 2329449170.7471356 125627699847008.12 61306317525340.1
25.40659692812268 7.58019133482964e-09 1862184233.10245 100428000247368.45 49109292120963.38
25.354640697185825 5.77127135204043e-09 1420702055.0584433 76618770474251.27 37543197532383.02
25.30289653249769 5.291254701558314e-09 1305201014.3328927 70389774255530.33 34561379159463.81
25.251363138337815 4.6330948926403504e-09 1145184187.2453566 61760032007333.516 30385935747607.6
25.200039229520055 5.041646623216753e-09 1248705889.3918507 67342979893996.32 33200089087740.902
25.148923531285735 8.211571376055305e-09 2037960896.413323 109907673886885.72 54294390900118.62
25.09801477919811 8.843202264535182e-09 2199171823.73497 118601814220124.25 58707898038961.15
25.047311719038113 7.817375507328774e-09 1947999441.0700097 105056033056257.53 52107792395903.336
24.996813106701342 9.62173325428419e-09 2402468180.6543975 129565630914554.47 64394118564532.625
24.94651770809631 9.852624927558507e-09 2465079864.2488837 132942292613080.02 66205261721315.164
24.896424299043908 9.04032665823757e-09 2266397702.7237873 122227320478691.67 60991432918866.35
24.846531665178087 9.233833000572189e-09 2319557894.4260764 125094261166151.53 62547130583076.48
24.796838601847732 7.018734847004302e-09 1766653977.588621 95276032813732.6 47733292439678.58
24.74734391401969 4.97672185593969e-09 1255173467.1715791 67691777768726.63 33981272439902.406
24.698046416183 4.653973222213423e-09 1176116255.3898187 63428205162300.16 31904387196636.348
24.648944932254206 3.872290579853724e-09 980524794.0868645 52879915162340.97 26651477241818.984
24.60003829548386 3.679529278246372e-09 933566920.2755204 50347466826182.12 25425470747221.383
24.551325348364088 3.5785847794803913e-09 909756869.9123261 49063385637404.71 24826073132526.668
24.50280494253728 4.342660092287705e-09 1106188170.2759454 59656968340359.08 30246082948560.33
24.454475938705844 5.351742639071024e-09 1365921795.4817276 73664459174366.77 37421545260579.83
24.40633720654304 6.310999345604565e-09 1613929287.3914275 87039557092235.5 44303134559948.25
24.35838762460484 7.4087741392902746e-09 1898395924.3538156 102380904623478.97 52214261357972.516
24.31062608024287 1.1081549906783505e-08 2845072501.0080967 153435378066216.78 78405478191836.98
24.263051469518324 1.545771095440681e-08 3976387844.0078764 214447460290405.03 109797099668683.11
24.21566269711692 1.657192486957966e-08 4271354055.728407 230355052169368.72 118172141762890.34
24.16845867626484 1.3370636668745241e-08 3452964456.1045213 186219123267993.66 95716629359749.47
24.12143832864565 1.1242514492153395e-08 2909036900.9813223 156884992052922.9 80795770907252.3
24.07460058431818 8.310092097520636e-09 2154446535.676305 116189769718632.58 59953921174815.164
24.027944381635393 7.9595676087182e-09 2067577668.7657433 111504912854041.92 57648039945538.46
23.981468667164144 7.392066929559518e-09 1923884912.1871397 103755531274766.61 53745365200327.2
23.93517239560591 6.329911925076658e-09 1650631323.115892 89018905852306.69 46200812137345.91
23.889054529718422 7.18296147297366e-09 1876694365.5217793 101210534841042.89 52629478117343.27
23.843114040238195 1.2293962849808486e-08 3218236049.099277 173560169283879.38 90424848196898.19
23.797349905803955 1.762036712168207e-08 4621418848.11956 249234122473966.0 130100211931412.7
23.75176111288096 1.645149207852828e-08 4323131548.862209 233147423622641.3 121936102554638.69
23.706346655686158 1.7002207225225136e-08 4476407855.564245 241413648142082.25 126500751626453.36
23.66110553611424 1.4857038680239157e-08 3919098656.703823 211357841973125.2 110962867035889.12
23.616036763664496 1.2786685940597475e-08 3379402780.27647 182251926109445.97 95864513133572.78
23.571139355368558 9.613107846282909e-09 2545494798.447625 137279087484417.02 72346079104287.16
23.526412335718902 7.647796717866309e-09 2028941877.469817 109421276235896.9 57774433852553.91
23.481854736598223 6.752655191568749e-09 1794862367.1744113 96797317392315.84 51205780900533.375
23.437465597209567 6.8678078838267064e-09 1828927395.2900388 98634451759157.33 52276259432351.516
23.393243964007283 5.95563029171349e-09 1589008626.7181451 85695580448156.97 45504353217968.18
23.349188890628735 5.454906487968255e-09 1458157668.9509177 78638759868636.72 41835820250117.195
23.305299437826804 5.222813107299538e-09 1398745727.1756818 75434660941561.45 40206674281852.52
23.261574673403114 5.975177739918361e-09 1603247948.0566657 86463510141410.17 46171514415509.94
23.218013672142057 6.0071893982950315e-09 1614861338.222277 87089822796029.58 46593055195875.45
23.17461551574553 6.897923380416455e-09 1857782225.108224 100190598999911.58 53702161063954.45
23.131379292768393 8.156855316633479e-09 2200950138.52824 118697719123260.98 63740675169192.29
23.088304098554673 1.1348168541269335e-08 3067769449.3276567 165445472869599.5 89009664403843.22
23.04538903517446 1.618556707045962e-08 4383619504.799085 236409552227215.94 127424748650470.38
23.00263321136152 2.0721949161741675e-08 5622662610.171459 303231416079819.56 163744964683103.72
22.96003574245159 2.0663283296771402e-08 5617146425.357775 302933927034436.4 163887254525622.34
22.917595750321365 1.8812211984982223e-08 5123417935.435922 276307042311330.28 149758416932744.06
22.875312363328153 1.6200617009871578e-08 4420317828.280879 238388700785233.44 129445064526375.06
22.833184716250198 1.4241053548393559e-08 3892822522.433293 209940764343472.9 114207775802842.27
22.791211950227677 1.0899932339405303e-08 2985007021.3452854 160982077148522.56 87735232045944.6
22.749393212704323 9.633054771231077e-09 2642914946.894598 142532977254513.12 77823005580968.44
22.707727657369702 9.989777561247601e-09 2745814006.1095486 148082345872609.75 81001043192313.0
22.666214444102113 8.98125024436131e-09 2473129050.2180595 133376386961068.75 73090260054666.19
22.624852738912146 8.644611278836206e-09 2384781988.1744113 128611810711815.52 70607884080787.25
22.583641713886806 9.889856201903498e-09 2733285369.3930187 147406673772663.66 81073670574967.4
22.542580547134285 1.6414039952460107e-08 4544654066.958782 245094181148955.5 135046893813077.45
22.501668422729324 2.609569552548992e-08 7238409195.374206 390368980437824.2 215483677201669.4
22.46090453065916 2.6445389843904766e-08 7348720105.435915 396318071782297.6 219163893695609.3
22.420288066770084 2.0606732901283387e-08 5736631171.746095 309377765365003.3 171395282012207.38
22.37981823271454 1.682302634128009e-08 4691768173.327281 253028076865681.94 140430582660456.61
22.33949423589884 1.590210950849856e-08 4442939282.743357 239608680738864.88 133222426490802.78
22.299315289431394 1.4839507046584292e-08 4153525883.153589 224000553224451.6 124768308146017.9
22.259280612071553 1.187998815768812e-08 3331147460.6236053 179649506237186.12 100244424480345.03
22.21938942817895 1.1628053777497958e-08 3266358775.827159 176155438390889.3 98470890060507.73
22.179640967663424 1.1253093205088964e-08 3166696040.8404665 170780605441508.22 95637139047244.83
22.140034465935454 8.467882614549292e-09 2387181890.79731 128741237981642.94 72223834507702.27
22.100569163857138 8.570559282433046e-09 2420441996.9775057 130534962733638.75 73360649056305.66
22.06124430769369 7.3511266205257836e-09 2079758338.2914925 112161819007793.98 63147104101390.875
22.022059149065463 7.840830748158304e-09 2222251097.564 119846484471654.3 67593417242010.68
21.98301294490045 7.095546273914694e-09 2014594276.9374607 108647507022196.69 61385841467539.98
21.944104957387353 8.595160190953956e-09 2444697217.5905166 131843052050701.19 74623167460698.28
21.905334453929072 8.305791852557855e-09 2366574222.2183423 127629861938200.52 72366131718956.06
21.866700707096744 8.553951084562202e-09 2441588532.6938076 131675399998865.52 74791627199354.61
21.82820299458425 9.803840484607565e-09 2803284832.922802 151181760048081.6 86022421467353.56
21.789840599163185 1.2784306920294715e-08 3661947469.504841 197489622581854.22 112569084871660.47
21.75161280863834 1.7397239222528615e-08 4992037581.888615 269221671302380.06 153725574313666.94
21.713518915803597 2.18756534487284e-08 6288105190.58077 339118879007489.56 193975998792271.28
21.675558218398344 2.3338888360971778e-08 6720457680.363685 362435742709277.8 207675680572410.94
21.637730019064314 2.3833567619601416e-08 6874899176.885792 370764806168850.56 212818998740919.03
21.600033625302878 1.7439556749700252e-08 5039297407.655209 271770403973084.06 156267982284530.75
21.562468349432788 1.473669217366881e-08 4265701992.5259833 230050235172961.5 132508935459620.64
21.525033508548354 1.1752969832621687e-08 3407946435.074116 183791291613740.34 106047575261133.88
21.48772842447808 1.0672410759667972e-08 3099995050.225305 167183406526963.12 96632008972585.4
