string
integrated and resized binned spectra ROIsize spatial in px50:1600
converted file:an 21 2019_17.12.16_22 binning:0.1
nm muJ
28.1 0.0001694113508516391
28.200000000000003 0.0013913905249921278
28.300000000000004 0.0013963242234807673
28.400000000000006 0.001408762639076296
28.500000000000007 0.0014211253538755444
28.60000000000001 0.0014354180880485332
28.70000000000001 0.001449505481717689
28.80000000000001 0.001465125583570231
28.900000000000013 0.0014796304869959583
29.000000000000014 0.001494622805313297
29.100000000000016 0.0015102884314873982
29.200000000000017 0.0015256029514455307
29.30000000000002 0.001570169980795001
29.40000000000002 0.0015623609078802096
29.50000000000002 0.0015802130419437686
29.600000000000023 0.0015988094718552618
29.700000000000024 0.0016159222549706784
29.800000000000026 0.001634045876814661
29.900000000000027 0.001652066526920371
30.00000000000003 0.00167141745645514
30.10000000000003 0.001731495157862244
30.20000000000003 0.0017217891868756515
30.300000000000033 0.0017416909850453718
30.400000000000034 0.0017603972189385861
30.500000000000036 0.0017803461236003937
30.600000000000037 0.0018486093395412553
30.70000000000004 0.0018372798964928405
30.80000000000004 0.0018601865962316717
30.90000000000004 0.0019158038323751703
31.000000000000043 0.0019241621822690621
31.100000000000044 0.0019196459914602169
31.200000000000045 0.0019142706957305659
31.300000000000047 0.0019573904914907785
31.40000000000005 0.001927701504393902
31.50000000000005 0.0019207236998425507
31.60000000000005 0.0019650331379381224
31.700000000000053 0.001932969812121093
31.800000000000054 0.001927367542978363
31.900000000000055 0.0019777387147370375
32.00000000000006 0.0019389719780999663
32.10000000000006 0.0019755331476453072
32.20000000000006 0.0019506638282370948
32.30000000000006 0.0019403541504233004
32.40000000000006 0.001993743721661909
32.500000000000064 0.0019499888994790014
32.600000000000065 0.001995869094131727
32.70000000000007 0.0019580520095438952
32.80000000000007 0.001999035806118283
32.90000000000007 0.0019636185488454178
33.00000000000007 0.0020020943827088154
33.10000000000007 0.001965490085855681
33.200000000000074 0.002007650593431093
33.300000000000075 0.001969805054360787
33.40000000000008 0.0020111135537343246
33.50000000000008 0.0019689062890656957
33.60000000000008 0.002018827945197541
33.70000000000008 0.0020117193765405313
33.80000000000008 0.0019912181353483336
33.900000000000084 0.0020185614699162174
34.000000000000085 0.0019891166749063283
34.10000000000009 0.00203168466233096
34.20000000000009 0.002025286361749209
34.30000000000009 0.0020022860718485313
34.40000000000009 0.002034801423442368
34.50000000000009 0.0019957068594817517
34.600000000000094 0.002048122018656993
34.700000000000095 0.0020466145640566672
34.8000000000001 0.0020006573819717605
34.9000000000001 0.0020572003162612255
35.0000000000001 0.0020577579180297684
35.1000000000001 0.002053162994428095
35.2000000000001 0.0020265409813144826
35.300000000000104 0.002066833394675515
35.400000000000105 0.002067343682928617
35.50000000000011 0.0020263597127680383
35.60000000000011 0.0020782427428740606
35.70000000000011 0.0020846949701076737
35.80000000000011 0.0020828990775698026
35.90000000000011 0.0020810130549322185
36.000000000000114 0.002050840021374646
36.100000000000115 0.0020957437897544257
36.20000000000012 0.0021008524982786304
36.30000000000012 0.0020998694544452257
36.40000000000012 0.0020965812652138914
36.50000000000012 0.0020637560121341708
36.60000000000012 0.0021098326479756808
36.700000000000124 0.0021217588989668095
36.800000000000125 0.0021216504621557166
36.90000000000013 0.002124293726848108
37.00000000000013 0.002129590962865396
37.10000000000013 0.0021292199133803266
37.20000000000013 0.002137865054986371
37.30000000000013 0.002098421064068895
37.400000000000134 0.002144775920657127
37.500000000000135 0.002154509943878013
37.600000000000136 0.002158324797665139
37.70000000000014 0.002164104674557495
37.80000000000014 0.002169956513613151
37.90000000000014 0.0021759517210486238
38.00000000000014 0.0021769974802476164
38.10000000000014 0.002185503095947019
38.200000000000145 0.0021907583927110877
38.300000000000146 0.00219596527700041
38.40000000000015 0.0021994889088894605
38.50000000000015 0.0022045302305327605
38.60000000000015 0.002212235842786776
38.70000000000015 0.002217787427551974
38.80000000000015 0.0022253149878094887
38.900000000000155 0.002234356495337049
39.000000000000156 0.002237036759461298
39.10000000000016 0.002245546377850701
39.20000000000016 0.0022517958492385354
39.30000000000016 0.002261918108867078
39.40000000000016 0.0023229373048029396
39.50000000000016 0.002284512540402248
39.600000000000165 0.0022929947373167545
39.700000000000166 0.002302324000699927
39.80000000000017 0.002309518951429541
39.90000000000017 0.002314250289510269
40.00000000000017 0.002322861502573977
40.10000000000017 0.002318555034468817
40.20000000000017 0.0023162884648498076
40.300000000000175 0.002378555133207288
40.400000000000176 0.0023219090708633907
40.50000000000018 0.0023198920557361445
40.60000000000018 0.0023162825349894605
40.70000000000018 0.00231161556662525
40.80000000000018 0.002362516351362578
40.90000000000018 0.0023202997974592666
41.000000000000185 0.0023136990607608753
41.100000000000186 0.0023100390594880177
41.20000000000019 0.0023033829407692473
41.30000000000019 0.002364234662710307
41.40000000000019 0.00232247074622828
41.50000000000019 0.002297772487043438
41.60000000000019 0.002281193685083108
41.700000000000195 0.0023368485368592535
41.800000000000196 0.0022765556316623773
41.9000000000002 0.0022562734398602776
42.0000000000002 0.0022352988643739584
42.1000000000002 0.002300059916064602
42.2000000000002 0.002230968665978877
42.3000000000002 0.0022084936939808287
42.400000000000205 0.002266082731084057
42.500000000000206 0.0022101302449125696
42.60000000000021 0.002187180384054307
42.70000000000021 0.002238426125563802
42.80000000000021 0.0021800000727022276
42.90000000000021 0.0021563626221074265
43.00000000000021 0.0022105321114689004
43.100000000000215 0.0021476378299413587
43.200000000000216 0.0021219445940632463
43.30000000000022 0.002181761132831381
43.40000000000022 0.002113254659485426
43.50000000000022 0.002145189763644903
43.60000000000022 0.0020996462904553205
43.70000000000022 0.0020754454770746823
43.800000000000225 0.0021343392453132565
43.900000000000226 0.0020698516880443755
44.00000000000023 0.002107937273964566
44.10000000000023 0.002053372317873691
44.20000000000023 0.0020876127760289078
44.30000000000023 0.0020489371219183073
44.40000000000023 0.0020122038865945505
44.500000000000234 0.0020727765541116486
44.600000000000236 0.002003156192951126
44.70000000000024 0.0020597324478306765
44.80000000000024 0.0019869664878954503
44.90000000000024 0.0020377728395195313
45.00000000000024 0.001961886782131336
45.10000000000024 0.0020230967584454747
45.200000000000244 0.0019533397869641485
45.300000000000246 0.0019997198069465535
45.40000000000025 0.0019352974176798433
45.50000000000025 0.0019912663011161847
45.60000000000025 0.0019092178263713478
45.70000000000025 0.0019701595545442464
45.80000000000025 0.0019469619873471187
45.900000000000254 0.001910222309502731
46.000000000000256 0.0019313352218173732
46.10000000000026 0.0018850276036158986
46.20000000000026 0.0019246388199790048
46.30000000000026 0.0018671471043248844
46.40000000000026 0.0019138592921151049
46.50000000000026 0.001897592850809657
46.600000000000264 0.0018502563737603406
46.700000000000266 0.0018821265561185499
46.80000000000027 0.0018194065005701305
46.90000000000027 0.001876374633046361
47.00000000000027 0.0018645577299916491
47.10000000000027 0.0018049727470138565
47.20000000000027 0.0018456538141543137
47.300000000000274 0.0018277783361906833
47.400000000000276 0.001783141844440399
47.50000000000028 0.0018216434994844705
47.60000000000028 0.0018067384073197268
47.70000000000028 0.0017659668534246037
47.80000000000028 0.0017964179651548083
47.90000000000028 0.001784336371104853
48.000000000000284 0.0017380890256123854
48.100000000000286 0.00177130933710144
48.20000000000029 0.001764368467217184
48.30000000000029 0.001700726001886193
48.40000000000029 0.001752255812174675
48.50000000000029 0.0017352236992741422
48.60000000000029 0.0017276499437836824
48.700000000000294 0.0016752613608354255
48.800000000000296 0.001711745376843521
48.9000000000003 0.0017011224346168646
49.0000000000003 0.0016839488636488746
49.1000000000003 0.0016516307681179376
49.2000000000003 0.0016781994813523274
49.3000000000003 0.0016686877809295151
49.400000000000304 0.0016557189983160943
49.500000000000306 0.0015993644984577265
49.60000000000031 0.0016414036537728842
49.70000000000031 0.0016361071955606663
49.80000000000031 0.0016083180877763108
49.90000000000031 0.0015917097603227529
50.00000000000031 0.0015431589509008426
50.100000000000314 0.0015703948057802517
50.200000000000315 0.0015493583705965721
50.30000000000032 0.0015324215845018314
50.40000000000032 0.0015121819841312201
50.50000000000032 0.0014924767475350126
50.60000000000032 0.0014498882931058008
50.70000000000032 0.0014686603135165982
50.800000000000324 0.0014662158571491855
50.900000000000325 0.0014435390510780743
51.00000000000033 0.001427385605799277
51.10000000000033 0.0014075240470226083
51.20000000000033 0.0014021666723713134
51.30000000000033 0.0013419536219879831
51.40000000000033 0.0013695203710129191
51.500000000000334 0.0013626892553330779
51.600000000000335 0.0013421165509852088
51.70000000000034 0.001332412193876901
51.80000000000034 0.0013144995956315155
51.90000000000034 0.001305592391582769
52.00000000000034 0.0012828191624218133
52.10000000000034 0.0012700600404051729
52.200000000000344 0.0012633321363652939
52.300000000000345 0.0012442068875158968
52.40000000000035 0.001225330878155294
52.50000000000035 0.0012175040053544676
52.60000000000035 0.001176478169887828
52.70000000000035 0.0011829780902358463
52.80000000000035 0.0011812595395181598
52.900000000000354 0.0011666298260864885
53.000000000000355 0.001153238737668171
53.10000000000036 0.0011387284626588198
53.20000000000036 0.0011353738305332668
53.30000000000036 0.0011163697124782403
53.40000000000036 0.0010999993040427503
53.50000000000036 0.0010911599603533897
53.600000000000364 0.00108260484064378
53.700000000000365 0.0010655727651330807
53.80000000000037 0.0010550905662368416
53.90000000000037 0.0010434383253824068
54.00000000000037 0.0010301227200218356
54.10000000000037 0.0010249574688368471
54.20000000000037 0.0010049012961187297
54.300000000000374 0.0010379608708715373
54.400000000000375 0.0009880089780152181
54.50000000000038 0.0009780756117212105
54.60000000000038 0.0009648151035469429
54.70000000000038 0.000950106499424616
54.80000000000038 0.0009329014820783769
54.90000000000038 0.0009235989432498824
55.000000000000384 0.0009172000424652415
55.100000000000385 0.0009045339349634107
55.20000000000039 0.000891100370036208
55.30000000000039 0.0008810582629438202
55.40000000000039 0.0008667241928876618
55.50000000000039 0.0008624482410173429
55.60000000000039 0.0008888458557671225
55.700000000000394 0.0008395829731998732
55.800000000000395 0.0008333490822134797
55.9000000000004 0.0008201945479368924
56.0000000000004 0.0008082371820005405
56.1000000000004 0.0007959901499236574
56.2000000000004 0.0007852321632308051
56.3000000000004 0.0008013605719640517
56.400000000000404 0.000768492561661164
56.500000000000405 0.0007585130112598068
56.600000000000406 0.0007485538696163499
56.70000000000041 0.0007363924838075386
56.80000000000041 0.0007193096055210441
56.90000000000041 0.0007320232351962262
57.00000000000041 0.0007087291708844867
57.10000000000041 0.0006921640551502255
57.200000000000415 0.0006793631883789166
57.300000000000416 0.0006695124723273231
57.40000000000042 0.000658375458117526
57.50000000000042 0.0006798242887666396
57.60000000000042 0.0006396992370387666
57.70000000000042 0.0006331264872639044
57.80000000000042 0.0006132033317569115
