string
integrated and resized binned spectra ROIsize spatial in px50:1600
converted file:an 21 2019_17.34.12_31 binning:0.1
nm muJ
28.1 0.00030331888236388927
28.200000000000003 0.002491995491134453
28.300000000000004 0.0024943482445148523
28.400000000000006 0.0024906488367919008
28.500000000000007 0.002512440720339496
28.60000000000001 0.0025295033402343956
28.70000000000001 0.0025410322346288445
28.80000000000001 0.002556177107371024
28.900000000000013 0.002575765867416032
29.000000000000014 0.002592221373581069
29.100000000000016 0.0025935290353823652
29.200000000000017 0.002610187800170368
29.30000000000002 0.002695392740492793
29.40000000000002 0.002674448426199681
29.50000000000002 0.0026973935371747797
29.600000000000023 0.002710771014220344
29.700000000000024 0.0027283924891274634
29.800000000000026 0.002754024082351528
29.900000000000027 0.0027680026934372827
30.00000000000003 0.0027874713444146007
30.10000000000003 0.0028867639473623996
30.20000000000003 0.0028429158457961875
30.300000000000033 0.0028680125584854598
30.400000000000034 0.0028862654014644605
30.500000000000036 0.002908079014250849
30.600000000000037 0.0029868783206107195
30.70000000000004 0.0029915148845952337
30.80000000000004 0.003016217450028235
30.90000000000004 0.003102153564701111
31.000000000000043 0.0031036185529886664
31.100000000000044 0.0030938647069842827
31.200000000000045 0.0030876178220570947
31.300000000000047 0.0031583195930587568
31.40000000000005 0.00311751013675989
31.50000000000005 0.0030817108546376233
31.60000000000005 0.0031320856343443892
31.700000000000053 0.003057777073700588
31.800000000000054 0.003053767625523896
31.900000000000055 0.0031327000464704807
32.00000000000006 0.003046057360500723
32.10000000000006 0.0031005550596785686
32.20000000000006 0.0030646526287181636
32.30000000000006 0.00300725646946143
32.40000000000006 0.00309079020839888
32.500000000000064 0.003004984129537711
32.600000000000065 0.0030706815397930653
32.70000000000007 0.0030046669582739914
32.80000000000007 0.0030623606043077953
32.90000000000007 0.003000020396838204
33.00000000000007 0.0030451386721730145
33.10000000000007 0.0030192032800081107
33.200000000000074 0.0030447273709387945
33.300000000000075 0.0029531303353156524
33.40000000000008 0.0030004703876789136
33.50000000000008 0.0029400654963076746
33.60000000000008 0.002992257794214895
33.70000000000008 0.0029844219488825343
33.80000000000008 0.0029587827752608474
33.900000000000084 0.0030049798367184325
34.000000000000085 0.0029412157781080854
34.10000000000009 0.003002351536866757
34.20000000000009 0.0030304507397321957
34.30000000000009 0.002947194019958592
34.40000000000009 0.002975528810922908
34.50000000000009 0.0028710229284688938
34.600000000000094 0.0029516341058889507
34.700000000000095 0.002944040790289707
34.8000000000001 0.002894598962772612
34.9000000000001 0.0029817055203183044
35.0000000000001 0.0030189918934275858
35.1000000000001 0.002993027381716917
35.2000000000001 0.002945953215456679
35.300000000000104 0.0030126403975313095
35.400000000000105 0.003059351883987108
35.50000000000011 0.002925964254989333
35.60000000000011 0.002956900856036574
35.70000000000011 0.0029560750808501307
35.80000000000011 0.0029466149114190945
35.90000000000011 0.002923640195536641
36.000000000000114 0.0028671013731583657
36.100000000000115 0.0029352950819350205
36.20000000000012 0.0029614823078867414
36.30000000000012 0.002970418886825685
36.40000000000012 0.002977038744042198
36.50000000000012 0.002932207424432132
36.60000000000012 0.0030363165037049097
36.700000000000124 0.003025061701803788
36.800000000000125 0.0029319235677312872
36.90000000000013 0.0029318205119250843
37.00000000000013 0.002910938253824797
37.10000000000013 0.002881280478850614
37.20000000000013 0.002867175606997742
37.30000000000013 0.0028045977239269503
37.400000000000134 0.002865870244021597
37.500000000000135 0.0029153545450053796
37.600000000000136 0.0029317359634375316
37.70000000000014 0.002980686633990497
37.80000000000014 0.0030176793802373335
37.90000000000014 0.0030215853095693322
38.00000000000014 0.0031346940502437943
38.10000000000014 0.00295413273310196
38.200000000000145 0.0028978785428004044
38.300000000000146 0.00290381845842624
38.40000000000015 0.0028553950314314006
38.50000000000015 0.002828805540419978
38.60000000000015 0.0028065856963764508
38.70000000000015 0.00281297351992966
38.80000000000015 0.0028179138476250583
38.900000000000155 0.0028103163167615473
39.000000000000156 0.002840838350438755
39.10000000000016 0.0029393653822822096
39.20000000000016 0.0030082843560272966
39.30000000000016 0.0030623392750975705
39.40000000000016 0.0034020945160162103
39.50000000000016 0.0033891506610076233
39.600000000000165 0.003060590812411662
39.700000000000166 0.003155568628909842
39.80000000000017 0.0032426618274745554
39.90000000000017 0.003018257624289838
40.00000000000017 0.0028870859465990432
40.10000000000017 0.0028455011046064015
40.20000000000017 0.002831346486225043
40.300000000000175 0.002891056244280207
40.400000000000176 0.0028763354893671196
40.50000000000018 0.0029284955961173514
40.60000000000018 0.0029553955443076454
40.70000000000018 0.0030342831798267846
40.80000000000018 0.0031737823377739694
40.90000000000018 0.0030555014897300356
41.000000000000185 0.003736636294905954
41.100000000000186 0.0035370081553738313
41.20000000000019 0.003134862544380657
41.30000000000019 0.0036836585042914313
41.40000000000019 0.004036420642433792
41.50000000000019 0.003362431165461227
41.60000000000019 0.0028534477718661633
41.700000000000195 0.002775996397613184
41.800000000000196 0.0025813878163969527
41.9000000000002 0.0025550851963397937
42.0000000000002 0.002550333696311527
42.1000000000002 0.0026806392072289457
42.2000000000002 0.0026790529930306966
42.3000000000002 0.0027753233821681384
42.400000000000205 0.0029590647311099026
42.500000000000206 0.003414541431087382
42.60000000000021 0.0035219632509275824
42.70000000000021 0.0040232744223562805
42.80000000000021 0.004588703003811486
42.90000000000021 0.0035291334091766876
43.00000000000021 0.00540666593251248
43.100000000000215 0.010201658319155135
43.200000000000216 0.008182391146973823
43.30000000000022 0.004322866924585296
43.40000000000022 0.0038513665581392346
43.50000000000022 0.0038043175412361637
43.60000000000022 0.0029859883397953973
43.70000000000022 0.0028772393318867995
43.800000000000225 0.0029749493155443417
43.900000000000226 0.0029402122237997437
44.00000000000023 0.0031056958765736512
44.10000000000023 0.0032468908373478986
44.20000000000023 0.0037694950710878065
44.30000000000023 0.004026219874672799
44.40000000000023 0.0046672553028478956
44.500000000000234 0.004716688944906526
44.600000000000236 0.005754860158051255
44.70000000000024 0.006631114199508392
44.80000000000024 0.005231248021311208
44.90000000000024 0.01205782590593052
45.00000000000024 0.02857920119153527
45.10000000000024 0.022289067106452932
45.200000000000244 0.007502812621931735
45.300000000000246 0.0068032940500471475
45.40000000000025 0.006271267753070833
45.50000000000025 0.005712352489668184
45.60000000000025 0.005605592427356418
45.70000000000025 0.005299295290310771
45.80000000000025 0.004513364805076904
45.900000000000254 0.0038003674205782717
46.000000000000256 0.0043859282544625846
46.10000000000026 0.005119133523052749
46.20000000000026 0.006889701643680509
46.30000000000026 0.008077666792409134
46.40000000000026 0.009333791681520301
46.50000000000026 0.010264983241274618
46.600000000000264 0.008560210362817856
46.700000000000266 0.010673205620495327
46.80000000000027 0.008836860110916344
46.90000000000027 0.008821127884531476
47.00000000000027 0.028114481660640917
47.10000000000027 0.05954592264803706
47.20000000000027 0.04112362634829283
47.300000000000274 0.014797086853212882
47.400000000000276 0.010658861464887303
47.50000000000028 0.01131766826846486
47.60000000000028 0.009865477405230243
47.70000000000028 0.008346940597316046
47.80000000000028 0.008431583478789782
47.90000000000028 0.008826912919400843
48.000000000000284 0.007946491178935283
48.100000000000286 0.007162856616720711
48.20000000000029 0.006561719798480154
48.30000000000029 0.007984570627429702
48.40000000000029 0.01110552676224767
48.50000000000029 0.01355296808264368
48.60000000000029 0.015864049839234624
48.700000000000294 0.017436814699505795
48.800000000000296 0.01706819748985327
48.9000000000003 0.013744445332244276
49.0000000000003 0.015662042265536087
49.1000000000003 0.012023774944891031
49.2000000000003 0.014661624314536664
49.3000000000003 0.04600511962763627
49.400000000000304 0.08674016239039362
49.500000000000306 0.06450092434595013
49.60000000000031 0.029702917594331083
49.70000000000031 0.017405180608333994
49.80000000000031 0.01697571391709311
49.90000000000031 0.015840456759563987
50.00000000000031 0.015003367857468175
50.100000000000314 0.014213777835851846
50.200000000000315 0.011822617836289715
50.30000000000032 0.00874776728997764
50.40000000000032 0.009015011366596696
50.50000000000032 0.012361353967613908
50.60000000000032 0.014647571855718267
50.70000000000032 0.01460073342003396
50.800000000000324 0.013314206360197428
50.900000000000325 0.014874380654491625
51.00000000000033 0.020384341438718676
51.10000000000033 0.02510113240092348
51.20000000000033 0.026868734928601288
51.30000000000033 0.024671165963879894
51.40000000000033 0.0188540358209182
51.500000000000334 0.019441825203422983
51.600000000000335 0.017356161205423545
51.70000000000034 0.0163958502203572
51.80000000000034 0.03220288050975124
51.90000000000034 0.07746268416981249
52.00000000000034 0.09654462719223743
52.10000000000034 0.06584706434978939
52.200000000000344 0.028187472446962913
52.300000000000345 0.019330531864346523
52.40000000000035 0.019614246596569542
52.50000000000035 0.0191600676367721
52.60000000000035 0.020388480874000005
52.70000000000035 0.019288652772890814
52.80000000000035 0.016154475178847466
52.900000000000354 0.012835201142296047
53.000000000000355 0.011564823591466477
53.10000000000036 0.011233552741682834
53.20000000000036 0.011404203996738088
53.30000000000036 0.011875069338701638
53.40000000000036 0.014646985322799474
53.50000000000036 0.019898521891152782
53.600000000000364 0.02178689826090719
53.700000000000365 0.021954842548085555
53.80000000000037 0.02218484735389777
53.90000000000037 0.02533928802447788
54.00000000000037 0.026832392082722662
54.10000000000037 0.02785672468706003
54.20000000000037 0.023190167782636713
54.300000000000374 0.022330506998125794
54.400000000000375 0.020536548868238413
54.50000000000038 0.01862941095989452
54.60000000000038 0.025880651482958487
54.70000000000038 0.053196310491406655
54.80000000000038 0.0898202922996256
54.90000000000038 0.09404315027674327
55.000000000000384 0.05909086918420444
55.100000000000385 0.028685199991973522
55.20000000000039 0.01999011296933248
55.30000000000039 0.021480992566852555
55.40000000000039 0.023891201243777475
55.50000000000039 0.025505554045843683
55.60000000000039 0.024369048200334347
55.700000000000394 0.020299203341960847
55.800000000000395 0.018599843195136915
55.9000000000004 0.018296416792012635
56.0000000000004 0.016232020756578775
56.1000000000004 0.013750544662386222
56.2000000000004 0.012832079280152644
56.3000000000004 0.014231864301771448
56.400000000000404 0.01495955726220277
56.500000000000405 0.014970194790305699
56.600000000000406 0.014778593925318998
56.70000000000041 0.01722318490469035
56.80000000000041 0.02281606192141104
56.90000000000041 0.027271082113947024
57.00000000000041 0.030161833334373857
57.10000000000041 0.028399615294922673
57.200000000000415 0.02714894916274284
57.300000000000416 0.023688472753470993
57.40000000000042 0.02146707999607538
57.50000000000042 0.02306692170260805
57.60000000000042 0.020901325845035346
57.70000000000042 0.02346978347186025
57.80000000000042 0.027177889186425816
