string
20190121an 21 2019_18.33.   full spectra  index number  Nphoton via eV
eV x-axis E [J] Nphoton Nphoton/sr Nphoton/sr @ 0.1bw
43.81066890785845 2.5798928496165215e-09 367545203.53815424 19821792675342.723 5629389119797.453
43.65640598916881 2.59352974847284e-09 370793599.6634575 19996979384088.504 5699139124464.929
43.50322561727698 2.6128584796882256e-09 374872344.97152776 20216947004652.766 5782046843330.69
43.35111643679699 2.6402987471942134e-09 380138413.61245155 20500947230501.664 5883771855153.928
43.20006725060606 2.6515771857956566e-09 383097065.77855873 20660507984581.652 5950226299559.301
43.05006701709701 2.666096360043617e-09 386536922.8020855 20846020221163.164 6024499843916.093
42.90110484748767 2.6796490697853067e-09 389850791.22139263 21024737864948.31 6097173980835.062
42.75317000318599 2.6921846035274765e-09 393029808.1210014 21196182936979.88 6168089234660.939
42.606251893209404 2.7088860477050305e-09 396831721.0612387 21401220927805.58 6249156510919.09
42.46034007165731 2.732568858953976e-09 401676682.3906302 21662510744858.74 6347115648243.385
42.31542423523527 2.825372249819327e-09 416740732.62778157 22474918246785.953 6607625964555.069
42.17149422082971 2.7957473261422847e-09 413778483.74882066 22315163521200.387 6582973238754.111
42.02854000313198 2.823785071353249e-09 419349673.3776122 22615618988211.973 6694223220510.852
41.88655169231059 2.8419157818782797e-09 423472848.34739786 22837982710084.812 6782880864895.009
41.745519531730416 2.8480568684779485e-09 425821672.4574146 22964655304615.805 6843467280775.334
41.605433895717894 2.8769331028112615e-09 431587325.9777394 23275598251544.707 6959403877211.685
41.46628528737101 2.8903141331555577e-09 435049716.5846841 23462325729175.324 7038697718752.701
41.32806433641311 2.9001062418509147e-09 437983568.7722772 23620549015026.297 7109785253522.755
41.19076179708947 3.0017627846931914e-09 454847193.96440977 24530007985230.05 7408062411539.257
41.05436854610573 2.974864308143122e-09 452268935.9701905 24390961971479.926 7390461477358.408
40.91887558060703 3.0095064846947474e-09 459050608.2509418 24756699030886.867 7526036505389.624
40.78427401619714 3.01925803030445e-09 462057973.3419114 24918886883587.477 7600260499494.129
40.65055508499649 3.0499605286394994e-09 468291972.8820495 25255087833112.242 7728056876932.426
40.51771013373833 3.117117717508527e-09 480172501.5952777 25895807327639.992 7950012849584.836
40.38573062190204 3.1290537398915738e-09 483586371.14619213 26079918054177.785 8032614760686.475
40.254608119882874 3.1449886175598804e-09 487632282.94363797 26298114956381.055 8126117521522.012
40.124334307197174 3.2289427521839097e-09 502274904.6366337 27087794725367.367 8397216364863.691
39.99490097072234 3.2388814601643424e-09 505451398.62739444 27259103736376.664 8477581262012.808
39.86630000297082 3.2233056081279465e-09 504643319.0848254 27215523831092.098 8491243435300.659
39.73852340039719 3.243868230957063e-09 509495618.6347916 27477209399975.066 8600366542192.379
39.61156326173778 3.3302281457304107e-09 524736144.1969126 28299134254516.84 8885928155918.178
39.485411786381924 3.2680713415054514e-09 516587426.9808477 27859672164760.4 8775796731899.323
39.36006127277436 3.2108508362005274e-09 509158899.8111588 27459050080664.992 8677059825490.004
39.235504116847856 3.2623366730342246e-09 518965533.9741043 27987923991546.164 8872171905320.326
39.11173281048556 3.194170053234206e-09 509729714.19758964 27489834224533.6 8741767283401.622
38.98873994001234 3.184010229022627e-09 509711262.14956194 27488839101574.793 8768939673401.907
38.86651818471449 3.2741145204718365e-09 525783804.00336045 28355634775480.77 9073803128153.514
38.74506031538725 3.1744986705463878e-09 511384762.1072479 27579091317857.633 8852888313032.453
38.62435919290941 3.2419106302865583e-09 523876269.32198125 28252761015705.53 9097389047057.14
38.50440776684447 3.251333222370255e-09 527035669.0149664 28423148127522.086 9180676845189.514
38.38519907406786 3.212319964201298e-09 522328802.25199884 28169305780436.96 9126855072861.523
38.266726237419505 3.2890542395333926e-09 536461674.5284455 28931494652646.645 9402735762110.162
38.14898246438129 3.1793741343263667e-09 520172816.61249816 28053033006514.71 9145288760123.66
38.03196104577889 3.2200933023186534e-09 528455851.17816436 28499738860115.355 9319414607257.387
37.91565535450739 3.152270859322953e-09 518912264.1955144 27985051140814.047 9179096774187.018
37.80005884428024 3.1874241268492406e-09 526303616.8722755 28383668396429.758 9338226902425.604
37.68516504840097 3.128746464475485e-09 518189877.447607 27946092666562.188 9222210579965.01
37.57096757855732 3.1961874209645753e-09 530968592.8699847 28635251565443.81 9478268268162.072
37.45746012363721 3.178357185852459e-09 529606553.9419663 28561796510155.285 9482516441370.848
37.34463644856601 3.244086189429537e-09 542192022.1183987 29240533543080.457 9737097669845.889
37.23249039316491 3.2258655373700377e-09 540770696.2086884 29163881127989.3 9740736296748.354
37.121015871029684 3.2308607961639594e-09 543234531.3317523 29296756291439.86 9814413357632.027
37.01020686842959 3.1467313675277028e-09 530673170.78894055 28619319388433.184 9616091314513.611
36.90005744322593 3.186767398649823e-09 539029207.4551849 29069962261177.582 9796577282016.676
36.79056172380983 3.1671916795563116e-09 537312450.3059001 28977377175154.27 9794353485202.477
36.68171390805892 3.0852091879851335e-09 524957290.574654 28311060726712.082 9597449586355.326
36.57350826231243 3.14075071880332e-09 535988931.4094334 28905999513535.74 9828039834601.594
36.465939120364446 3.0808008280717263e-09 527309013.0749251 28437889632059.16 9697320364532.4
36.35900088247482 3.1724171271458364e-09 544587062.8591647 29369698610548.24 10044436924807.672
36.25268801439741 3.2058263085159617e-09 551936035.6577126 29766030310124.957 10209748396372.16
36.146995046425396 3.2269969010109995e-09 557205408.9639173 30050208757290.387 10337271812507.521
36.041916572453225 3.32555176664802e-09 575896992.320262 31058249908410.703 10715096218401.29
35.937447249054806 3.208193784345174e-09 557188755.401013 30049310627025.008 10397061476950.545
35.83358179457777 3.2363659131031017e-09 563710821.9443914 30401047092616.55 10549163341138.383
35.73031498825334 3.210905303855496e-09 560892493.1281097 30249054007277.645 10526670794532.473
35.62764166932158 3.099400392771319e-09 542974686.0887455 29282742781033.594 10219677230580.797
35.52555673617166 3.1516340853999506e-09 553711917.5952312 29861804008822.473 10451631403087.559
35.42405514549688 3.1406014838608234e-09 553354608.3588104 29842534244077.516 10474729519671.098
35.323131911464124 3.1377279899778097e-09 554427883.0805054 29900416182985.516 10524946496410.643
35.22278210489746 3.111624568545187e-09 551381906.3677657 29736145997134.535 10496859536988.45
35.123000852475656 3.200874440512243e-09 568808397.220108 30675960434674.95 10859289993875.41
35.02378333594324 3.290576483280495e-09 586405327.0143977 31624966681382.133 11226863171890.607
34.92512479133495 3.330669625215258e-09 595226920.1608895 32100717116247.574 11427855293384.062
34.827020508213224 3.5023931752156908e-09 627678931.0171815 33850861111868.01 12084757416935.732
34.7294658289185 3.4325125601890476e-09 616883290.113279 33268649852587.105 11910176647226.453
34.63245614783214 3.386128701693824e-09 610251903.6307203 32911017738926.004 11815055368274.25
34.535986910651545 3.3166584279066803e-09 599401535.3125755 32325855018305.582 11637307806590.062
34.44005361367751 3.1947618440673217e-09 578980110.5834278 31224523146145.098 11272052855758.227
34.34465180311331 3.1814690723254003e-09 578172675.290275 31180977985371.51 11287514030704.133
34.24977707437542 3.1375391834129133e-09 571768708.7640355 30835610679361.277 11193326676608.42
34.15542507141571 3.117245655551146e-09 569639778.1155189 30720796986980.453 11182370103260.838
34.06159148605468 3.1464348278456644e-09 576557703.8888214 31093882226841.504 11349267012796.982
33.96827205732576 3.1355807102274384e-09 576147263.8306851 31071747105338.855 11372259440553.959
33.87546257083034 3.2470449504727043e-09 598262858.1381059 32264445910910.883 11841051649304.191
33.78315885810328 3.368209876802835e-09 622282896.4681722 33559851796361.2 12350025461060.947
33.69135679598887 3.5204906748265153e-09 652189304.217802 35172710863411.68 12978730308597.174
33.600052306026825 3.697674899746914e-09 686875058.3055102 37043321116779.055 13706028813208.229
33.509241353848374 3.6455111366389214e-09 679020378.8579267 36619716547755.99 13585914839217.615
33.41891994858194 3.480336012526159e-09 650006560.8225551 35054995037908.957 13040458154102.701
33.32908414226855 3.4977930883778257e-09 655027766.9773448 35325789776684.71 13176519586702.666
33.23973002928659 3.3546892734804187e-09 629917664.2523838 33971596481603.215 12705377084119.525
33.150853745785824 3.3423255346706027e-09 629278660.0495458 33937134846121.65 12726425567295.52
33.062451469130394 3.1739175454336236e-09 599169313.8157067 32313331262529.75 12149812554711.041
32.97451941735079 3.1685540235429576e-09 599751877.7343333 32344749061222.24 12193970396080.715
32.8870538486045 3.203548996997271e-09 607988515.9918911 32788952751847.082 12394224140198.197
32.80005106064523 3.1810465525071365e-09 605319242.3622624 32644998245106.34 12372454334895.324
32.71350739030052 3.301811267444611e-09 629961647.948084 33973968531867.703 12910108042109.998
32.627419212957626 3.397674920874726e-09 649962164.6513076 35052600742748.594 13355040882986.938
32.54178294205747 3.483648325673118e-09 668162253.5373608 36034135490309.805 13765039757296.936
32.45659502859658 3.665603834091177e-09 704906547.0460523 38015763221864.78 14560037313974.963
32.3718519606368 4.0002056675672446e-09 771265224.6303493 41594501120288.484 15972288430190.092
32.28755026282264 3.941839722005056e-09 761996262.4796457 41094623977835.8 15821430231466.709
32.20368649590622 3.821390640969915e-09 740636004.1619996 39942660606287.69 15417866994027.793
32.12025725627952 3.654630701681246e-09 710155505.3729857 38298840684762.99 14821651345002.531
32.03725917551394 3.81125965328837e-09 742509744.5345917 40043711831648.29 15536960190679.361
31.954688919906943 3.6777731246276438e-09 718355325.4077582 38741058760634.336 15070271857886.887
31.872543190035717 3.409904965095851e-09 667750976.5301507 36011955231961.77 14044662540465.156
31.790818720317677 3.2693718373762817e-09 641876653.2093941 34616547354123.477 13535070015462.127
31.709512278577733 3.2053113669183495e-09 630913232.6244093 34025287700191.973 13337912778474.883
31.628620665622176 3.3700670499753033e-09 665039228.7034969 35865710082548.04 14095224062441.436
31.548140714819066 3.3381009917274587e-09 660411576.3335698 35616139784888.766 14032759075245.06
31.468069291685 3.639641428597533e-09 721900723.1115417 38932262829030.61 15378243817467.422
31.388403293478206 3.660936033148101e-09 727967333.5802183 39259436449566.48 15546736834028.041
31.309139648797704 3.722878451593438e-09 742158555.4974755 40024772130581.43 15889834535841.0
31.230275317188642 4.125311684756871e-09 824460643.3629054 44463341609143.65 17696409960438.523
31.151807288753492 4.5093818389531925e-09 903488728.1800643 48725343392041.38 19441412013425.16
31.07373258376915 4.6479053992573805e-09 933582776.7475151 50348321969161.58 20139328787664.57
30.996048252309727 4.680226085807318e-09 942430818.1733979 50825498765480.414 20381025004956.805
30.918751373875036 4.307787601911851e-09 869603561.6771762 46897909001049.555 18852959418421.836
30.8418390570246 4.021477438318789e-09 813831217.5502349 43890094365842.82 17687708029435.184
30.765308439017097 4.843923481209987e-09 982709094.8202449 52997714975427.555 21411076850072.766
30.689156685455174 4.026264144095415e-09 818853639.8356497 44160954690807.39 17885186649776.246
30.61338098993553 3.753397901355216e-09 765248144.5617 41269998684986.48 16755619466103.389
30.537978573704155 3.453397940506827e-09 705822200.8261395 38065144629149.01 15492513864063.887
30.462946685316677 3.44931148535807e-09 706723412.487192 38113747169816.17 15550408845284.523
30.388282600303643 3.664722637658063e-09 752703489.1637557 40593462694071.664 16602726241875.178
30.313983620840798 3.4392282099516406e-09 708120158.0400465 38189073960922.055 15657520323978.596
30.240047075424116 4.022280500468889e-09 830192614.4843632 44772468056984.22 18401484371420.2
30.166470318549603 3.6888075571061257e-09 763221289.2179312 41160689935966.37 16958204253618.307
30.093250730397784 4.114413321030189e-09 853351170.7749785 46021414028891.53 19006843993932.0
30.02038571652273 4.762106892348617e-09 990083553.5312595 53395421135800.38 22105704350221.438
29.94787270754562 4.8090354304073e-09 1002261326.9397421 54052171101319.07 22431651007047.383
29.87570915885274 6.203335506897796e-09 1295973205.5374384 69892116522466.72 29075120473345.402
29.803892550297803 5.194791780168546e-09 1087887860.325748 58670028649035.73 24465401946648.133
29.7324203859086 6.561737134834186e-09 1377455376.8410273 74286467722723.47 31051743508098.42
29.661290193597814 4.6359849732554545e-09 975530734.5605434 52610584447136.086 22043834883348.42
29.590499524878005 4.900463316016565e-09 1033650741.8944455 55745009069119.8 23412903809029.285
29.520045954580674 5.268506159766343e-09 1113933943.2863946 60074699561567.766 25291448515420.867
29.449927080579297 4.913568438668667e-09 1041362083.0380415 56160883372268.83 23699892783096.625
29.38014052351631 4.381459806696752e-09 930794778.248556 50197964604425.086 21233739027672.44
29.310683926534004 3.548969681742296e-09 755727649.4849054 40756556317184.625 17280779878485.537
29.241554955009157 3.975989686182512e-09 848660054.654757 45768421117391.5 19451578974892.086
29.17275129629149 3.4789760750674796e-09 744325722.0409653 40141647893084.84 17100342002453.867
29.104270659445735 4.479695962561767e-09 960684522.127164 51809924985291.16 22122837968718.758
29.036110774997383 4.119120319136034e-09 885431581.0788842 47751517525992.23 20437649501124.71
28.96826939468197 5.1233761236934584e-09 1103882031.7620769 59532597789301.734 25539484451610.04
28.90074429119786 5.1284399470753285e-09 1107554795.3766546 59730670728937.16 25684188413443.71
28.833533257962518 5.717042359858335e-09 1237549334.305111 66741304454427.05 28765502219855.184
28.76663410887211 7.3932620762545675e-09 1604116945.8442476 86510375380882.66 37372482164540.95
28.700044678064536 7.013866094018777e-09 1525330211.7427373 82261389694512.86 35619181737724.875
28.633762819685636 9.36575546876182e-09 2041518717.8294394 110099547968787.14 47783203818452.28
28.56778640765871 7.710199263026982e-09 1684527040.8239124 90846909272083.53 39518405533357.32
28.502113335457196 1.0394020037411374e-08 2276121608.947439 122751732853834.23 53519755524272.2
28.43674151588046 7.0578073263329706e-09 1549098176.4808335 83543201196385.7 36508378922819.12
28.371668880832676 6.634885343739125e-09 1459612300.1042285 78717208442750.75 34478137297924.406
28.306893381104747 7.119821094559887e-09 1569877794.9034412 84663850532251.4 37167430383658.18
28.242412986159177 6.056454813502506e-09 1338460801.38412 72183481796831.53 31760731990606.844
28.17822568391791 6.068527040318302e-09 1344183695.1346433 72492118700085.56 31969024346737.125
28.114329480553014 5.746830795015698e-09 1275820731.627313 68805289226405.18 30411937838070.324
28.050722400280268 5.027298963975629e-09 1118612420.5963542 60327010859284.62 26724865810664.434
27.987402485155485 4.343209657850759e-09 968583743.8416684 52235931728446.0 23192753687427.504
27.924367794873596 3.96056722113582e-09 885244045.3551588 47741403683669.92 21244924639232.72
27.86161640657051 6.1867800545156315e-09 1385949298.3742654 74744546756300.08 33336067853309.957
27.799146414627526 4.699153231790967e-09 1055059909.349965 56899610121098.836 25434125724132.11
27.736955930478473 8.582988780712351e-09 1931384417.5651045 104159981229054.22 46663671590615.24
27.675043082419368 6.794009235189053e-09 1532240022.7217793 82634037301756.52 37102682748488.99
27.61340601542066 1.1104689758178613e-08 2510009851.264484 135365376573789.67 60914419458204.33
27.552042890941948 1.0443696282751105e-08 2365861965.5467043 127591449781162.61 57543743851304.99
27.490951886749173 1.3497646036930015e-08 3064483110.1721735 165268239884993.06 74701244428016.67
27.43013119673424 1.1980528153082653e-08 2726070317.752183 147017564470216.47 66598956705005.266
27.369579030737032 1.7007795380211808e-08 3878545400.5842404 209170796060474.62 94963541411457.28
27.30929361436977 1.3246605697162472e-08 3027492787.852088 163273343766190.28 74289371413617.1
27.249273188843684 1.7422976220795055e-08 3990767215.2743726 215222942906699.53 98141661965447.4
27.18951601079797 1.0811677635036419e-08 2481878895.243319 133848268004168.98 61168658477905.266
27.130020352131016 1.109119226336192e-08 2551626412.8543444 137609766781453.52 63025273185903.72
27.070784499833785 1.059347541640294e-08 2442455142.439072 131722136450697.03 60460460630870.1
27.011806755825432 9.397782118435569e-09 2171504395.1869545 117109703787831.02 53870463742404.28
26.95308543679103 8.11708094254296e-09 1879664605.4379764 101370720525002.64 46731902162025.04
26.89461887402142 6.646297695267141e-09 1542422566.3625152 83183184092440.58 38430631050708.45
26.83640541325514 8.263166370266102e-09 1921813003.8586307 103643792808491.78 47987076070331.54
26.778443414522407 7.145537119515966e-09 1665476564.1557856 89819512926689.89 41676253997983.55
26.720731251991108 6.653239179525842e-09 1554081433.9022326 83811949351725.4 38972556448551.45
26.66326731381478 6.774324025884105e-09 1585775025.615428 85521191638193.45 39852875303397.22
26.60605000198256 8.141690644048464e-09 1909955147.458638 103004296036742.34 48103006249160.0
26.549077732171035 8.577978974116558e-09 2016622057.724878 108756865680593.81 50898213138517.586
26.49234893359802 1.1306006859447433e-08 2663653645.4397845 143651419772499.75 67372515873295.23
26.43586204887819 1.3403403713545234e-08 3164540052.5776534 170664332526110.2 80212236287275.47
26.37961553388058 1.6220167211831322e-08 3837742575.232769 206970290824929.84 97483006978541.8
26.323607857587838 1.8994477866779397e-08 4503715229.572155 242886340754806.4 114642352836262.2
26.267837501957352 2.0590708438440676e-08 4892557550.995625 263856691624464.47 124804215138376.05
26.212302961784083 1.9078416284307526e-08 4542826145.879425 244995600968033.22 116127914858849.45
26.15700274456513 2.5392752440046697e-08 6059137046.482976 326770577253380.75 155216024195348.7
26.101935370366043 2.3008685210716975e-08 5501841403.90338 296715502177593.75 141236579036539.9
26.047099371688805 2.480998441968428e-08 5945058048.335744 320618272099844.7 152934915791618.78
25.992493293341447 2.6611170423051655e-08 6390061096.525336 344617383164816.0 164727109152785.34
25.938115692309353 1.9419263059019917e-08 4672865670.763053 252008660795858.66 120712148521219.67
25.883965137628124 1.982142145010253e-08 4779615538.925564 257765704377078.44 123727538100989.97
25.830040210258062 1.5729596281110478e-08 3800856459.741849 204981014603062.72 98595868024070.1
25.776339502960226 1.554057659133852e-08 3763005557.2359304 202939707207878.47 97816938874195.77
25.722861620174 1.4082875774008737e-08 3417126385.1350985 184286368314856.66 89010315896076.78
25.66960517789621 8.296070180214355e-09 2017168619.1104712 108786341854858.33 52652589457751.36
25.616568803561712 8.906780262562491e-09 2170145011.8118224 117036391947086.56 56762650094334.31
25.5637511359255 7.2867549912676485e-09 1779092631.444148 95946852118436.2 46630170129561.41
25.51115082494623 1.3599571507704926e-08 3327240160.5002546 179438784692679.94 87386688145335.55
25.458766531671188 1.084228580692722e-08 2658107052.427337 143352290806351.2 69955917913499.54
25.40659692812268 1.2820192834051795e-08 3149466801.8747063 169851428841063.8 83057348703280.56
25.354640697185825 8.304811134343732e-09 2044378357.1644003 110253768939373.05 54024346780292.65
25.30289653249769 1.6709536253239227e-08 4121764098.851087 222287633296827.53 109143227948737.33
25.251363138337815 1.0679448567926331e-08 2639690295.986922 142359071130512.6 70040662996211.07
25.200039229520055 2.430947207950615e-08 6020925943.896928 324709844189622.3 160081953185487.25
25.148923531285735 1.8199492968937457e-08 4516779226.129197 243590884927257.28 120333897154058.61
25.09801477919811 2.7947506922623383e-08 6950125975.785526 374821803776399.1 185536792869316.47
25.047311719038113 2.6064181739904703e-08 6494892232.525086 350270949103657.06 173734390755412.56
24.996813106701342 2.911401897200431e-08 7269532665.548044 392047475945816.8 194847595545068.1
24.94651770809631 3.1381946046438137e-08 7851613541.447291 423439224039079.7 210872733571465.88
24.896424299043908 3.233682050649747e-08 8106797296.150468 437201339368430.75 218163468344844.12
24.846531665178087 3.573459539098852e-08 8976604064.439198 484110207346187.6 242055103673096.56
24.796838601847732 3.121519952482232e-08 7857036574.801952 423731689406040.75 212289576392419.97
24.74734391401969 4.169032508187222e-08 10514670378.468092 567058457803888.1 284663345817565.56
24.698046416183 3.244965007093186e-08 8200425552.079848 442250731551271.3 222452117970285.06
24.648944932254206 3.340151662103945e-08 8457788621.914541 456130377819117.3 229889710420827.7
24.60003829548386 2.978004565393999e-08 7555766894.19989 407484150080878.9 205779495790839.1
24.551325348364088 2.525625861576855e-08 6420709917.431124 346270280734666.0 175212762051740.2
24.50280494253728 2.2738979743736627e-08 5792207969.796445 312375034157817.5 158374142318004.44
24.454475938705844 1.9107427870162076e-08 4876776396.702775 263005610545023.9 133606850156877.53
24.40633720654304 1.5099041391923546e-08 3861319543.7792296 208241801860694.2 105995077147094.25
24.35838762460484 1.0365524105012682e-08 2656022217.007732 143239855179245.16 73052326141412.56
24.31062608024287 7.906464522702158e-09 2029902403.8114166 109473077630171.98 55940742669018.03
24.263051469518324 6.95743890538827e-09 1789752413.5632956 96521736483940.2 49419129079775.46
24.21566269711692 1.784614280032006e-08 4599779146.306791 248067088654017.34 127258416479515.4
24.16845867626484 1.7060233584009696e-08 4405802179.6470175 237605868700910.9 122129416512269.12
24.12143832864565 2.381424384425216e-08 6162012435.941062 332318669356347.44 171144114718512.6
24.07460058431818 1.4599081066787178e-08 3784908669.9991374 204120946837609.8 105326408568207.98
24.027944381635393 2.1252359560342605e-08 5520513951.96588 297722516751181.6 153922541160357.66
23.981468667164144 1.913743402951474e-08 4980774787.107358 268614266333005.1 139142189960491.72
23.93517239560591 2.5373373214102174e-08 6616535126.560959 356831176805710.1 185195380762158.5
23.889054529718422 3.055590432165255e-08 7983349721.368916 430543784841699.5 223882768117687.88
23.843114040238195 2.188775195818534e-08 5729637647.853528 309000603102146.8 160989314216213.2
23.797349905803955 4.020626952594463e-08 10545183906.590355 568704059004530.5 296863518800370.5
23.75176111288096 2.285757536947081e-08 6006525410.496077 323933220294824.6 169417074214189.5
23.706346655686158 4.2906658747407836e-08 11296633532.848114 609229900599682.4 319236467914239.25
23.66110553611424 3.238681424526536e-08 8543231456.505338 460738328450900.06 241887622436719.06
23.616036763664496 3.827456901137417e-08 10115614439.254593 545537284307923.75 286952611545980.5
23.571139355368558 3.258394916817642e-08 8628039386.091576 465312038517855.06 245219444298907.56
23.526412335718902 3.8989402805157056e-08 10343793781.039824 557843045781950.2 294541128172871.44
23.481854736598223 4.5365455958400395e-08 12058182649.560812 650300409909165.0 344008916841936.8
23.437465597209567 4.270692617850778e-08 11373041962.988184 613350623836729.4 325075830633454.94
23.393243964007283 4.501161081609401e-08 12009448939.228071 647672190323610.0 343913933061812.94
23.349188890628735 4.136171329587415e-08 11056449744.162693 596276736696384.2 317219223922495.06
23.305299437826804 3.630023837251875e-08 9721734681.26883 524295263390087.2 279449375386918.3
23.261574673403114 3.62423583354026e-08 9724478360.833248 524443230625055.75 280052685153761.0
23.218013672142057 2.8450599162188164e-08 7648131195.816231 412465376933025.44 220668976659166.84
23.17461551574553 2.250720200317084e-08 6061748951.448422 326911437855598.94 175224530690607.06
23.131379292768393 1.9842773527925098e-08 5354141203.904063 288749998304029.5 155058749089266.62
23.088304098554673 1.300087614274433e-08 3514548669.2553744 189540373262278.0 101972720815104.05
23.04538903517446 9.617982637850387e-09 2604887187.737108 140482131941687.89 75719869116570.36
23.00263321136152 1.0571878129118894e-08 2868557557.588859 154701932269703.3 83539043425640.38
22.96003574245159 8.154211264871154e-09 2216656375.477357 119544759894078.39 64673715102693.35
22.917595750321365 1.5733856581236918e-08 4285042240.97823 231093258973625.12 125252546363707.36
22.875312363328153 1.725726588494312e-08 4708623135.28651 253937068625853.12 137887828263831.12
22.833184716250198 3.1632679924166053e-08 8646860882.536865 466327085910085.56 253681934735071.03
22.791211950227677 2.962825332599205e-08 8113861761.192215 437582327502874.4 238482368489065.97
22.749393212704323 2.7760202354545823e-08 7616260415.206958 410746578810897.94 224267632030762.56
22.707727657369702 3.288863255283314e-08 9039847719.500328 487520951403204.0 266673960417537.7
22.666214444102113 1.9655951266531257e-08 5412576508.203715 291901426959873.8 159961981974011.97
22.624852738912146 3.9656822731403816e-08 10940095917.281013 590001749534997.1 323910960494715.9
22.583641713886806 3.0876335329129126e-08 8533373376.989864 460206680080980.7 253113674044546.88
22.542580547134285 3.114491535607969e-08 8623280231.316874 465055376266937.6 256245512323088.28
22.501668422729324 3.862004672028336e-08 10712406612.53202 577722415864794.6 318902773557352.5
22.46090453065916 3.0057857216431484e-08 8352562807.979285 450455526813471.4 249101906327848.22
22.420288066770084 4.86215948839074e-08 13535583644.783508 729976966544216.5 404407239465485.44
22.37981823271454 2.9730264891449244e-08 8291463603.074713 447160433419276.1 248174040547703.78
22.33949423589884 3.927450701941658e-08 10973025305.459679 591777638593322.5 329028367057872.25
22.299315289431394 3.671764019070888e-08 10277138480.522068 554248310944284.25 308716309195962.25
22.259280612071553 3.1142405847806773e-08 8732327404.762274 470936314021149.06 262782463223788.53
22.21938942817895 4.5488104098135434e-08 12777758931.955551 689107315145357.9 385210989166257.4
22.179640967663424 4.316882933492932e-08 12147998639.23794 655144205744813.6 366880755217096.5
22.140034465935454 5.084595266281622e-08 14333989137.787853 773035148234088.8 433672718159327.25
22.100569163857138 5.533974009462322e-08 15628691968.958721 842858753190979.9 473686619293335.1
22.06124430769369 4.857282319349407e-08 13742075094.85156 741113095306280.2 417246672657454.7
22.022059149065463 5.024507322417699e-08 14240476896.639748 767992012753606.4 433147495193019.0
21.98301294490045 4.2472791226141474e-08 12059035178.772327 650346386994752.5 367445708652028.25
21.944104957387353 3.6948731181032155e-08 10509223598.512587 566764711777584.6 320788826866118.94
21.905334453929072 3.204172491377587e-08 9129667774.301477 492364966471874.25 279170935989538.72
21.866700707096744 2.4507231219743617e-08 6995197204.504961 377252504932881.06 214279422801873.56
21.82820299458425 1.6942567139696756e-08 4844513899.227251 261265687047199.72 148660175929848.22
21.789840599163185 1.4438522345798073e-08 4135782306.9508624 223043638305078.75 127134873833898.92
21.75161280863834 1.105128989896424e-08 3171103977.953866 171018326447650.22 97651464401613.31
21.713518915803597 1.0854018039138287e-08 3119961985.616942 168260227690414.66 96244850238910.86
21.675558218398344 1.1395286714647854e-08 3281284906.8451843 176960407879366.34 101398313714874.34
21.637730019064314 8.698973222445073e-09 2509257732.6759157 135324814654911.78 77676443611918.94
21.600033625302878 1.2589042832491745e-08 3637703172.2280684 196182122362688.2 112804720358551.06
21.562468349432788 1.3329100603638751e-08 3858258714.605822 208076730678412.72 119852196870761.03
21.525033508548354 2.6292565485703948e-08 7623916005.234056 411159446444222.44 237239000598329.06
21.48772842447808 3.669734761460421e-08 10659409436.487026 574864266647147.5 332271546122053.75
