string
20190121an 21 2019_17.07.   full spectra  index number  Nphoton via eV
eV x-axis E [J] Nphoton Nphoton/sr Nphoton/sr @ 0.1bw
43.81066890785845 2.7822083653090575e-09 396368143.7642154 21376220103465.785 6070846509384.412
43.65640598916881 2.794153712351554e-09 399476548.755961 21543857059965.98 6139999262089.987
43.50322561727698 2.8078536240086653e-09 402848711.6893253 21725718539558.61 6213555502313.762
43.35111643679699 2.832995405708976e-09 407882017.30656564 21997165804972.914 6313186586027.173
43.20006725060606 2.8507402853317924e-09 411871939.6356672 22212343182984.76 6397154836699.381
43.05006701709701 2.8703446785426074e-09 416149324.5529392 22443023480827.37 6486033785959.044
42.90110484748767 2.8802423438065992e-09 419034256.87466043 22598608507684.12 6553596467228.451
42.75317000318599 2.906139995104299e-09 424264979.1370272 22880702495658.504 6658284426236.403
42.606251893209404 2.9185667941126173e-09 427548395.7404197 23057777866395.773 6732871136987.416
42.46034007165731 2.9259955827696486e-09 430109636.4050844 23195906131866.035 6796400496636.507
42.31542423523527 3.0258191041730608e-09 446306524.86689305 24069407845356.074 7076405906534.685
42.17149422082971 2.985187375128758e-09 441816144.91295975 23827240678913.535 7029036000279.49
42.02854000313198 3.014451729825861e-09 447664859.88583076 24142663148023.207 7146228291814.984
41.88655169231059 3.0411759540591796e-09 453164534.9250589 24439261817683.227 7258460759851.726
41.745519531730416 3.040794541583406e-09 454638470.04867095 24518751459109.363 7306587934814.402
41.605433895717894 3.0690674130539002e-09 460410635.4614282 24830045593811.848 7424183632549.547
41.46628528737101 3.083639569444279e-09 464149036.7247389 25031658386103.1 7509497515831.041
41.32806433641311 3.10684751252442e-09 469206314.42048717 25304398470919.227 7616623939746.515
41.19076179708947 3.2048990300185235e-09 485627757.8550161 26190010482872.23 7909383165827.18
41.05436854610573 3.1770548745565963e-09 483007989.2052306 26048725790449.3 7892763914506.129
40.91887558060703 3.19946999476892e-09 488026410.5256719 26319370342503.65 8001088584121.127
40.78427401619714 3.2280336464940566e-09 494008352.2533988 26641977759445.97 8125803216630.965
40.65055508499649 3.2428740233324585e-09 497911976.2155466 26852501047779.84 8216865320620.716
40.51771013373833 3.31688378965034e-09 510945216.4194283 27555386523423.016 8459503662690.183
40.38573062190204 3.3361734758765227e-09 515596138.26549685 27806211748985.848 8564313218687.339
40.254608119882874 3.367260674727419e-09 522095692.4663347 28156734119053.414 8700430842787.79
40.124334307197174 3.4396421731734886e-09 535050038.6996197 28855364825722.742 8945163095973.846
39.99490097072234 3.4486828660553253e-09 538192459.1897684 29024836245441.625 9026724072331.988
39.86630000297082 3.450467002042348e-09 540207889.6622574 29133528848671.58 9089661000785.451
39.73852340039719 3.4523695847278363e-09 542243720.1796837 29243321630756.87 9153159670427.096
39.61156326173778 3.53424363338144e-09 556882380.3290242 30032787752833.22 9430295354389.514
39.485411786381924 3.4733267622214023e-09 549032364.2485514 29609434680211.54 9326971924266.42
39.36006127277436 3.407650970425268e-09 540366372.514291 29142075863311.863 9208895972806.406
39.235504116847856 3.4647392844625867e-09 551163308.0989857 29724356945009.152 9422621151568.105
39.11173281048556 3.392056987787877e-09 541308762.5614508 29192899163287.723 9283341933925.428
38.98873994001234 3.370408482814789e-09 539550767.1664921 29098090089716.28 9282290738619.016
38.86651818471449 3.46669906235085e-09 556710588.1424809 30023522962891.395 9607527348124.895
38.74506031538725 3.374953275716285e-09 543676295.7371758 29320580741796.867 9411906418116.957
38.62435919290941 3.43727268217719e-09 555445783.2855741 29955311762181.848 9645610387422.512
38.50440776684447 3.4355388034162108e-09 556895085.1384456 30033472925965.414 9700811755086.701
38.38519907406786 3.3961007529012956e-09 552211877.5086273 29780906521070.934 9649013712826.928
38.266726237419505 3.473598548158252e-09 566561801.0753495 30554801016519.17 9930310330368.732
38.14898246438129 3.3346278799805713e-09 545573658.0217143 29422905902000.55 9591867324052.037
38.03196104577889 3.409702644614246e-09 559573013.6224946 30177894190885.29 9868171400419.135
37.91565535450739 3.325292621853357e-09 547394307.318241 29521093914094.996 9682918803823.17
37.80005884428024 3.371892366739424e-09 556762789.5422884 30026338195723.676 9878665266393.314
37.68516504840097 3.304202023761914e-09 547249213.445731 29513268970029.152 9739378760109.08
37.57096757855732 3.3747636087888655e-09 560634671.4444802 30235149627868.21 10007834526824.559
37.45746012363721 3.313010232057927e-09 552043659.5310096 29771834488992.957 9884249050344.924
37.34463644856601 3.383853258201238e-09 565551632.5658065 30500322409342.242 10156607362311.066
37.23249039316491 3.3738729440775417e-09 565582042.9440246 30501962447646.14 10187655457513.734
37.121015871029684 3.403371422060299e-09 572240339.6661173 30861045836371.51 10338450355184.113
37.01020686842959 3.2599145987805852e-09 549760692.7899988 29648713596679.85 9961967768484.494
36.90005744322593 3.311749829877429e-09 560169495.5348803 30210062590004.867 10180791092831.465
36.79056172380983 3.302252140967345e-09 560225388.5813549 30213076914143.902 10212019996980.986
36.68171390805892 3.257494292034204e-09 554272100.6627952 29892014803354.957 10133393018337.256
36.57350826231243 3.2766423708773884e-09 559179699.4466988 30156682671937.83 10253272108458.281
36.465939120364446 3.225923125358828e-09 552148105.1253918 29777467262588.61 10154116336542.953
36.35900088247482 3.2871135804094305e-09 564276215.3570206 30431538882190.34 10407586297709.275
36.25268801439741 3.2799778596773277e-09 564702451.9408269 30454525913754.14 10445902388416.955
36.146995046425396 3.2692530906714936e-09 564501783.321654 30443703811527.25 10472634111164.996
36.041916572453225 3.3367234668169908e-09 577831633.2393835 31162585513476.164 10751092002148.871
35.937447249054806 3.359393084154008e-09 583448562.4267237 31465507724817.12 10887065672786.611
35.83358179457777 3.3146699721367942e-09 577349837.6381209 31136602172030.85 10804400953695.156
35.73031498825334 3.2452108755981087e-09 566885113.8509303 30572237344745.367 10639138595971.238
35.62764166932158 3.1529942740130424e-09 552363637.8716037 29789090990415.914 10396392755655.229
35.52555673617166 3.24643977168825e-09 570368368.4810783 30760090023680.008 10766031508287.686
35.42405514549688 3.237522128234748e-09 570431428.033329 30763490839032.46 10797985284500.28
35.323131911464124 3.219186279536525e-09 568821338.2122602 30676658345193.125 10798183737507.713
35.22278210489746 3.181574152724966e-09 563777018.3824235 30404617080900.68 10732829829557.896
35.123000852475656 3.2435371292429535e-09 576389730.3992165 31084823380055.18 11004027476540.02
35.02378333594324 3.254852465448624e-09 580039039.9928355 31281631439244.953 11104979160931.908
34.92512479133495 3.2288749328626666e-09 577035100.486237 31119628329053.68 11078587685143.037
34.827020508213224 3.3018874644168706e-09 591745440.9945221 31912960188460.336 11392926787279.258
34.7294658289185 3.5193146647209497e-09 632483165.3922343 34109954515425.83 12211363716522.723
34.63245614783214 3.417917343078579e-09 615980888.1519457 33219983118767.207 11925973939637.24
34.535986910651545 3.2312008772751868e-09 583957259.6459675 31492941876364.484 11337459075491.266
34.44005361367751 3.136714428074003e-09 568460296.909897 30657187309321.105 11067244618664.768
34.34465180311331 3.183676448636162e-09 578573824.7712072 31202612064027.184 11295345567177.486
34.24977707437542 3.161923838008008e-09 576212440.5093482 31075262097778.668 11280320141493.936
34.15542507141571 3.1638194232927395e-09 578150583.3756305 31179786563615.305 11349442309155.924
34.06159148605468 3.1562489254582992e-09 578356054.687384 31190867676096.44 11384666701775.033
33.96827205732576 3.0971656703875725e-09 569088692.5040106 30691076820229.457 11232934116203.92
33.87546257083034 3.175768811377859e-09 585130343.084465 31556206521052.91 11581127793226.316
33.78315885810328 3.181517621742243e-09 587791163.0321442 31699705118889.566 11665491483751.385
33.69135679598887 3.2517615351884076e-09 602405826.0632226 32487877071164.71 11988026639258.176
33.600052306026825 3.307981191549658e-09 614486085.2896289 33139368075659.246 12261566187993.9
33.509241353848374 3.614121819635937e-09 673173740.3140904 36304406060915.26 13468934648599.701
33.41891994858194 3.557359222990443e-09 664391836.2549295 35830796067151.96 13329056136981.111
33.32908414226855 3.3521565871542096e-09 627754583.63672 33854941074075.113 12627893020629.316
33.23973002928659 3.1142314205895106e-09 584766344.2056724 31536575982441.527 11794679417433.06
33.150853745785824 3.232174007944302e-09 608539804.8956387 32818683882192.707 12307006455822.17
33.062451469130394 3.114020120275889e-09 587861931.4980024 31703521677627.62 11920524150787.842
32.97451941735079 3.140736856696386e-09 594486574.4049534 32060790108791.164 12086917871014.2
32.8870538486045 3.129738980949164e-09 593980413.6764628 32033492750741.164 12108660259780.16
32.80005106064523 3.1826939089660293e-09 605632716.7321398 32661903985975.57 12378861610684.762
32.71350739030052 3.1623820479815546e-09 603359563.8946726 32539312359612.625 12364938696653.057
32.627419212957626 3.189546611793818e-09 610148018.376061 32905415184573.344 12536963185322.186
32.54178294205747 3.187982648517219e-09 611453703.5708644 32975831070786.84 12596767469039.283
32.45659502859658 3.312268375866415e-09 636959084.8872279 34351341826176.24 13156563919426.178
32.3718519606368 3.4969435717714926e-09 674233075.3814067 36361536231234.25 13962829912793.354
32.28755026282264 3.757514211160076e-09 726364334.1799122 39172986343659.25 15081599742308.742
32.20368649590622 3.826555206385619e-09 741636965.1869497 39996642651820.23 15438704063603.354
32.12025725627952 3.8816154697021e-09 754262419.533058 40677536147562.945 15742206489106.066
32.03725917551394 3.4601449170343036e-09 674105558.8230779 36354659235540.84 14105607783389.688
31.954688919906943 3.3413356080607152e-09 652641189.8417469 35197081153282.36 13691664568626.955
31.872543190035717 3.2147299276458155e-09 629530462.1212083 33950714586549.957 13240778688754.545
31.790818720317677 3.133414259085635e-09 615184065.2528989 33177010286713.285 12972211022104.748
31.709512278577733 3.2243292007697866e-09 634656582.8513359 34227167391166.184 13417049617336.771
31.628620665622176 3.1699304931526185e-09 625544862.7425268 33735770346193.41 13258157746054.062
31.548140714819066 3.2472136899068513e-09 642430386.9049689 34646410332623.47 13650685671052.564
31.468069291685 3.40645403197087e-09 675649422.3865272 36437920132919.23 14392978452503.404
31.388403293478206 3.3672129745070307e-09 669561289.3680506 36109585796596.91 14299395975452.115
31.309139648797704 3.3675308605762835e-09 671319752.061408 36204420071672.51 14373154768454.14
31.230275317188642 3.801166734116925e-09 759678931.1022481 40969649793216.695 16305920617699.646
31.151807288753492 3.892786470655321e-09 779949186.6196442 42062829076946.18 16783068801702.086
31.07373258376915 4.339063754985394e-09 871548545.1814473 47002802383979.04 18801120953591.56
30.996048252309727 4.536560144011616e-09 913501615.056318 49265340556559.3 19755401563179.46
30.918751373875036 4.241908304915662e-09 856304653.6058384 46180695999598.6 18564639791838.555
30.8418390570246 4.558148671851823e-09 922438019.4307317 49747282785889.09 20048154962713.902
30.765308439017097 4.353369354284604e-09 883188116.8565799 47630527013094.81 19242732913290.336
30.689156685455174 3.6564340249721137e-09 743638321.5339227 40104576234403.516 16242353374932.744
30.61338098993553 3.4577314876021924e-09 704967252.2928522 38019037069012.805 15435729050018.166
30.537978573704155 3.551741112079933e-09 725922054.6488835 39149134112466.445 15933697583774.092
30.462946685316677 3.53096171268857e-09 723452585.1160814 39015955084074.64 15918509674301.967
30.388282600303643 3.448760194703046e-09 708346603.14183 38201286194456.03 15624326053532.39
30.313983620840798 3.587132580060924e-09 738572939.7523923 39831399094480.56 16330873628737.607
30.240047075424116 3.758105908507909e-09 775667378.0780858 41831910212084.78 17192915097166.553
30.166470318549603 3.4998747796880557e-09 724130738.7556927 39052528057186.53 16089641559561.006
30.093250730397784 3.824142282753816e-09 793147416.0648925 42774612458219.875 17665914945244.62
30.02038571652273 4.7026178628838035e-09 977715265.4982289 52728396675190.85 21829556223529.094
29.94787270754562 4.647247902105206e-09 968542843.2344507 52233725949813.164 21676996269172.434
29.87570915885274 5.0396460009113095e-09 1052860380.5666397 56780989055970.45 23620891447283.098
29.803892550297803 6.070764775736055e-09 1271333208.7012234 68563276140094.94 28590886150419.863
29.7324203859086 5.652444609116681e-09 1186574539.50578 63992222696717.24 26748749087227.816
29.661290193597814 5.263125535951357e-09 1107497273.9968944 59727568588430.27 25025851238550.47
29.590499524878005 5.281907259033612e-09 1114108402.5817642 60084108189268.016 25235325439491.457
29.520045954580674 5.952225026078533e-09 1258494399.278007 67870876358692.78 28573638947010.61
29.449927080579297 5.359510823247613e-09 1135873332.1061237 61257895566908.26 25850831929234.387
29.38014052351631 4.190396647694664e-09 890205431.6469963 48008972324240.9 20307795293154.504
29.310683926534004 4.425411748949197e-09 942359704.0689261 50821663566376.84 21548385352142.855
29.241554955009157 4.743779795245711e-09 1012541967.6751534 54606608289630.39 23207808523093.746
29.17275129629149 4.383587149512798e-09 937866946.9945475 50579368201312.266 21546810853758.676
29.104270659445735 5.07393701511277e-09 1088121336.2255566 58682620055034.625 25057478763499.145
29.036110774997383 5.3817645198901054e-09 1156845126.7866855 62388909010115.38 26702453056329.434
28.96826939468197 5.375229891790306e-09 1158146415.7388792 62459087806009.86 26794948668777.805
28.90074429119786 5.296913044939792e-09 1143938800.9138858 61692868051919.37 26527933262326.086
28.833533257962518 8.290681806232279e-09 1794656590.6663134 96786219820529.55 41714860742644.07
28.76663410887211 1.0174491832271127e-08 2207560694.476053 119054227841657.84 51431426427595.7
28.700044678064536 7.982302359046526e-09 1735939463.9572644 93619592420921.06 40537283518259.734
28.633762819685636 8.370077035399603e-09 1824483779.7053516 98394806605307.7 42703346066702.34
28.56778640765871 9.839068106524852e-09 2149643052.8622046 115930716846920.2 50429861828411.55
28.502113335457196 1.0363243579227524e-08 2269382064.356704 122388267749902.05 53361284738957.766
28.43674151588046 8.654669011254116e-09 1899588833.1149411 102445238452123.75 44768569203576.32
28.371668880832676 8.189605825090568e-09 1801636166.4165382 97162629857039.38 42557231877382.73
28.306893381104747 8.516715072787453e-09 1877884528.3773172 101274720582402.78 44459602335674.59
28.242412986159177 9.119740187011296e-09 2015438921.7779067 108693058901939.5 47824945916854.84
28.17822568391791 9.615466315013995e-09 2129833640.9950762 114862390961367.11 50654314413961.93
28.114329480553014 7.934359097625519e-09 1761461262.7373805 94995988573697.3 41988226949573.15
28.050722400280268 7.882785763868423e-09 1753980045.2587695 94592524889794.86 41904488526181.234
27.987402485155485 7.577483764748098e-09 1689862606.6767163 91134657497667.28 40463787928959.875
27.924367794873596 8.127403874338806e-09 1816592291.5181718 97969216932961.58 43596301535167.086
27.86161640657051 9.44681312073316e-09 2116254966.4258225 114130090091904.78 50902020180989.72
27.799146414627526 9.217196314805718e-09 2069456735.8582225 111606251350563.25 49887994353703.59
27.736955930478473 1.0313478983849795e-08 2320787444.701689 125160571079632.88 56071935843674.266
27.675043082419368 1.027351410766561e-08 2316966160.162137 124954488374247.7 56104565280037.7
27.61340601542066 2.003915262547527e-08 4529480030.172893 244275842048560.47 109924128921850.36
27.552042890941948 2.1149747165502717e-08 4791156411.01458 258388106116072.66 116533035858350.1
27.490951886749173 1.6622786754523973e-08 3774009861.709086 203533171738780.97 91996993625928.77
27.43013119673424 1.6072107334966512e-08 3657075396.822623 197226870643653.22 89343772401571.16
27.369579030737032 1.7114965240795436e-08 3902984968.473886 210488827266215.1 95561927578863.47
27.30929361436977 2.1130080248885958e-08 4829249622.334665 260442481278246.06 118501328981602.78
27.249273188843684 1.8603409731640672e-08 4261147849.1681004 229804629232291.47 104790910929916.81
27.18951601079797 1.5913535436526367e-08 3653037861.638799 197009125494042.4 90033170350777.44
27.130020352131016 1.5324099253136958e-08 3525443926.9501524 190127956876732.38 87078604249540.67
27.070784499833785 1.5210989009437998e-08 3507079298.089429 189137548452591.2 86814134739739.6
27.011806755825432 1.2543679472473906e-08 2898413132.270812 156312049898370.6 71903542953253.17
26.95308543679103 1.5426615261735963e-08 3572326418.1359897 192656339811520.9 88814572653108.89
26.89461887402142 1.9649649108342384e-08 4560142141.600862 245929456379159.03 113619408847174.16
26.83640541325514 1.7402667693814478e-08 4047440360.894745 218279337962144.5 101063333476472.58
26.778443414522407 1.583305791713733e-08 3690357555.892131 199021784712760.6 92346108106719.67
26.720731251991108 1.47359102873637e-08 3442053407.5663457 185630688049924.3 86318269943212.9
26.66326731381478 1.9594432901148915e-08 4586784189.3913555 247366267804437.0 115272680796864.95
26.60605000198256 1.65423481283534e-08 3880661196.8114057 209284901410658.56 97736048958780.23
26.549077732171035 1.7862182742432733e-08 4199272558.978535 226467681390073.47 105986874890553.72
26.49234893359802 1.593279069071623e-08 3753706904.033271 202438228820543.47 94943529316824.8
26.43586204887819 2.5270131222231064e-08 5966271261.816038 321762305311369.2 151228283496350.47
26.37961553388058 3.606812839236364e-08 8533832612.981279 460231446777765.9 216769011432327.38
26.323607857587838 4.0264555258510456e-08 9546990025.288345 514871246130099.56 243019228173393.38
26.267837501957352 3.466239076404889e-08 8236129522.9457 444176254456689.75 210095368358021.6
26.212302961784083 2.6016112439877013e-08 6194784412.122496 334086069151464.7 158356796777796.6
26.15700274456513 3.0248202367826366e-08 7217728916.514171 389253688506149.3 184895502040412.4
26.101935370366043 2.4652720931576245e-08 5894963553.895097 317916665131722.4 151328332602705.5
26.047099371688805 3.7489342692706e-08 8983331659.21935 484473027994239.1 231093634353241.28
25.992493293341447 3.445474924890188e-08 8273516319.1178255 446192532496466.25 213280030533315.12
25.938115692309353 3.235503210525472e-08 7785605372.43743 419879389144222.7 201122227400088.28
25.883965137628124 2.9741619928892346e-08 7171711126.913996 386771939115730.44 185650530775539.1
25.830040210258062 2.4664745323156838e-08 5959921342.799387 321419852799292.8 154602949196455.0
25.776339502960226 2.1824818000811196e-08 5284675953.946806 285003722282634.8 137371794140227.64
25.722861620174 1.9026182059585445e-08 4616590373.12425 248973721768491.5 120254307614182.77
25.66960517789621 2.6153989699594664e-08 6359276879.357078 342957183645116.4 165991276884236.1
25.616568803561712 3.482344274381436e-08 8484763105.951061 457585117603364.6 221928782037621.4
25.5637511359255 2.985438581582494e-08 7289076946.442638 393101503260421.94 191047330584570.84
25.51115082494623 3.822027316807065e-08 9350884897.957785 504295254009678.5 245591788702714.62
25.458766531671188 2.272627724076729e-08 5571599834.649878 300477589502645.1 146633063677291.16
25.40659692812268 3.311608635303127e-08 8135448189.192709 438746488254553.44 214547032756477.56
25.354640697185825 2.6573495854449778e-08 6541543079.092315 352786839393839.6 172865551302980.97
25.30289653249769 2.8985474792941433e-08 7149886602.42076 385594937768471.8 189327114444311.0
25.251363138337815 2.5719073071805217e-08 6357106097.530026 342840112909585.06 168677335551513.16
25.200039229520055 3.952963723241841e-08 9790628837.478935 528010740201628.94 260309294919408.7
25.148923531285735 5.985101817099277e-08 14853921260.269274 801075200553824.1 395731149073567.75
25.09801477919811 6.437247337304391e-08 16008469039.983992 863340213137253.8 427353405502938.06
25.047311719038113 4.3931066464820016e-08 10947112984.255383 590380181481369.9 292828570014757.2
24.996813106701342 4.997471572438664e-08 12478278205.398031 672956254500465.2 334459258486726.3
24.94651770809631 3.805177095953993e-08 9520371990.311441 513435729721075.2 255690993401100.53
24.896424299043908 4.391968783776595e-08 11010606517.095041 593804401501267.8 296308396349128.75
24.846531665178087 3.471836995402512e-08 8721326138.719837 470343013353475.3 235171506676740.3
24.796838601847732 4.6427560454188836e-08 11686071084.61104 630232352370860.0 315746408537791.25
24.74734391401969 6.000405818002634e-08 15133556572.043541 816155993668075.6 409710308821393.7
24.698046416183 5.255457663672367e-08 13281187691.961794 716257337541481.2 360277440783357.94
24.648944932254206 5.639949326121944e-08 14281237519.79628 770190242015609.8 388175881975854.75
24.60003829548386 4.9406956558176123e-08 12535489402.65139 676041666797367.9 341401041732662.9
24.551325348364088 3.312043090168026e-08 8419959677.924745 454090254651478.0 229769668853646.78
24.50280494253728 3.1085816098902616e-08 7918363699.025944 427039074538647.3 216508810791081.84
24.454475938705844 2.8807554998569162e-08 7352533539.227614 396523731095145.56 201434055396342.06
24.40633720654304 3.64440314687928e-08 9319932789.893993 502626000097508.8 255836634049634.2
24.35838762460484 3.505092481289688e-08 8981314797.647446 484364258211506.75 247025771687860.12
24.31062608024287 4.8657368582506684e-08 12492272515.125677 673710970664315.6 344266306009466.2
24.263051469518324 4.379195930076831e-08 11265174717.167246 607533319835642.4 311057059755836.8
24.21566269711692 6.25475842900529e-08 16121414979.605104 869431412198321.4 446018314457754.7
24.16845867626484 4.1407546188471677e-08 10693491173.649302 576702302136504.8 296424983298165.7
24.12143832864565 4.967760323787631e-08 12854240132.147799 693231962887128.1 357014460886857.75
24.07460058431818 3.87821314414182e-08 10054524997.988335 542242717468863.94 279797242213937.3
24.027944381635393 3.24243813431166e-08 8422558873.065281 454230429810077.56 234837132211805.16
23.981468667164144 5.2336268791558595e-08 13621218374.74355 734595266134951.6 380520347857891.5
23.93517239560591 5.355588699002486e-08 13965601046.166113 753167898421282.4 390894139280634.9
23.889054529718422 9.084454666970779e-08 23734980274.48575 1280032642584511.2 665616974143958.1
23.843114040238195 5.930920190858311e-08 15525588775.3462 837298375560474.5 436232453666992.9
23.797349905803955 6.70559048920665e-08 17587228495.629993 948483053562876.2 495108153959830.7
23.75176111288096 4.8110963692243206e-08 12642623780.949314 681819447093724.6 356591570830010.06
23.706346655686158 5.3806749953620995e-08 14166452330.813814 763999851836910.9 400335922362548.44
23.66110553611424 3.843407526899673e-08 10138422333.026735 546767318974029.06 287052842461361.1
23.616036763664496 4.7971129476887005e-08 12678325649.063334 683744856597280.0 359649794570185.06
23.571139355368558 3.689473588534604e-08 9769510525.418837 526871825044312.75 277661451798350.5
23.526412335718902 5.138061789604539e-08 13631153021.63082 735131043799866.1 388149191126331.6
23.481854736598223 6.598316984741211e-08 17538391205.56132 945849247899659.9 500354252138903.44
23.437465597209567 7.076109417336752e-08 18843990082.94038 1016260478995705.0 538618053867704.4
23.393243964007283 7.708579359162873e-08 20567091141.460167 1109187693422262.5 588978665207180.2
23.349188890628735 7.131284233444487e-08 19062722371.87132 1028056758856944.2 546926195711926.5
23.305299437826804 5.350364165598271e-08 14329057658.611055 772769192490729.1 411885979597561.3
23.261574673403114 4.119027983002009e-08 11052094932.03492 596041880732258.5 318286364311004.7
23.218013672142057 3.8798407659903333e-08 10429844035.273382 562483754687027.94 300928808757557.56
23.17461551574553 4.268921502670753e-08 11497266714.442986 620050091670289.2 332346849135286.44
23.131379292768393 3.82072352995422e-08 10309392107.743706 555987756067389.3 298565425008193.4
23.088304098554673 4.597924502573831e-08 12429646482.615002 670333535125622.8 360639441897579.7
23.04538903517446 3.584080888219707e-08 9706948678.40141 523497851043214.9 282165341712295.0
23.00263321136152 5.133548142260148e-08 13929292544.68611 751209773048509.6 405653277446198.06
22.96003574245159 5.2780434942095143e-08 14347934314.492125 773787214643314.5 418618883122013.4
22.917595750321365 7.827051941654817e-08 21316609833.801395 1149609399331804.0 623088294437850.4
22.875312363328153 6.881070322980727e-08 18774913207.189808 1012535148079650.4 549806585407221.75
22.833184716250198 6.213036737505373e-08 16983469138.906986 915922180289177.2 498261666077281.94
22.791211950227677 6.57926326632704e-08 18017677939.399796 971697285579744.0 529575020640959.25
22.749393212704323 4.0469799242681064e-08 11103252276.290804 598800807421818.8 326945240852330.94
22.707727657369702 6.827139970912358e-08 18765239204.64585 1012013427020795.2 553571344580344.06
22.666214444102113 8.898092815419844e-08 24502303392.74591 1321414545051840.0 724135170688413.4
22.624852738912146 8.269014839815035e-08 22811664994.371635 1230238048939384.0 675400688867727.0
22.583641713886806 7.654044489956191e-08 21153682514.669838 1140822693615374.0 627452481488474.2
22.542580547134285 6.14443250189579e-08 17012460210.753405 917485675092112.5 505534606975765.1
22.501668422729324 5.1501079489522616e-08 14285340162.117014 770411498407258.5 425267147120787.9
22.46090453065916 4.946747323233445e-08 13746162081.681515 741333507393910.2 409957429588830.0
22.420288066770084 6.12561848423356e-08 17052879809.34123 919665512825038.5 509494694105058.06
22.37981823271454 3.736564247104316e-08 10420891495.092716 562000942250161.5 311910522948846.56
22.33949423589884 4.491735664036856e-08 12549598415.72171 676802568937407.8 376302228329181.5
22.299315289431394 4.295097711724162e-08 12021827585.186777 648339773389401.4 361125253777891.8
22.259280612071553 4.2336903376698226e-08 11871263363.397171 640219812198483.4 357242655206736.56
22.21938942817895 6.805298366311729e-08 19116308254.38745 1030946657142475.2 576299181342647.1
22.179640967663424 6.913364471488805e-08 19454672152.586746 1049194695681307.5 587549029581533.5
22.140034465935454 8.344838906114947e-08 23524946229.26315 1268705460896140.2 711743763562740.4
22.100569163857138 9.89146474259806e-08 27934835855.67121 1506531766488864.8 846670852766749.9
22.06124430769369 8.237412802682679e-08 23305037236.73182 1256845721154095.2 707604141009787.8
22.022059149065463 7.113080689849698e-08 20159919117.999874 1087228817739664.0 613197053205149.2
21.98301294490045 5.2485980888784205e-08 14902017777.928852 803669056200086.6 454073016753040.44
21.944104957387353 4.4923759660569846e-08 12777538499.106318 689095427153910.1 390028011769120.44
21.905334453929072 4.442248866566357e-08 12657326168.193136 682612350031851.0 387041202468040.1
21.866700707096744 4.7418331954883056e-08 13534804489.291315 729934946519252.5 414603049622929.9
21.82820299458425 4.2705626275597514e-08 12211136503.782486 658549244496287.9 374714520118366.6
21.789840599163185 4.260921647637773e-08 12205019280.752562 658219341329328.4 375185024557729.06
21.75161280863834 4.472837768288312e-08 12834550328.00353 692170087472053.4 395229119946562.9
21.713518915803597 3.371348603952302e-08 9690862357.76056 522630312276329.8 298944538622041.0
21.675558218398344 5.538445621166914e-08 15948012962.90104 860079803766196.9 492825727558018.3
21.637730019064314 5.137630235997146e-08 14819724199.222097 799230945622300.2 458758562787197.8
21.600033625302878 6.248965860558013e-08 18056879491.605854 973811433806683.0 559941574438869.3
21.562468349432788 9.191587536120012e-08 26606088262.711437 1434872120132535.0 826486341196307.8
21.525033508548354 4.501145588114642e-08 13051733544.136158 703882825500746.5 406140390313952.5
21.48772842447808 9.702575064400356e-08 28182887026.56374 1519909220023766.5 878507529173743.6
