string
20190121an 21 2019_18.30.   full spectra  index number  Nphoton via eV
eV x-axis E [J] Nphoton Nphoton/sr Nphoton/sr @ 0.1bw
43.81066890785845 2.328626405812971e-09 331748454.7530985 17891266236585.797 5081119611190.475
43.65640598916881 2.333748749102786e-09 333653045.58370876 17993981233849.52 5128284651646.848
43.50322561727698 2.364763563110142e-09 339277641.3639144 18297316906209.258 5233032635175.848
43.35111643679699 2.416790917823685e-09 347958755.23963886 18765491263483.355 5385695992619.678
43.20006725060606 2.443973991788665e-09 353102776.00401074 19042909420835.13 5484357913200.319
43.05006701709701 2.449536377337503e-09 355139547.0088398 19152752923610.37 5535145594923.341
42.90110484748767 2.4408615388947775e-09 355110604.94060695 19151192071582.96 5553845700759.106
42.75317000318599 2.4378806168790245e-09 355904179.01448065 19193989693789.504 5585451000892.56
42.606251893209404 2.4420885096126937e-09 357747859.8904155 19293419803965.0 5633678582757.654
42.46034007165731 2.4617561576171985e-09 361868299.49635905 19515636007071.582 5718081350071.7705
42.31542423523527 2.5521842080175398e-09 376445658.34406334 20301796136633.094 5968728064170.128
42.17149422082971 2.564951093887755e-09 379619990.90354854 20472988581184.133 6039531631449.317
42.02854000313198 2.6272500929523257e-09 390163004.8043534 21041575611305.223 6228306380946.446
41.88655169231059 2.6555073411838545e-09 395696193.6554376 21339981688119.45 6337974561371.308
41.745519531730416 2.627251554086232e-09 392808396.1768698 21184242142731.516 6312904158533.829
41.605433895717894 2.622516268922518e-09 393420612.64176756 21217259109686.37 6343960473796.059
41.46628528737101 2.6165859960182374e-09 393848192.11480546 21240318563558.17 6372095569067.546
41.32806433641311 2.6329749149860967e-09 397640518.51338214 21444839550109.457 6454896704582.801
41.19076179708947 2.726659438702943e-09 413161693.16069645 22281899870786.207 6729133760977.236
41.05436854610573 2.7318809957284333e-09 415328157.2383706 22398737749155.574 6786817537994.131
40.91887558060703 2.8106942827497055e-09 428725083.8851628 23121236913675.137 7028856021757.257
40.78427401619714 2.8913542264812415e-09 442483968.14457685 23863256530878.035 7278293241917.751
40.65055508499649 2.8772346703613364e-09 441771586.0831727 23824837611542.793 7290400309132.17
40.51771013373833 2.924707616563479e-09 450532928.15727824 24297338692985.01 7459282978745.796
40.38573062190204 2.8793541247073915e-09 444996004.59412915 23998731202337.76 7391609210319.77
40.254608119882874 2.8737381275832427e-09 445574739.4160199 24029942497011.42 7425252231576.772
40.124334307197174 2.946724516529553e-09 458374734.1228837 24720248992328.26 7663277187621.585
39.99490097072234 2.973737981451498e-09 464073798.42786753 25027600768407.44 7783583838974.407
39.86630000297082 2.9960850473249275e-09 469069485.29171294 25297019246278.555 7892670004838.839
39.73852340039719 3.0570791557243025e-09 480157739.0835443 25895011182175.082 8105138500020.974
39.61156326173778 3.196401916085445e-09 503649462.8455638 27161924948195.25 8528844433733.203
39.485411786381924 3.1612068321178725e-09 499695243.1294787 26948673019859.707 8488832001255.612
39.36006127277436 3.0545783558173304e-09 484378077.4554172 26122614947431.06 8254746323388.087
39.235504116847856 3.0517819302183874e-09 485470936.2400908 26181553059110.098 8299552319738.081
39.11173281048556 2.9471567166231793e-09 470311012.195095 25363975061897.418 8065744069683.32
38.98873994001234 2.9141155881935003e-09 466505264.6403626 25158730269478.938 8025634955963.367
38.86651818471449 2.9995465839178853e-09 481691462.93341964 25977725242597.586 8312872077630.923
38.74506031538725 2.964979843341634e-09 477633059.3262065 25758854654379.746 8268592344056.041
38.62435919290941 3.0596589556318044e-09 494425325.6396206 26664465224751.625 8585957802369.985
38.50440776684447 3.106008210102848e-09 503478727.9613746 27152717178799.082 8770327648751.988
38.38519907406786 3.159275559570737e-09 513703689.9824805 27704151601951.812 8976145119032.336
38.266726237419505 3.23070036510762e-09 526943857.27465844 28418196700421.34 9235913927636.938
38.14898246438129 3.0811889604667202e-09 504108881.9265033 27186701519038.28 8862864695206.348
38.03196104577889 3.0583900718710564e-09 501918415.68742484 27068569198889.953 8851422128036.697
37.91565535450739 2.9390407580377265e-09 483811310.1244798 26092049062144.426 8558192092383.382
37.80005884428024 2.9493309780095938e-09 486989964.0918772 26263474561162.99 8640683130622.819
37.68516504840097 2.8792129274253177e-09 476861583.6880257 25717248805610.973 8486692105851.149
37.57096757855732 2.9699445866810484e-09 493383863.4581568 26608298943049.508 8807346950149.545
37.45746012363721 2.9927386028353164e-09 498677110.72618324 26893764918162.56 8928729952829.303
37.34463644856601 3.1111894736384158e-09 519980670.48955894 28042670524361.203 9338209284612.373
37.23249039316491 3.110737338622526e-09 521471083.2928006 28123048810629.508 9393098302750.184
37.121015871029684 3.2924966277583187e-09 553597934.2147113 29855656860348.35 10001645048216.365
37.01020686842959 3.130072232134049e-09 527863729.7628709 28467805623551.273 9565182689513.29
36.90005744322593 3.1539561997019178e-09 533479321.83377516 28770655723912.35 9695710978958.295
36.79056172380983 3.0058234370751174e-09 509936410.4126425 27500981396315.78 9295331711955.05
36.68171390805892 2.8950942443559505e-09 492608681.57465714 26566493215665.51 9006041200110.543
36.57350826231243 2.92158410121018e-09 498586764.95888317 26888892551304.613 9142223467443.05
36.465939120364446 2.850528959754077e-09 487895744.1238459 26312323475066.13 8972502304997.76
36.35900088247482 2.9662824812824096e-09 509201343.75441563 27461339091745.707 9391777969377.193
36.25268801439741 3.0388925528705645e-09 523195627.89961857 28216053875929.395 9678106479443.12
36.146995046425396 3.0736587288122152e-09 530728513.704726 28622304043904.64 9846072591102.842
36.041916572453225 3.224727293734719e-09 558436878.9985043 30116622203790.3 10390234660307.262
35.937447249054806 3.248236058653796e-09 564143168.5335106 30424363638094.26 10526829818780.506
35.83358179457777 3.302303139560995e-09 575195780.4198294 31020433398283.355 10764090389204.773
35.73031498825334 3.174100951924856e-09 554463376.490022 29902330350271.625 10406010961894.379
35.62764166932158 3.0696878912480516e-09 537769441.8017747 29002022825807.363 10121705966206.842
35.52555673617166 3.031139374247849e-09 532542151.12989396 28720113904253.4 10052039866488.395
35.42405514549688 2.946035483080999e-09 519073279.2201941 27993734716075.246 9825800885342.307
35.323131911464124 2.880971307100554e-09 509059685.26058656 27453699418398.453 9663702195276.018
35.22278210489746 2.8329248096300934e-09 501996127.0137069 27072760187598.992 9556684346222.406
35.123000852475656 3.009995439655405e-09 534888422.9886357 28846648855318.656 10211713694783.254
35.02378333594324 3.1443393681527004e-09 560344779.9479867 30219515716483.918 10727928079351.742
34.92512479133495 3.1525465491438254e-09 563394387.3942299 30383981708581.508 10816697488254.945
34.827020508213224 3.3139086115483485e-09 593899802.4278644 32029145368591.61 11434404896586.12
34.7294658289185 3.3354573805945194e-09 599440755.6837735 32327970181444.848 11573413324957.518
34.63245614783214 3.5269679502023735e-09 635634110.5932817 34279885674655.457 12306478957201.117
34.535986910651545 3.3448945909526788e-09 604504502.6060117 32601059153051.008 11736381295098.416
34.44005361367751 3.23297416987217e-09 585905251.7050502 31597997511308.566 11406877101582.236
34.34465180311331 3.1061689811409263e-09 564488287.9270788 30442976001965.96 11020357312711.332
34.24977707437542 2.991748249388042e-09 545200532.488312 29402783160923.316 10673210287415.428
34.15542507141571 2.963569215801052e-09 541557226.1726085 29206298859815.727 10631092784972.879
34.06159148605468 2.846541302106578e-09 521604739.0026432 28130256892097.78 10267543765615.54
33.96827205732576 2.8348181882014748e-09 520883655.54183775 28091368704402.465 10281440945811.246
33.87546257083034 3.0762631938990583e-09 566796591.6206924 30567463321637.34 11218259039040.807
33.78315885810328 3.3217083887504797e-09 613691662.0339428 33096524656893.082 12179521073736.68
33.69135679598887 3.320185606999234e-09 615081743.1179528 33171492031746.34 12240280559712.762
33.600052306026825 3.438890999075617e-09 638803713.0192356 34450823022077.535 12746804518168.668
33.509241353848374 3.5441230580064686e-09 660135627.4515277 35601257801730.84 13208066644442.281
33.41891994858194 3.657162298413926e-09 683031603.6745257 36836042773546.51 13703007911759.898
33.32908414226855 3.609549159575942e-09 675956200.3962045 36454464737628.086 13597515347134.521
33.23973002928659 3.3831499911612483e-09 635261798.1923523 34259806785989.137 12813167737959.861
33.150853745785824 3.4179512260772648e-09 643517139.5932192 34705019141195.86 13014382177948.346
33.062451469130394 3.04731779161716e-09 575269925.5872439 31024432063269.926 11665186455789.352
32.97451941735079 2.9166835735490712e-09 552077205.2473812 29773643616764.625 11224663643520.2
32.8870538486045 2.9444914963359196e-09 558823048.0901067 30137448386794.957 11391955490208.494
32.80005106064523 2.8892665608252846e-09 549796620.9274635 29650651208938.652 11237596808187.77
32.71350739030052 2.9782473502839195e-09 568227998.7595766 30644659419607.973 11644970579451.275
32.627419212957626 3.2115712725263345e-09 614361251.3953434 33132635756620.496 12623534223272.148
32.54178294205747 3.5326752175616404e-09 677565590.3571982 36541259487861.54 13958761124361.678
32.45659502859658 3.5004376167903305e-09 673144590.9821167 36302834031109.28 13903985433915.572
32.3718519606368 3.7004000723624194e-09 713460789.3219744 38477095366198.91 14775204620619.746
32.28755026282264 3.749911987007047e-09 724894749.7219743 39093731334578.09 15051086563812.496
32.20368649590622 3.905323804676429e-09 756903360.4269663 40819962663711.05 15756505588193.227
32.12025725627952 4.09985620987471e-09 796670223.7084447 42964598239760.23 16627299518786.371
32.03725917551394 3.811941584838766e-09 742642598.4640894 40050876672928.375 15539740149096.035
31.954688919906943 3.8673279372396855e-09 755379824.8758477 40737798060453.875 15847003445516.693
31.872543190035717 3.382314980845446e-09 662348116.5929261 35720577821785.72 13931025350496.494
31.790818720317677 3.175091280168308e-09 623366526.0248593 33618292173769.895 13144752239943.88
31.709512278577733 2.9751346279493886e-09 585606697.990468 31581896444620.895 12380103406291.047
31.628620665622176 3.0180853261541238e-09 595580179.1782123 32119768451796.676 12623069001556.145
31.548140714819066 3.0069768554660353e-09 594901810.9512669 32083183905943.24 12640774458940.633
31.468069291685 3.1763232246894374e-09 630004377.552887 33976272948737.656 13420627814751.662
31.388403293478206 3.470022038993522e-09 690004596.7256364 37212097803663.02 14735990730250.29
31.309139648797704 3.794974043226067e-09 756530864.6769242 40799873886987.25 16197549933134.113
31.230275317188642 3.9402073988001174e-09 787466784.3890395 42468254757834.18 16902365393617.383
31.151807288753492 4.192131228856273e-09 839925171.0302103 45297346945882.04 18073641431407.535
31.07373258376915 4.2551421879217425e-09 854691978.001572 46093724053909.664 18437489621563.81
30.996048252309727 4.525281086899226e-09 911230414.7280073 49142854229439.336 19706284546004.36
30.918751373875036 4.592337718165359e-09 927045064.7029722 49995741738293.27 20098288178793.805
30.8418390570246 4.728262813817567e-09 956864222.5866475 51603895401117.945 20796369846651.152
30.765308439017097 4.441666882297124e-09 901101443.5564421 48596596613656.18 19633025031917.13
30.689156685455174 4.556480658464463e-09 926688026.0442107 49976486565860.26 20240477059172.56
30.61338098993553 3.5257110491707847e-09 718827022.7530264 38766497500940.04 15739197985380.602
30.537978573704155 3.5899230429651553e-09 733725862.6529051 39569995173486.49 16104988035609.254
30.462946685316677 3.0213913093807973e-09 619047594.190549 33385371241665.42 13621231466599.076
30.388282600303643 3.3989424642855136e-09 698114456.4788947 37649464302008.59 15398630899521.39
30.313983620840798 3.0855950565612817e-09 635308832.5972077 34262343361661.125 14047560778281.559
30.240047075424116 3.16000347011087e-09 652219938.9936094 35174363003526.32 14456663194449.072
30.166470318549603 3.4391343301447615e-09 711563424.3890744 38374770063168.516 15810405266025.58
30.093250730397784 3.574089753470788e-09 741285193.6847918 39977671538287.125 16510778345312.408
30.02038571652273 3.9834589996290326e-09 828195866.001167 44664782977495.46 18491220152683.188
29.94787270754562 4.0129987704649245e-09 836357629.4868513 45104948655406.75 18718553691993.777
29.87570915885274 4.4527154810855935e-09 930241472.3421066 50168124696685.56 20869939873820.656
29.803892550297803 4.77235269653773e-09 999421109.3457526 53898997549443.086 22475881978117.98
29.7324203859086 5.3217333847110866e-09 1117150857.197501 60248188427662.46 25183742762762.918
29.661290193597814 5.283149804468074e-09 1111710896.2342057 59954810151090.27 25121065453305.004
29.590499524878005 5.030845368322685e-09 1061152122.1528109 57228164481078.516 24035829082051.918
29.520045954580674 4.739067993794102e-09 1001993456.5405405 54037724792495.766 22749882137641.473
29.449927080579297 5.2184779451477305e-09 1105983386.8355665 59645924324930.62 25170580065119.848
29.38014052351631 3.827240306982493e-09 813056709.4092396 43848324973538.45 18547841463807.316
29.310683926534004 3.6116178795027384e-09 769068134.0434326 41476011547622.12 17585828896191.021
29.241554955009157 3.3618745171528542e-09 717579479.9932508 38699217248878.94 16447167330774.137
29.17275129629149 3.378026394411325e-09 722727572.9525903 38976855020589.99 16604140238771.068
29.104270659445735 3.1610278629443053e-09 677892108.5989727 36558868687575.93 15610636929594.523
29.036110774997383 3.3726583601909964e-09 724974750.1741304 39098045776342.836 16733963592274.766
28.96826939468197 3.149575776938403e-09 678607235.5212872 36597435637856.38 15700299888640.139
28.90074429119786 3.615240602947473e-09 780759277.1985809 42106517437858.945 18105802498279.863
28.833533257962518 3.638126030417477e-09 787533162.0199524 42471834517889.73 18305360677208.645
28.76663410887211 3.8053907773006234e-09 825656086.3753097 44527812110510.445 19236014831740.332
28.700044678064536 3.807808198371099e-09 828097486.8411238 44659477368021.63 19337553700353.805
28.633762819685636 4.3104635477879676e-09 939581654.110173 50671842728574.96 21991579744200.918
28.56778640765871 4.9354554704146236e-09 1078300043.2380188 58152955590558.586 25296535681893.617
28.502113335457196 5.687608758938812e-09 1245493962.1882308 67169759962119.72 29286015343484.457
28.43674151588046 5.969802628650171e-09 1310295101.3537173 70664499475244.58 30880386270680.668
28.371668880832676 5.922915232509991e-09 1302985579.6986923 70270295384408.734 30778389378370.65
28.306893381104747 5.618553990555379e-09 1238857413.9845357 66811849475716.37 29330401919839.336
28.242412986159177 5.11797035732512e-09 1131058171.300714 60998212898587.55 26839213675379.34
28.17822568391791 5.253283900225638e-09 1163606673.8570962 62753560712556.49 27674320274236.887
28.114329480553014 4.023123417612435e-09 893150406.748882 48167795471276.11 21290165598303.504
28.050722400280268 3.5808294864362833e-09 796761912.9612418 42969543061082.9 19035507576060.684
27.987402485155485 3.86068688425771e-09 860975833.7121592 46432613757537.91 20616080508344.59
27.924367794873596 3.175152637806658e-09 709692528.563115 38273872244825.79 17031873148947.158
27.86161640657051 3.2584921103000532e-09 729960466.3870676 39366926534844.35 17557649234540.645
27.799146414627526 2.740283714874932e-09 615252013.5435624 33180674752790.41 14831761614497.855
27.736955930478473 4.037556818464492e-09 908549984.5624701 48998298048293.31 21951237525634.91
27.675043082419368 3.9440069996750266e-09 889484421.5837691 47970088094892.93 21538569554607.11
27.61340601542066 4.1613704010254e-09 940600856.8264034 50726808552481.21 22827063848616.16
27.552042890941948 4.027782235271039e-09 912433350.9842589 49207728843074.71 22192685708226.95
27.490951886749173 3.765621280360416e-09 854940393.4135216 46107121151043.91 20840418760271.793
27.43013119673424 3.911753449175269e-09 890087217.5170002 48002597010528.41 21745176445768.457
27.369579030737032 4.690192005389876e-09 1069575581.2964946 57682443462678.625 26187829332056.594
27.30929361436977 5.024078066171464e-09 1148245856.989474 61925148521775.98 28175942577408.266
27.249273188843684 6.368383524565662e-09 1458690860.9676313 78667515029933.08 35872386853646.71
27.18951601079797 6.651623060972084e-09 1526915937.6933987 82346908239528.12 37632537065464.38
27.130020352131016 7.265973109716799e-09 1671601074.2223861 90149809085120.39 41288612560983.836
27.070784499833785 6.7212115537354565e-09 1549657414.3574388 83573361016564.44 38360172706603.18
27.011806755825432 5.672675383982632e-09 1310760280.835041 70689586705731.77 32517209884637.83
26.95308543679103 5.562194992434071e-09 1288032130.0020525 69463852593659.08 32022836045676.027
26.89461887402142 5.3510070099218e-09 1241821288.0751276 66971691849318.266 30940921634385.77
26.83640541325514 4.438640523232514e-09 1032320625.6256727 55673275609779.53 25776726607327.84
26.778443414522407 4.089603819160022e-09 953201866.223654 51406383726821.42 23852562049244.816
26.720731251991108 5.069546732514214e-09 1184158308.8647575 63861914853325.17 29695790406795.55
26.66326731381478 3.94480621832576e-09 923424264.6220376 49800471203316.21 23207019580744.812
26.60605000198256 5.408787396827561e-09 1268844737.7488828 68429072361019.4 31956376792596.938
26.549077732171035 5.528718454788838e-09 1299762522.211829 70096475193938.79 32805150390763.15
26.49234893359802 9.080052444701118e-09 2139226969.856502 115368975227547.48 54108049381714.02
26.43586204887819 6.737028232655857e-09 1590610574.2409828 85781973826083.81 40317527698261.24
26.37961553388058 7.0166208125539745e-09 1660154551.7336535 89532495640566.75 42169805446706.87
26.323607857587838 6.2872365509403774e-09 1490745005.2057676 80396201992400.58 37947007340410.945
26.267837501957352 4.8883504272414495e-09 1161520783.3288143 62641068183210.31 29629225250659.51
26.212302961784083 5.272605269328258e-09 1255477850.8584902 67708193247088.555 32093683599120.45
26.15700274456513 5.0198906333540625e-09 1197830183.1462488 64599242003515.93 30684639951668.652
26.101935370366043 5.346574591915156e-09 1278473984.474143 68948379728849.11 32819428750933.402
26.047099371688805 5.266972010721771e-09 1262090850.7244852 68064833766523.91 32466925706630.387
25.992493293341447 6.377384005092626e-09 1531382227.113334 82587776198238.52 39476957022758.8
25.938115692309353 7.874003652291166e-09 1894724905.1844954 102182925762155.27 48945621440073.74
25.883965137628124 8.116392676170808e-09 1957136961.7816672 105548821533347.05 50663434336003.44
25.830040210258062 8.53233562490663e-09 2061730154.8646204 111189555158992.56 53482176031473.75
25.776339502960226 7.499968369353017e-09 1816047331.7765288 97939827135703.25 47206996679408.164
25.722861620174 6.0130293710144756e-09 1459025958.0509682 78685586888436.67 38005138467115.34
25.66960517789621 6.502167716566679e-09 1580985742.5425735 85262904561611.33 41267245807819.83
25.616568803561712 5.218901245430091e-09 1271589976.516405 68577123684150.03 33259904986811.2
25.5637511359255 6.739838798364436e-09 1645560686.157441 88745445299550.72 43130286415582.95
25.51115082494623 4.998714544996643e-09 1222974104.4095883 65955259139719.2 32120211201043.406
25.458766531671188 9.169279535951672e-09 2247950942.6525865 121232482700526.58 59161451557857.1
25.40659692812268 7.873636412214761e-09 1934273283.6620665 104315778405264.3 51010415640174.46
25.354640697185825 8.899859439610469e-09 2190860180.420313 118153565490475.33 57895247090332.76
25.30289653249769 1.4745060480114062e-08 3637184180.4131722 196154133021360.8 96311679313483.75
25.251363138337815 1.944648844507357e-08 4806681404.286211 259225372375988.4 127538883208984.25
25.200039229520055 1.4478796820525952e-08 3586082129.961583 193398188338678.66 95345306850970.64
25.148923531285735 8.767735831529443e-09 2175990679.0608177 117351650051785.5 57971715125578.91
25.09801477919811 1.1649886989393072e-08 2897152236.302096 156244049504850.34 77340804504900.45
25.047311719038113 7.691351409198715e-09 1916595695.3386505 103362422226558.42 51267761424372.586
24.996813106701342 8.171307853493318e-09 2040308808.5619097 110034297299138.67 54687045757671.12
24.94651770809631 8.25519214751899e-09 2065409785.51157 111387998439175.64 55471223222710.57
24.896424299043908 6.633076673057526e-09 1662903377.5134704 89680740412049.7 44750689465612.22
24.846531665178087 6.090577032952246e-09 1529965512.4279485 82511372467476.98 41255686233738.96
24.796838601847732 6.1430020975383426e-09 1546227251.2806756 83388371576637.88 41777574159894.305
24.74734391401969 7.343576539778406e-09 1852115246.4794753 99884977611322.33 50142258760886.23
24.698046416183 8.836288992369373e-09 2233038873.460703 120428271569388.27 60575420599401.1
24.648944932254206 1.0089266535319442e-08 2554760751.556328 137778802348580.89 69440516383682.52
24.60003829548386 9.508087095008342e-09 2412383464.231811 130100364311961.78 65700683977539.18
24.551325348364088 1.0715958255589424e-08 2724237999.5065317 146918747149160.7 74340886057474.95
24.50280494253728 9.874410361051344e-09 2515268452.450082 135648974078150.56 68774029857618.414
24.454475938705844 6.949938970014007e-09 1773828406.3035223 95662951312958.89 48596779266985.08
24.40633720654304 7.148255584935251e-09 1828043137.1493306 98586763525525.45 50180662634492.89
24.35838762460484 7.041744990409633e-09 1804349780.2476048 97308975640476.48 49627577576641.336
24.31062608024287 4.452466333492973e-09 1143124349.359363 61648944502645.836 31502610640852.105
24.263051469518324 8.61528895801395e-09 2216222724.458144 119521373000402.34 61194942976203.62
24.21566269711692 7.74590368636917e-09 1996478827.07869 107670536875764.5 55234985417269.15
24.16845867626484 1.603316171896903e-08 4140561059.7427993 223301357481323.3 114776897745401.05
24.12143832864565 1.4834305664104905e-08 3838424456.3292313 207007064820599.47 106608638382604.78
24.07460058431818 1.826442985291519e-08 4735174672.066057 255368998772647.4 131770403366687.72
24.027944381635393 2.929668799755057e-08 7610109097.658331 410414836919137.9 212184470687189.8
23.981468667164144 2.87690087681739e-08 7487521749.342091 403803674592563.56 209170303438940.53
23.93517239560591 1.6019898158820267e-08 4177458708.282913 225291255683039.0 116926161699494.05
23.889054529718422 1.1886308467500994e-08 3105539158.4298882 167482401486883.75 87090848773181.16
23.843114040238195 1.6254134559173486e-08 4254904819.8935604 229467941307228.75 119552797421062.25
23.797349905803955 1.356593272845135e-08 3558033539.859765 191885521780982.2 100164242369674.58
23.75176111288096 1.1748061857830528e-08 3087161736.6462836 166491303137632.34 87074951540979.78
23.706346655686158 1.1756374186497206e-08 3095264342.1090846 166928278410517.56 87470417887112.77
23.66110553611424 9.555631879577498e-09 2520654678.850548 135939454438075.62 71368213579988.67
23.616036763664496 9.252698240021334e-09 2445402530.620552 131881089735638.98 69369453200949.15
23.571139355368558 7.682047624704539e-09 2034161332.9214344 109702762602319.88 57813355891422.086
23.526412335718902 8.380511809541681e-09 2223329410.062218 119904638098944.64 63309648916243.15
23.481854736598223 9.303242563437037e-09 2472810990.0616913 133359233907737.81 70547034737190.95
23.437465597209567 1.062495022959558e-08 2829470899.187848 152593980290631.0 80874809554031.53
23.393243964007283 1.0286873310974424e-08 2744618055.9324365 148017848019740.1 78597477298476.52
23.349188890628735 1.1116897407505805e-08 2971671328.454403 160262880333762.12 85259852337566.47
23.305299437826804 1.1472093773734372e-08 3072394477.478552 165694901642556.25 88315382575483.06
23.261574673403114 1.16951109055873e-08 3138009173.5872207 169233516458370.72 90370697788763.9
23.218013672142057 9.802348601033143e-09 2635081521.4979525 142110518921074.56 76029127622774.28
23.17461551574553 8.731772335849406e-09 2351683332.0136666 126826792994443.42 67979161045024.01
23.131379292768393 7.158195348645897e-09 1931483449.5209324 104165322043946.53 55936777937600.29
23.088304098554673 6.63408374220343e-09 1793402993.1438212 96718613033799.75 52034613812183.49
23.04538903517446 6.310522871700844e-09 1709111026.227579 92172728945729.61 49681100901748.64
23.00263321136152 4.156471129945291e-09 1127810643.2067044 60823073002958.01 32844459421597.555
22.96003574245159 6.7102201590388665e-09 1824119073.3516293 98375137912419.66 53220949610616.516
22.917595750321365 9.470795964768598e-09 2579326979.0647345 139103664335077.7 75394186069613.64
22.875312363328153 1.790010165344363e-08 4884020060.38066 263396262900845.06 143024170755151.47
22.833184716250198 3.104334475155067e-08 8485764849.478406 457639141849421.3 248955693166069.97
22.791211950227677 4.713365075517061e-08 12907812091.381939 696121110287036.5 379386005106434.0
22.749393212704323 4.0573200214145414e-08 11131621259.909863 600330752871504.9 327780591067859.6
22.707727657369702 3.1475190969302024e-08 8651345806.111109 466568958812786.06 255213220470579.72
22.666214444102113 1.7625180339608263e-08 4853371671.787461 261743388645706.9 143435376977848.4
22.624852738912146 1.4345241248113377e-08 3957410210.945078 213423992416471.88 117169771836643.95
22.583641713886806 2.3440610764930553e-08 6478342773.183059 349378433166001.44 192158138241306.47
22.542580547134285 1.723316230051878e-08 4771449403.221123 257325302904459.75 141786241900360.44
22.501668422729324 1.5590391895471693e-08 4324454044.362979 233218746092307.6 128736747842948.1
22.46090453065916 1.597082270420374e-08 4438017612.880272 239343254013924.84 132356819469699.67
22.420288066770084 1.3899981982528764e-08 3869563909.5083065 208686422295536.84 115612277951724.4
22.37981823271454 1.3466281279056818e-08 3755606668.8857274 202540683551756.94 112410079371227.61
22.33949423589884 1.222156820353467e-08 3414621527.9923706 184151280824973.66 102388112138680.67
22.299315289431394 1.2158382864471359e-08 3403088644.814305 183529309929682.6 102225825630831.86
22.259280612071553 1.2007931778338552e-08 3367022838.72799 181584273172216.56 101324024430091.97
22.21938942817895 1.3988857589938463e-08 3929516377.1184134 211919671898314.97 118463096591158.8
22.179640967663424 1.4807789662884047e-08 4167011509.141995 224727835963734.2 125847588139691.44
22.140034465935454 1.526585768745062e-08 4303599929.02555 232094079121641.22 130204778387241.77
22.100569163857138 1.3874097902479547e-08 3918233119.531702 211311163365396.3 118756873811353.84
22.06124430769369 1.505072869327425e-08 4258106289.422246 229640597254424.22 129287656254246.7
22.022059149065463 1.6185144847794303e-08 4587199629.413176 247388672575067.38 139527211332333.17
21.98301294490045 1.3967859523310753e-08 3965807391.064103 213876854164563.06 120840422602975.86
21.944104957387353 1.2226973403931077e-08 3477683626.141468 187552233478281.12 106154564148709.11
21.905334453929072 1.0948670639335807e-08 3119611249.9052606 168241312437287.0 95392824151936.95
21.866700707096744 9.248668336725273e-09 2639884461.6250777 142369542525560.47 80865900154517.27
21.82820299458425 8.036337619876973e-09 2297889627.785985 123925686838859.7 70513715811307.19
21.789840599163185 6.512883231606309e-09 1865555670.5463877 100609822601158.7 57347598882662.28
21.75161280863834 6.061306119858559e-09 1739256876.2566843 93798501186930.6 53558944177740.13
21.713518915803597 6.413552847229935e-09 1843560698.3468144 99423628972067.83 56870315772019.06
21.675558218398344 6.568943778328293e-09 1891534334.6329575 102010857599165.16 58452221404320.16
21.637730019064314 6.784775912084028e-09 1957098957.14392 105546771934976.9 60583847090676.41
21.600033625302878 1.1355580254219622e-08 3281284436.228184 176960382498889.28 101752219936866.17
21.562468349432788 1.9870711514820822e-08 5751801876.755759 310195924781982.75 178672852674415.06
21.525033508548354 4.5966176886872427e-08 13328568939.299301 718812618503883.2 414754880876762.9
21.48772842447808 5.972088420967075e-08 17347012742.865753 935528165829863.4 540735279849665.1
