string
integrated and resized binned spectra ROIsize spatial in px50:1600
converted file:an 21 2019_16.48.23_17 binning:0.1
nm muJ
28.1 0.00030516028071794836
28.200000000000003 0.002485682395626035
28.300000000000004 0.0024880261900687714
28.400000000000006 0.002490252944998379
28.500000000000007 0.002518951246908984
28.60000000000001 0.002566667040671208
28.70000000000001 0.0025482689955219546
28.80000000000001 0.0025647423472371185
28.900000000000013 0.0025838021173788706
29.000000000000014 0.0025993837112086486
29.100000000000016 0.0026091328698617322
29.200000000000017 0.002608846680402521
29.30000000000002 0.002722613462393691
29.40000000000002 0.002709921093833271
29.50000000000002 0.0027040881218612714
29.600000000000023 0.0027197365401755106
29.700000000000024 0.002717643339121107
29.800000000000026 0.0027439642761582362
29.900000000000027 0.0027452538312158557
30.00000000000003 0.002772774022271064
30.10000000000003 0.0028694844371820196
30.20000000000003 0.002937217203709842
30.300000000000033 0.0028689398341541885
30.400000000000034 0.00289836326429741
30.500000000000036 0.002892200382480351
30.600000000000037 0.0029766122314690844
30.70000000000004 0.0029805213693532826
30.80000000000004 0.0029634140318314755
30.90000000000004 0.0030335317449613156
31.000000000000043 0.003046654890245067
31.100000000000044 0.0031688903288381296
31.200000000000045 0.0030616449905755275
31.300000000000047 0.0031342580853542775
31.40000000000005 0.0030935964137239575
31.50000000000005 0.0030653927068719083
31.60000000000005 0.003073935611776767
31.700000000000053 0.002978742787650583
31.800000000000054 0.002960231829632547
31.900000000000055 0.0030499232253522277
32.00000000000006 0.003159036477999892
32.10000000000006 0.0031415827780119886
32.20000000000006 0.0030002617404976625
32.30000000000006 0.0029827658904109837
32.40000000000006 0.0030494438910183973
32.500000000000064 0.0029095118077987077
32.600000000000065 0.0029553498237966775
32.70000000000007 0.0028898695123496174
32.80000000000007 0.002917258999246365
32.90000000000007 0.0028881633168022134
33.00000000000007 0.003095597004763033
33.10000000000007 0.00309834581917722
33.200000000000074 0.0029294489217154955
33.300000000000075 0.0028688721860609945
33.40000000000008 0.002873004029862505
33.50000000000008 0.0027855401684454655
33.60000000000008 0.0028292971617076526
33.70000000000008 0.0028197502322295214
33.80000000000008 0.0027628990511153013
33.900000000000084 0.0028269754456022454
34.000000000000085 0.002798649855842635
34.10000000000009 0.0031154360276870567
34.20000000000009 0.003042259376011371
34.30000000000009 0.002748502801932493
34.40000000000009 0.0028159331200199255
34.50000000000009 0.002700342492236302
34.600000000000094 0.00276445414728672
34.700000000000095 0.002706960011131868
34.8000000000001 0.00264386282751583
34.9000000000001 0.002713194106651693
35.0000000000001 0.0027171321418298605
35.1000000000001 0.00271085458392727
35.2000000000001 0.0027657235718800705
35.300000000000104 0.003204439663062905
35.400000000000105 0.002844061025382647
35.50000000000011 0.0027061508819674353
35.60000000000011 0.0027192706534018896
35.70000000000011 0.002685301653706283
35.80000000000011 0.0026505506972985733
35.90000000000011 0.00258686183784714
36.000000000000114 0.0025229243978563006
36.100000000000115 0.0025507013670730792
36.20000000000012 0.0025763542424928343
36.30000000000012 0.0025873012125081593
36.40000000000012 0.0025666321050651
36.50000000000012 0.0030385962213365907
36.60000000000012 0.0030602095977276364
36.700000000000124 0.00268811561058554
36.800000000000125 0.002600385840082217
36.90000000000013 0.0025857629597114008
37.00000000000013 0.002589203454881978
37.10000000000013 0.0025053930342402234
37.20000000000013 0.002493338767829338
37.30000000000013 0.002390704162125913
37.400000000000134 0.002435814226988288
37.500000000000135 0.0024220605750859404
37.600000000000136 0.002431982235288162
37.70000000000014 0.002451118991368369
37.80000000000014 0.002728858463923419
37.90000000000014 0.0033112885803498943
38.00000000000014 0.0027589725935667406
38.10000000000014 0.0025527127710078504
38.200000000000145 0.0024590768955553314
38.300000000000146 0.002483280728079401
38.40000000000015 0.002532924708882115
38.50000000000015 0.0024103207130570527
38.60000000000015 0.0023622335210669583
38.70000000000015 0.0023875699213461543
38.80000000000015 0.0022956550256275827
38.900000000000155 0.0022752150126024093
39.000000000000156 0.0022504426931207718
39.10000000000016 0.002278282437209385
39.20000000000016 0.002384302199999664
39.30000000000016 0.0032269613991888855
39.40000000000016 0.003551839891317315
39.50000000000016 0.002777706774570621
39.600000000000165 0.002645386306198752
39.700000000000166 0.002830956759214741
39.80000000000017 0.002835595241124732
39.90000000000017 0.0027458293170593774
40.00000000000017 0.0029034516285727165
40.10000000000017 0.002459445761004229
40.20000000000017 0.002442352791907089
40.300000000000175 0.0027591269417246126
40.400000000000176 0.002535240066006869
40.50000000000018 0.002466835707659152
40.60000000000018 0.0023834876224507113
40.70000000000018 0.00246431240251382
40.80000000000018 0.00285934026583283
40.90000000000018 0.004186337454350104
41.000000000000185 0.004224046438818351
41.100000000000186 0.0031647744753150737
41.20000000000019 0.0031527925355863047
41.30000000000019 0.003496838450495421
41.40000000000019 0.0037734166681390358
41.50000000000019 0.0034762571760062334
41.60000000000019 0.004809917286049752
41.700000000000195 0.005144550084366564
41.800000000000196 0.0027876957047779914
41.9000000000002 0.0026089757498295634
42.0000000000002 0.0031129193122236385
42.1000000000002 0.00391524846668463
42.2000000000002 0.0032070289557898078
42.3000000000002 0.0032707423606163563
42.400000000000205 0.0034711028167821404
42.500000000000206 0.0048907143030621335
42.60000000000021 0.007895658453141753
42.70000000000021 0.009499446885549335
42.80000000000021 0.007850355654549349
42.90000000000021 0.009882017653096818
43.00000000000021 0.01261051803245603
43.100000000000215 0.013344056414495563
43.200000000000216 0.01179471252842339
43.30000000000022 0.010638555076483298
43.40000000000022 0.014155745547018221
43.50000000000022 0.02305643466122955
43.60000000000022 0.010757259074287425
43.70000000000022 0.006122891949457994
43.800000000000225 0.006263649168763755
43.900000000000226 0.006901444481075175
44.00000000000023 0.01026108049687332
44.10000000000023 0.00975283394219255
44.20000000000023 0.008248984409358442
44.30000000000023 0.010459235114942364
44.40000000000023 0.015726756317830135
44.500000000000234 0.023490474812626352
44.600000000000236 0.02778430103700029
44.70000000000024 0.02993708521782365
44.80000000000024 0.03772557674853777
44.90000000000024 0.04687356618737648
45.00000000000024 0.04941418383954406
45.10000000000024 0.04402178362783726
45.200000000000244 0.03350996895691551
45.300000000000246 0.027358880769796666
45.40000000000025 0.032792600681290675
45.50000000000025 0.0656689555802186
45.60000000000025 0.03946571565388495
45.70000000000025 0.01949669078186351
45.80000000000025 0.015961590911796827
45.900000000000254 0.01326704157914905
46.000000000000256 0.013281805769369897
46.10000000000026 0.02161615547834057
46.20000000000026 0.029739902597743634
46.30000000000026 0.024541986041208816
46.40000000000026 0.030618556875892478
46.50000000000026 0.041908286212877996
46.600000000000264 0.0547180203164036
46.700000000000266 0.06245404932201264
46.80000000000027 0.06570944483175414
46.90000000000027 0.07875591582423476
47.00000000000027 0.08771558390465074
47.10000000000027 0.08740046372037795
47.20000000000027 0.08148307373171036
47.300000000000274 0.06538037485710006
47.400000000000276 0.048697979383667815
47.50000000000028 0.040814323880367695
47.60000000000028 0.04254418863304377
47.70000000000028 0.10151397584901135
47.80000000000028 0.09022436468694389
47.90000000000028 0.03789984735605358
48.000000000000284 0.02476144008431421
48.100000000000286 0.02207414914331688
48.20000000000029 0.02083900427280464
48.30000000000029 0.022373844278278515
48.40000000000029 0.02744244140413041
48.50000000000029 0.04455190953686631
48.60000000000029 0.06134490009951592
48.700000000000294 0.06329128665437553
48.800000000000296 0.08005319195775129
48.9000000000003 0.09769170905233872
49.0000000000003 0.10234544328502833
49.1000000000003 0.10554577372546016
49.2000000000003 0.12751787091483577
49.3000000000003 0.14151258801122335
49.400000000000304 0.1384479383084551
49.500000000000306 0.12011325507915571
49.60000000000031 0.10608038014705062
49.70000000000031 0.08643650334736439
49.80000000000031 0.06998466073280235
49.90000000000031 0.060366593505745726
50.00000000000031 0.050783684942842994
50.100000000000314 0.07243538267633784
50.200000000000315 0.1331528621836828
50.30000000000032 0.09617646434176673
50.40000000000032 0.04111003887829439
50.50000000000032 0.03531974497918868
50.60000000000032 0.033893406421291884
50.70000000000032 0.02880891687392955
50.800000000000324 0.028183459292592975
50.900000000000325 0.03240679094658596
51.00000000000033 0.035947308192502185
51.10000000000033 0.05146527624419867
51.20000000000033 0.09140320774308942
51.30000000000033 0.12589029942303967
51.40000000000033 0.139303239937895
51.500000000000334 0.14482746185322423
51.600000000000335 0.14281705439822232
51.70000000000034 0.1567544051573624
51.80000000000034 0.17136325045179035
51.90000000000034 0.17445560018319375
52.00000000000034 0.16981560582553024
52.10000000000034 0.14762586100052483
52.200000000000344 0.12551400214547714
52.300000000000345 0.10348569305294779
52.40000000000035 0.08511837286952019
52.50000000000035 0.0754890787792919
52.60000000000035 0.06173045583200887
52.70000000000035 0.048659696973808286
52.80000000000035 0.0409670088131626
52.900000000000354 0.09822174130763757
53.000000000000355 0.12740231147862763
53.10000000000036 0.0720995088011549
53.20000000000036 0.03533044729483985
53.30000000000036 0.0375882939493681
53.40000000000036 0.038838482286142104
53.50000000000036 0.03958813705120267
53.600000000000364 0.03898614012292851
53.700000000000365 0.03553678919459833
53.80000000000037 0.036924573561045754
53.90000000000037 0.04360659404276919
54.00000000000037 0.05873861942787548
54.10000000000037 0.09471235492272394
54.20000000000037 0.15396291693224323
54.300000000000374 0.19460376093593174
54.400000000000375 0.19147495848615023
54.50000000000038 0.20267634647193447
54.60000000000038 0.20732661969007665
54.70000000000038 0.18863004102706163
54.80000000000038 0.18018460993108829
54.90000000000038 0.17724439901546726
55.000000000000384 0.17009590508533778
55.100000000000385 0.14927426261376284
55.20000000000039 0.12462127310714749
55.30000000000039 0.10054702108362942
55.40000000000039 0.08544430894499216
55.50000000000039 0.06692455861389973
55.60000000000039 0.053239271817866786
55.700000000000394 0.03951985155277762
55.800000000000395 0.03637182003670608
55.9000000000004 0.03496073695541864
56.0000000000004 0.0881328453250323
56.1000000000004 0.12774857626422675
56.2000000000004 0.08697124416918306
56.3000000000004 0.0477640106858742
56.400000000000404 0.032404471935312776
56.500000000000405 0.033237185078517986
56.600000000000406 0.03763707817298225
56.70000000000041 0.04312163781008231
56.80000000000041 0.04252946340939825
56.90000000000041 0.04752973022815733
57.00000000000041 0.04595032967673051
57.10000000000041 0.04417200376506582
57.200000000000415 0.06061814020522237
57.300000000000416 0.08812207528408651
57.40000000000042 0.11856741812241799
57.50000000000042 0.1526300365043389
57.60000000000042 0.19775104637987947
57.70000000000042 0.23178999764959035
57.80000000000042 0.2227229633370304
