string
integrated and resized binned spectra ROIsize spatial in px50:1600
converted file:an 21 2019_18.22.06_36 binning:0.1
nm muJ
28.1 0.0003184507919165413
28.200000000000003 0.0026247477846836616
28.300000000000004 0.00263232922685804
28.400000000000006 0.002632643971695335
28.500000000000007 0.0026466116311137564
28.60000000000001 0.0026625759112751004
28.70000000000001 0.0026697531999292
28.80000000000001 0.002691401429477768
28.900000000000013 0.002718771593318817
29.000000000000014 0.002729210972340948
29.100000000000016 0.002738258450874835
29.200000000000017 0.0027612784093920544
29.30000000000002 0.0028412723926355306
29.40000000000002 0.0028165805443825334
29.50000000000002 0.0028284995231449028
29.600000000000023 0.002853827142113149
29.700000000000024 0.002864933668348744
29.800000000000026 0.0029002962051364687
29.900000000000027 0.002911910696655788
30.00000000000003 0.0029288871274601364
30.10000000000003 0.0030269048675738396
30.20000000000003 0.0029854434986211834
30.300000000000033 0.003012231080168467
30.400000000000034 0.0030382319500616875
30.500000000000036 0.00305417198069327
30.600000000000037 0.0031367683576738873
30.70000000000004 0.003151468329891671
30.80000000000004 0.003167290676308329
30.90000000000004 0.0032635669401640892
31.000000000000043 0.003258836545738898
31.100000000000044 0.003252127741717042
31.200000000000045 0.003249600266444131
31.300000000000047 0.003330494062704023
31.40000000000005 0.003277169729717511
31.50000000000005 0.0032270819524370716
31.60000000000005 0.003286557870595346
31.700000000000053 0.0032286670451156336
31.800000000000054 0.0032243868947438377
31.900000000000055 0.003304882159354643
32.00000000000006 0.003200175709481233
32.10000000000006 0.0032609859872016183
32.20000000000006 0.003218817199895606
32.30000000000006 0.003185151961092107
32.40000000000006 0.0032736128331826114
32.500000000000064 0.003170371955034525
32.600000000000065 0.0032500067848602074
32.70000000000007 0.0031798025458586363
32.80000000000007 0.003214955747414059
32.90000000000007 0.0031706280469754457
33.00000000000007 0.003218801973880135
33.10000000000007 0.0031472954600212516
33.200000000000074 0.0031804833971325348
33.300000000000075 0.003129325053209005
33.40000000000008 0.003164416514133115
33.50000000000008 0.003097654915199563
33.60000000000008 0.0031624053638359398
33.70000000000008 0.003142248032094928
33.80000000000008 0.003104897974564753
33.900000000000084 0.003137165977364707
34.000000000000085 0.003077228797871317
34.10000000000009 0.0031335627214950593
34.20000000000009 0.003105907353870118
34.30000000000009 0.0030570866294792496
34.40000000000009 0.003096874278021307
34.50000000000009 0.003001650238589301
34.600000000000094 0.0030660650358158167
34.700000000000095 0.0030787492660159115
34.8000000000001 0.003001325199918899
34.9000000000001 0.0031188856366730017
35.0000000000001 0.0031182103815228786
35.1000000000001 0.003088596558777421
35.2000000000001 0.0030415824821329028
35.300000000000104 0.0030739193185031297
35.400000000000105 0.003071580315263581
35.50000000000011 0.003016879063848081
35.60000000000011 0.0030575379584273075
35.70000000000011 0.0030517105493719893
35.80000000000011 0.0030467625047950046
35.90000000000011 0.003034876670269568
36.000000000000114 0.0029696644641726165
36.100000000000115 0.003038897287771931
36.20000000000012 0.003030508221611663
36.30000000000012 0.0030062232577712793
36.40000000000012 0.0030017747091939683
36.50000000000012 0.0029319189477874275
36.60000000000012 0.0029745507049887144
36.700000000000124 0.0029850064205598874
36.800000000000125 0.0029587782873907783
36.90000000000013 0.0029664869905023953
37.00000000000013 0.0029518703515708715
37.10000000000013 0.002941119764230636
37.20000000000013 0.0029341010956206127
37.30000000000013 0.002861129105690193
37.400000000000134 0.0029125229803781184
37.500000000000135 0.002927590170978897
37.600000000000136 0.0029169445759159836
37.70000000000014 0.0028950390859008336
37.80000000000014 0.002905273288374545
37.90000000000014 0.0029349677040312115
38.00000000000014 0.0029066441695322063
38.10000000000014 0.0029044717076606857
38.200000000000145 0.0028977351005122884
38.300000000000146 0.00287734384151252
38.40000000000015 0.002877469391806366
38.50000000000015 0.002884468835033044
38.60000000000015 0.0028949984018099804
38.70000000000015 0.0028863096708256733
38.80000000000015 0.0028638879199490946
38.900000000000155 0.0028714035019736274
39.000000000000156 0.0028477826057851266
39.10000000000016 0.002855867262940133
39.20000000000016 0.002839912873324163
39.30000000000016 0.0029008228324895976
39.40000000000016 0.003049733053860711
39.50000000000016 0.0030109140227122786
39.600000000000165 0.0029767512409238903
39.700000000000166 0.0029943289989588923
39.80000000000017 0.0029882327814420347
39.90000000000017 0.002881222069819234
40.00000000000017 0.0028843331515944525
40.10000000000017 0.0029027859863990087
40.20000000000017 0.0029199255191420387
40.300000000000175 0.0029867611724651725
40.400000000000176 0.0029020407162732723
40.50000000000018 0.0029032633304189558
40.60000000000018 0.002901800331288964
40.70000000000018 0.0028755551355207592
40.80000000000018 0.002893094967422346
40.90000000000018 0.002816857600075418
41.000000000000185 0.0028665053652711272
41.100000000000186 0.002882144597078218
41.20000000000019 0.0028532631950099682
41.30000000000019 0.0028341931206144005
41.40000000000019 0.0027450869254215804
41.50000000000019 0.0027322589238354656
41.60000000000019 0.0026341477094679886
41.700000000000195 0.0025602002351352553
41.800000000000196 0.0025723769872438434
41.9000000000002 0.0025896854215663695
42.0000000000002 0.002667851261947486
42.1000000000002 0.002789598464553157
42.2000000000002 0.002704332037087
42.3000000000002 0.002809803147409457
42.400000000000205 0.003011046657864802
42.500000000000206 0.003261305305779745
42.60000000000021 0.003304888460169072
42.70000000000021 0.0032831105122688603
42.80000000000021 0.003325698833378659
42.90000000000021 0.003811546099226249
43.00000000000021 0.0040409709649813184
43.100000000000215 0.0031077485316643835
43.200000000000216 0.0026803118513200434
43.30000000000022 0.00271680278107608
43.40000000000022 0.0027046092541917178
43.50000000000022 0.002721345831383047
43.60000000000022 0.0022893503632140364
43.70000000000022 0.0024617480195232356
43.800000000000225 0.0028428084227742336
43.900000000000226 0.003095161428432181
44.00000000000023 0.0033511756812778628
44.10000000000023 0.0035594843785523387
44.20000000000023 0.0037739987751489127
44.30000000000023 0.004083912231298946
44.40000000000023 0.0046315444937231505
44.500000000000234 0.005098849422448954
44.600000000000236 0.006137382525815802
44.70000000000024 0.006620654654270065
44.80000000000024 0.009519706093139823
44.90000000000024 0.010927391769563555
45.00000000000024 0.007893157953241955
45.10000000000024 0.005475625970139816
45.200000000000244 0.0040297033183844845
45.300000000000246 0.0036138897428268555
45.40000000000025 0.0033069480975668726
45.50000000000025 0.0037232022333119883
45.60000000000025 0.0037657970661193066
45.70000000000025 0.00361322319599735
45.80000000000025 0.0033672502086702174
45.900000000000254 0.004308691580747796
46.000000000000256 0.0047118304919863485
46.10000000000026 0.005601965458238435
46.20000000000026 0.006621650537325091
46.30000000000026 0.006972947350886089
46.40000000000026 0.007764520174765789
46.50000000000026 0.009243929894385404
46.600000000000264 0.01100499885688412
46.700000000000266 0.014320696230383014
46.80000000000027 0.015919236481421246
46.90000000000027 0.022342715350342827
47.00000000000027 0.02404876813955208
47.10000000000027 0.02047005571034674
47.20000000000027 0.01485510322369084
47.300000000000274 0.01002126359153909
47.400000000000276 0.006592439667188195
47.50000000000028 0.005153914602351866
47.60000000000028 0.00505587205917194
47.70000000000028 0.00573470100778326
47.80000000000028 0.006102195850551816
47.90000000000028 0.006426081924579548
48.000000000000284 0.00661087754177438
48.100000000000286 0.005867731235060017
48.20000000000029 0.006018574073371345
48.30000000000029 0.007481531841615355
48.40000000000029 0.009380906716956924
48.50000000000029 0.011388434066787122
48.60000000000029 0.012741778402074463
48.700000000000294 0.013347988879769084
48.800000000000296 0.015000155312201578
48.9000000000003 0.017466566448475628
49.0000000000003 0.02091359065996421
49.1000000000003 0.028655011948633947
49.2000000000003 0.03981556010833105
49.3000000000003 0.040377915761270186
49.400000000000304 0.03605748501652857
49.500000000000306 0.028932936608179857
49.60000000000031 0.023168238806302536
49.70000000000031 0.016923651991842682
49.80000000000031 0.011625406954232986
49.90000000000031 0.009425457942057113
50.00000000000031 0.008912406952157201
50.100000000000314 0.008493777288697484
50.200000000000315 0.007495782435514958
50.30000000000032 0.00868523918484051
50.40000000000032 0.009668471428930122
50.50000000000032 0.010566659435007605
50.60000000000032 0.012764081607146682
50.70000000000032 0.011057637275171792
50.800000000000324 0.00850165935453923
50.900000000000325 0.011046144610840756
51.00000000000033 0.014407177203916962
51.10000000000033 0.016447671600423753
51.20000000000033 0.01810689107524629
51.30000000000033 0.018732788612205696
51.40000000000033 0.020265744379324834
51.500000000000334 0.024419704605938036
51.600000000000335 0.0330694490317336
51.70000000000034 0.047171418578403734
51.80000000000034 0.056096586632408484
51.90000000000034 0.04891665698349614
52.00000000000034 0.040365127346985344
52.10000000000034 0.035004397237090354
52.200000000000344 0.03307589703414155
52.300000000000345 0.02935289779834178
52.40000000000035 0.023077766034179985
52.50000000000035 0.018572442389271086
52.60000000000035 0.01573939781576694
52.70000000000035 0.012667659971075928
52.80000000000035 0.01022708164720111
52.900000000000354 0.010226523021355684
53.000000000000355 0.009864775420968011
53.10000000000036 0.009151040436279205
53.20000000000036 0.011745284490774456
53.30000000000036 0.014305411782774422
53.40000000000036 0.014830194769129385
53.50000000000036 0.016170607621455814
53.600000000000364 0.017260707532213204
53.700000000000365 0.01475152924026784
53.80000000000037 0.012559995711652555
53.90000000000037 0.016347580987945975
54.00000000000037 0.019105291871482
54.10000000000037 0.019356989442110346
54.20000000000037 0.02133971093476452
54.300000000000374 0.028370777395862842
54.400000000000375 0.03532663549272451
54.50000000000038 0.04386511700434495
54.60000000000038 0.05582556153094076
54.70000000000038 0.06274667057611179
54.80000000000038 0.06166230264230001
54.90000000000038 0.051589940399932234
55.000000000000384 0.03823331713198783
55.100000000000385 0.031944158428955455
55.20000000000039 0.034272375074768664
55.30000000000039 0.037737477031974935
55.40000000000039 0.03597136646588627
55.50000000000039 0.029097948801736412
55.60000000000039 0.02254992881008025
55.700000000000394 0.015039362520361059
55.800000000000395 0.012925274559446292
55.9000000000004 0.012186130748284724
56.0000000000004 0.011123673600823225
56.1000000000004 0.01128072017581896
56.2000000000004 0.012063683294841978
56.3000000000004 0.013038479035939491
56.400000000000404 0.011958656801148822
56.500000000000405 0.013835575430488615
56.600000000000406 0.017550764407969432
56.70000000000041 0.018241351357248345
56.80000000000041 0.017608727879891272
56.90000000000041 0.020077565056672818
57.00000000000041 0.021176072126000527
57.10000000000041 0.017715171457240497
57.200000000000415 0.015600339782979351
57.300000000000416 0.01627245557575538
57.40000000000042 0.019154354246630537
57.50000000000042 0.02501033243030013
57.60000000000042 0.03268888784579686
57.70000000000042 0.03993225955326692
57.80000000000042 0.051327999992315826
