string
integrated and resized binned spectra ROIsize spatial in px50:1600
converted file:an 21 2019_18.37.44_43 binning:0.1
nm muJ
28.1 0.0003026337841400398
28.200000000000003 0.0024529234734500644
28.300000000000004 0.0024398574829794786
28.400000000000006 0.0024442316275452955
28.500000000000007 0.002483154699497616
28.60000000000001 0.0026260554784634303
28.70000000000001 0.0029235190541507675
28.80000000000001 0.002941224681122346
28.900000000000013 0.0026977398714642803
29.000000000000014 0.0025767417167551977
29.100000000000016 0.002562745869746591
29.200000000000017 0.0025810632826538038
29.30000000000002 0.0026754085057342667
29.40000000000002 0.002803812720074322
29.50000000000002 0.0032489229364748807
29.600000000000023 0.0033832040077591626
29.700000000000024 0.0030563727997897005
29.800000000000026 0.002790046574129194
29.900000000000027 0.002739012118054907
30.00000000000003 0.0027518897396526113
30.10000000000003 0.0028366804965752846
30.20000000000003 0.002887854424683649
30.300000000000033 0.0032996374595262567
30.400000000000034 0.0039585936748163675
30.500000000000036 0.003875382394777283
30.600000000000037 0.0034205043437874312
30.70000000000004 0.0030390453037405602
30.80000000000004 0.0029940280718049614
30.90000000000004 0.0030660784502910517
31.000000000000043 0.0030694254919267313
31.100000000000044 0.003138196033528531
31.200000000000045 0.0036171411837907837
31.300000000000047 0.004633629464634569
31.40000000000005 0.004849248288728385
31.50000000000005 0.003950497558370262
31.60000000000005 0.003343917096933698
31.700000000000053 0.003075321648221656
31.800000000000054 0.003047990167315799
31.900000000000055 0.0031061143350576744
32.00000000000006 0.0030438690532129764
32.10000000000006 0.0032150816650006265
32.20000000000006 0.004016309522312421
32.30000000000006 0.005320251946471621
32.40000000000006 0.005545599533202459
32.500000000000064 0.0041984776818536325
32.600000000000065 0.003395261514827355
32.70000000000007 0.0030495764982550006
32.80000000000007 0.003034065183656185
32.90000000000007 0.0029683381816148994
33.00000000000007 0.003022685265009814
33.10000000000007 0.003054616223850274
33.200000000000074 0.0035929059062030306
33.300000000000075 0.005287946315092415
33.40000000000008 0.006741816553491494
33.50000000000008 0.0058942033091284
33.60000000000008 0.004268162837583738
33.70000000000008 0.0032399908866379973
33.80000000000008 0.002988922637713139
33.900000000000084 0.002965996517171667
34.000000000000085 0.00290083197806311
34.10000000000009 0.002966995499004171
34.20000000000009 0.0030383667745171963
34.30000000000009 0.0034408811091312017
34.40000000000009 0.005277273357529731
34.50000000000009 0.007932715035436038
34.600000000000094 0.008263517666897594
34.700000000000095 0.0059899897849224615
34.8000000000001 0.0035939632910813985
34.9000000000001 0.003220608457289661
35.0000000000001 0.0030255040715759913
35.1000000000001 0.002939424458813338
35.2000000000001 0.002876630532779955
35.300000000000104 0.0029351646003608987
35.400000000000105 0.00308034515754614
35.50000000000011 0.0035349748754668225
35.60000000000011 0.005684416894336379
35.70000000000011 0.009460690732278097
35.80000000000011 0.011148585161618771
35.90000000000011 0.008619853058685786
36.000000000000114 0.004689788960902336
36.100000000000115 0.0035078298767339997
36.20000000000012 0.00311533811650972
36.30000000000012 0.0029395191498694105
36.40000000000012 0.002894361178148365
36.50000000000012 0.0028321333283438228
36.60000000000012 0.002918716544866572
36.700000000000124 0.003104534254767814
36.800000000000125 0.0037168913128879503
36.90000000000013 0.0061710845275692846
37.00000000000013 0.011157481198021235
37.10000000000013 0.014761223652280516
37.20000000000013 0.012636590894636842
37.30000000000013 0.0070165339382368425
37.400000000000134 0.0043078949124576
37.500000000000135 0.003337101614741504
37.600000000000136 0.002993236043033968
37.70000000000014 0.002861390944770849
37.80000000000014 0.0028526897034487084
37.90000000000014 0.0028458668904614987
38.00000000000014 0.002924617512748366
38.10000000000014 0.0031678600827099905
38.200000000000145 0.0039299429042673585
38.300000000000146 0.006653776560697758
38.40000000000015 0.012466695114101105
38.50000000000015 0.018799033966514434
38.60000000000015 0.018579590733856115
38.70000000000015 0.012587330127735196
38.80000000000015 0.0065960094601998686
38.900000000000155 0.0039794424239927365
39.000000000000156 0.00314039877166696
39.10000000000016 0.002953990608233209
39.20000000000016 0.0028074707076343325
39.30000000000016 0.0028235450900505805
39.40000000000016 0.0029063286344235247
39.50000000000016 0.002906053316305253
39.600000000000165 0.003290696880765883
39.700000000000166 0.004105395874171108
39.80000000000017 0.006645198503489837
39.90000000000017 0.012867063985430806
40.00000000000017 0.02204343034301404
40.10000000000017 0.02799593394596702
40.20000000000017 0.02335804161450841
40.300000000000175 0.015591835588243152
40.400000000000176 0.006878791477537855
40.50000000000018 0.003982532453144494
40.60000000000018 0.0031631570619089344
40.70000000000018 0.0030841836628362302
40.80000000000018 0.002856112590345228
40.90000000000018 0.0026650225698948015
41.000000000000185 0.0027296410535197217
41.100000000000186 0.0026420725614077216
41.20000000000019 0.0029607802812913315
41.30000000000019 0.003591145648227169
41.40000000000019 0.0054883497119971435
41.50000000000019 0.009828542502276025
41.60000000000019 0.0183491280235595
41.700000000000195 0.030409252999005643
41.800000000000196 0.03790119925516022
41.9000000000002 0.03136877903196174
42.0000000000002 0.019729431056890314
42.1000000000002 0.010654020988840282
42.2000000000002 0.004673291238548646
42.3000000000002 0.0032776953350974365
42.400000000000205 0.0035642516978875633
42.500000000000206 0.003271121165220369
42.60000000000021 0.0026644407963088835
42.70000000000021 0.002716387872508677
42.80000000000021 0.0027480136026388044
42.90000000000021 0.002503996324885883
43.00000000000021 0.0030449422721786465
43.100000000000215 0.003655657462200651
43.200000000000216 0.006539510643337049
43.30000000000022 0.01042087000972115
43.40000000000022 0.0178235619248945
43.50000000000022 0.03070548260357603
43.60000000000022 0.04440639676592373
43.70000000000022 0.04335653883345823
43.800000000000225 0.03622633086223413
43.900000000000226 0.020144556669546884
44.00000000000023 0.011101844143767851
44.10000000000023 0.004726893631731411
44.20000000000023 0.0038801691817649158
44.30000000000023 0.004608950390160243
44.40000000000023 0.004038817097672918
44.500000000000234 0.0029939444244335887
44.600000000000236 0.0028953794059456755
44.70000000000024 0.0035054081748882014
44.80000000000024 0.0030850258138676746
44.90000000000024 0.0032306596707113873
45.00000000000024 0.0038005079940359432
45.10000000000024 0.005120400852881298
45.200000000000244 0.010569831477247714
45.300000000000246 0.014188312143340076
45.40000000000025 0.01971292440273346
45.50000000000025 0.034118785337817016
45.60000000000025 0.04796441163677019
45.70000000000025 0.05021443382280453
45.80000000000025 0.045049737882283676
45.900000000000254 0.031290374323121976
46.000000000000256 0.019264611409532364
46.10000000000026 0.010356443366162954
46.20000000000026 0.006311626195217181
46.30000000000026 0.005750486738031479
46.40000000000026 0.007643489971332256
46.50000000000026 0.006138402086915398
46.600000000000264 0.004066584518164967
46.700000000000266 0.0037963914379853924
46.80000000000027 0.004752859773837395
46.90000000000027 0.004809621832385682
47.00000000000027 0.003990006116230812
47.10000000000027 0.0055714943883660595
47.20000000000027 0.005279780871993494
47.300000000000274 0.007638601346033261
47.400000000000276 0.016819311393525518
47.50000000000028 0.020325351369163292
47.60000000000028 0.024048510242033232
47.70000000000028 0.03901300534896636
47.80000000000028 0.05229928485452898
47.90000000000028 0.05088402368959429
48.000000000000284 0.04355514349441115
48.100000000000286 0.037705074172856706
48.20000000000029 0.0248361624731448
48.30000000000029 0.018793857284892
48.40000000000029 0.014022741490113672
48.50000000000029 0.008778008725001668
48.60000000000029 0.008191811656406322
48.700000000000294 0.01083014612246623
48.800000000000296 0.010240670259625282
48.9000000000003 0.007145920695690993
49.0000000000003 0.005804064587191795
49.1000000000003 0.005818557845714048
49.2000000000003 0.006873640521585127
49.3000000000003 0.006676633825904575
49.400000000000304 0.0056510200104668085
49.500000000000306 0.009300506857173731
49.60000000000031 0.00789804631912895
49.70000000000031 0.009124158736333213
49.80000000000031 0.020509663939984223
49.90000000000031 0.02886165103412029
50.00000000000031 0.029054944956842427
50.100000000000314 0.03797356448924709
50.200000000000315 0.05219889346443756
50.30000000000032 0.05755549673202348
50.40000000000032 0.04969192220770204
50.50000000000032 0.04289972775289879
50.60000000000032 0.028537940972738225
50.70000000000032 0.02131242809707452
50.800000000000324 0.024223210146293417
50.900000000000325 0.022804641212514156
51.00000000000033 0.01684334297078345
51.10000000000033 0.010745063228024812
51.20000000000033 0.009776041470818161
51.30000000000033 0.012176019885674556
51.40000000000033 0.010965076475041472
51.500000000000334 0.008859449700006296
51.600000000000335 0.008472539840910802
51.70000000000034 0.0074672359803245325
51.80000000000034 0.0069408546137535495
51.90000000000034 0.008677338780020794
52.00000000000034 0.00682271672871352
52.10000000000034 0.008038734537383435
52.200000000000344 0.01291520905735889
52.300000000000345 0.00953724636909467
52.40000000000035 0.010413891454087295
52.50000000000035 0.022246387544254266
52.60000000000035 0.03179996439282252
52.70000000000035 0.0340616877974244
52.80000000000035 0.036599858266549566
52.900000000000354 0.04794683264287548
53.000000000000355 0.05949343185492379
53.10000000000036 0.061778877538858176
53.20000000000036 0.06012203910027128
53.30000000000036 0.05004191399880078
53.40000000000036 0.02976854726906161
53.50000000000036 0.022172191506597577
53.600000000000364 0.02911479646553801
53.700000000000365 0.03206789154330149
53.80000000000037 0.027798307767445223
53.90000000000037 0.01777030960355481
54.00000000000037 0.01074196686125033
54.10000000000037 0.010926005305440717
54.20000000000037 0.011701987507237574
54.300000000000374 0.011374546099726959
54.400000000000375 0.011368962635139961
54.50000000000038 0.010666603465061113
54.60000000000038 0.00942803076046442
54.70000000000038 0.009491388436105155
54.80000000000038 0.00819790192556792
54.90000000000038 0.010724383275577799
55.000000000000384 0.009424835054103907
55.100000000000385 0.010300021488948312
55.20000000000039 0.014436714819843289
55.30000000000039 0.013126294457554144
55.40000000000039 0.01130679096580214
55.50000000000039 0.01918430902553573
55.60000000000039 0.030861940050469605
55.700000000000394 0.034806420480306806
55.800000000000395 0.03616447069938595
55.9000000000004 0.03984249987036094
56.0000000000004 0.04877910959875709
56.1000000000004 0.06071387633299624
56.2000000000004 0.07497427749566013
56.3000000000004 0.08863208596638007
56.400000000000404 0.08398316403033318
56.500000000000405 0.059189295451737955
56.600000000000406 0.035660785962181855
56.70000000000041 0.031226892988665825
56.80000000000041 0.0363314896207933
56.90000000000041 0.03913657308017189
57.00000000000041 0.03333424030561547
57.10000000000041 0.021024995779930576
57.200000000000415 0.010355888240412933
57.300000000000416 0.007785371575715805
57.40000000000042 0.00905077112766124
57.50000000000042 0.009897416848445589
57.60000000000042 0.010996336918712268
57.70000000000042 0.009952376847057708
57.80000000000042 0.012206683101084248
