string
integrated and resized binned spectra ROIsize spatial in px50:1600
converted file:an 21 2019_17.07.36_20 binning:0.1
nm muJ
28.1 0.00033772320440357155
28.200000000000003 0.0027806300366680393
28.300000000000004 0.0027822083653090577
28.400000000000006 0.002794153712351554
28.500000000000007 0.0028078536240086654
28.60000000000001 0.002832995405708976
28.70000000000001 0.0028507402853317925
28.80000000000001 0.0028703446785426075
28.900000000000013 0.0028802423438065994
29.000000000000014 0.002906139995104299
29.100000000000016 0.0029185667941126173
29.200000000000017 0.0029259955827696488
29.30000000000002 0.0030258191041730607
29.40000000000002 0.0029851873751287577
29.50000000000002 0.003014451729825861
29.600000000000023 0.00304117595405918
29.700000000000024 0.003040794541583406
29.800000000000026 0.0030690674130539005
29.900000000000027 0.003083639569444279
30.00000000000003 0.0031068475125244203
30.10000000000003 0.0032048990300185235
30.20000000000003 0.0031770548745565963
30.300000000000033 0.0031994699947689204
30.400000000000034 0.0032280336464940566
30.500000000000036 0.0032428740233324586
30.600000000000037 0.00331688378965034
30.70000000000004 0.0033361734758765227
30.80000000000004 0.0033672606747274193
30.90000000000004 0.0034396421731734887
31.000000000000043 0.0034486828660553253
31.100000000000044 0.003450467002042348
31.200000000000045 0.0034523695847278363
31.300000000000047 0.0035342436333814405
31.40000000000005 0.0034733267622214024
31.50000000000005 0.0034076509704252683
31.60000000000005 0.003464739284462587
31.700000000000053 0.003392056987787877
31.800000000000054 0.003370408482814789
31.900000000000055 0.0034666990623508503
32.00000000000006 0.0033749532757162853
32.10000000000006 0.00343727268217719
32.20000000000006 0.003435538803416211
32.30000000000006 0.0033961007529012955
32.40000000000006 0.003473598548158252
32.500000000000064 0.0033346278799805716
32.600000000000065 0.0034097026446142462
32.70000000000007 0.0033252926218533575
32.80000000000007 0.003371892366739424
32.90000000000007 0.0033042020237619143
33.00000000000007 0.0033747636087888655
33.10000000000007 0.003313010232057927
33.200000000000074 0.003383853258201238
33.300000000000075 0.003373872944077542
33.40000000000008 0.003403371422060299
33.50000000000008 0.0032599145987805855
33.60000000000008 0.003311749829877429
33.70000000000008 0.0033022521409673453
33.80000000000008 0.003257494292034204
33.900000000000084 0.0032766423708773884
34.000000000000085 0.0032259231253588283
34.10000000000009 0.0032871135804094305
34.20000000000009 0.003279977859677328
34.30000000000009 0.003269253090671494
34.40000000000009 0.003336723466816991
34.50000000000009 0.003359393084154008
34.600000000000094 0.0033146699721367944
34.700000000000095 0.003245210875598109
34.8000000000001 0.0031529942740130424
34.9000000000001 0.00324643977168825
35.0000000000001 0.0032375221282347484
35.1000000000001 0.0032191862795365248
35.2000000000001 0.0031815741527249663
35.300000000000104 0.0032435371292429535
35.400000000000105 0.0032548524654486244
35.50000000000011 0.003228874932862667
35.60000000000011 0.0033018874644168707
35.70000000000011 0.0035193146647209497
35.80000000000011 0.0034179173430785794
35.90000000000011 0.003231200877275187
36.000000000000114 0.0031367144280740034
36.100000000000115 0.003183676448636162
36.20000000000012 0.003161923838008008
36.30000000000012 0.00316381942329274
36.40000000000012 0.0031562489254582994
36.50000000000012 0.0030971656703875725
36.60000000000012 0.0031757688113778593
36.700000000000124 0.0031815176217422432
36.800000000000125 0.0032517615351884076
36.90000000000013 0.0033079811915496583
37.00000000000013 0.003614121819635937
37.10000000000013 0.003557359222990443
37.20000000000013 0.0033521565871542096
37.30000000000013 0.0031142314205895106
37.400000000000134 0.003232174007944302
37.500000000000135 0.003114020120275889
37.600000000000136 0.003140736856696386
37.70000000000014 0.0031297389809491643
37.80000000000014 0.0031826939089660295
37.90000000000014 0.003162382047981555
38.00000000000014 0.0031895466117938184
38.10000000000014 0.0031879826485172193
38.200000000000145 0.0033122683758664154
38.300000000000146 0.0034969435717714928
38.40000000000015 0.0037575142111600764
38.50000000000015 0.003826555206385619
38.60000000000015 0.0038816154697021003
38.70000000000015 0.0034601449170343036
38.80000000000015 0.0033413356080607155
38.900000000000155 0.0032147299276458156
39.000000000000156 0.0031334142590856355
39.10000000000016 0.003224329200769787
39.20000000000016 0.0031699304931526186
39.30000000000016 0.0032472136899068514
39.40000000000016 0.00340645403197087
39.50000000000016 0.0033672129745070307
39.600000000000165 0.0033675308605762835
39.700000000000166 0.003801166734116925
39.80000000000017 0.0038927864706553216
39.90000000000017 0.004339063754985394
40.00000000000017 0.004536560144011616
40.10000000000017 0.004241908304915662
40.20000000000017 0.004558148671851824
40.300000000000175 0.004353369354284604
40.400000000000176 0.003656434024972114
40.50000000000018 0.0034577314876021925
40.60000000000018 0.003551741112079933
40.70000000000018 0.0035309617126885705
40.80000000000018 0.003448760194703046
40.90000000000018 0.003587132580060924
41.000000000000185 0.003758105908507909
41.100000000000186 0.003499874779688056
41.20000000000019 0.0038241422827538164
41.30000000000019 0.0047026178628838036
41.40000000000019 0.004647247902105206
41.50000000000019 0.005039646000911309
41.60000000000019 0.0060707647757360554
41.700000000000195 0.005652444609116681
41.800000000000196 0.0052631255359513575
41.9000000000002 0.005281907259033612
42.0000000000002 0.005952225026078534
42.1000000000002 0.005359510823247613
42.2000000000002 0.004190396647694664
42.3000000000002 0.0044254117489491976
42.400000000000205 0.004743779795245711
42.500000000000206 0.0043835871495127975
42.60000000000021 0.005073937015112771
42.70000000000021 0.005381764519890106
42.80000000000021 0.005375229891790306
42.90000000000021 0.005296913044939792
43.00000000000021 0.00829068180623228
43.100000000000215 0.010174491832271128
43.200000000000216 0.007982302359046527
43.30000000000022 0.008370077035399603
43.40000000000022 0.009839068106524853
43.50000000000022 0.010363243579227525
43.60000000000022 0.008654669011254116
43.70000000000022 0.008189605825090568
43.800000000000225 0.008516715072787454
43.900000000000226 0.009119740187011297
44.00000000000023 0.009615466315013995
44.10000000000023 0.007934359097625519
44.20000000000023 0.007882785763868423
44.30000000000023 0.007577483764748098
44.40000000000023 0.008127403874338806
44.500000000000234 0.00944681312073316
44.600000000000236 0.009217196314805718
44.70000000000024 0.010313478983849796
44.80000000000024 0.010273514107665612
44.90000000000024 0.020039152625475273
45.00000000000024 0.02114974716550272
45.10000000000024 0.016622786754523975
45.200000000000244 0.01607210733496651
45.300000000000246 0.01711496524079544
45.40000000000025 0.02113008024888596
45.50000000000025 0.018603409731640673
45.60000000000025 0.015913535436526367
45.70000000000025 0.015324099253136958
45.80000000000025 0.015210989009438
45.900000000000254 0.012543679472473906
46.000000000000256 0.015426615261735964
46.10000000000026 0.019649649108342385
46.20000000000026 0.017402667693814478
46.30000000000026 0.01583305791713733
46.40000000000026 0.0147359102873637
46.50000000000026 0.019594432901148914
46.600000000000264 0.0165423481283534
46.700000000000266 0.017862182742432734
46.80000000000027 0.01593279069071623
46.90000000000027 0.025270131222231065
47.00000000000027 0.03606812839236364
47.10000000000027 0.04026455525851046
47.20000000000027 0.034662390764048895
47.300000000000274 0.026016112439877014
47.400000000000276 0.03024820236782637
47.50000000000028 0.024652720931576246
47.60000000000028 0.037489342692706006
47.70000000000028 0.03445474924890188
47.80000000000028 0.03235503210525472
47.90000000000028 0.029741619928892345
48.000000000000284 0.02466474532315684
48.100000000000286 0.021824818000811198
48.20000000000029 0.019026182059585447
48.30000000000029 0.026153989699594666
48.40000000000029 0.03482344274381436
48.50000000000029 0.029854385815824943
48.60000000000029 0.038220273168070654
48.700000000000294 0.02272627724076729
48.800000000000296 0.033116086353031274
48.9000000000003 0.026573495854449777
49.0000000000003 0.028985474792941435
49.1000000000003 0.025719073071805217
49.2000000000003 0.03952963723241841
49.3000000000003 0.05985101817099278
49.400000000000304 0.06437247337304391
49.500000000000306 0.04393106646482002
49.60000000000031 0.049974715724386644
49.70000000000031 0.03805177095953993
49.80000000000031 0.04391968783776595
49.90000000000031 0.03471836995402512
50.00000000000031 0.04642756045418884
50.100000000000314 0.06000405818002635
50.200000000000315 0.05255457663672367
50.30000000000032 0.056399493261219444
50.40000000000032 0.049406956558176125
50.50000000000032 0.03312043090168026
50.60000000000032 0.031085816098902617
50.70000000000032 0.028807554998569164
50.800000000000324 0.0364440314687928
50.900000000000325 0.03505092481289688
51.00000000000033 0.04865736858250669
51.10000000000033 0.04379195930076832
51.20000000000033 0.0625475842900529
51.30000000000033 0.04140754618847168
51.40000000000033 0.04967760323787632
51.500000000000334 0.0387821314414182
51.600000000000335 0.0324243813431166
51.70000000000034 0.052336268791558595
51.80000000000034 0.05355588699002486
51.90000000000034 0.09084454666970779
52.00000000000034 0.05930920190858312
52.10000000000034 0.0670559048920665
52.200000000000344 0.04811096369224321
52.300000000000345 0.053806749953620996
52.40000000000035 0.03843407526899673
52.50000000000035 0.04797112947688701
52.60000000000035 0.036894735885346044
52.70000000000035 0.051380617896045394
52.80000000000035 0.06598316984741211
52.900000000000354 0.07076109417336753
53.000000000000355 0.07708579359162873
53.10000000000036 0.07131284233444486
53.20000000000036 0.05350364165598271
53.30000000000036 0.04119027983002009
53.40000000000036 0.03879840765990333
53.50000000000036 0.042689215026707535
53.600000000000364 0.0382072352995422
53.700000000000365 0.04597924502573831
53.80000000000037 0.035840808882197074
53.90000000000037 0.051335481422601484
54.00000000000037 0.052780434942095146
54.10000000000037 0.07827051941654818
54.20000000000037 0.06881070322980727
54.300000000000374 0.06213036737505373
54.400000000000375 0.0657926326632704
54.50000000000038 0.040469799242681063
54.60000000000038 0.06827139970912358
54.70000000000038 0.08898092815419845
54.80000000000038 0.08269014839815035
54.90000000000038 0.07654044489956191
55.000000000000384 0.0614443250189579
55.100000000000385 0.051501079489522615
55.20000000000039 0.049467473232334455
55.30000000000039 0.0612561848423356
55.40000000000039 0.03736564247104316
55.50000000000039 0.04491735664036856
55.60000000000039 0.04295097711724163
55.700000000000394 0.04233690337669823
55.800000000000395 0.0680529836631173
55.9000000000004 0.06913364471488805
56.0000000000004 0.08344838906114947
56.1000000000004 0.0989146474259806
56.2000000000004 0.0823741280268268
56.3000000000004 0.07113080689849698
56.400000000000404 0.05248598088878421
56.500000000000405 0.04492375966056985
56.600000000000406 0.04442248866566357
56.70000000000041 0.047418331954883056
56.80000000000041 0.042705626275597514
56.90000000000041 0.042609216476377734
57.00000000000041 0.04472837768288312
57.10000000000041 0.033713486039523025
57.200000000000415 0.055384456211669146
57.300000000000416 0.05137630235997146
57.40000000000042 0.06248965860558014
57.50000000000042 0.09191587536120013
57.60000000000042 0.04501145588114642
57.70000000000042 0.09702575064400357
57.80000000000042 0.05979344608482899
