string
20190121an 21 2019_17.36.   full spectra  index number  Nphoton via eV
eV x-axis E [J] Nphoton Nphoton/sr Nphoton/sr @ 0.1bw
43.81066890785845 1.8802916104481188e-09 267876304.5434086 14446627299668.223 4102842153105.8623
43.65640598916881 1.87692907412964e-09 268342126.44729874 14471749176143.984 4124448515200.8223
43.50322561727698 1.8932493701637145e-09 271628500.5584483 14648984045917.107 4189609437132.2925
43.35111643679699 1.909423506928392e-09 274910262.9425638 14825970204249.39 4255053448619.539
43.20006725060606 1.9198202890201412e-09 277373603.7124134 14958818707123.701 4308139787651.47
43.05006701709701 1.938727973206929e-09 281081342.7994293 15158777881586.074 4380886807778.331
42.90110484748767 1.9481937197187876e-09 283434451.0439081 15285681520419.324 4432847640921.642
42.75317000318599 1.959864009262796e-09 286118929.026834 15430456001236.498 4490262696359.672
42.606251893209404 1.9671194324477394e-09 288168411.7250267 15540985048396.438 4537967634131.658
42.46034007165731 1.9799353849380455e-09 291042574.888366 15695989292202.066 4598924862615.042
42.31542423523527 2.041766809421471e-09 301159394.50732666 16241591572113.363 4775027922201.328
42.17149422082971 2.020819745201464e-09 299087017.72879183 16129827842226.877 4758299213456.927
42.02854000313198 2.029987825031417e-09 301465837.47590095 16258118107982.754 4812402959962.973
41.88655169231059 2.056730489453372e-09 306472670.3745301 16528137693931.207 4908856895097.438
41.745519531730416 2.06736350744371e-09 309097825.9811119 16669712906104.467 4967574446019.004
41.605433895717894 2.071036702666308e-09 310689599.15407026 16755557579131.951 5009911716160.321
41.46628528737101 2.0882533427867116e-09 314323628.18795466 16951541554415.566 5085462466324.745
41.32806433641311 2.112362013506443e-09 319015848.4070135 17204594010205.756 5178582797071.815
41.19076179708947 2.176408648387067e-09 329784009.47825456 17785323276141.285 5371167629394.51
41.05436854610573 2.1478239257812073e-09 326533899.0102435 17610044112520.832 5335843366093.806
40.91887558060703 2.15976725433779e-09 329436894.99469227 17766603316632.777 5401047408256.376
40.78427401619714 2.1689645398334103e-09 331931669.79002464 17901147063330.36 5459849854315.723
40.65055508499649 2.1802631419307326e-09 334758341.47670025 18053590081482.082 5524398564933.574
40.51771013373833 2.240925538239812e-09 345200572.8052558 18616741885586.934 5715339758874.728
40.38573062190204 2.255279192869737e-09 348546995.8209094 18797215205825.473 5789542283394.041
40.254608119882874 2.2570494523287624e-09 349956807.79592097 18873246671916.95 5831833221622.528
40.124334307197174 2.3213951141956187e-09 361102255.16322243 19474323069763.777 6037040151626.633
39.99490097072234 2.3144872388475828e-09 361192845.8540769 19479208645402.227 6058033888719.854
39.86630000297082 2.3052018976820286e-09 360904263.5837838 19463645340871.34 6072657346351.804
39.73852340039719 2.315800385604985e-09 363729370.6441303 19616003978385.223 6139809245234.706
39.61156326173778 2.3666769355118875e-09 372911667.11579585 20111207221939.43 6314919067688.903
39.485411786381924 2.3441422445081862e-09 370540996.2102485 19983356424979.297 6294757273868.334
39.36006127277436 2.293718079801118e-09 363725078.979522 19615772527980.54 6198584118841.755
39.235504116847856 2.329222087662643e-09 370527663.33397996 19982637380065.594 6334496049480.931
39.11173281048556 2.2809294276328043e-09 363993615.20370865 19630254744889.934 6242421008874.953
38.98873994001234 2.2789666495502547e-09 364827649.34319687 19675234387224.94 6276399769524.433
38.86651818471449 2.336412607290539e-09 375200042.8517681 20234619822525.9 6475078343208.05
38.74506031538725 2.2590870740865095e-09 363919732.1706382 19626270216865.492 6300032739613.932
38.62435919290941 2.2958778631931944e-09 371002185.7333739 20008228476154.04 6442649569321.572
38.50440776684447 2.2738878613376994e-09 368593413.31721926 19878322856449.375 6420698282633.063
38.38519907406786 2.2359790060187697e-09 363574067.68001896 19607628455791.41 6352871619676.381
38.266726237419505 2.30073022505497e-09 375260941.07414174 20237904076888.54 6577318824988.776
38.14898246438129 2.2293218983040044e-09 364736140.5053431 19670299295719.355 6412517570404.414
38.03196104577889 2.2920514007371252e-09 376153067.6916948 20286016659186.066 6633527447553.605
37.91565535450739 2.2479784466459636e-09 370051825.38860726 19956975336296.71 6545887910305.329
37.80005884428024 2.2711778382395503e-09 375014137.8289718 20224593924258.965 6653891401081.351
37.68516504840097 2.2441557747888735e-09 371682019.97669333 20044892084589.016 6614814387914.008
37.57096757855732 2.258404409995935e-09 375178815.81081414 20233475043595.715 6697280239430.303
37.45746012363721 2.2234699668648648e-09 370494629.1708015 19980855840468.77 6633644139035.137
37.34463644856601 2.258190111718842e-09 377416810.6229982 20354170590017.12 6777938806475.768
37.23249039316491 2.1962496730967675e-09 368170170.4581639 19855497277111.773 6631736090555.282
37.121015871029684 2.2099505366069946e-09 371579439.5863323 20039359901851.44 6713185567120.01
37.01020686842959 2.150003620314079e-09 362582345.0243181 19554144637519.51 6570192598206.598
36.90005744322593 2.204235081166814e-09 372837719.29813886 20107219200068.16 6776132870422.853
36.79056172380983 2.198623090967656e-09 372995284.09737957 20115716703921.88 6799112245925.827
36.68171390805892 2.168329594256274e-09 368947568.7115377 19897422533804.586 6745226238959.705
36.57350826231243 2.215578199896139e-09 378102402.30362344 20391144698296.793 6932989197420.517
36.465939120364446 2.151166163331563e-09 368193002.3553378 19856728606286.55 6771144454743.872
36.35900088247482 2.1902505215239457e-09 375985266.3245463 20276967095001.203 6934722746490.531
36.25268801439741 2.1895634854609027e-09 376969577.7890136 20330051226119.812 6973207570558.618
36.146995046425396 2.1692433009899496e-09 374563142.68280196 20200271658048.15 6948893450368.3125
36.041916572453225 2.1739721942820482e-09 376474081.87449306 20303329023804.13 7004648513212.16
35.937447249054806 2.0978296456020046e-09 364344290.8530262 19649166758841.28 6798611698559.013
35.83358179457777 2.142498959044821e-09 373180870.65752727 20125725427428.99 6983626723318.149
35.73031498825334 2.1231787214122213e-09 370884499.4523847 20001881629453.164 6960654807049.604
35.62764166932158 2.0851560376097363e-09 365292250.5939471 19700290433611.684 6875401361330.526
35.52555673617166 2.167707352603415e-09 380845416.2098579 20539076034174.824 7188676611960.978
35.42405514549688 2.17905298845103e-09 383935694.8704957 20705735433700.465 7267713137228.786
35.323131911464124 2.166140579363062e-09 382751066.9207292 20641848191011.28 7265930563235.792
35.22278210489746 2.1173622550315987e-09 375197974.8624742 20234508295414.01 7142781428281.117
35.123000852475656 2.147358660172809e-09 381594361.3065138 20579466805944.44 7285131249304.653
35.02378333594324 2.211056934565007e-09 394026873.81648135 21249954906547.83 7543733991824.445
34.92512479133495 2.127852546165606e-09 380270414.0999288 20508066045468.18 7300871512186.624
34.827020508213224 2.147020825704209e-09 384776828.1088692 20751097931980.62 7408141961716.379
34.7294658289185 2.1244714590761456e-09 381805141.4076899 20590834222592.47 7371518651688.2705
34.63245614783214 2.0979138887530372e-09 378088388.5554772 20390388933814.805 7320149627239.4
34.535986910651545 2.0712216372728154e-09 374320556.7712091 20187188947134.594 7267388020968.486
34.44005361367751 2.0359154142285197e-09 368964758.3144524 19898349572824.188 7183304195789.434
34.34465180311331 2.1032175606047757e-09 382220570.46229064 20613238401758.293 7461992301436.268
34.24977707437542 2.118316004302298e-09 386030814.511335 20818725691091.88 7557197425866.539
34.15542507141571 2.1174163911568445e-09 386932804.313586 20867370197082.926 7595722751738.153
34.06159148605468 2.1274806025039377e-09 389842916.93959194 21024313203220.125 7673874319175.232
33.96827205732576 2.085499183458366e-09 383200038.30598617 20666061315356.41 7563778441420.404
33.87546257083034 2.166477461202314e-09 399170020.06454957 21527325901045.36 7900528605683.578
33.78315885810328 2.1863124158660058e-09 403925192.45886195 21783773381323.22 8016428604326.961
33.69135679598887 2.0652448189750642e-09 382597400.74248105 20633560940634.66 7613783987093.171
33.600052306026825 2.079240965742353e-09 386236972.77260226 20829843850909.53 7707042224836.514
33.509241353848374 2.064321306296936e-09 384504719.0772228 20736423032788.74 7693212945164.702
33.41891994858194 2.0127904420905595e-09 375919735.39651465 20273432997815.984 7541717075187.876
33.32908414226855 1.999878585876002e-09 374515007.3870425 20197675711090.535 7533733040236.352
33.23973002928659 1.9779863631450727e-09 371411015.51344156 20030276755010.62 7491323506373.928
33.150853745785824 2.0348306311268973e-09 383109149.5130203 20661159663006.332 7747934873627.314
33.062451469130394 2.0692124323366587e-09 390624071.1910811 21066441021707.28 7920981824161.843
32.97451941735079 2.0892821514763936e-09 395464582.315589 21327490838244.273 8040464046018.045
32.8870538486045 2.093059838542968e-09 397233301.6634834 21422878256927.293 8097847981118.517
32.80005106064523 2.1364930343707074e-09 406551844.97637945 21925429322228.44 8309737713124.594
32.71350739030052 2.1075528025888213e-09 402105792.5833518 21685652750775.625 8240548045294.911
32.627419212957626 2.3034429654607275e-09 440639793.6375392 23763799799069.92 9054007723445.453
32.54178294205747 2.0890004114898587e-09 400669382.2378986 21608186828787.79 8254327368596.09
32.45659502859658 2.008451742581994e-09 386231258.70968974 20829535690255.29 7977712169368.1875
32.3718519606368 2.029965567697346e-09 391390338.3158109 21107765974214.105 8105382134097.868
32.28755026282264 1.9816226722678692e-09 383067089.58348346 20658891361868.97 7953673174319.517
32.20368649590622 1.9553694186823575e-09 378976432.6595771 20438281345274.887 7889176599276.488
32.12025725627952 1.9419564412742507e-09 377354422.52236724 20350805986196.395 7875761916657.608
32.03725917551394 1.9611803431191297e-09 382077225.9111858 20605507798975.867 7994937026002.547
31.954688919906943 2.002562106803014e-09 391147334.3063736 21094660715192.973 8205823018210.137
31.872543190035717 2.1125244979218392e-09 413689035.58035725 22310339562042.703 8701032429196.694
31.790818720317677 2.171054856312003e-09 426243784.5619585 22987419902116.945 8988081181727.623
31.709512278577733 2.10828498256312e-09 414981492.0855013 22380042022148.957 8772976472682.147
31.628620665622176 2.1254552149276396e-09 419431149.5344466 22620013015050.6 8889665114914.922
31.548140714819066 2.2145693046481098e-09 438131503.2130714 23628527151556.82 9309639697712.648
31.468069291685 2.3749488750553628e-09 471056653.21433884 25404187644054.402 10034654119401.705
31.388403293478206 2.7092105457238168e-09 538719267.2093842 29053247116387.59 11505085858089.275
31.309139648797704 2.1954899683945693e-09 437672538.8000535 23603775101053.574 9370698715118.371
31.230275317188642 2.3740140943575783e-09 474456559.20226747 25587545312606.812 10183843034417.139
31.151807288753492 2.452940740798935e-09 491465213.9371644 26504825757559.254 10575425477266.496
31.07373258376915 2.1655457718493275e-09 434973619.55343497 23458221799748.117 9383288719899.219
30.996048252309727 2.039542874776521e-09 410691283.91129893 22148670163274.266 8881616735472.613
30.918751373875036 2.0147608488514014e-09 406715319.32338786 21934245529277.11 8817566702769.357
30.8418390570246 2.007857510121112e-09 406332535.0427376 21913601889862.45 8831181561614.83
30.765308439017097 2.1178920360103094e-09 429666524.1943099 23172008994073.645 9361491633605.768
30.689156685455174 2.237098364721193e-09 454976641.6365844 24536989126312.7 9937480596156.227
30.61338098993553 2.4617122160139727e-09 501897415.42440355 27067436650142.945 10989379279957.3
30.537978573704155 2.442986586525775e-09 499309433.43219143 26927866219068.547 10959641551161.07
30.462946685316677 2.431473282879024e-09 498180318.9251016 26866972828403.105 10961724913988.133
30.388282600303643 2.4601238247949642e-09 505288931.73793054 27250341861732.24 11145389821448.396
30.313983620840798 2.3252230115178768e-09 478751971.62840897 25819197837919.2 10585871113547.246
30.240047075424116 2.7049072376355998e-09 558288764.6171371 30108634363025.586 12374648723203.305
30.166470318549603 3.0766424969952972e-09 636563175.6787983 34329990356555.074 14143956026900.826
30.093250730397784 2.353080425836039e-09 488041375.4377243 26320177403461.734 10870233267629.58
30.02038571652273 3.3893047211512623e-09 704666009.851519 38002790998707.33 15733155473464.89
29.94787270754562 4.3378170035021e-09 904053689.9482918 48755811902938.81 20233661939719.58
29.87570915885274 3.022672174321508e-09 631483198.464507 34056026081772.49 14167306850016.99
29.803892550297803 2.228111747118739e-09 466608831.25156254 25164315639320.605 10493519621596.793
29.7324203859086 2.1334394566731537e-09 447856656.0002097 24153006754139.023 10095956823230.115
29.661290193597814 1.9722677398029773e-09 415015969.2189415 22381901381445.48 9378016678824.977
29.590499524878005 2.020413198707666e-09 426164112.88129103 22983123191070.02 9652911740248.982
29.520045954580674 2.1833922586558828e-09 461640297.01607114 24896361508595.49 10481368195119.047
29.449927080579297 2.5292180231931156e-09 536032372.79897904 28908342317111.496 12199320457820.629
29.38014052351631 2.9932882522198173e-09 635892418.9377564 34293816299789.996 14506284294811.6
29.310683926534004 3.0877628396603397e-09 657516959.0735292 35460032447204.42 15035053757614.03
29.241554955009157 3.1502060515771476e-09 672399641.5775629 36262658747882.79 15411629967850.738
29.17275129629149 3.242312897226508e-09 693691717.4010876 37410945022710.4 15937062579674.373
29.104270659445735 3.1940778439973454e-09 684979778.2800407 36941108253259.336 15773853224141.334
29.036110774997383 3.2253824995954858e-09 693316850.428879 37390728365460.016 16003231740416.916
28.96826939468197 4.380597471803521e-09 943843028.6512408 50901659583350.66 21836811961257.086
28.90074429119786 3.2170772532568274e-09 694770607.770055 37469129814695.79 16111725820319.65
28.833533257962518 6.130180121819076e-09 1326979905.238206 71564314573478.48 30844219581166.145
28.76663410887211 1.690475039871695e-08 3667825690.495034 197806636316888.22 85452466888894.9
28.700044678064536 1.412206279122737e-08 3071174832.658476 165629125932443.94 71717411528749.84
28.633762819685636 6.1911902961400776e-09 1349536715.6841784 72780808261256.02 31586870785384.227
28.56778640765871 4.863712996770214e-09 1062625722.4186943 57307636063554.59 24928821687646.87
28.502113335457196 4.564243513687553e-09 999495214.8071618 53902994073076.164 23501705415861.418
28.43674151588046 3.889115823782276e-09 853611036.9952669 46035428670607.15 20117482329054.535
28.371668880832676 3.667880100626656e-09 806899084.5838952 43516242928974.78 19060114402890.72
28.306893381104747 3.887892313867903e-09 857256907.3653489 46232051251724.414 20295870499506.914
28.242412986159177 4.172945007427806e-09 922210020.6743947 49734986763427.52 21883394175908.78
28.17822568391791 5.205381306732546e-09 1152996210.2799745 62181336106738.32 27421969223071.08
28.114329480553014 5.7215406475533535e-09 1270206211.9747844 68502496961800.086 30278103657114.88
28.050722400280268 5.776339208716415e-09 1285279596.6082957 69315407869750.875 30706725686301.188
27.987402485155485 5.306813841709153e-09 1183478124.1523159 63825232344014.29 28338403160739.266
27.924367794873596 5.137180559106642e-09 1148234140.704536 61924516659983.92 27556409913692.332
27.86161640657051 4.936377151992848e-09 1105836701.810935 59638013569685.18 26598554052079.688
27.799146414627526 5.618178625117855e-09 1261400669.1306865 68027612123229.65 30408342619084.76
27.736955930478473 7.253709339849926e-09 1632263719.1388552 88028336979496.39 39436694966813.49
27.675043082419368 5.402756355609315e-09 1218473398.3289468 65712535083019.96 29504928252276.215
27.61340601542066 1.5382625407777754e-08 3476958127.8393493 187513107197234.7 84380898238754.19
27.552042890941948 4.650546869908283e-08 10535112914.648993 568160928221228.1 256240578627776.8
27.490951886749173 4.499651286743163e-08 10215933453.997425 550947510567129.06 249028274776341.7
27.43013119673424 1.3791330640614342e-08 3138103481.0231857 169238602478880.44 76665086922929.62
27.369579030737032 1.0867850970943328e-08 2478360801.931419 133658536467558.81 60680975556272.86
27.30929361436977 9.950253206021467e-09 2274116140.1811013 122643577487581.17 55802827756849.82
27.249273188843684 8.965232179170094e-09 2053504189.2126389 110745927044305.05 50500142732199.2
27.18951601079797 8.767068566731192e-09 2012527859.5441535 108536064683250.19 49600981560245.37
27.130020352131016 8.119951991958855e-09 1868066433.4197714 100745228588378.98 46141314693476.12
27.070784499833785 7.368774278200632e-09 1698960909.598746 91625330950842.17 42056026906436.67
27.011806755825432 7.196658137963029e-09 1662900307.7851923 89680574860936.77 41253064436032.45
26.95308543679103 8.30702957238856e-09 1923650826.4575193 103742906980513.48 47825480118015.51
26.89461887402142 9.474521248228681e-09 2198775325.570439 118580430987972.58 54784159116444.625
26.83640541325514 1.0899551251721733e-08 2534972478.244787 136711616469922.95 63297478425574.125
26.778443414522407 1.014444547650164e-08 2364459930.0065117 127515837699890.34 59167348692748.32
26.720731251991108 1.0033627414308015e-08 2343681575.021902 126395256501510.34 58773794273201.016
26.66326731381478 9.732681972329215e-09 2278285470.993976 122868430404099.1 57256688568308.84
26.60605000198256 7.859862542465727e-09 1843841233.6722028 99438758303111.81 46437900127554.49
26.549077732171035 1.0316784420780537e-08 2425402893.911979 130802504983060.78 61215572332072.06
26.49234893359802 1.0180753994514096e-08 2398548207.8628845 129354225930301.17 60667131961304.805
26.43586204887819 9.668025374815241e-09 2282618220.1033993 123102096504852.17 57857985357283.18
26.37961553388058 3.386470645878639e-08 8012496053.668683 432115652874613.9 203526472503942.8
26.323607857587838 9.296517777676122e-08 22042653128.431217 1188765071942781.5 561097113956961.44
26.267837501957352 7.949613097455096e-08 18889073051.43361 1018691813280738.1 481841227681805.94
26.212302961784083 2.6947659287590196e-08 6416598178.676265 346048533770348.6 164027005007147.66
26.15700274456513 1.5586183836349936e-08 3719125136.94984 200573226608907.75 95272282639226.78
26.101935370366043 1.8281307375961002e-08 4371429871.694624 235752162665716.62 112218029428885.31
26.047099371688805 1.450461483822866e-08 3475648179.5129914 187442461399410.3 89410054087514.55
25.992493293341447 1.4239154694350417e-08 3419205807.6842937 184398512024685.53 88142488747801.45
25.938115692309353 1.4054108328098853e-08 3381846166.8685355 182383698479177.38 87361791571528.4
25.883965137628124 1.3366885232662708e-08 3223208412.4692707 173828329920660.06 83437598361911.64
25.830040210258062 1.2264186102426084e-08 2963484258.4524045 159821349869928.22 76874069287433.08
25.776339502960226 1.1934101539672815e-08 2889731288.3124313 155843836167580.22 75116729032772.39
25.722861620174 1.1973039496444053e-08 2905187110.22596 156677372001126.16 75675170676544.8
25.66960517789621 1.2028589380984097e-08 2924721284.2237115 157730854248588.84 76341733456316.89
25.616568803561712 1.4408022368962228e-08 3510527592.726402 189323515731498.9 91821905129772.64
25.5637511359255 1.6858817338823648e-08 4116152901.8483105 221985020223445.4 107884719828597.73
25.51115082494623 1.6618090965111728e-08 4065744249.268436 219266470638624.25 106782771201010.53
25.458766531671188 1.4834569947159973e-08 3636859948.0267553 196136647098322.44 95714683783981.56
25.40659692812268 1.3764914666575172e-08 3381551458.2486506 182367804779282.06 89177856537069.31
25.354640697185825 1.117833003002489e-08 2751746621.6803555 148402293119193.38 72717123628404.56
25.30289653249769 1.4333076422697791e-08 3535559511.0374317 190673492524151.7 93620684829354.2
25.251363138337815 1.2539213832990483e-08 3099377356.772742 167150094184873.6 82237846338956.48
25.200039229520055 1.3199296440105759e-08 3269177796.930323 176307468811410.2 86919582124027.11
25.148923531285735 5.2235050478520775e-08 12963778237.11246 699139376684827.2 345374852082286.0
25.09801477919811 1.3033488638451086e-07 32412332231.279198 1748004118753385.0 865262038782920.4
25.047311719038113 1.2217567082761275e-07 30444762217.373375 1641892640452420.5 814378749664394.2
24.996813106701342 5.415893112231528e-08 13523042603.751287 729300625476830.4 362462410861979.4
24.94651770809631 2.446643480808251e-08 6121385543.325205 330127652211455.4 164403570801308.03
24.896424299043908 2.8263197987152654e-08 7085545623.6576 382125014805813.44 190680382388098.44
24.846531665178087 2.3728180868615665e-08 5960567973.316897 321454725723581.44 160727362861792.53
24.796838601847732 2.205583897105921e-08 5551575390.243829 299397666865552.6 149998231099637.3
24.74734391401969 2.184634781187085e-08 5509843009.477297 297147030504529.4 149167809313280.94
24.698046416183 1.938307705480956e-08 4898341893.078798 264168642449647.88 132876827152170.25
24.648944932254206 1.7486519445307454e-08 4427861371.667447 238795525718892.2 120352944962317.77
24.60003829548386 1.6776208050890865e-08 4256444697.0335827 229550987215925.66 115923248544039.78
24.551325348364088 1.7817813761152228e-08 4529689660.832987 244287147475601.22 123609296622653.64
24.50280494253728 1.9454299513708296e-08 4955514713.50189 267251985075756.97 135496756433401.06
24.454475938705844 1.861013377898053e-08 4749852349.0196705 256160569079454.5 130129569092368.14
24.40633720654304 1.6416221952628873e-08 4198165765.3187037 226407991767549.8 115241667809683.84
24.35838762460484 1.7086036809740667e-08 4378060666.062924 236109762846527.16 120415979051724.8
24.31062608024287 2.0533811039057523e-08 5271842081.616895 284311588759747.2 145283221856231.2
24.263051469518324 2.1837441069506287e-08 5617528718.782763 302954544201898.56 155112726631366.03
24.21566269711692 2.120429013070648e-08 5465329547.49826 294746409829530.9 151204908242554.72
24.16845867626484 1.8012385861751508e-08 4651695329.935573 250866939715814.4 128945607013929.58
24.12143832864565 1.4733168938184683e-08 3812255002.1602645 205595740472000.56 105881806343076.36
24.07460058431818 1.554026571625129e-08 4028917037.616947 217280371113614.4 112116671494626.44
24.027944381635393 1.538344498889108e-08 3996004417.737404 215505386373303.56 111416284754995.6
23.981468667164144 1.5162438058021073e-08 3946228583.9364095 212820964842706.16 110241259788517.89
23.93517239560591 2.989106486586909e-08 7794599440.385567 420364441182610.7 218169144973769.0
23.889054529718422 8.891272361267882e-08 23230252320.70899 1252812554386096.2 651462528280782.1
23.843114040238195 1.4746381700602354e-07 38602147869.184166 2081822220831841.2 1084629377053353.6
23.797349905803955 1.180636639357505e-07 30965395784.4804 1669970521833202.2 871724612396948.0
23.75176111288096 4.822610722285737e-08 12672881257.138672 683451239357998.6 357444998184225.3
23.706346655686158 2.6657495566012136e-08 7018490069.002534 378508694175567.8 198338555748001.1
23.66110553611424 3.1672972436679266e-08 8354929027.377936 450583137539697.5 236556147208337.78
23.616036763664496 2.917355827091038e-08 7710301511.219056 415818235549088.25 218720391898830.03
23.571139355368558 2.7883698560311027e-08 7383440483.734735 398190549326892.3 209846419495270.5
23.526412335718902 2.65454156623023e-08 7042434243.3509 379800008700003.75 200534404593603.16
23.481854736598223 2.3099081297308277e-08 6139758444.738411 331118506776149.2 175161690084577.1
23.437465597209567 2.084083700039164e-08 5550006403.142468 299313051050316.6 158635917056662.12
23.393243964007283 2.0900237314397608e-08 5576346375.839132 300733571500159.1 159689526466573.34
23.349188890628735 1.9052627434623592e-08 5092980946.371582 274665568878709.66 146122082643482.12
23.305299437826804 1.779764494326932e-08 4766469583.871347 257056740165069.62 137011242507983.02
23.261574673403114 1.8512446437323406e-08 4967223245.237422 267883428735911.5 143049750944967.16
23.218013672142057 2.1866212728783005e-08 5878106916.202358 317007582998879.0 169599056904398.9
23.17461551574553 2.518158234315072e-08 6782026052.945243 365756138418218.75 196045290192172.0
23.131379292768393 2.5231307960217144e-08 6808120114.260932 367163396813861.44 197166744089047.12
23.088304098554673 2.2147602410549666e-08 5987198533.741558 322890917632724.44 173715313686403.2
23.04538903517446 2.084513912935088e-08 5645595120.015669 304468171317764.06 164108344340276.1
23.00263321136152 2.169977115925494e-08 5887983364.599896 317540222006598.75 171471719883564.53
22.96003574245159 2.1739424636470052e-08 5909686743.982381 318710689971716.0 172422483274690.22
22.917595750321365 2.0750198167351414e-08 5651219406.804824 304771490326169.3 165186147756787.12
22.875312363328153 1.7519618691581343e-08 4780205766.230494 257797535463859.12 139984061756868.27
22.833184716250198 1.809630182278657e-08 4946662904.475964 266774605091949.25 145125385170011.5
22.791211950227677 1.8372886577881765e-08 5031517052.549874 271350807731985.3 147886190213931.66
22.749393212704323 1.9291542907706415e-08 5292807765.580668 285442272650670.4 155851480867274.56
22.707727657369702 2.4851728097919258e-08 6830805057.362138 368386800723572.3 201507579995782.78
22.666214444102113 4.448895420650561e-08 12250735929.667257 660684850137157.1 362055297875164.7
22.624852738912146 9.712809622968414e-08 26794650096.216373 1445041300778173.2 793327674127223.1
22.583641713886806 1.3281434833590744e-07 36706248072.86213 1979575932935395.2 1088766763114499.6
22.542580547134285 9.865987268640445e-08 27316552960.05917 1473187635607667.5 811726387219842.8
22.501668422729324 4.267928462519984e-08 11838355715.841364 638445095616671.9 352421692780387.25
22.46090453065916 2.5635921646476933e-08 7123782781.68079 384187153044957.4 212455495633860.2
22.420288066770084 3.2470451694077485e-08 9039327400.478888 487492890485339.3 270071061328870.94
22.37981823271454 3.371760981173745e-08 9403492890.408213 507132414471521.25 281458490031700.56
22.33949423589884 3.193653892712476e-08 8922847832.129042 481211122059256.8 267553383864934.53
22.299315289431394 3.0544067983990125e-08 8549177310.947626 461058989672698.8 256809857247689.88
22.259280612071553 2.6992387306719304e-08 7568662631.600189 408179620000452.56 227764227960241.56
22.21938942817895 2.5491077973374546e-08 7160528136.252073 386168837999848.44 215868380441916.6
22.179640967663424 2.6024979827205405e-08 7323604193.067093 394963565171860.56 221179596496242.44
22.140034465935454 2.3210993929623384e-08 6543414321.899219 352887755924940.06 197970031073892.97
22.100569163857138 1.9745274976726315e-08 5576333028.05531 300732851651277.8 169011862628019.72
22.06124430769369 1.904031948664466e-08 5386829156.977698 290512866714689.3 163558743960377.5
22.022059149065463 2.0301572210640777e-08 5753878967.221447 310307942722041.44 175013679695225.3
21.98301294490045 2.106857541009186e-08 5981869443.9969015 322603518665060.0 182270988045755.47
21.944104957387353 2.079203409380575e-08 5913819727.370613 318933582663726.56 180516407787672.62
21.905334453929072 2.0079477391910297e-08 5721257459.236322 308548657709440.1 174947088921243.78
21.866700707096744 2.122889192959583e-08 6059447685.01679 326787330056995.0 185615203472370.66
21.82820299458425 2.3380751730040892e-08 6685431776.461712 360546788102530.25 205151122430328.1
21.789840599163185 2.710938373362403e-08 7765234344.115049 418780775161227.7 238705041841907.34
21.75161280863834 2.5367594082241065e-08 7279084997.385961 392562635277062.44 224153264743214.22
21.713518915803597 2.141049814955353e-08 6154397392.638959 331907988416710.7 189851369374346.03
21.675558218398344 1.890566849367207e-08 5443907313.219521 293591104080936.9 168227702638372.56
21.637730019064314 1.7233835715296316e-08 4971176991.405747 268096655125713.5 153887480042158.7
21.600033625302878 1.7364092578127878e-08 5017491440.357212 270594403419396.2 155591781966160.2
21.562468349432788 1.9425232741988383e-08 5622853014.520939 303241684627752.0 174667210345578.3
21.525033508548354 2.005166666128515e-08 5814275616.189343 313565147121942.75 180927089889370.7
21.48772842447808 2.5349836446898583e-08 7363319242.395002 397105406410137.3 229526924905061.1
