string
integrated and resized binned spectra ROIsize spatial in px50:1600
converted file:an 21 2019_17.25.47_27 binning:0.1
nm muJ
28.1 0.00029494635253189276
28.200000000000003 0.0022830745334735873
28.300000000000004 0.0021512333104384005
28.400000000000006 0.002112817971955415
28.500000000000007 0.002166376518977581
28.60000000000001 0.002281388049404451
28.70000000000001 0.0026052143279082225
28.80000000000001 0.002912122551427861
28.900000000000013 0.0027170897746471227
29.000000000000014 0.002448563905831249
29.100000000000016 0.0022820063846567323
29.200000000000017 0.0022391657842716238
29.30000000000002 0.002357391584645802
29.40000000000002 0.0024916651387475383
29.50000000000002 0.002922329773377808
29.600000000000023 0.003493928428919456
29.700000000000024 0.0032026654045812205
29.800000000000026 0.00280061123585335
29.900000000000027 0.0025313838956333187
30.00000000000003 0.002398570006609162
30.10000000000003 0.0024668935520303953
30.20000000000003 0.002590638486631125
30.300000000000033 0.0029695639058354103
30.400000000000034 0.0038979280442500786
30.500000000000036 0.004329349584236662
30.600000000000037 0.0037482414239045
30.70000000000004 0.0031432203063133904
30.80000000000004 0.0027693288091585532
30.90000000000004 0.002672483495971182
31.000000000000043 0.002651230260880124
31.100000000000044 0.0028376887593777353
31.200000000000045 0.003316159809498281
31.300000000000047 0.0044924437843476585
31.40000000000005 0.005770032419299313
31.50000000000005 0.004763676068598248
31.60000000000005 0.0037977618603891187
31.700000000000053 0.003092906717377785
31.800000000000054 0.0027052252801216614
31.900000000000055 0.002676524312903218
32.00000000000006 0.0026587304850965495
32.10000000000006 0.003000447430473158
32.20000000000006 0.003762808053267161
32.30000000000006 0.005420869050949183
32.40000000000006 0.006906199470930277
32.500000000000064 0.005499331307362832
32.600000000000065 0.004190485356394257
32.70000000000007 0.0032468016716926604
32.80000000000007 0.0027920037193152458
32.90000000000007 0.002553668076359754
33.00000000000007 0.0026333078037815536
33.10000000000007 0.002864022357313697
33.200000000000074 0.0035237858402026056
33.300000000000075 0.005031770228505866
33.40000000000008 0.007502268103014247
33.50000000000008 0.007945519405418867
33.60000000000008 0.006029775125651855
33.70000000000008 0.0042951031306289215
33.80000000000008 0.0032244981879449115
33.900000000000084 0.0027287750171578525
34.000000000000085 0.002489509330990385
34.10000000000009 0.00261700856542939
34.20000000000009 0.002887919249946168
34.30000000000009 0.0035955446641998783
34.40000000000009 0.005164683317739492
34.50000000000009 0.008208897556276601
34.600000000000094 0.010449311291841172
34.700000000000095 0.00876657250583792
34.8000000000001 0.005683874486996526
34.9000000000001 0.00436318322091028
35.0000000000001 0.0032463915545158993
35.1000000000001 0.0026552999241919767
35.2000000000001 0.0024976884230736834
35.300000000000104 0.002711136370653011
35.400000000000105 0.0030911297772899657
35.50000000000011 0.004053371145124837
35.60000000000011 0.006049895358490646
35.70000000000011 0.009605578683095858
35.80000000000011 0.013120279751356446
35.90000000000011 0.012315820699920313
36.000000000000114 0.008239636916493967
36.100000000000115 0.005804468350582354
36.20000000000012 0.004003282093788281
36.30000000000012 0.0029363011844911885
36.40000000000012 0.0025055606938617875
36.50000000000012 0.002477056232812836
36.60000000000012 0.00288731109951124
36.700000000000124 0.0034771245526123177
36.800000000000125 0.004793255741746621
36.90000000000013 0.007447026343882002
37.00000000000013 0.011967344838321101
37.10000000000013 0.016702001287307675
37.20000000000013 0.016754713904259998
37.30000000000013 0.012039840469017904
37.400000000000134 0.008195977828361591
37.500000000000135 0.005347563493973065
37.600000000000136 0.003550237343202857
37.70000000000014 0.0027366740764549146
37.80000000000014 0.0024578711153339255
37.90000000000014 0.002639150628111543
38.00000000000014 0.003288213731975639
38.10000000000014 0.004143444738302621
38.200000000000145 0.0058834922530219625
38.300000000000146 0.009284378256030273
38.40000000000015 0.015046105519262947
38.50000000000015 0.02134746501861085
38.60000000000015 0.02255836441123958
38.70000000000015 0.01841849587807495
38.80000000000015 0.012192236873864578
38.900000000000155 0.007659360532739991
39.000000000000156 0.004715126751378963
39.10000000000016 0.003237452693704953
39.20000000000016 0.0025927836564663487
39.30000000000016 0.00242021683446643
39.40000000000016 0.002825801286500959
39.50000000000016 0.0038184696758613943
39.600000000000165 0.005113496723578923
39.700000000000166 0.007257890613640479
39.80000000000017 0.011303745688726179
39.90000000000017 0.018312087193702548
40.00000000000017 0.02754601609791515
40.10000000000017 0.032384914623941705
40.20000000000017 0.029670427119922307
40.300000000000175 0.02292859505215537
40.400000000000176 0.013207057071907504
40.50000000000018 0.007919122463352416
40.60000000000018 0.004639893975652966
40.70000000000018 0.003238211491703296
40.80000000000018 0.002681145701221339
40.90000000000018 0.002371113227333062
41.000000000000185 0.0026280080936588917
41.100000000000186 0.0037747684910394417
41.20000000000019 0.005504754547400524
41.30000000000019 0.00767409297756272
41.40000000000019 0.011461682712799445
41.50000000000019 0.018421436448077734
41.60000000000019 0.029247080342541976
41.700000000000195 0.04014205702490167
41.800000000000196 0.04465450980515826
41.9000000000002 0.03871053999245841
42.0000000000002 0.026785977787901986
42.1000000000002 0.017659758661327626
42.2000000000002 0.009195168441417278
42.3000000000002 0.005118560453489342
42.400000000000205 0.0037362484794076192
42.500000000000206 0.0028707741098916123
42.60000000000021 0.002651214557062079
42.70000000000021 0.002755360155235021
42.80000000000021 0.0033990362272224863
42.90000000000021 0.004798399997492672
43.00000000000021 0.00687362825593079
43.100000000000215 0.010101869169432965
43.200000000000216 0.014561361036145873
43.30000000000022 0.021990025809240248
43.40000000000022 0.03397140377445373
43.50000000000022 0.048674611108682465
43.60000000000022 0.05877999278062211
43.70000000000022 0.05700693529762444
43.800000000000225 0.04546051611936272
43.900000000000226 0.0262185600301949
44.00000000000023 0.016352503967416665
44.10000000000023 0.00764825546686981
44.20000000000023 0.005268509327258595
44.30000000000023 0.003487387913055122
44.40000000000023 0.003206038513708101
44.500000000000234 0.0032160401202967434
44.600000000000236 0.0034555281713947675
44.70000000000024 0.004036005845568267
44.80000000000024 0.00499602960864026
44.90000000000024 0.006226484757216487
45.00000000000024 0.009971454495610732
45.10000000000024 0.01476194868931801
45.200000000000244 0.021917386046213305
45.300000000000246 0.03123846469453417
45.40000000000025 0.043485931058977134
45.50000000000025 0.05869129390133318
45.60000000000025 0.07338842412137628
45.70000000000025 0.0810237226093343
45.80000000000025 0.06774666476603125
45.900000000000254 0.04141887817390436
46.000000000000256 0.02647630064448341
46.10000000000026 0.013327197513909065
46.20000000000026 0.009405163916526587
46.30000000000026 0.00613451369723296
46.40000000000026 0.004416704642544124
46.50000000000026 0.004816394760848334
46.600000000000264 0.004793049324910176
46.700000000000266 0.005665091458936155
46.80000000000027 0.005818664488262575
46.90000000000027 0.006588687399406899
47.00000000000027 0.0069191108814880406
47.10000000000027 0.008364402054110332
47.20000000000027 0.01375615314841939
47.300000000000274 0.020262496269762745
47.400000000000276 0.03352892665570216
47.50000000000028 0.04643648245736852
47.60000000000028 0.059032743277092646
47.70000000000028 0.07189490893533078
47.80000000000028 0.09261390221974372
47.90000000000028 0.1068069130805541
48.000000000000284 0.09684398446448936
48.100000000000286 0.074257891174768
48.20000000000029 0.050744984438334854
48.30000000000029 0.028561766771877148
48.40000000000029 0.019980140922402728
48.50000000000029 0.015531223475469664
48.60000000000029 0.009472279353101494
48.700000000000294 0.00613836043215389
48.800000000000296 0.006641912246530067
48.9000000000003 0.0074659792265947085
49.0000000000003 0.007882566554044337
49.1000000000003 0.009638821541950646
49.2000000000003 0.009708704960997657
49.3000000000003 0.010302441313757061
49.400000000000304 0.009978449396028528
49.500000000000306 0.010001121937636739
49.60000000000031 0.014137994846423594
49.70000000000031 0.019947154937362026
49.80000000000031 0.03593125486827547
49.90000000000031 0.05721327142234847
50.00000000000031 0.073066898867982
50.100000000000314 0.0885703508183338
50.200000000000315 0.10866512177697611
50.30000000000032 0.13308508519361986
50.40000000000032 0.14757663296442322
50.50000000000032 0.1338569852210239
50.60000000000032 0.10400599365611249
50.70000000000032 0.08103611915993002
50.800000000000324 0.05078086591045784
50.900000000000325 0.034148289264571474
51.00000000000033 0.028180235792508196
51.10000000000033 0.018724855515187266
51.20000000000033 0.011349440411015007
51.30000000000033 0.007387787126529663
51.40000000000033 0.00896542902852734
51.500000000000334 0.00899447862196514
51.600000000000335 0.010812060484316936
51.70000000000034 0.012443982422394282
51.80000000000034 0.01300673882887084
51.90000000000034 0.01382692316451385
52.00000000000034 0.012980311184133847
52.10000000000034 0.012088380535252616
52.200000000000344 0.012737364504708625
52.300000000000345 0.012518279272211035
52.40000000000035 0.016384665566306154
52.50000000000035 0.031695569998251835
52.60000000000035 0.05232576481384229
52.70000000000035 0.07364391721264815
52.80000000000035 0.09288553436480881
52.900000000000354 0.11525694115417799
53.000000000000355 0.1411667812067152
53.10000000000036 0.16324257678837337
53.20000000000036 0.1689749009260901
53.30000000000036 0.15853139730976273
53.40000000000036 0.13980435844147598
53.50000000000036 0.10364853206786019
53.600000000000364 0.06855346791467279
53.700000000000365 0.05058153676281457
53.80000000000037 0.040872392448765664
53.90000000000037 0.03279778347048063
54.00000000000037 0.021542025957913772
54.10000000000037 0.011849246002440432
54.20000000000037 0.011219115793105543
54.300000000000374 0.011026282069134426
54.400000000000375 0.00935992969071156
54.50000000000038 0.012365118202680726
54.60000000000038 0.015533609009042373
54.70000000000038 0.015131118902353888
54.80000000000038 0.016360642390575487
54.90000000000038 0.018301951166309696
55.000000000000384 0.017247992345311824
55.100000000000385 0.015409809704069053
55.20000000000039 0.01496417779541409
55.30000000000039 0.013261361557046165
55.40000000000039 0.013436313032888225
55.50000000000039 0.019348579881961602
55.60000000000039 0.033600785224638066
55.700000000000394 0.052317482483842125
55.800000000000395 0.0722077856658262
55.9000000000004 0.09912893069311336
56.0000000000004 0.12590975380256222
56.1000000000004 0.15061535170769605
56.2000000000004 0.17116858420830505
56.3000000000004 0.18384165234609753
56.400000000000404 0.1805778070750625
56.500000000000405 0.16163723829518173
56.600000000000406 0.13185061504732765
56.70000000000041 0.09425911674866003
56.80000000000041 0.06975711973698762
56.90000000000041 0.05499620416445883
57.00000000000041 0.04636707384361096
57.10000000000041 0.04090395126172888
57.200000000000415 0.026095289201604064
57.300000000000416 0.013987820281215915
57.40000000000042 0.012900618618918256
57.50000000000042 0.010842266060763923
57.60000000000042 0.008646087677784235
57.70000000000042 0.009123824545143286
57.80000000000042 0.010435841950225663
