string
integrated and resized binned spectra ROIsize spatial in px50:1600
converted file:an 21 2019_16.40.35_14 binning:0.1
nm muJ
28.1 0.0003074950962189515
28.200000000000003 0.0024988625429680483
28.300000000000004 0.002503427278335031
28.400000000000006 0.002503336501783578
28.500000000000007 0.0025135430762951274
28.60000000000001 0.0025343193247509437
28.70000000000001 0.0025417180118331066
28.80000000000001 0.002575075297280728
28.900000000000013 0.002610098009470234
29.000000000000014 0.002613541908303762
29.100000000000016 0.0026170297063166695
29.200000000000017 0.002626993888635073
29.30000000000002 0.002699794742798212
29.40000000000002 0.0026689798038333898
29.50000000000002 0.0026894741133972593
29.600000000000023 0.002728408321401307
29.700000000000024 0.002755354784371616
29.800000000000026 0.002761141338416542
29.900000000000027 0.0027863873813576082
30.00000000000003 0.00280490545283484
30.10000000000003 0.0028714302616637878
30.20000000000003 0.0028453374091774613
30.300000000000033 0.002856711729833454
30.400000000000034 0.0028712907823174026
30.500000000000036 0.0028782283299478586
30.600000000000037 0.00295199257286591
30.70000000000004 0.0029785900930930534
30.80000000000004 0.002998645957148111
30.90000000000004 0.0030626953168282757
31.000000000000043 0.0030312702509015226
31.100000000000044 0.0030539759395039542
31.200000000000045 0.0030715450434793293
31.300000000000047 0.0031279016598900287
31.40000000000005 0.0030872233051342742
31.50000000000005 0.003027792689552834
31.60000000000005 0.0030677240317559355
31.700000000000053 0.003011368556329839
31.800000000000054 0.0030099225395833294
31.900000000000055 0.003078898059866394
32.00000000000006 0.0029681458287188554
32.10000000000006 0.003011868076819864
32.20000000000006 0.003000495515864983
32.30000000000006 0.0029767127184217182
32.40000000000006 0.0030569670362155326
32.500000000000064 0.002929227586277296
32.600000000000065 0.0029928386407187158
32.70000000000007 0.002948234859167437
32.80000000000007 0.002962476840947108
32.90000000000007 0.0029550760598781515
33.00000000000007 0.002961188436583503
33.10000000000007 0.0029095673617144406
33.200000000000074 0.002953174570080055
33.300000000000075 0.002915536624670911
33.40000000000008 0.002958725401551736
33.50000000000008 0.002813796601565778
33.60000000000008 0.0028605630740941856
33.70000000000008 0.002837332448862581
33.80000000000008 0.0028256002200784335
33.900000000000084 0.0028707381986851624
34.000000000000085 0.002826656333884177
34.10000000000009 0.0029138065054113652
34.20000000000009 0.0028562627438522502
34.30000000000009 0.002833325676515664
34.40000000000009 0.00290563023667271
34.50000000000009 0.002859400752152587
34.600000000000094 0.002824117704430176
34.700000000000095 0.0027614251739514744
34.8000000000001 0.002678235010126891
34.9000000000001 0.00275559418263669
35.0000000000001 0.002792315331122576
35.1000000000001 0.0027921345155883775
35.2000000000001 0.0027162986772797625
35.300000000000104 0.002866133858087691
35.400000000000105 0.0029112520955359715
35.50000000000011 0.002728273107825977
35.60000000000011 0.002870837145873869
35.70000000000011 0.002967745767038959
35.80000000000011 0.002830008758646917
35.90000000000011 0.0027475132355677173
36.000000000000114 0.0026254031484157845
36.100000000000115 0.0026659798414859145
36.20000000000012 0.0026469564798661353
36.30000000000012 0.0026982796292783734
36.40000000000012 0.0026369053928941726
36.50000000000012 0.0026085851581665155
36.60000000000012 0.0028176917834911316
36.700000000000124 0.002860837136169185
36.800000000000125 0.002682142992847717
36.90000000000013 0.002805829123985789
37.00000000000013 0.0028427788718443383
37.10000000000013 0.0028521847977660453
37.20000000000013 0.0027647026669716163
37.30000000000013 0.0026916085270405296
37.400000000000134 0.0027349564992264802
37.500000000000135 0.002696322316480403
37.600000000000136 0.002709077117468682
37.70000000000014 0.0027027220352898
37.80000000000014 0.0026723810778118235
37.90000000000014 0.00264689799129281
38.00000000000014 0.0026591077033048674
38.10000000000014 0.0027782827319228097
38.200000000000145 0.0029671020879139328
38.300000000000146 0.0027705848722242034
38.40000000000015 0.002799342049360854
38.50000000000015 0.002877863931460226
38.60000000000015 0.0030008823785902397
38.70000000000015 0.003026828970211789
38.80000000000015 0.002882184556433077
38.900000000000155 0.0029088004830375366
39.000000000000156 0.003000226268846889
39.10000000000016 0.003061618508280024
39.20000000000016 0.0028724499833082976
39.30000000000016 0.002735189482189527
39.40000000000016 0.002875863503268958
39.50000000000016 0.002802766612018599
39.600000000000165 0.002727643170886443
39.700000000000166 0.0035180342824621376
39.80000000000017 0.004024555739319161
39.90000000000017 0.0030797033184128855
40.00000000000017 0.003132370689767175
40.10000000000017 0.0034620256942195305
40.20000000000017 0.004027294313377749
40.300000000000175 0.004128836936555054
40.400000000000176 0.0037855859022663885
40.50000000000018 0.003922956105868259
40.60000000000018 0.0043974341955633385
40.70000000000018 0.00449603711717281
40.80000000000018 0.004097246572633373
40.90000000000018 0.0034014285433219284
41.000000000000185 0.0034481026826855285
41.100000000000186 0.003838357966799113
41.20000000000019 0.0038776302313892038
41.30000000000019 0.005838258669981895
41.40000000000019 0.007789488417270209
41.50000000000019 0.005721926953734834
41.60000000000019 0.005247551789318687
41.700000000000195 0.0045566868171914
41.800000000000196 0.005384320192266096
41.9000000000002 0.006062659317389713
42.0000000000002 0.007610161067878472
42.1000000000002 0.008305862715560141
42.2000000000002 0.008419586971696258
42.3000000000002 0.008808494771687162
42.400000000000205 0.0100475545361595
42.500000000000206 0.00954687933693077
42.60000000000021 0.009141658896089668
42.70000000000021 0.008599485461005519
42.80000000000021 0.01106032763608519
42.90000000000021 0.011200056472419556
43.00000000000021 0.018854357371214037
43.100000000000215 0.04089489477181687
43.200000000000216 0.024197195681871633
43.30000000000022 0.013417766927885502
43.40000000000022 0.014006307728062436
43.50000000000022 0.014236326973837806
43.60000000000022 0.01195652742821732
43.70000000000022 0.012470761962417008
43.800000000000225 0.017718835018262657
43.900000000000226 0.021882542559119107
44.00000000000023 0.02346623982933462
44.10000000000023 0.023544523331007015
44.20000000000023 0.02406776023246369
44.30000000000023 0.026048927537860898
44.40000000000023 0.025435028888376465
44.500000000000234 0.027444612099138243
44.600000000000236 0.025629983112220454
44.70000000000024 0.035984919001438
44.80000000000024 0.03033279805675991
44.90000000000024 0.054932844118713395
45.00000000000024 0.11606480191877773
45.10000000000024 0.07397436981549116
45.200000000000244 0.024693648647460896
45.300000000000246 0.026231346001179188
45.40000000000025 0.02108095460977855
45.50000000000025 0.02476431346593845
45.60000000000025 0.026542061409735182
45.70000000000025 0.028129354277766354
45.80000000000025 0.03077332439844759
45.900000000000254 0.04041955663029465
46.000000000000256 0.04559095985403485
46.10000000000026 0.04786424176766834
46.20000000000026 0.04765770870592271
46.30000000000026 0.047058406444268286
46.40000000000026 0.04880721152319705
46.50000000000026 0.05310892800136495
46.600000000000264 0.055716071181776315
46.700000000000266 0.06618470457359651
46.80000000000027 0.07392529585037119
46.90000000000027 0.059259115856115714
47.00000000000027 0.13002690738235737
47.10000000000027 0.2280322376501009
47.20000000000027 0.14116274204446225
47.300000000000274 0.052767438121992534
47.400000000000276 0.04574497393115342
47.50000000000028 0.036003216382601066
47.60000000000028 0.030180812701287134
47.70000000000028 0.029241339755186037
47.80000000000028 0.03604028885490483
47.90000000000028 0.046906826906419605
48.000000000000284 0.05240465615051244
48.100000000000286 0.055092374446065316
48.20000000000029 0.05878629947955443
48.30000000000029 0.06511618424589297
48.40000000000029 0.06693658985290103
48.50000000000029 0.06881627556568998
48.60000000000029 0.0702236591284226
48.700000000000294 0.07088894955896706
48.800000000000296 0.07893999076889377
48.9000000000003 0.08357943696240117
49.0000000000003 0.11613521459183888
49.1000000000003 0.11869589867255217
49.2000000000003 0.10619187088817737
49.3000000000003 0.21559856884283174
49.400000000000304 0.3488035633913804
49.500000000000306 0.22152457593528727
49.60000000000031 0.08897058877934909
49.70000000000031 0.07091766533653993
49.80000000000031 0.0565126023273106
49.90000000000031 0.039726794287618696
50.00000000000031 0.039488787724086566
50.100000000000314 0.038277567843164634
50.200000000000315 0.035047351051154405
50.30000000000032 0.035179255046281256
50.40000000000032 0.044860670137793796
50.50000000000032 0.0669760514561049
50.60000000000032 0.08776482341310649
50.70000000000032 0.08460106782860753
50.800000000000324 0.07404619628419096
50.900000000000325 0.0741150436964397
51.00000000000033 0.08015928405568529
51.10000000000033 0.08590597471382562
51.20000000000033 0.09596734140594056
51.30000000000033 0.10012875832904901
51.40000000000033 0.0974241521540829
51.500000000000334 0.12306619375519925
51.600000000000335 0.1416438904528651
51.70000000000034 0.1210566388543649
51.80000000000034 0.16699438985624848
51.90000000000034 0.320964800949399
52.00000000000034 0.3796116896929879
52.10000000000034 0.21757022583119276
52.200000000000344 0.08260094117847529
52.300000000000345 0.07571743482184036
52.40000000000035 0.06092150247266338
52.50000000000035 0.04508566805856174
52.60000000000035 0.04412595399648586
52.70000000000035 0.0381068706235757
52.80000000000035 0.03275890146798927
52.900000000000354 0.031435923454545794
53.000000000000355 0.03380722074487649
53.10000000000036 0.035399295870327606
53.20000000000036 0.041043023819896544
53.30000000000036 0.05301700747982981
53.40000000000036 0.07696657452745624
53.50000000000036 0.09829753959922097
53.600000000000364 0.10383523976747888
53.700000000000365 0.09091426725989366
53.80000000000037 0.08095746011818282
53.90000000000037 0.08477912565611934
54.00000000000037 0.09906456875062516
54.10000000000037 0.1056584972741244
54.20000000000037 0.11280460780613649
54.300000000000374 0.13370408081261748
54.400000000000375 0.14296954796571895
54.50000000000038 0.1131039355010229
54.60000000000038 0.12158812842905646
54.70000000000038 0.2440843798620725
54.80000000000038 0.38819361809030906
54.90000000000038 0.3631471620346561
55.000000000000384 0.19246621785347523
55.100000000000385 0.09711721992286323
55.20000000000039 0.08663278270590015
55.30000000000039 0.07410349223343027
55.40000000000039 0.06466648609741382
55.50000000000039 0.05564774616222213
55.60000000000039 0.04220638988029472
55.700000000000394 0.03388967294977238
55.800000000000395 0.03502422248009822
55.9000000000004 0.03636452931263083
56.0000000000004 0.03347552899906034
56.1000000000004 0.031249767505589776
56.2000000000004 0.033670733182027644
56.3000000000004 0.03915763109834991
56.400000000000404 0.040695060171592606
56.500000000000405 0.04567404837129316
56.600000000000406 0.05623561828880204
56.70000000000041 0.07170338896709101
56.80000000000041 0.0932660860050841
56.90000000000041 0.1064752049376934
57.00000000000041 0.10224289075950592
57.10000000000041 0.08680452786319946
57.200000000000415 0.07621531234168544
57.300000000000416 0.0752789368754389
57.40000000000042 0.08894369739377309
57.50000000000042 0.11553353506440935
57.60000000000042 0.11551794775814542
57.70000000000042 0.09671068188685832
57.80000000000042 0.10436014886115604
