string
integrated and resized binned spectra ROIsize spatial in px50:1600
converted file:an 21 2019_19.02.11_52 binning:0.1
nm muJ
28.1 0.0002590675528144013
28.200000000000003 0.002141908389494902
28.300000000000004 0.0021434937174936437
28.400000000000006 0.0021460815376421745
28.500000000000007 0.0021644235982244122
28.60000000000001 0.0021783263136036495
28.70000000000001 0.0022003355960465215
28.80000000000001 0.0022095310993800214
28.900000000000013 0.0022260336994327154
29.000000000000014 0.0022470868444134768
29.100000000000016 0.0022623503433628084
29.200000000000017 0.002278935620824311
29.30000000000002 0.0023432990347047396
29.40000000000002 0.0023314155781799153
29.50000000000002 0.0023475918532404306
29.600000000000023 0.0023614873469515523
29.700000000000024 0.0023806110487583068
29.800000000000026 0.0023978995602172842
29.900000000000027 0.0024224250301490167
30.00000000000003 0.0024374518310469684
30.10000000000003 0.0025140286676088876
30.20000000000003 0.0024897878468210922
30.300000000000033 0.002510702630395085
30.400000000000034 0.00254558401790557
30.500000000000036 0.002570324984642108
30.600000000000037 0.0026456356201370883
30.70000000000004 0.002652383047837331
30.80000000000004 0.002670491112299906
30.90000000000004 0.002741153818867585
31.000000000000043 0.0027440305558037495
31.100000000000044 0.002736398021949062
31.200000000000045 0.0027171243420049704
31.300000000000047 0.002795075732000381
31.40000000000005 0.002752618314681476
31.50000000000005 0.0027173428641676443
31.60000000000005 0.0027678635094574096
31.700000000000053 0.0027192293929220136
31.800000000000054 0.0027144888898730348
31.900000000000055 0.0027953704787627423
32.00000000000006 0.0027149531238985455
32.10000000000006 0.0027498806459651396
32.20000000000006 0.002713021549107525
32.30000000000006 0.002698185264106757
32.40000000000006 0.002760270186860191
32.500000000000064 0.0026802043690694146
32.600000000000065 0.002748458961315272
32.70000000000007 0.002687095381481918
32.80000000000007 0.002734678698263518
32.90000000000007 0.0026906789342460353
33.00000000000007 0.0027261741073148333
33.10000000000007 0.0026763549501089986
33.200000000000074 0.0027203457664109207
33.300000000000075 0.0026597727857164194
33.40000000000008 0.0027074800831032443
33.50000000000008 0.002647795731528549
33.60000000000008 0.0027162264723917086
33.70000000000008 0.0027079192301303952
33.80000000000008 0.0026645533435966343
33.900000000000084 0.002695985571443615
34.000000000000085 0.0026442794732453264
34.10000000000009 0.0026996703493202606
34.20000000000009 0.002689033800958815
34.30000000000009 0.002646124743209343
34.40000000000009 0.002678495999221739
34.50000000000009 0.0026175172246660915
34.600000000000094 0.002679278867073025
34.700000000000095 0.0026758934675590526
34.8000000000001 0.0026137339124640687
34.9000000000001 0.0026882741390751824
35.0000000000001 0.002696028072022878
35.1000000000001 0.002682529007237647
35.2000000000001 0.0026408670920232327
35.300000000000104 0.002686520208304551
35.400000000000105 0.002676583599581069
35.50000000000011 0.002632299246381381
35.60000000000011 0.002673456810974903
35.70000000000011 0.0026783592876364515
35.80000000000011 0.002682735495648689
35.90000000000011 0.002670057716888998
36.000000000000114 0.0026192805549152907
36.100000000000115 0.0026811430726963073
36.20000000000012 0.0026853148135637713
36.30000000000012 0.002654320628365051
36.40000000000012 0.0026750494790355648
36.50000000000012 0.002618106120347831
36.60000000000012 0.0026535694554843184
36.700000000000124 0.0026716581273117396
36.800000000000125 0.002659524336187026
36.90000000000013 0.0026489694083207845
37.00000000000013 0.002647397586751203
37.10000000000013 0.002646214841195334
37.20000000000013 0.0026489140314517336
37.30000000000013 0.002593837134595975
37.400000000000134 0.002657958971020925
37.500000000000135 0.0026588419129282867
37.600000000000136 0.0026601759229366397
37.70000000000014 0.0026480098384943657
37.80000000000014 0.002638323903762714
37.90000000000014 0.0026472394975622436
38.00000000000014 0.002638193645492892
38.10000000000014 0.0026388917883182674
38.200000000000145 0.0026417593217283996
38.300000000000146 0.0026476118362730654
38.40000000000015 0.002654823856538218
38.50000000000015 0.002647292424436765
38.60000000000015 0.0026524261502909787
38.70000000000015 0.0026614064190575858
38.80000000000015 0.0026371461889555317
38.900000000000155 0.0026248423348969687
39.000000000000156 0.002633909798216509
39.10000000000016 0.002639506176557485
39.20000000000016 0.0026386687623323264
39.30000000000016 0.002674155386252408
39.40000000000016 0.0027704334488198373
39.50000000000016 0.002728477191784052
39.600000000000165 0.0027367794520527147
39.700000000000166 0.0027369886368378326
39.80000000000017 0.0027416133974306513
39.90000000000017 0.0027359014499358366
40.00000000000017 0.002708788609256976
40.10000000000017 0.002690045108258726
40.20000000000017 0.002701488226298893
40.300000000000175 0.002781383502986743
40.400000000000176 0.0026650262828112276
40.50000000000018 0.0026422532980855543
40.60000000000018 0.002627326582325384
40.70000000000018 0.002615523843862468
40.80000000000018 0.002646472602234225
40.90000000000018 0.0025934593442829466
41.000000000000185 0.0025747963963462586
41.100000000000186 0.0025476657817877935
41.20000000000019 0.0025437910146424696
41.30000000000019 0.002580364386550415
41.40000000000019 0.002543950232816982
41.50000000000019 0.002509690100708418
41.60000000000019 0.0024845441005089284
41.700000000000195 0.0025390219322300464
41.800000000000196 0.0024491475144288607
41.9000000000002 0.0024511096125090434
42.0000000000002 0.0024118144727525975
42.1000000000002 0.00246343857658101
42.2000000000002 0.002357570994134419
42.3000000000002 0.0023371145480212438
42.400000000000205 0.0023762782004061933
42.500000000000206 0.002410172142315154
42.60000000000021 0.0024466692909769776
42.70000000000021 0.002371295822815199
42.80000000000021 0.0022753702505895943
42.90000000000021 0.0022280068059694993
43.00000000000021 0.0023071105047925864
43.100000000000215 0.002258850091706857
43.200000000000216 0.0021583905443235377
43.30000000000022 0.0022238007528065156
43.40000000000022 0.0021691201241710767
43.50000000000022 0.002237357438701561
43.60000000000022 0.002211478100526222
43.70000000000022 0.0021595162262157794
43.800000000000225 0.0022150161371682236
43.900000000000226 0.0020910998015341185
44.00000000000023 0.0021262096495636177
44.10000000000023 0.0020037594894374
44.20000000000023 0.002062919404617783
44.30000000000023 0.0020156563186181503
44.40000000000023 0.0019735355987865496
44.500000000000234 0.0020035878753663595
44.600000000000236 0.0020415361750944386
44.70000000000024 0.0020861525601169914
44.80000000000024 0.0019436766139779246
44.90000000000024 0.002016155883194361
45.00000000000024 0.002093465693461415
45.10000000000024 0.002035962884386212
45.200000000000244 0.0019322220526886474
45.300000000000246 0.0021206572674606337
45.40000000000025 0.002174739334071791
45.50000000000025 0.0021687014063145773
45.60000000000025 0.0021268294623506302
45.70000000000025 0.002242451144384268
45.80000000000025 0.0020625056404880446
45.900000000000254 0.0019638708278106333
46.000000000000256 0.0020371954070567914
46.10000000000026 0.002028661059688269
46.20000000000026 0.001937992810715018
46.30000000000026 0.0020255788792181272
46.40000000000026 0.0021223845079225262
46.50000000000026 0.0020706163692429747
46.600000000000264 0.0018546928690176229
46.700000000000266 0.002417658549376518
46.80000000000027 0.0020235954897894685
46.90000000000027 0.0020719157344560543
47.00000000000027 0.002107480425221754
47.10000000000027 0.002476765834907512
47.20000000000027 0.002309625458643617
47.300000000000274 0.0020812683493227277
47.400000000000276 0.002294203743506166
47.50000000000028 0.0028135862570683643
47.60000000000028 0.002909259943542891
47.70000000000028 0.002465615595368189
47.80000000000028 0.0025799038755585113
47.90000000000028 0.002645559115391434
48.000000000000284 0.0024146744135566493
48.100000000000286 0.002205964779648958
48.20000000000029 0.002400453578755022
48.30000000000029 0.0024788385754560857
48.40000000000029 0.0025530779991341235
48.50000000000029 0.0024422201725190678
48.60000000000029 0.0022124218402272936
48.700000000000294 0.0033969054610533444
48.800000000000296 0.002383740848680323
48.9000000000003 0.002852725554595996
49.0000000000003 0.00327766660030228
49.1000000000003 0.0027921478266356064
49.2000000000003 0.0030314623349233533
49.3000000000003 0.002990119024289128
49.400000000000304 0.0035901082165118886
49.500000000000306 0.003357044847588396
49.60000000000031 0.003254743928359928
49.70000000000031 0.0032081998749835024
49.80000000000031 0.003801575015611074
49.90000000000031 0.0049228178930837765
50.00000000000031 0.004466640309097202
50.100000000000314 0.003806587763938239
50.200000000000315 0.003801293835453281
50.30000000000032 0.003905342356931656
50.40000000000032 0.003700079092191154
50.50000000000032 0.00337140103950339
50.60000000000032 0.003312551751862234
50.70000000000032 0.00350618483030131
50.800000000000324 0.0038611246259921354
50.900000000000325 0.004298617866310775
51.00000000000033 0.0038173659947170323
51.10000000000033 0.0035895685033308766
51.20000000000033 0.004619126671507786
51.30000000000033 0.0043011860598083625
51.40000000000033 0.005225798663627619
51.500000000000334 0.005007001306974269
51.600000000000335 0.0038823242722576773
51.70000000000034 0.0051415215120954715
51.80000000000034 0.0046440265931461215
51.90000000000034 0.005132890072302593
52.00000000000034 0.004641606621441308
52.10000000000034 0.005193401736810877
52.200000000000344 0.005347147609658234
52.300000000000345 0.0054668080507723465
52.40000000000035 0.005438725586331275
52.50000000000035 0.007044678240320787
52.60000000000035 0.007250746246426342
52.70000000000035 0.00613694520258647
52.80000000000035 0.00499272729734031
52.900000000000354 0.00548901172873268
53.000000000000355 0.00582341522294642
53.10000000000036 0.005322158540109632
53.20000000000036 0.004790701507203007
53.30000000000036 0.005002014524486788
53.40000000000036 0.0055549560082591995
53.50000000000036 0.005650382704380278
53.600000000000364 0.005495593068079317
53.700000000000365 0.0060589095473600665
53.80000000000037 0.005922457281171222
53.90000000000037 0.006886364898015468
54.00000000000037 0.006298757862021759
54.10000000000037 0.004857855283381487
54.20000000000037 0.008971417094948917
54.300000000000374 0.009741600139552258
54.400000000000375 0.005067937995735517
54.50000000000038 0.007292946324591947
54.60000000000038 0.008517040302986919
54.70000000000038 0.0071924144656170174
54.80000000000038 0.007395113878469255
54.90000000000038 0.005614267640779758
55.000000000000384 0.007478141641051867
55.100000000000385 0.008231625648113593
55.20000000000039 0.009282005363744716
55.30000000000039 0.008380177110002813
55.40000000000039 0.008720832001029374
55.50000000000039 0.009849210424501376
55.60000000000039 0.009955455459513115
55.700000000000394 0.007791098109441404
55.800000000000395 0.006278336276766345
55.9000000000004 0.006857609407738484
56.0000000000004 0.007677811593340854
56.1000000000004 0.007283034503383419
56.2000000000004 0.006679600223172509
56.3000000000004 0.006700278028775052
56.400000000000404 0.006720317527677072
56.500000000000405 0.007299965201541177
56.600000000000406 0.007576891929858742
56.70000000000041 0.007305160584036971
56.80000000000041 0.007112818487002795
56.90000000000041 0.006090161475488072
57.00000000000041 0.0075105062439261485
57.10000000000041 0.00931739133103247
57.200000000000415 0.006710806733885601
57.300000000000416 0.007354570871876598
57.40000000000042 0.010076994267471379
57.50000000000042 0.009042657164745897
57.60000000000042 0.007659473128880018
57.70000000000042 0.008561633405395425
57.80000000000042 0.009292236316013178
