string
integrated and resized binned spectra ROIsize spatial in px50:1600
converted file:an 21 2019_17.30.11_29 binning:0.1
nm muJ
28.1 0.0003100915927999872
28.200000000000003 0.0025434878438064367
28.300000000000004 0.0025437577280785044
28.400000000000006 0.0025496870616826396
28.500000000000007 0.0025653280975410156
28.60000000000001 0.002588296957917821
28.70000000000001 0.002604960436456449
28.80000000000001 0.0026217668339642898
28.900000000000013 0.0026365225537495845
29.000000000000014 0.002655354456856554
29.100000000000016 0.0026662026971761114
29.200000000000017 0.0026914383467548497
29.30000000000002 0.002768401810835512
29.40000000000002 0.0027380456542953086
29.50000000000002 0.0027600620623444553
29.600000000000023 0.002787130195603082
29.700000000000024 0.002805638040646474
29.800000000000026 0.002824849094538068
29.900000000000027 0.00283841729312848
30.00000000000003 0.0028535001785650197
30.10000000000003 0.002948376038159409
30.20000000000003 0.0029215665513471724
30.300000000000033 0.0029493697738345267
30.400000000000034 0.0029727187645588677
30.500000000000036 0.0029938521245252087
30.600000000000037 0.0030799288524337404
30.70000000000004 0.0030711205382306
30.80000000000004 0.003106994323755653
30.90000000000004 0.003184973278819198
31.000000000000043 0.003200770529373619
31.100000000000044 0.003190653963920575
31.200000000000045 0.0031842921319778098
31.300000000000047 0.0032693405206322174
31.40000000000005 0.0032257511680204615
31.50000000000005 0.003177914221227083
31.60000000000005 0.0032303778330951636
31.700000000000053 0.0031549419389975243
31.800000000000054 0.0031474144987214247
31.900000000000055 0.0032315147282182756
32.00000000000006 0.0031400260414429474
32.10000000000006 0.0032050428372351345
32.20000000000006 0.003162488274605539
32.30000000000006 0.003145830749921833
32.40000000000006 0.003245652673215372
32.500000000000064 0.0031329420143279556
32.600000000000065 0.003181541086201433
32.70000000000007 0.003113778455587205
32.80000000000007 0.0031582378751814516
32.90000000000007 0.0031018891745437384
33.00000000000007 0.0031716887348137305
33.10000000000007 0.0031153380284365925
33.200000000000074 0.003170373123245782
33.300000000000075 0.003093990719362317
33.40000000000008 0.003161453644610214
33.50000000000008 0.0031231126462663984
33.60000000000008 0.0031517415692981564
33.70000000000008 0.003111838182559669
33.80000000000008 0.0030688749453247934
33.900000000000084 0.0031000366062802496
34.000000000000085 0.00304845089034815
34.10000000000009 0.0031214643850747785
34.20000000000009 0.003115470874683424
34.30000000000009 0.003100644884082659
34.40000000000009 0.003142726016884976
34.50000000000009 0.0030644698668144347
34.600000000000094 0.003187685047279458
34.700000000000095 0.0031649790122856426
34.8000000000001 0.0030376955028272217
34.9000000000001 0.0031199608017082325
35.0000000000001 0.003117237999094024
35.1000000000001 0.003074831933411093
35.2000000000001 0.003063445409446068
35.300000000000104 0.0031522724101968993
35.400000000000105 0.0031663556302154103
35.50000000000011 0.0031280860492442627
35.60000000000011 0.0031726342489576853
35.70000000000011 0.0032027583288241116
35.80000000000011 0.003264993965732542
35.90000000000011 0.0032682130252163926
36.000000000000114 0.003101371164954622
36.100000000000115 0.003109078854207627
36.20000000000012 0.003094979973132445
36.30000000000012 0.003073262698420699
36.40000000000012 0.0030629287739238477
36.50000000000012 0.0030195648602421576
36.60000000000012 0.003111619276058586
36.700000000000124 0.003157825500234023
36.800000000000125 0.003193232906699565
36.90000000000013 0.0031961786349248276
37.00000000000013 0.003216373780576873
37.10000000000013 0.003292360684566679
37.20000000000013 0.0033610084880545863
37.30000000000013 0.0030993782294600654
37.400000000000134 0.0030627587846893374
37.500000000000135 0.0030514297695278495
37.600000000000136 0.003037535441155497
37.70000000000014 0.003011454534999223
37.80000000000014 0.003014982450411275
37.90000000000014 0.0030592358971883254
38.00000000000014 0.0031265768765091286
38.10000000000014 0.0031834216483200457
38.200000000000145 0.0032677772787333354
38.300000000000146 0.0033123945965087697
38.40000000000015 0.0033429055500898927
38.50000000000015 0.0034659357316406247
38.60000000000015 0.003557315879932376
38.70000000000015 0.0033856442498255025
38.80000000000015 0.003073201000711741
38.900000000000155 0.0029903981558487922
39.000000000000156 0.0030024029623630486
39.10000000000016 0.002973047802661919
39.20000000000016 0.0029659933380003435
39.30000000000016 0.0030175857875705493
39.40000000000016 0.003176563720570905
39.50000000000016 0.003278793417928314
39.600000000000165 0.0033943185868781315
39.700000000000166 0.003579524911110486
39.80000000000017 0.003683812047868706
39.90000000000017 0.0036963552847969847
40.00000000000017 0.0038511599549922344
40.10000000000017 0.004115532961134473
40.20000000000017 0.00394499592299754
40.300000000000175 0.0035909045577294163
40.400000000000176 0.0030359229154915198
40.50000000000018 0.0029629408073867497
40.60000000000018 0.0029678924471092955
40.70000000000018 0.002886761295828276
40.80000000000018 0.002904154573750902
40.90000000000018 0.0028396855264297837
41.000000000000185 0.0029532439273878873
41.100000000000186 0.0031177988721284855
41.20000000000019 0.0033697048798069862
41.30000000000019 0.0037603735945809878
41.40000000000019 0.004101002865540253
41.50000000000019 0.004221772721691381
41.60000000000019 0.004238714432569492
41.700000000000195 0.004631216255345586
41.800000000000196 0.004914507458020152
41.9000000000002 0.004513656039498874
42.0000000000002 0.0034211526991522203
42.1000000000002 0.0029419996265034475
42.2000000000002 0.0026520409293732308
42.3000000000002 0.002658968288327458
42.400000000000205 0.0025584589387884506
42.500000000000206 0.0026562100984820216
42.60000000000021 0.0027073566218154634
42.70000000000021 0.002619090326651488
42.80000000000021 0.0028039521498336236
42.90000000000021 0.0032869231819865237
43.00000000000021 0.0041564730904107535
43.100000000000215 0.005147842943859531
43.200000000000216 0.0055023536403885865
43.30000000000022 0.00594747693271045
43.40000000000022 0.00616910838091593
43.50000000000022 0.00648865914315065
43.60000000000022 0.007161167909043992
43.70000000000022 0.007005257692472495
43.800000000000225 0.005463495946256344
43.900000000000226 0.0031253092192531497
44.00000000000023 0.002761291144187832
44.10000000000023 0.002602479706981219
44.20000000000023 0.0025482978067952904
44.30000000000023 0.0021701044467465924
44.40000000000023 0.002269708018610283
44.500000000000234 0.0023807100028061796
44.600000000000236 0.0023362247939387563
44.70000000000024 0.0027514462662689395
44.80000000000024 0.003818835994868212
44.90000000000024 0.005752492587846722
45.00000000000024 0.008000800812133753
45.10000000000024 0.009149532968239886
45.200000000000244 0.008763307283889204
45.300000000000246 0.010716110721224715
45.40000000000025 0.01165874199349285
45.50000000000025 0.01218973653667846
45.60000000000025 0.011548913394779908
45.70000000000025 0.012427068178618661
45.80000000000025 0.009944055517958262
45.900000000000254 0.0048578307028693864
46.000000000000256 0.0035261751665510233
46.10000000000026 0.002974108783573547
46.20000000000026 0.003117043357134184
46.30000000000026 0.0029231214828559482
46.40000000000026 0.0025531749068878145
46.50000000000026 0.0025169412933412896
46.600000000000264 0.0028496414479230385
46.700000000000266 0.002823657096073479
46.80000000000027 0.0028922832724696773
46.90000000000027 0.004972344760118648
47.00000000000027 0.008641293970792314
47.10000000000027 0.012653083348327425
47.20000000000027 0.013217333294752822
47.300000000000274 0.012817142671997794
47.400000000000276 0.01693847885225799
47.50000000000028 0.021269526753361093
47.60000000000028 0.01836712227440737
47.70000000000028 0.018626012595804254
47.80000000000028 0.019025100016533732
47.90000000000028 0.021079439178112204
48.000000000000284 0.017608388294283524
48.100000000000286 0.011269009487139683
48.20000000000029 0.0065774828594313385
48.30000000000029 0.004319123500986738
48.40000000000029 0.00412165728957318
48.50000000000029 0.004106090704871172
48.60000000000029 0.0044386945854368275
48.700000000000294 0.004213651670562796
48.800000000000296 0.0031204556255426904
48.9000000000003 0.0032154454058654193
49.0000000000003 0.004215256394475216
49.1000000000003 0.003414874916471636
49.2000000000003 0.005495950372061998
49.3000000000003 0.011135323796801152
49.400000000000304 0.01620122896564271
49.500000000000306 0.015395973329715111
49.60000000000031 0.015416858651934357
49.70000000000031 0.020974160588863557
49.80000000000031 0.026940311273286638
49.90000000000031 0.030541227301060174
50.00000000000031 0.0261178532623121
50.100000000000314 0.026823554926383983
50.200000000000315 0.027507611706990256
50.30000000000032 0.029680656522485246
50.40000000000032 0.035440389178940275
50.50000000000032 0.024445925235847633
50.60000000000032 0.014693965335810237
50.70000000000032 0.011419755363934967
50.800000000000324 0.008020159624391485
50.900000000000325 0.00583078893766477
51.00000000000033 0.005824453467647599
51.10000000000033 0.006243959117178868
51.20000000000033 0.006216631214888151
51.30000000000033 0.006583519494237041
51.40000000000033 0.0046650172614637895
51.500000000000334 0.004085193132599349
51.600000000000335 0.005103941618273685
51.70000000000034 0.005830365805348885
51.80000000000034 0.008713903361554537
51.90000000000034 0.016188489008561863
52.00000000000034 0.02075899278688515
52.10000000000034 0.015310370288550246
52.200000000000344 0.012913422824726522
52.300000000000345 0.02478085411809571
52.40000000000035 0.029886455800269725
52.50000000000035 0.03187867209972032
52.60000000000035 0.02968811479476157
52.70000000000035 0.03159828232744707
52.80000000000035 0.03134275178646672
52.900000000000354 0.03159771489202489
53.000000000000355 0.034811356688557026
53.10000000000036 0.04096444732166161
53.20000000000036 0.036358099533533486
53.30000000000036 0.02691841470968231
53.40000000000036 0.02246403720355512
53.50000000000036 0.014171636315777
53.600000000000364 0.01144051467865508
53.700000000000365 0.010203991363208523
53.80000000000037 0.008255909463514564
53.90000000000037 0.008224119587963097
54.00000000000037 0.0073054620928388325
54.10000000000037 0.00690469320834901
54.20000000000037 0.008619477781821218
54.300000000000374 0.007616351441318761
54.400000000000375 0.006198484289163755
54.50000000000038 0.007683348269931068
54.60000000000038 0.008913749081762425
54.70000000000038 0.01259327446011016
54.80000000000038 0.021544498671337373
54.90000000000038 0.02457145479658853
55.000000000000384 0.015098683535087825
55.100000000000385 0.013282791087688532
55.20000000000039 0.020718605480035544
55.30000000000039 0.03228274052820512
55.40000000000039 0.02989761026105364
55.50000000000039 0.026169261624755313
55.60000000000039 0.03448782317677179
55.700000000000394 0.03292025956848167
55.800000000000395 0.03170151547174903
55.9000000000004 0.0350502273383348
56.0000000000004 0.032225620268869465
56.1000000000004 0.0410699720721307
56.2000000000004 0.04134070966867342
56.3000000000004 0.04107496349429199
56.400000000000404 0.03298839516397568
56.500000000000405 0.030506649265325966
56.600000000000406 0.02110959138056844
56.70000000000041 0.016184654870971107
56.80000000000041 0.01384235659113963
56.90000000000041 0.011814311192175698
57.00000000000041 0.011046247356361916
57.10000000000041 0.007949504212175981
57.200000000000415 0.008095948731736698
57.300000000000416 0.006305145561974428
57.40000000000042 0.006607202353714096
57.50000000000042 0.007153787152489998
57.60000000000042 0.008482000310320391
57.70000000000042 0.01063255041722485
57.80000000000042 0.011477100540266134
