string
20190121an 21 2019_17.41.   full spectra  index number  Nphoton via eV
eV x-axis E [J] Nphoton Nphoton/sr Nphoton/sr @ 0.1bw
43.81066890785845 2.5616197217907344e-09 364941916.93770266 19681396863421.066 5589516709211.702
43.65640598916881 2.4167819247299787e-09 345524191.49997365 18634194712098.645 5310745492947.839
43.50322561727698 2.3609201962632705e-09 338726225.3749992 18267578922132.94 5224527571730.0205
43.35111643679699 2.3866689272631468e-09 343621925.6597663 18531605102072.453 5318570664294.749
43.20006725060606 2.371827786740543e-09 342679168.64720654 18480762011572.85 5322459459332.789
43.05006701709701 2.3664300537903307e-09 343090596.69678396 18502950415668.56 5347352670128.159
42.90110484748767 2.4031932628223736e-09 349630407.0309796 18855643807753.684 5468136704248.615
42.75317000318599 2.4803970153198694e-09 362111112.9295274 19528730988273.13 5682860717587.291
42.606251893209404 2.7088294090080575e-09 396823423.91207755 21400773460748.777 6249025850538.504
42.46034007165731 2.5570239219892168e-09 375872279.4532898 20270873688488.15 5939365990726.816
42.31542423523527 2.5800264169605765e-09 380552367.6648047 20523271862475.84 6033841927567.8955
42.17149422082971 2.6590382946046907e-09 393545161.7831873 21223976071941.215 6261072941222.656
42.02854000313198 2.6503157521743293e-09 393588398.88236344 21226307858092.965 6282987125995.619
41.88655169231059 2.6659772865743982e-09 397256316.4517735 21424119449459.7 6362963476489.361
41.745519531730416 2.639189663784956e-09 394593299.3837385 21280502360444.938 6341589703412.429
41.605433895717894 2.692081512717919e-09 403856544.40580773 21780071176908.34 6512241281895.423
41.46628528737101 2.6908251893584575e-09 405022666.07652557 21842960371947.973 6552888111584.488
41.32806433641311 2.616327236882681e-09 395126331.4942015 21309248897962.465 6414083918286.557
41.19076179708947 2.723366166288409e-09 412662674.4759591 22254987684707.418 6721006280781.441
41.05436854610573 2.7197791085388564e-09 413488306.0466779 22299514174683.246 6756752794929.016
40.91887558060703 2.722509928048378e-09 415274014.12680435 22395817799386.312 6808328611013.454
40.78427401619714 2.9046898992700232e-09 444524818.5389746 23973320036018.957 7311862610985.732
40.65055508499649 2.7499979309366608e-09 422235614.00459653 22771258393190.617 6968005068316.401
40.51771013373833 2.9104197813506704e-09 448331976.4453874 24178640889009.965 7422842752925.46
40.38573062190204 3.01525105394532e-09 465998489.1543202 25131399757420.61 7740471125285.274
40.254608119882874 2.9037666063629e-09 450230672.2161869 24281037964417.4 7502840731005.222
40.124334307197174 2.9137750293469957e-09 453249310.16754985 24443833764928.03 7577588467127.516
39.99490097072234 2.9005942022021445e-09 452659170.88524574 24412007425226.68 7592134309245.198
39.86630000297082 2.910192144034965e-09 455622023.2537422 24571794697134.008 7666399945505.742
39.73852340039719 2.859361381005576e-09 449103351.9219268 24220241336039.66 7580935538180.575
39.61156326173778 2.9865083509207734e-09 470577031.9920024 25378321567336.957 7968792972143.706
39.485411786381924 3.11197795422971e-09 491913583.33569795 26529006416629.61 8356637021238.135
39.36006127277436 2.976114324328525e-09 471935686.9534459 25451594124572.934 8042703743364.923
39.235504116847856 2.926191873352548e-09 465492338.85559744 25104102961850.258 7958000638906.704
39.11173281048556 2.847161341164658e-09 454353623.1694408 24503389605030.01 7792077894399.487
38.98873994001234 2.833657739441635e-09 453625195.5804902 24464105346908.33 7804049605663.3545
38.86651818471449 3.12682972813897e-09 502131620.2143037 27080067365342.83 8665621556909.388
38.74506031538725 2.942546157604895e-09 474019183.17306376 25563957528332.707 8206030366594.94
38.62435919290941 2.9288133806459583e-09 473281346.20955974 25524165820597.19 8218781394232.259
38.50440776684447 2.9386675071549036e-09 476353080.32710654 25689825108885.164 8297813510169.799
38.38519907406786 2.9468012317095173e-09 479154995.4508498 25840933000219.625 8372462292071.11
38.266726237419505 3.1020030368040873e-09 505952660.65065724 27286136906189.492 8867994494511.588
38.14898246438129 2.9122005087345753e-09 476460925.0649811 25695641199027.812 8376779030882.941
38.03196104577889 2.9705393752538052e-09 487501064.915621 26291038339623.22 8597169537056.484
37.91565535450739 2.89036289786319e-09 475798185.692404 25659899520685.8 8416447042784.952
37.80005884428024 2.8861047441735996e-09 476550124.82831824 25700451761643.074 8455448629580.764
37.68516504840097 2.7836224869736324e-09 461029684.49605155 24863431042736.367 8204932244102.546
37.57096757855732 2.7705854559971656e-09 460265205.77222574 24822202539078.82 8216149040435.237
37.45746012363721 2.6931552295296435e-09 448757825.80095136 24201607037270.527 8034933536373.215
37.34463644856601 2.7455215673018225e-09 458865703.13559276 24746727057845.793 8240660110262.7295
37.23249039316491 2.713131037935221e-09 454818014.9770858 24528434356104.59 8192497074938.871
37.121015871029684 2.845298892676435e-09 478406439.63894194 25800563222661.043 8643188679591.162
37.01020686842959 2.710857072979228e-09 457166167.1913749 24655070715153.016 8284103760291.466
36.90005744322593 2.724446803104103e-09 460829491.8710472 24852634610978.4 8375337863899.575
36.79056172380983 2.785496360095364e-09 472558034.3690074 25485157455898.016 8613983220093.823
36.68171390805892 2.7297945418177363e-09 464482457.81155217 25049639857750.066 8491827911777.21
36.57350826231243 2.7362985215334466e-09 466966611.4516513 25183610803238.492 8562427673100.602
36.465939120364446 2.6947775936705882e-09 461237383.61374414 24874632301275.785 8482249614735.24
36.35900088247482 2.778808035033524e-09 477018892.97573036 25725732529672.04 8798200525147.99
36.25268801439741 2.683523175663216e-09 462012910.4426732 24916456631641.73 8546344624652.528
36.146995046425396 2.6652260067278304e-09 460204454.0528633 24818926185655.406 8537710607865.152
36.041916572453225 2.8062496769199034e-09 485967701.61447024 26208343723671.758 9041878584666.416
35.937447249054806 2.7720633125534777e-09 481443020.85222787 25964326707185.324 8983657040686.03
35.83358179457777 2.742346628252443e-09 477662450.22225547 25760439711788.785 8938872579991.08
35.73031498825334 2.7148885898697174e-09 474246508.58081305 25576217236958.66 8900523598461.488
35.62764166932158 2.715415367877316e-09 475705497.88032037 25654900846843.87 8953560395548.574
35.52555673617166 2.8116913472482545e-09 493987234.99754876 26640838901250.293 9324293615437.328
35.42405514549688 2.7649541078756153e-09 487167857.9266052 26273068414316.984 9221847013425.164
35.323131911464124 2.7746256323181763e-09 490268697.79045254 26440297381826.117 9306984678402.564
35.22278210489746 2.7756769299395247e-09 491851765.33254933 26525672558289.953 9363562413076.316
35.123000852475656 2.8762296958319775e-09 511117706.6543258 27564688959264.23 9757899891579.969
35.02378333594324 2.8015409471553913e-09 499255538.84195924 26924959672108.82 9558360683598.588
34.92512479133495 2.889232971521848e-09 516337384.6047846 27846187325098.06 9913242687734.844
34.827020508213224 2.9101087492574453e-09 521533093.94373477 28126393058506.09 10041122321885.72
34.7294658289185 2.8866384258152835e-09 518780041.8088709 27977920358777.29 10016095488442.496
34.63245614783214 2.930163516313747e-09 528077347.7054428 28479326085602.285 10224078064731.06
34.535986910651545 2.7618376221550046e-09 499131805.9992644 26918286733021.555 9690583223887.803
34.44005361367751 2.717400365058611e-09 492468872.69006956 26558953292146.477 9587782138464.746
34.34465180311331 2.7734973535751432e-09 504031423.33706963 27182524160482.383 9840073746094.314
34.24977707437542 2.8498836768817884e-09 519347875.7724748 28008543767795.348 10167101387709.963
34.15542507141571 2.8138266369523373e-09 514193540.7864641 27730569362229.848 10093927247851.623
34.06159148605468 2.838889674601312e-09 520202642.6533382 28054641531376.867 10239944158952.406
33.96827205732576 2.743741260235505e-09 504148725.81269944 27188850308476.85 9951119212902.473
33.87546257083034 2.8197850689670086e-09 519540905.785665 28018953918342.113 10282956088031.465
33.78315885810328 2.801047042496278e-09 517498532.01033884 27908808256936.773 10270441438552.754
33.69135679598887 2.8373898444449464e-09 525641303.831716 28347949710266.08 10460393443086.783
33.600052306026825 2.8409546345607657e-09 527731867.5016012 28460694263154.16 10530456877367.021
33.509241353848374 2.9233932762590044e-09 544517225.5943978 29365932271687.336 10894760872796.115
33.41891994858194 2.8694745365313496e-09 535918735.47428584 28902213831503.29 10751623545319.693
33.32908414226855 2.9040022581483517e-09 543829227.8558613 29328828404181.8 10939652994759.205
33.23973002928659 2.8116127717141487e-09 527942949.5724607 28472077965092.812 10648557158944.648
33.150853745785824 2.8855318934879047e-09 543275520.1815645 29298966829014.98 10987112560880.533
33.062451469130394 2.9011086324737027e-09 547668691.3700556 29535891505618.793 11105495206112.533
32.97451941735079 2.8967802033924448e-09 548309845.266777 29570469074558.508 11148066841108.494
32.8870538486045 2.7943854947900006e-09 530335041.44281596 28601083999338.7 10811209751750.027
32.80005106064523 2.829991689801967e-09 538517244.9652739 29042352012873.754 11007051412879.172
32.71350739030052 2.9284141397918905e-09 558720183.5450509 30131900879532.957 11450122334222.764
32.627419212957626 2.916261527676823e-09 557869631.2507067 30086030409518.03 11462777586026.133
32.54178294205747 2.8989365745902375e-09 556014790.6622654 29985998453622.633 11454651409282.672
32.45659502859658 2.8521948022666285e-09 548485564.8801838 29579945671484.305 11329119192179.074
32.3718519606368 2.892032560563628e-09 557602365.4348506 30071616706005.9 11547500815105.77
32.28755026282264 2.91297430885785e-09 563106491.5343262 30368455422312.047 11691855337590.084
32.20368649590622 2.9723465551018917e-09 576080040.588732 31068121741296.195 11992294992140.912
32.12025725627952 2.947542931381202e-09 572756595.9210721 30888887648356.96 11953999519913.541
32.03725917551394 2.945507437672885e-09 573843866.340679 30947524378293.895 12007639458777.896
31.954688919906943 2.923972560952244e-09 571120400.6687787 30800647282940.32 11981451793063.887
31.872543190035717 2.8722492664929454e-09 562463550.2076993 30333781456889.22 11830174768186.85
31.790818720317677 2.933447065306032e-09 575924452.250931 31059730828437.305 12144354753918.85
31.709512278577733 2.92598087154769e-09 575931583.2209336 31060115403198.734 12175565238053.564
31.628620665622176 3.0004339954419993e-09 592096916.9201312 31931915361485.94 12549242737064.025
31.548140714819066 3.3285699990208765e-09 658525959.9507892 35514448083718.664 13992692544984.045
31.468069291685 3.691312845510915e-09 732149434.1358972 39484978041088.016 15596566326230.102
31.388403293478206 3.7049674029694823e-09 736722853.6418984 39731623548613.766 15733722925250.764
31.309139648797704 3.904670309048973e-09 778398895.8912524 41979221561166.16 16665750959783.145
31.230275317188642 4.181709504438317e-09 835731981.446435 45071207320666.195 17938340513624.49
31.151807288753492 5.344092808719129e-09 1070729378.762638 57744668010688.15 23040122536265.34
31.07373258376915 4.386928911994165e-09 881162786.9422292 47521300530814.62 19008520212325.79
30.996048252309727 4.04323728025345e-09 814163963.0729834 43908039404173.01 17607123801072.65
30.918751373875036 3.929777740071638e-09 793295546.3842548 42782601158524.125 17198605665726.62
30.8418390570246 3.83257189955306e-09 775602176.862152 41828393896344.625 16856842740227.385
30.765308439017097 3.900317643650353e-09 791275427.03165 42673655682970.875 17240156895920.262
30.689156685455174 3.781781282415121e-09 769131198.8830525 41479412648123.54 16799162122489.33
30.61338098993553 3.799821552026453e-09 774713065.008082 41780443900896.695 16962860223762.924
30.537978573704155 3.810529343043152e-09 778814446.9746735 42001632321372.78 17094664354798.988
30.462946685316677 3.764074783066103e-09 771214715.411332 41591777147133.85 16969445076030.094
30.388282600303643 3.8594261078175245e-09 792693959.3388665 42750157438472.64 17484814392335.17
30.313983620840798 3.6659559236955576e-09 754802278.1807911 40706650841718.5 16689726845105.176
30.240047075424116 3.6424075677608433e-09 751787415.4585937 40544058640136.93 16663608101095.994
30.166470318549603 3.683398570189918e-09 762102159.5524114 41100335029976.0 16933338032350.275
30.093250730397784 3.725610949866676e-09 772711494.41174 41672498763798.375 17210741989448.547
30.02038571652273 3.795322084311952e-09 789080560.5537335 42555286056986.07 17617888427592.297
29.94787270754562 3.738669675783265e-09 779184117.9931896 42021568759711.71 17438951035280.336
29.87570915885274 3.628926610902696e-09 758139173.2499702 40886610317733.74 17008829892176.797
29.803892550297803 3.5781605848464186e-09 749334646.5609831 40411780280629.18 16851712377022.53
29.7324203859086 3.661487299587788e-09 768628072.7824037 41452278948212.32 17327052600352.756
29.661290193597814 3.6009218244389074e-09 757726768.4763944 40864369238700.61 17122170711014.314
29.590499524878005 3.5348628375422112e-09 745605743.5586894 40210679731618.055 16888485487278.84
29.520045954580674 3.4794234185409273e-09 735663531.8331326 39674494093331.28 16702962013293.023
29.449927080579297 3.603755837371788e-09 763765628.2615681 41190046258846.38 17382199521232.57
29.38014052351631 3.5977749752173305e-09 764309227.5152748 41219362684694.734 17435790415626.39
29.310683926534004 3.4172093653021732e-09 727670234.7510053 39243413845162.836 16639207470348.326
29.241554955009157 3.4495745458555533e-09 736298721.4969976 39708750009897.33 16876218754206.969
29.17275129629149 3.6380786785973497e-09 778365668.7654254 41977429615051.77 17882385016011.766
29.104270659445735 3.807348992500327e-09 816497654.7515156 44033895903386.54 18802473550745.57
29.036110774997383 3.7079459686015613e-09 797046992.3594211 42984917454959.695 18397544670722.785
28.96826939468197 3.6045559532208963e-09 776637212.0993326 41884213571545.305 17968327622192.652
28.90074429119786 3.3907472725564626e-09 732276957.5905617 39491855408702.31 16981497825742.48
28.833533257962518 3.387291455951243e-09 733235827.6445805 39543567479028.33 17043277583459.506
28.76663410887211 3.2437875150224172e-09 703804960.2323194 37956354405682.42 16397145103254.652
28.700044678064536 3.286136912140817e-09 714647791.2211419 38541110636495.02 16688300905602.72
28.633762819685636 3.304727121397256e-09 720354305.443235 38848864188222.39 16860407057688.045
28.56778640765871 3.236317144775365e-09 707071705.5522435 38132530690480.44 16587650850359.404
28.502113335457196 3.24479238873338e-09 710556843.835332 38320484955227.38 16707731440479.287
28.43674151588046 3.1294743472653894e-09 686879476.9453092 37043559414983.36 16188035464347.092
28.371668880832676 3.1262225221288776e-09 687739517.6795368 37089941598622.55 16245394420196.477
28.306893381104747 3.223560621490871e-09 710775758.6873012 38332291080752.94 16827875784450.455
28.242412986159177 3.2246334568985446e-09 712635628.233881 38432594249453.28 16910341469759.96
28.17822568391791 3.664067191486128e-09 811593875.078969 43769434000308.84 19302320394135.832
28.114329480553014 3.3033172571793066e-09 733350396.1012514 39549746180786.375 17480987811907.139
28.050722400280268 3.197436559580863e-09 711454058.1822791 38368871919876.43 16997410260506.117
27.987402485155485 3.098602901907665e-09 691022685.0281868 37267003526997.41 16546549565985.05
27.924367794873596 3.052481961668813e-09 682273858.5778657 36795177415864.88 16373853950059.568
27.86161640657051 3.091832455748854e-09 692625725.3332068 37353455838904.734 16659641304151.572
27.799146414627526 2.9701080870216826e-09 666852476.2829204 35963498918431.09 16075684016539.285
27.736955930478473 3.0778774227001754e-09 692598422.9103456 37351983413308.43 16733688569161.8
27.675043082419368 2.9045811183842312e-09 655064673.1210197 35327780133030.9 15862173279731.01
27.61340601542066 2.980651435967899e-09 673721160.1931473 36333928533918.78 16350267840263.176
27.552042890941948 2.9004933538323836e-09 657063047.5425303 35435552899726.19 15981434357776.693
27.490951886749173 2.99856931286976e-09 680790190.2915789 36715162862861.19 16595253614013.215
27.43013119673424 2.869271411566783e-09 652879032.4351865 35209908056017.43 15950088349375.227
27.369579030737032 2.9104222421908722e-09 663707702.7832224 35793900600396.04 16250430872580.111
27.30929361436977 2.8150100626582272e-09 643366524.0186328 34696896410537.453 15787087866794.652
27.249273188843684 2.919172889505865e-09 668642332.7177197 36060026264802.89 16443371976748.848
27.18951601079797 2.912604482013893e-09 668604062.9509604 36057962367967.52 16478488802161.17
27.130020352131016 2.8953810784425122e-09 666107904.3267086 35923343991075.68 16452891547912.14
27.070784499833785 2.8097167861601267e-09 647814521.9960696 34936777907780.13 16035981059671.121
27.011806755825432 2.7973402296036078e-09 646369167.4125257 34858829621088.94 16035061625701.514
26.95308543679103 2.9803640459918743e-09 690160027.7520207 37220480232683.04 17158641387266.447
26.89461887402142 2.819386733298604e-09 654301976.8493941 35286647757407.74 16302431263922.762
26.83640541325514 2.8258511498131172e-09 657224754.2082132 35444273775336.945 16410698757980.953
26.778443414522407 2.854068766416161e-09 665224260.0451455 35875688863000.87 16646319632432.178
26.720731251991108 3.025025370483922e-09 706593531.1358103 38106742640319.664 17719635327748.254
26.66326731381478 2.8977872564181123e-09 678331689.3636154 36582575373711.234 17047480124149.037
26.60605000198256 2.806058062364091e-09 658271761.307688 35500739095672.02 16578845157679.291
26.549077732171035 2.916759821974207e-09 685709560.7050797 36980465577985.6 17306857890497.154
26.49234893359802 2.706274031856168e-09 637588211.3046069 34385270750542.066 16126691982002.516
26.43586204887819 2.7128472931572205e-09 640502524.522718 34542440295524.062 16234946938897.055
26.37961553388058 2.726518899178091e-09 645102946.5294365 34790542053779.746 16386345307330.232
26.323607857587838 2.668353284865992e-09 632684057.504313 34120788670673.68 16105012252557.074
26.267837501957352 2.81155850050382e-09 668054322.3090585 36028314735719.6 17041392869995.967
26.212302961784083 2.6923935099278915e-09 641094913.2060226 34574387945910.055 16388259886361.607
26.15700274456513 2.5660017426190572e-09 612291095.9239995 33020991822313.39 15684971115598.137
26.101935370366043 2.585960009913721e-09 618355274.1533796 33348034271655.598 15873664313308.658
26.047099371688805 2.6022514768472273e-09 623560894.8609351 33628774527325.742 16040925449533.63
25.992493293341447 2.4767212535923367e-09 594727698.1026132 32073793962189.645 15331273513926.957
25.938115692309353 2.5502071198594194e-09 613657442.4842275 33094679189142.805 15852351331599.848
25.883965137628124 2.5062861769747606e-09 604350418.894955 32592749385039.312 15644519704817.898
25.830040210258062 2.3910351029114596e-09 577763157.677747 31158892611560.918 14987427346160.334
25.776339502960226 2.438073379006098e-09 590356710.3978814 31838065645684.293 15345947641219.568
25.722861620174 2.44535838723387e-09 593351727.3190911 31999587558907.137 15455800790952.322
25.66960517789621 2.3919716680075103e-09 581601900.8630675 31365916865505.258 15181103762904.523
25.616568803561712 2.4355626740034155e-09 593427033.353456 32003648829700.535 15521769682404.03
25.5637511359255 2.443320283124224e-09 596547175.9615352 32171918798399.582 15635552536022.67
25.51115082494623 2.4782676343541753e-09 606327309.4170257 32699363520370.47 15924590034420.496
25.458766531671188 2.539028452430037e-09 622471087.361113 33570000972101.625 16382160474385.629
25.40659692812268 2.652856807565109e-09 651712852.8177544 35147015735898.906 17186890694854.639
25.354640697185825 2.491767411998826e-09 613393283.215284 33080433022380.555 16209412180966.43
25.30289653249769 2.429174546389638e-09 599207798.6730908 32315406759249.242 15866864718790.652
25.251363138337815 2.507426975632374e-09 619772698.3161844 33424476264688.496 16444842322226.477
25.200039229520055 2.4655257746674893e-09 610656951.0638105 32932862034988.383 16235900983249.623
25.148923531285735 2.529109586035513e-09 627678455.5650373 33850835470630.58 16722312722490.604
25.09801477919811 2.371128469358483e-09 589664101.7905169 31800713113021.156 15741352990945.377
25.047311719038113 2.2189989814818257e-09 552948847.296523 29820651461837.5 14791043125071.285
24.996813106701342 2.2689209506536914e-09 566531023.4970912 30553141175037.332 15184911163993.33
24.94651770809631 2.2481482008166835e-09 562475979.9979358 30334451798177.023 15106556995492.457
24.896424299043908 2.3175540866690305e-09 581007684.4047139 31333870642813.797 15635601450763.883
24.846531665178087 2.3727260553920388e-09 596033678.8367305 32144225786902.54 16072112893451.451
24.796838601847732 2.1847004734503117e-09 549901066.9861783 29656284007575.855 14857798287795.05
24.74734391401969 2.256550871629317e-09 569122177.8873596 30692882694228.11 15407827112503.252
24.698046416183 2.156952943171925e-09 545088529.1877337 29396742798590.61 14786561627690.783
24.648944932254206 2.173723771919002e-09 550421000.1572545 29684324116446.53 14960899354688.568
24.60003829548386 2.160453986206944e-09 548148478.1829041 29561766512668.535 14928692088897.266
24.551325348364088 2.0795821972942565e-09 528676643.73471266 28511646250656.785 14426893002832.266
24.50280494253728 2.0082703691713813e-09 511558555.7889687 27588464048869.2 13987351272775.887
24.454475938705844 2.030185924598687e-09 518163034.0450996 27944644996033.285 14195879657985.482
24.40633720654304 2.0144917322529908e-09 515171532.723323 27783312679851.625 14141706154044.6
24.35838762460484 2.021301300731103e-09 517930507.6732411 27932104798283.02 14245373447123.86
24.31062608024287 1.9376658748733395e-09 497475528.5241558 26828963328965.664 13709600261101.49
24.263051469518324 1.9635683750478023e-09 505114207.43007475 27240918941851.035 13947350498227.188
24.21566269711692 1.947133025410208e-09 501866536.96430683 27065771368081.64 13884740711826.375
24.16845867626484 1.9440817880267694e-09 502058763.55224615 27076138189730.086 13917135029521.37
24.12143832864565 1.9915091422312483e-09 515309416.53984886 27790748784031.875 14312235623775.885
24.07460058431818 1.9143598468632086e-09 496310497.12948376 26766132932750.04 13811324593299.193
24.027944381635393 1.9286281391926446e-09 500980539.1413841 27017989313009.996 13968300474825.873
23.981468667164144 1.8937200907736527e-09 492866142.21202534 26580378123771.637 13768635868113.22
23.93517239560591 1.8871825802453364e-09 492114695.47483444 26539852437984.49 13774183415313.572
23.889054529718422 1.8327305659815924e-09 478838030.7535318 25823839025233.26 13428396293121.543
23.843114040238195 1.8152144478474053e-09 475175388.4630749 25626311930806.516 13351308515949.756
23.797349905803955 1.8612918000007158e-09 488174221.7384939 26327341833322.855 13742872436994.79
23.75176111288096 1.9268584868289446e-09 506340864.08947176 27307072801981.254 14281599075435.879
23.706346655686158 1.9305792339742755e-09 508290478.6579682 27412215939210.504 14364001152146.56
23.66110553611424 1.7915663389149625e-09 472592512.0984064 25487016847334.727 13380683844850.54
23.616036763664496 1.783324352136473e-09 471316125.3621228 25418181033354.242 13369963223544.918
23.571139355368558 1.756648584358535e-09 465150282.89358485 25085655809507.88 13220140611610.541
23.526412335718902 1.7813156063341668e-09 472578699.9854079 25486271957080.062 13456751593338.354
23.481854736598223 1.7088430981841438e-09 454212170.0758576 24495761008962.64 12958257573740.807
23.437465597209567 1.6740864240396361e-09 445816565.46036315 24042984228119.12 12742781640902.678
23.393243964007283 1.6570388142086546e-09 442110883.5865641 23843135999612.465 12660705215793.336
23.349188890628735 1.6530744443496049e-09 441885334.5500615 23830972091073.758 12678077152451.984
23.305299437826804 1.6275613898705623e-09 435884741.2356774 23507358790010.99 12529422235075.94
23.261574673403114 1.5571690722279062e-09 417816545.12938434 22532937048715.71 12032588384013.383
23.218013672142057 1.553819155624528e-09 417699911.6624155 22526646980503.67 12051756134569.37
23.17461551574553 1.526206055715726e-09 411045227.0622389 22167758394297.965 11881918499344.117
23.131379292768393 1.6026621895232614e-09 432443562.02471244 23321775247573.695 12523793307947.299
23.088304098554673 1.6521392075151726e-09 446625565.0345263 24086613750907.434 12958598197988.008
23.04538903517446 1.581479784730143e-09 428320218.9091821 23099402457564.312 12450577924627.26
23.00263321136152 1.557817363720803e-09 422695827.31341064 22796077796915.47 12309882010334.44
22.96003574245159 1.5012285427357223e-09 408096836.3721076 22008751043846.645 11906734314720.473
22.917595750321365 1.4691917494898228e-09 400127500.47361064 21578963027516.906 11695797960914.4
22.875312363328153 1.4787674652647983e-09 403479829.6020906 21759754865703.266 11815546892076.262
22.833184716250198 1.511689032662827e-09 413223438.3690713 22285229803287.9 12123165012987.875
22.791211950227677 1.4877403531080821e-09 407425960.24303716 21972570548459.25 11975050948910.264
22.749393212704323 1.4594375489676099e-09 400409776.94272745 21594186258820.43 11790425697316.602
22.707727657369702 1.4562348656892384e-09 400264176.64250755 21586334002998.168 11807724699639.338
22.666214444102113 1.4220270498611925e-09 391577599.05594265 21117864986611.47 11572590012663.166
22.624852738912146 1.3793966035501491e-09 380533035.9676065 20522229299846.164 11266703885615.629
22.583641713886806 1.4022435034484636e-09 387541696.66940254 20900207894112.875 11495114341762.422
22.542580547134285 1.3950538260375461e-09 386256952.1269936 20830921341832.332 11477837659349.87
22.501668422729324 1.3360345298222748e-09 370588498.64939356 19985918241842.21 11032226869496.412
22.46090453065916 1.3495555680206304e-09 375018337.58756316 20224820418152.188 11184325691238.096
22.420288066770084 1.4701873990866707e-09 409279962.1517706 22072557274175.805 12228196729893.078
22.37981823271454 1.3647199129439058e-09 380606278.74930763 20526179298975.168 11392029510931.473
22.33949423589884 1.305306279952433e-09 364693536.0439376 19668001627860.02 10935408905089.67
22.299315289431394 1.3496746437496837e-09 377769190.6511652 20373174521490.094 11347858208469.834
22.259280612071553 1.3004290460264817e-09 364640171.0921651 19665123644417.49 10973138993584.432
22.21938942817895 1.3148860301125666e-09 369355835.9681803 19919440475650.645 11134967225888.78
22.179640967663424 1.2966089495610932e-09 364874470.7132254 19677759473882.438 11019545305374.191
22.140034465935454 1.3468583032207335e-09 379692999.68734366 20476925960755.227 11487555463983.773
22.100569163857138 1.242964075578318e-09 351029886.1628096 18931118021367.586 10639288328008.682
22.06124430769369 1.300583279137314e-09 367957057.3408045 19844004040394.145 11172174274742.41
22.022059149065463 1.3217301034058254e-09 374605225.81320655 20202541210413.35 11394233242672.736
21.98301294490045 1.2720465139986357e-09 361164247.00392395 19477666303200.426 11004881461308.035
21.944104957387353 1.1794655464516633e-09 335472065.161619 18092081354864.93 10240118046853.742
21.905334453929072 1.1724757591914297e-09 334074216.77968067 18016695087946.965 10215466114865.418
21.866700707096744 1.180535801129325e-09 336965063.97772783 18172599105368.97 10322036291849.436
21.82820299458425 1.1870914236764917e-09 339433856.40655404 18305741617396.25 10415966980297.877
21.789840599163185 1.2186962596204122e-09 349084366.6251015 18826195730038.39 10730931566122.223
21.75161280863834 1.2052679302474767e-09 345844689.90051633 18651479260467.61 10649994657727.555
21.713518915803597 1.1445044176461171e-09 328985106.0271531 17742238239463.055 10148560272972.201
21.675558218398344 1.1233098822924306e-09 323458273.12429297 17444174940317.365 9995512240801.598
21.637730019064314 1.094918161549145e-09 315834040.7837527 17032998433841.355 9776941101024.883
21.600033625302878 1.1182393538382763e-09 323124076.93688184 17426151667326.768 10020037208713.367
21.562468349432788 1.2400065321476247e-09 358933895.92397904 19357382984919.266 11149852599313.06
21.525033508548354 1.1810781853142748e-09 342470988.0573 18469534787132.332 10656921572175.928
21.48772842447808 1.2296277610310947e-09 357167659.5527333 19262129473706.33 11133510835802.342
