string
integrated and resized binned spectra ROIsize spatial in px50:1600
converted file:an 21 2019_18.35.24_42 binning:0.1
nm muJ
28.1 0.0002535451252307005
28.200000000000003 0.0020852665744478575
28.300000000000004 0.0020747083593752234
28.400000000000006 0.002080320989757126
28.500000000000007 0.0021083561325497603
28.60000000000001 0.0021327376703398275
28.70000000000001 0.002158600881931301
28.80000000000001 0.002176219753189487
28.900000000000013 0.002179397367971722
29.000000000000014 0.0021864786910799237
29.100000000000016 0.0021871526797475186
29.200000000000017 0.0021994543754719977
29.30000000000002 0.0022781628616800045
29.40000000000002 0.0022695291951276395
29.50000000000002 0.0023055373721623837
29.600000000000023 0.0023378686227330777
29.700000000000024 0.002336303285885316
29.800000000000026 0.002346857699461515
29.900000000000027 0.0023425476184698894
30.00000000000003 0.002361606692495375
30.10000000000003 0.0024429125613118262
30.20000000000003 0.0024364998233652535
30.300000000000033 0.0024744668743633597
30.400000000000034 0.002513063689540675
30.500000000000036 0.002539363931858421
30.600000000000037 0.0026040546528937713
30.70000000000004 0.002572092563469216
30.80000000000004 0.002577413803411747
30.90000000000004 0.002644869722181986
31.000000000000043 0.002665012693822855
31.100000000000044 0.0026804634530966554
31.200000000000045 0.0027056066961483635
31.300000000000047 0.0027946260234819283
31.40000000000005 0.002756918236819791
31.50000000000005 0.0026957049725700524
31.60000000000005 0.002728999190386779
31.700000000000053 0.0026426026739313035
31.800000000000054 0.002615858040431058
31.900000000000055 0.002682261978802129
32.00000000000006 0.002650786781525083
32.10000000000006 0.0027447511707973248
32.20000000000006 0.0027513744103936687
32.30000000000006 0.0027594466272941086
32.40000000000006 0.0028392458509663254
32.500000000000064 0.002706274860955631
32.600000000000065 0.0027238999987242627
32.70000000000007 0.0026216944624302308
32.80000000000007 0.0026271595157261432
32.90000000000007 0.00256848432102597
33.00000000000007 0.002651197034346126
33.10000000000007 0.002679512866649867
33.200000000000074 0.0027883079317529776
33.300000000000075 0.0027822540405841537
33.40000000000008 0.0028570105568771326
33.50000000000008 0.002782895903229116
33.60000000000008 0.0027792117273214016
33.70000000000008 0.002701583734432952
33.80000000000008 0.002594601834280927
33.900000000000084 0.0025988302325464304
34.000000000000085 0.002546741323988275
34.10000000000009 0.0026427549372309805
34.20000000000009 0.002696858612384109
34.30000000000009 0.002771433295850474
34.40000000000009 0.0029031811779585575
34.50000000000009 0.0028525907550492036
34.600000000000094 0.0029424192340064105
34.700000000000095 0.002887808121671642
34.8000000000001 0.002721258443076247
34.9000000000001 0.0026928995114123937
35.0000000000001 0.0026479180211536426
35.1000000000001 0.0025828879008997834
35.2000000000001 0.0025544247246642583
35.300000000000104 0.002626046047332136
35.400000000000105 0.002740378622564739
35.50000000000011 0.0028594991716983154
35.60000000000011 0.003005069421613584
35.70000000000011 0.0030721220878009384
35.80000000000011 0.003152472565479913
35.90000000000011 0.0031492857380388296
36.000000000000114 0.002854444910081025
36.100000000000115 0.002785071177281406
36.20000000000012 0.0026824937055325614
36.30000000000012 0.002610030312271514
36.40000000000012 0.002575069919927723
36.50000000000012 0.0025471707186174772
36.60000000000012 0.00266573200309334
36.700000000000124 0.0027875825597824468
36.800000000000125 0.0029600000247012874
36.90000000000013 0.0031381527731629117
37.00000000000013 0.0032856855081143327
37.10000000000013 0.0033916222494203446
37.20000000000013 0.003488936793149357
37.30000000000013 0.0030835234731541447
37.400000000000134 0.0029866016945255995
37.500000000000135 0.002760176077422031
37.600000000000136 0.0026916994266093217
37.70000000000014 0.002607582238028087
37.80000000000014 0.0026192922864007816
37.90000000000014 0.0026054203956467677
38.00000000000014 0.002678465398205592
38.10000000000014 0.002852916038021536
38.200000000000145 0.0030409388955239688
38.300000000000146 0.0032910162231019214
38.40000000000015 0.003511396760549746
38.50000000000015 0.0038226170860036776
38.60000000000015 0.003973542863796189
38.70000000000015 0.003795483480208971
38.80000000000015 0.0031920455009526146
38.900000000000155 0.00306417834552109
39.000000000000156 0.0027957464939967268
39.10000000000016 0.0027214984084386173
39.20000000000016 0.0026795365871905776
39.30000000000016 0.002767724945221496
39.40000000000016 0.0028002280650939286
39.50000000000016 0.0028725837401124155
39.600000000000165 0.002987365517950665
39.700000000000166 0.0032594763631317736
39.80000000000017 0.0035956883940613388
39.90000000000017 0.0038485882893758085
40.00000000000017 0.004343331722890477
40.10000000000017 0.004777533864936816
40.20000000000017 0.004757501417962349
40.300000000000175 0.004380975332894781
40.400000000000176 0.0034905849362800246
40.50000000000018 0.0033574339664676225
40.60000000000018 0.0028947401440534864
40.70000000000018 0.0027735105593153534
40.80000000000018 0.0027625014010237443
40.90000000000018 0.0027816627420997097
41.000000000000185 0.0027766863115274345
41.100000000000186 0.002761094044083255
41.20000000000019 0.0028320842593765687
41.30000000000019 0.003214004233653902
41.40000000000019 0.003419223398665118
41.50000000000019 0.0036368183706845967
41.60000000000019 0.004244015949601839
41.700000000000195 0.005000498927036485
41.800000000000196 0.005501998696082365
41.9000000000002 0.005153385897629767
42.0000000000002 0.004616217454088535
42.1000000000002 0.0038251505719472784
42.2000000000002 0.003549668448648677
42.3000000000002 0.0027182196934594756
42.400000000000205 0.002836801616089711
42.500000000000206 0.0027090683032414352
42.60000000000021 0.002836802619729815
42.70000000000021 0.0028102243692409313
42.80000000000021 0.002513233623884014
42.90000000000021 0.0024788035700392197
43.00000000000021 0.0026454006124712625
43.100000000000215 0.0031056803179057213
43.200000000000216 0.003089019806199589
43.30000000000022 0.0034460559900431785
43.40000000000022 0.00405432198573993
43.50000000000022 0.0050113448017807495
43.60000000000022 0.005709630741306838
43.70000000000022 0.0060414801444573524
43.800000000000225 0.0055306466317488895
43.900000000000226 0.004738845484261139
44.00000000000023 0.0037597702700369827
44.10000000000023 0.0036292739377715875
44.20000000000023 0.002690630042258704
44.30000000000023 0.002551857841886482
44.40000000000023 0.0023610544318717007
44.500000000000234 0.002508633634924255
44.600000000000236 0.002705781902897544
44.70000000000024 0.0025782101467884413
44.80000000000024 0.002346571438181856
44.90000000000024 0.0023013247480894185
45.00000000000024 0.002191836892662534
45.10000000000024 0.002536274136602876
45.200000000000244 0.0028337383932085874
45.300000000000246 0.0032995008913297434
45.40000000000025 0.0038978183195922684
45.50000000000025 0.005142847011139599
45.60000000000025 0.005906488363205341
45.70000000000025 0.006800053621273125
45.80000000000025 0.0066852502696095354
45.900000000000254 0.005399643637378721
46.000000000000256 0.005154525001841915
46.10000000000026 0.003823535563428558
46.20000000000026 0.003874236331873253
46.30000000000026 0.0026685504587581144
46.40000000000026 0.002894696692963787
46.50000000000026 0.0022098804088777286
46.600000000000264 0.00254204930142907
46.700000000000266 0.0027568059335144317
46.80000000000027 0.0029746016247834965
46.90000000000027 0.0028539787545037946
47.00000000000027 0.003218270435145581
47.10000000000027 0.002327194809481689
47.20000000000027 0.0023221673191099685
47.300000000000274 0.0024966557477734868
47.400000000000276 0.002525001963213494
47.50000000000028 0.0031967776115721515
47.60000000000028 0.00394990561786909
47.70000000000028 0.00505991374792347
47.80000000000028 0.006484243077376062
47.90000000000028 0.007540771900178891
48.000000000000284 0.0072599935455473965
48.100000000000286 0.007717052133545877
48.20000000000029 0.006715779880702438
48.30000000000029 0.005251174017958484
48.40000000000029 0.004529021119968352
48.50000000000029 0.0044010641796855795
48.60000000000029 0.0039700013649721375
48.700000000000294 0.0036625252990775043
48.800000000000296 0.0036049352883461617
48.9000000000003 0.004092692807838754
49.0000000000003 0.004336516894153539
49.1000000000003 0.006922717790325764
49.2000000000003 0.007904706942178888
49.3000000000003 0.005910975299635658
49.400000000000304 0.006484179911645595
49.500000000000306 0.005261219413119144
49.60000000000031 0.003928865818804279
49.70000000000031 0.00373762261763022
49.80000000000031 0.002933353502116091
49.90000000000031 0.003760385260973745
50.00000000000031 0.0040623495999736
50.100000000000314 0.004973523997262515
50.200000000000315 0.006397351250504369
50.30000000000032 0.007882521025619777
50.40000000000032 0.009440239691987061
50.50000000000032 0.009509307361935476
50.60000000000032 0.010339161038597184
50.70000000000032 0.009264736868434969
50.800000000000324 0.007808088499535109
50.900000000000325 0.0075607596542920106
51.00000000000033 0.005772879588661303
51.10000000000033 0.006286523723359954
51.20000000000033 0.0063527181548663275
51.30000000000033 0.00543674740659449
51.40000000000033 0.010504193432349998
51.500000000000334 0.007316702393805697
51.600000000000335 0.007786236829945683
51.70000000000034 0.020722940042808502
51.80000000000034 0.016376862142922822
51.90000000000034 0.008463038917840296
52.00000000000034 0.011641313126386851
52.10000000000034 0.01353396562761638
52.200000000000344 0.008842379714454738
52.300000000000345 0.007503070788772072
52.40000000000035 0.00569263017879458
52.50000000000035 0.004011004994430288
52.60000000000035 0.005244337609069804
52.70000000000035 0.004575645354117528
52.80000000000035 0.005744210079862105
52.900000000000354 0.0061163380252966795
53.000000000000355 0.007968137404073353
53.10000000000036 0.009535182559710696
53.20000000000036 0.012162352612017521
53.30000000000036 0.01256368336971388
53.40000000000036 0.012739325033581618
53.50000000000036 0.01213417819317783
53.600000000000364 0.010446347186527996
53.700000000000365 0.00855159895152756
53.80000000000037 0.007612723672911963
53.90000000000037 0.0074572996865327505
54.00000000000037 0.00596480106031828
54.10000000000037 0.010445322983748267
54.20000000000037 0.008345094872357506
54.300000000000374 0.015590937684641898
54.400000000000375 0.014084802635503777
54.50000000000038 0.019917714427113126
54.60000000000038 0.02654152159443665
54.70000000000038 0.026357000739943615
54.80000000000038 0.012280202000927389
54.90000000000038 0.01365506900508555
55.000000000000384 0.020139556979261862
55.100000000000385 0.011498615403582896
55.20000000000039 0.009577933128260331
55.30000000000039 0.010568981883006538
55.40000000000039 0.007709195868760736
55.50000000000039 0.006906631579066725
55.60000000000039 0.007107075184514563
55.700000000000394 0.0059771363271675084
55.800000000000395 0.006200129692860368
55.9000000000004 0.007153594548897306
56.0000000000004 0.007355764664530522
56.1000000000004 0.010479403268593477
56.2000000000004 0.011566971169503207
56.3000000000004 0.014623489730389665
56.400000000000404 0.016421665619939383
56.500000000000405 0.01698994253736597
56.600000000000406 0.015331066642296056
56.70000000000041 0.0126171363257025
56.80000000000041 0.010209338687052864
56.90000000000041 0.008755729878046715
57.00000000000041 0.007920031817597407
57.10000000000041 0.007866027474066272
57.200000000000415 0.007317324204366444
57.300000000000416 0.007366129867682557
57.40000000000042 0.01042920052348644
57.50000000000042 0.011173370251168649
57.60000000000042 0.012528741812487466
57.70000000000042 0.033603309572309906
57.80000000000042 0.023746527886412263
