string
integrated and resized binned spectra ROIsize spatial in px50:1600
converted file:an 21 2019_16.37.46_11 binning:0.1
nm muJ
28.1 0.0002868467920757983
28.200000000000003 0.0023439677142882754
28.300000000000004 0.0023441358955990244
28.400000000000006 0.002346009519522827
28.500000000000007 0.002353076232096565
28.60000000000001 0.0023802406506498374
28.70000000000001 0.0023778785867316623
28.80000000000001 0.0024025270264619904
28.900000000000013 0.002435774672413561
29.000000000000014 0.00245901173888814
29.100000000000016 0.002462809755862026
29.200000000000017 0.0024576281210965385
29.30000000000002 0.002545062011757623
29.40000000000002 0.0024973770947019683
29.50000000000002 0.0025366933463125377
29.600000000000023 0.0025484107012388574
29.700000000000024 0.0025749781278379363
29.800000000000026 0.0025918140560181368
29.900000000000027 0.002611919121273277
30.00000000000003 0.00263369254606291
30.10000000000003 0.0027118701258402817
30.20000000000003 0.002663079312381693
30.300000000000033 0.0026826731898133022
30.400000000000034 0.0027006755373692134
30.500000000000036 0.0026934780588457378
30.600000000000037 0.0027610588049869094
30.70000000000004 0.002789244192993219
30.80000000000004 0.002820173628102938
30.90000000000004 0.0028901447658456736
31.000000000000043 0.0028391638161421187
31.100000000000044 0.0028444305718105197
31.200000000000045 0.002856173482305265
31.300000000000047 0.0029294170802094833
31.40000000000005 0.002917558594653884
31.50000000000005 0.0028448685890896212
31.60000000000005 0.002857667177075022
31.700000000000053 0.002810318680913487
31.800000000000054 0.002829386784579352
31.900000000000055 0.002896691877432675
32.00000000000006 0.0027583900521084576
32.10000000000006 0.002792688850326231
32.20000000000006 0.002785222646968095
32.30000000000006 0.0027634706579141625
32.40000000000006 0.0028805336443022073
32.500000000000064 0.0027282372784457973
32.600000000000065 0.002791280085414011
32.70000000000007 0.0027666170403071017
32.80000000000007 0.0027721043660451725
32.90000000000007 0.002742856158723203
33.00000000000007 0.0027914547818190883
33.10000000000007 0.0026812145263201506
33.200000000000074 0.0027372038835022814
33.300000000000075 0.0026977811967219298
33.40000000000008 0.0027724953654932453
33.50000000000008 0.002600833756205032
33.60000000000008 0.002653535581985112
33.70000000000008 0.002650037819711757
33.80000000000008 0.0026600955720322388
33.900000000000084 0.0026584916181589704
34.000000000000085 0.0025990293443189385
34.10000000000009 0.002758026834715529
34.20000000000009 0.0026741382750695196
34.30000000000009 0.0026141603736449305
34.40000000000009 0.0026405081642242134
34.50000000000009 0.002654152478162073
34.600000000000094 0.002614149029702577
34.700000000000095 0.0025379147612402944
34.8000000000001 0.002482837559174247
34.9000000000001 0.0025781360571977582
35.0000000000001 0.002604769343065319
35.1000000000001 0.002571547776966528
35.2000000000001 0.0025208279626004505
35.300000000000104 0.002661180475954913
35.400000000000105 0.0028544601666337563
35.50000000000011 0.002522017856447025
35.60000000000011 0.0026278880577455823
35.70000000000011 0.002725330909423055
35.80000000000011 0.0026097978505744907
35.90000000000011 0.002460390778280323
36.000000000000114 0.002371709312993639
36.100000000000115 0.0024522303621877716
36.20000000000012 0.0024639376361982636
36.30000000000012 0.0024074580595670044
36.40000000000012 0.002394499804756533
36.50000000000012 0.002424443334836028
36.60000000000012 0.0025352940750209534
36.700000000000124 0.0028362015725200635
36.800000000000125 0.002704338410384616
36.90000000000013 0.002509476262952521
37.00000000000013 0.0027069757961180403
37.10000000000013 0.002620816545660886
37.20000000000013 0.0025184802533309994
37.30000000000013 0.0024225973639365028
37.400000000000134 0.0024330499432371295
37.500000000000135 0.0024152421258147854
37.600000000000136 0.00236318665097774
37.70000000000014 0.00241276423868475
37.80000000000014 0.002475971352789915
37.90000000000014 0.002481083354894428
38.00000000000014 0.002532851691167172
38.10000000000014 0.002659534028242077
38.200000000000145 0.0031570049892054477
38.300000000000146 0.0027922440616250464
38.40000000000015 0.0025591795645831515
38.50000000000015 0.0027424961206646927
38.60000000000015 0.002872021462483395
38.70000000000015 0.0026550426609348566
38.80000000000015 0.002510338735553177
38.900000000000155 0.0026096962052319264
39.000000000000156 0.0026898318323601276
39.10000000000016 0.002677788048094834
39.20000000000016 0.0026792398158011006
39.30000000000016 0.002641546978768668
39.40000000000016 0.00264569199848728
39.50000000000016 0.0028952142561225118
39.600000000000165 0.002552128286858783
39.700000000000166 0.003037409172480492
39.80000000000017 0.00476941643212364
39.90000000000017 0.003634684428765201
40.00000000000017 0.0027483943073888417
40.10000000000017 0.00351051742252467
40.20000000000017 0.003719643629396036
40.300000000000175 0.003716590629572418
40.400000000000176 0.003503388619041282
40.50000000000018 0.0037594032729329216
40.60000000000018 0.004046579504421747
40.70000000000018 0.004159365324483284
40.80000000000018 0.004138888902150869
40.90000000000018 0.0033572231061251086
41.000000000000185 0.0032845467422902763
41.100000000000186 0.003986415827855178
41.20000000000019 0.0035900449650158243
41.30000000000019 0.004621275290418256
41.40000000000019 0.007459569419329394
41.50000000000019 0.007007831334268493
41.60000000000019 0.007327383592509151
41.700000000000195 0.004522711108087664
41.800000000000196 0.004439244761765795
41.9000000000002 0.006341876177181722
42.0000000000002 0.007264949322569882
42.1000000000002 0.007460001715810329
42.2000000000002 0.007360837686418322
42.3000000000002 0.008106650546690863
42.400000000000205 0.009308961989495233
42.500000000000206 0.0096566997800326
42.60000000000021 0.008995965150536054
42.70000000000021 0.008285929420519462
42.80000000000021 0.011469590528857192
42.90000000000021 0.01052071941651979
43.00000000000021 0.012173436833659406
43.100000000000215 0.03992135827341712
43.200000000000216 0.030900091967126044
43.30000000000022 0.013088947624420737
43.40000000000022 0.01482367618055897
43.50000000000022 0.017175176351015228
43.60000000000022 0.01246506222477341
43.70000000000022 0.010075279322721615
43.800000000000225 0.016241219082025457
43.900000000000226 0.02126499432838201
44.00000000000023 0.022735233744404424
44.10000000000023 0.020689563592720044
44.20000000000023 0.023190568012076588
44.30000000000023 0.024626793350809917
44.40000000000023 0.025217121730330538
44.500000000000234 0.027470210949107947
44.600000000000236 0.023836068774873653
44.70000000000024 0.03358946176753988
44.80000000000024 0.02796071559846867
44.90000000000024 0.044165340433685724
45.00000000000024 0.11696414873024223
45.10000000000024 0.09558252745144609
45.200000000000244 0.027873647689831645
45.300000000000246 0.026204016959380884
45.40000000000025 0.01799955321554731
45.50000000000025 0.02338991761738784
45.60000000000025 0.033982786307169666
45.70000000000025 0.03435477835865963
45.80000000000025 0.02635177863673387
45.900000000000254 0.0364548918935789
46.000000000000256 0.04665263464872353
46.10000000000026 0.04690510173034397
46.20000000000026 0.05169603614114707
46.30000000000026 0.04891907696695142
46.40000000000026 0.05599045456295327
46.50000000000026 0.059146815509314235
46.600000000000264 0.05867382828423854
46.700000000000266 0.06211773111338746
46.80000000000027 0.06784029178732397
46.90000000000027 0.05592182280381968
47.00000000000027 0.09342404580210789
47.10000000000027 0.23432077961009212
47.20000000000027 0.17861705894632984
47.300000000000274 0.058022282808203415
47.400000000000276 0.040970518600369384
47.50000000000028 0.0352379951160505
47.60000000000028 0.02792427236947498
47.70000000000028 0.024201802476377966
47.80000000000028 0.026473180596680596
47.90000000000028 0.0469374513050021
48.000000000000284 0.07074111296423029
48.100000000000286 0.06437943618541832
48.20000000000029 0.05148095552232718
48.30000000000029 0.06661162274520828
48.40000000000029 0.08179538140305996
48.50000000000029 0.08743904187855607
48.60000000000029 0.09089089326205158
48.700000000000294 0.08994779315633292
48.800000000000296 0.09526253928717238
48.9000000000003 0.09199086976540223
49.0000000000003 0.10654399246848935
49.1000000000003 0.12067486278638632
49.2000000000003 0.08996759883494383
49.3000000000003 0.1477011054619664
49.400000000000304 0.32652827030771914
49.500000000000306 0.27991341564478
49.60000000000031 0.1115497236816068
49.70000000000031 0.05836520054327943
49.80000000000031 0.05704117006410539
49.90000000000031 0.04252322997456842
50.00000000000031 0.03584926372273984
50.100000000000314 0.02870215511146604
50.200000000000315 0.026115802289995254
50.30000000000032 0.02645050334872155
50.40000000000032 0.03807462800135729
50.50000000000032 0.06914720777745206
50.60000000000032 0.11798932401886693
50.70000000000032 0.11124218519679872
50.800000000000324 0.08344944808868929
50.900000000000325 0.07320778600200935
51.00000000000033 0.10562729747009864
51.10000000000033 0.12488702092424321
51.20000000000033 0.12571925550444793
51.30000000000033 0.13457845299547203
51.40000000000033 0.12266073021896616
51.500000000000334 0.12653664425474015
51.600000000000335 0.1540464006220643
51.70000000000034 0.14451672628444165
51.80000000000034 0.14830674115062709
51.90000000000034 0.27771159505009324
52.00000000000034 0.39213121834261655
52.10000000000034 0.278891996870603
52.200000000000344 0.11615806904208545
52.300000000000345 0.0708468273138494
52.40000000000035 0.06216175692572288
52.50000000000035 0.05358505768975777
52.60000000000035 0.045569535616479924
52.70000000000035 0.033732295917478186
52.80000000000035 0.02623900340621768
52.900000000000354 0.02562453333294725
53.000000000000355 0.026259927929137963
53.10000000000036 0.027530771887456406
53.20000000000036 0.03046905164245613
53.30000000000036 0.03953348183647121
53.40000000000036 0.07028218485908296
53.50000000000036 0.11561881329207224
53.600000000000364 0.14994129145706536
53.700000000000365 0.13190275250631045
53.80000000000037 0.10005218605817733
53.90000000000037 0.09380873348789004
54.00000000000037 0.13395777603647005
54.10000000000037 0.1609390863125416
54.20000000000037 0.15190625819321732
54.300000000000374 0.15500787122930257
54.400000000000375 0.17473001900968793
54.50000000000038 0.1589967239783505
54.60000000000038 0.12355243221411463
54.70000000000038 0.19791949622866922
54.80000000000038 0.40362630392547727
54.90000000000038 0.4616442507795865
55.000000000000384 0.301108577872447
55.100000000000385 0.1280593180884821
55.20000000000039 0.0911058271130116
55.30000000000039 0.097564184663615
55.40000000000039 0.07775352825159199
55.50000000000039 0.0567483987790754
55.60000000000039 0.044603322098613084
55.700000000000394 0.03335756581053329
55.800000000000395 0.035781547994949044
55.9000000000004 0.03520584187303714
56.0000000000004 0.030083971946112533
56.1000000000004 0.026059099602210336
56.2000000000004 0.024683439365525753
56.3000000000004 0.026875590511327874
56.400000000000404 0.029916696625979528
56.500000000000405 0.03977461247400724
56.600000000000406 0.04439384094577623
56.70000000000041 0.06562009043395611
56.80000000000041 0.09882937893825863
56.90000000000041 0.13827678377488822
57.00000000000041 0.16347606349039792
57.10000000000041 0.13990501646100229
57.200000000000415 0.11529437392888048
57.300000000000416 0.1033009676178391
57.40000000000042 0.12681760461144362
57.50000000000042 0.15004872789766774
57.60000000000042 0.1631927149815217
57.70000000000042 0.14383444836059292
57.80000000000042 0.11988679653543383
