string
integrated and resized binned spectra ROIsize spatial in px50:1600
converted file:an 21 2019_16.35.44_10 binning:0.1
nm muJ
28.1 0.0003121254499214812
28.200000000000003 0.0025648686117300907
28.300000000000004 0.0025772374380987127
28.400000000000006 0.002571087351079226
28.500000000000007 0.0025994523637569555
28.60000000000001 0.00263065524063097
28.70000000000001 0.002652582702846502
28.80000000000001 0.0026725154609763373
28.900000000000013 0.0026777781409814635
29.000000000000014 0.0026982054670711434
29.100000000000016 0.0026992361086102122
29.200000000000017 0.0027038807482479515
29.30000000000002 0.002799861344116913
29.40000000000002 0.0027850381228161658
29.50000000000002 0.002831510135359963
29.600000000000023 0.0028398144280194926
29.700000000000024 0.002841974279758276
29.800000000000026 0.0028613844351240633
29.900000000000027 0.002881008260009356
30.00000000000003 0.002885440440609845
30.10000000000003 0.002972460284546062
30.20000000000003 0.002965869853054866
30.300000000000033 0.0030175623383609626
30.400000000000034 0.003032660639766578
30.500000000000036 0.0030342234083012756
30.600000000000037 0.0030940187143190883
30.70000000000004 0.0030886120279791933
30.80000000000004 0.003120041656947818
30.90000000000004 0.003208666197048766
31.000000000000043 0.0032065796199914716
31.100000000000044 0.0032357945380997394
31.200000000000045 0.0032730433528571114
31.300000000000047 0.0033424242940263355
31.40000000000005 0.0032866174706382423
31.50000000000005 0.0032234302708209414
31.60000000000005 0.003235097618415631
31.700000000000053 0.0031655409952275333
31.800000000000054 0.003164802886964978
31.900000000000055 0.003237721346387754
32.00000000000006 0.003151233144192765
32.10000000000006 0.003243931611081159
32.20000000000006 0.0032865076138432476
32.30000000000006 0.0032269859798535285
32.40000000000006 0.0033170729113841135
32.500000000000064 0.003205587962379209
32.600000000000065 0.003263900473483577
32.70000000000007 0.0031029885748133238
32.80000000000007 0.0031520468766912464
32.90000000000007 0.0031061956751871475
33.00000000000007 0.003164099113129667
33.10000000000007 0.0031446222261056526
33.200000000000074 0.003239521220532161
33.300000000000075 0.0032299438671602745
33.40000000000008 0.0032771445762771207
33.50000000000008 0.0031922083891798773
33.60000000000008 0.0032041488144451194
33.70000000000008 0.0031902197306807587
33.80000000000008 0.003008387925189761
33.900000000000084 0.0030598768707387936
34.000000000000085 0.003044940797953217
34.10000000000009 0.003104973874477148
34.20000000000009 0.0031274337906900267
34.30000000000009 0.003166070104470943
34.40000000000009 0.0032781902019414343
34.50000000000009 0.003213359615437281
34.600000000000094 0.0033333906070044015
34.700000000000095 0.0033696550979529795
34.8000000000001 0.00313804458622712
34.9000000000001 0.0031487808534904366
35.0000000000001 0.0030911796020353945
35.1000000000001 0.0030447218928308754
35.2000000000001 0.0030309743672220905
35.300000000000104 0.0031220844031541136
35.400000000000105 0.0031833612140957364
35.50000000000011 0.0031765512563849516
35.60000000000011 0.0033331829910417583
35.70000000000011 0.0034057366645452885
35.80000000000011 0.00347595606749772
35.90000000000011 0.0034732467706416
36.000000000000114 0.0033031868183885003
36.100000000000115 0.003317567846710881
36.20000000000012 0.0030717660765285444
36.30000000000012 0.0030752608455060066
36.40000000000012 0.003092456867842401
36.50000000000012 0.0029811730835111404
36.60000000000012 0.0030703586987441234
36.700000000000124 0.00321808730320989
36.800000000000125 0.003301055962100243
36.90000000000013 0.003426333126943236
37.00000000000013 0.003558272932446963
37.10000000000013 0.003553620476930429
37.20000000000013 0.003660025352460451
37.30000000000013 0.0037788038009581503
37.400000000000134 0.00331438114339912
37.500000000000135 0.0033150482059299334
37.600000000000136 0.0033377113732685803
37.70000000000014 0.002966076735026952
37.80000000000014 0.0032662311473630324
37.90000000000014 0.003135840089125134
38.00000000000014 0.0031369121752048965
38.10000000000014 0.0033252789501737323
38.200000000000145 0.003480385746535849
38.300000000000146 0.0036940181043683545
38.40000000000015 0.0038750333179616
38.50000000000015 0.003865063199464928
38.60000000000015 0.004234023906279908
38.70000000000015 0.003841975591511451
38.80000000000015 0.004020693337301444
38.900000000000155 0.003454942606238727
39.000000000000156 0.003298098168837797
39.10000000000016 0.003642290687155366
39.20000000000016 0.0031508076025182903
39.30000000000016 0.0033350589054914905
39.40000000000016 0.0035150738800106456
39.50000000000016 0.003554706253589805
39.600000000000165 0.00387242270937216
39.700000000000166 0.004037074316763759
39.80000000000017 0.004482158072334885
39.90000000000017 0.004790136444214275
40.00000000000017 0.004944027257495758
40.10000000000017 0.004684965742795639
40.20000000000017 0.005266687867865945
40.300000000000175 0.004500818943405313
40.400000000000176 0.004635307901605645
40.50000000000018 0.003769519684111261
40.60000000000018 0.003506436579026393
40.70000000000018 0.0042834263990415315
40.80000000000018 0.0038020591617490295
40.90000000000018 0.00365463344569221
41.000000000000185 0.0038005863334914843
41.100000000000186 0.004748583243574921
41.20000000000019 0.00479886052550037
41.30000000000019 0.004988698426985027
41.40000000000019 0.005278546026961607
41.50000000000019 0.006077608293762126
41.60000000000019 0.006595008054607537
41.700000000000195 0.007141681323048395
41.800000000000196 0.006387209219773205
41.9000000000002 0.006432479221907169
42.0000000000002 0.005281608650406167
42.1000000000002 0.005794683798481155
42.2000000000002 0.003798952799672231
42.3000000000002 0.00446293717917531
42.400000000000205 0.004325039296583291
42.500000000000206 0.006272760770673178
42.60000000000021 0.005384321546287885
42.70000000000021 0.007110074506099672
42.80000000000021 0.008644618635278397
42.90000000000021 0.008549989845498115
43.00000000000021 0.009709258322921589
43.100000000000215 0.009142721370501315
43.200000000000216 0.01015592543726792
43.30000000000022 0.01103424438302643
43.40000000000022 0.01511794031081788
43.50000000000022 0.013869118965701628
43.60000000000022 0.011867310287219475
43.70000000000022 0.009900364078129222
43.800000000000225 0.009454452954559881
43.900000000000226 0.007225166088331281
44.00000000000023 0.007406752091979951
44.10000000000023 0.005085842338389584
44.20000000000023 0.007820309539184904
44.30000000000023 0.005571228678948688
44.40000000000023 0.011119065348983782
44.500000000000234 0.011247214195155187
44.600000000000236 0.019487150580521456
44.70000000000024 0.018273455915686024
44.80000000000024 0.02446954451546166
44.90000000000024 0.020100175298560025
45.00000000000024 0.017321118188285124
45.10000000000024 0.022506675647116194
45.200000000000244 0.027341232310883402
45.300000000000246 0.03478927822493354
45.40000000000025 0.030578351105493427
45.50000000000025 0.023304579083647924
45.60000000000025 0.017618497917253517
45.70000000000025 0.01573672632073931
45.80000000000025 0.014195440135149265
45.900000000000254 0.013240248675737245
46.000000000000256 0.010130060611007597
46.10000000000026 0.01110214429127718
46.20000000000026 0.008085270727834432
46.30000000000026 0.015496670324817104
46.40000000000026 0.011203391746957253
46.50000000000026 0.021467059788226835
46.600000000000264 0.029449793652706863
46.700000000000266 0.03920421955733953
46.80000000000027 0.0437363293300305
46.90000000000027 0.05218479466754538
47.00000000000027 0.02744458917686867
47.10000000000027 0.03578020424442006
47.20000000000027 0.044201310655315504
47.300000000000274 0.04542521876004731
47.400000000000276 0.07127937841357901
47.50000000000028 0.05318453973115813
47.60000000000028 0.03529084475469703
47.70000000000028 0.029594142872050356
47.80000000000028 0.024145913396663717
47.90000000000028 0.023660028321460313
48.000000000000284 0.022577316436991686
48.100000000000286 0.019799863045184277
48.20000000000029 0.01758690552040791
48.30000000000029 0.01429007163088447
48.40000000000029 0.0158338478386049
48.50000000000029 0.015742639108496957
48.60000000000029 0.021598976345831168
48.700000000000294 0.028075873249671666
48.800000000000296 0.026426721847386123
48.9000000000003 0.06783619246813283
49.0000000000003 0.04854525223393572
49.1000000000003 0.09103757838911278
49.2000000000003 0.07028429921287711
49.3000000000003 0.0684696804385767
49.400000000000304 0.05695235394394657
49.500000000000306 0.04358018359166353
49.60000000000031 0.09396087711252257
49.70000000000031 0.08952063455499752
49.80000000000031 0.07064387588757631
49.90000000000031 0.062330052127531746
50.00000000000031 0.04115346577614367
50.100000000000314 0.04067459652171548
50.200000000000315 0.032616584360510764
50.30000000000032 0.033244014202697895
50.40000000000032 0.033341783919549284
50.50000000000032 0.035570536524769776
50.60000000000032 0.02768610623667639
50.70000000000032 0.024017180214596763
50.800000000000324 0.02253820885937297
50.900000000000325 0.017307890009757066
51.00000000000033 0.018020378655748175
51.10000000000033 0.026962760084879127
51.20000000000033 0.026149600672850697
51.30000000000033 0.04901000900107828
51.40000000000033 0.0429526455766058
51.500000000000334 0.09592934903349341
51.600000000000335 0.08127994516333369
51.70000000000034 0.10024992315233555
51.80000000000034 0.0959024130856526
51.90000000000034 0.09405390614057682
52.00000000000034 0.06954678329138488
52.10000000000034 0.08225100585955798
52.200000000000344 0.10908761208632804
52.300000000000345 0.08534123603765574
52.40000000000035 0.09984758753651234
52.50000000000035 0.047884034998900996
52.60000000000035 0.05201633742800068
52.70000000000035 0.04801839967791128
52.80000000000035 0.04559169543295949
52.900000000000354 0.03797181917345544
53.000000000000355 0.03821582413884892
53.10000000000036 0.03732149725074163
53.20000000000036 0.042895281719491765
53.30000000000036 0.040683581227180125
53.40000000000036 0.038817863925220956
53.50000000000036 0.030257236094049306
53.600000000000364 0.024821375860306107
53.700000000000365 0.023547329713560286
53.80000000000037 0.019173650848587933
53.90000000000037 0.015451650383663583
54.00000000000037 0.026673001516619537
54.10000000000037 0.03171922000903225
54.20000000000037 0.05059214209314707
54.300000000000374 0.07275900979697544
54.400000000000375 0.07317434873274367
54.50000000000038 0.1333914482854012
54.60000000000038 0.06288794362862628
54.70000000000038 0.1266360372773832
54.80000000000038 0.07614134524186157
54.90000000000038 0.10071171959797984
55.000000000000384 0.10260705216874372
55.100000000000385 0.11301202209205086
55.20000000000039 0.11312458206729033
55.30000000000039 0.07947210387686636
55.40000000000039 0.062429686603050705
55.50000000000039 0.06358296176768134
55.60000000000039 0.05050272511525851
55.700000000000394 0.052455800440432826
55.800000000000395 0.049415504833599216
55.9000000000004 0.04796666915622843
56.0000000000004 0.04683112332197133
56.1000000000004 0.03876058662212889
56.2000000000004 0.04492315683409643
56.3000000000004 0.044261166161956446
56.400000000000404 0.04696107119928966
56.500000000000405 0.04267578357302801
56.600000000000406 0.0418193452189043
56.70000000000041 0.030598992200263884
56.80000000000041 0.02838395254518353
56.90000000000041 0.022605601064104548
57.00000000000041 0.020750182438517305
57.10000000000041 0.01438460476247192
57.200000000000415 0.013432771430698173
57.300000000000416 0.02314412942261639
57.40000000000042 0.033152420972677794
57.50000000000042 0.03664716428061994
57.60000000000042 0.07872787070465471
57.70000000000042 0.047445778102014925
57.80000000000042 0.11185788965511277
