string
integrated and resized binned spectra ROIsize spatial in px50:1600
converted file:an 21 2019_18.41.04_44 binning:0.1
nm muJ
28.1 0.00024114836112623626
28.200000000000003 0.0019858539020693763
28.300000000000004 0.0019885144164611354
28.400000000000006 0.00199945987644342
28.500000000000007 0.0020363216795875696
28.60000000000001 0.0020655041913000315
28.70000000000001 0.002083687384882212
28.80000000000001 0.002077745910001429
28.900000000000013 0.0020674742461870184
29.000000000000014 0.002080901843213421
29.100000000000016 0.0020938042871584497
29.200000000000017 0.0021226596583980386
29.30000000000002 0.0022041692815138883
29.40000000000002 0.0021973696855292226
29.50000000000002 0.002226822070717301
29.600000000000023 0.0022326031087900816
29.700000000000024 0.002220895875388436
29.800000000000026 0.002237356395896094
29.900000000000027 0.002243293036310722
30.00000000000003 0.0022705901653718953
30.10000000000003 0.002369619149183404
30.20000000000003 0.0023668566893062944
30.300000000000033 0.0024245614797182313
30.400000000000034 0.00246380077323811
30.500000000000036 0.0024254377526466077
30.600000000000037 0.0024575542700908544
30.70000000000004 0.002437554506196762
30.80000000000004 0.0024632479602822405
30.90000000000004 0.002531631876866445
31.000000000000043 0.002554141097160904
31.100000000000044 0.0025982749472459586
31.200000000000045 0.0026785561566968603
31.300000000000047 0.0028046378216781695
31.40000000000005 0.0027119235256560332
31.50000000000005 0.0025383939528323277
31.60000000000005 0.002550868585661247
31.700000000000053 0.0024938849456129257
31.800000000000054 0.002491237325215442
31.900000000000055 0.002578930154586072
32.00000000000006 0.002544595114125682
32.10000000000006 0.00265847449608377
32.20000000000006 0.002767473789721393
32.30000000000006 0.0028520300871481357
32.40000000000006 0.002814857001753314
32.500000000000064 0.0025350343567927783
32.600000000000065 0.002536557010394161
32.70000000000007 0.002454140541927909
32.80000000000007 0.002485040501475592
32.90000000000007 0.0024566339721937445
33.00000000000007 0.002539187263341923
33.10000000000007 0.0025656882675532855
33.200000000000074 0.0028068902918788954
33.300000000000075 0.002910729767915252
33.40000000000008 0.0030075484710759457
33.50000000000008 0.002660186432457606
33.60000000000008 0.0025264756692959488
33.70000000000008 0.0024516344456656956
33.80000000000008 0.002386755981495926
33.900000000000084 0.0024121073629211677
34.000000000000085 0.0024079681879512955
34.10000000000009 0.00248750807732441
34.20000000000009 0.0025797158716919974
34.30000000000009 0.0028038632936405383
34.40000000000009 0.003067080821805921
34.50000000000009 0.003105520568181823
34.600000000000094 0.0029691116471020616
34.700000000000095 0.0026171049822426126
34.8000000000001 0.0024300050944020984
34.9000000000001 0.002434499297406954
35.0000000000001 0.002400240628545474
35.1000000000001 0.0023892324427864423
35.2000000000001 0.0024388848783955626
35.300000000000104 0.002521167093218255
35.400000000000105 0.0026767203811995785
35.50000000000011 0.003018474328898155
35.60000000000011 0.003466039042875046
35.70000000000011 0.0036437738685706285
35.80000000000011 0.0033663133930744837
35.90000000000011 0.002789135289079628
36.000000000000114 0.0025040687788399504
36.100000000000115 0.0024668201990420513
36.20000000000012 0.002366504919861838
36.30000000000012 0.0023489995855918203
36.40000000000012 0.002376589683830184
36.50000000000012 0.0024646195969213205
36.60000000000012 0.002594280602902903
36.700000000000124 0.002843868067374999
36.800000000000125 0.003482451732981243
36.90000000000013 0.004254098765315938
37.00000000000013 0.004709983900397672
37.10000000000013 0.004187307536264753
37.20000000000013 0.0032070336605264285
37.30000000000013 0.0026743035629962493
37.400000000000134 0.002550373019917263
37.500000000000135 0.00238552190715279
37.600000000000136 0.0023272354965433602
37.70000000000014 0.0023076342591066214
37.80000000000014 0.0023890685534269677
37.90000000000014 0.0025243579828130394
38.00000000000014 0.002665150202501774
38.10000000000014 0.0030483015126856116
38.200000000000145 0.004098753013539623
38.300000000000146 0.0054701461122934935
38.40000000000015 0.006744733782634611
38.50000000000015 0.006177688150860295
38.60000000000015 0.0043191752210844855
38.70000000000015 0.003264180005236027
38.80000000000015 0.0028337766891029666
38.900000000000155 0.0025249627816309834
39.000000000000156 0.002317172422049469
39.10000000000016 0.002258790025980531
39.20000000000016 0.00225774122247141
39.30000000000016 0.0023512449501607575
39.40000000000016 0.0025992702258543997
39.50000000000016 0.0027999779342674324
39.600000000000165 0.0031521311626996414
39.700000000000166 0.004590449478194243
39.80000000000017 0.006956206422745749
39.90000000000017 0.009630745465367312
40.00000000000017 0.010362980632060976
40.10000000000017 0.0077091024628514
40.20000000000017 0.004920103791142073
40.300000000000175 0.003893513545578523
40.400000000000176 0.00305370762978513
40.50000000000018 0.0025198722061715493
40.60000000000018 0.0022492315697009648
40.70000000000018 0.0021360243454053834
40.80000000000018 0.002173976774291421
40.90000000000018 0.002130075723538432
41.000000000000185 0.0022511184079989435
41.100000000000186 0.0025654688456441064
41.20000000000019 0.0028468543800602313
41.30000000000019 0.0038483756879616263
41.40000000000019 0.006524449579063904
41.50000000000019 0.010355591652655457
41.60000000000019 0.01402048784016668
41.700000000000195 0.014467182468676017
41.800000000000196 0.010102327618165353
41.9000000000002 0.00604201757019674
42.0000000000002 0.004277284936947797
42.1000000000002 0.00355150994969558
42.2000000000002 0.002518417075655633
42.3000000000002 0.002014394905765497
42.400000000000205 0.001887911356457134
42.500000000000206 0.0018985312897082057
42.60000000000021 0.0018757211816252926
42.70000000000021 0.00182079260051649
42.80000000000021 0.0018433156046487168
42.90000000000021 0.0021179805214273355
43.00000000000021 0.00247264378871701
43.100000000000215 0.003396730090140449
43.200000000000216 0.006442895766762311
43.30000000000022 0.010952801854318099
43.40000000000022 0.01652206256213795
43.50000000000022 0.018885344572529567
43.60000000000022 0.01548699414393733
43.70000000000022 0.009958777674450114
43.800000000000225 0.006670508580175485
43.900000000000226 0.004481278000854593
44.00000000000023 0.003617151513655954
44.10000000000023 0.002133706772086256
44.20000000000023 0.0017559914084672476
44.30000000000023 0.0014915947924322088
44.40000000000023 0.0014871118033183874
44.500000000000234 0.0014638071708462366
44.600000000000236 0.0013758134460095388
44.70000000000024 0.001444816455008036
44.80000000000024 0.0013751693178850606
44.90000000000024 0.0016502433486674938
45.00000000000024 0.001920431455097954
45.10000000000024 0.0030667287398500128
45.200000000000244 0.007230814688646349
45.300000000000246 0.013042861847546732
45.40000000000025 0.019639764208720604
45.50000000000025 0.022318968437610706
45.60000000000025 0.01895664687936112
45.70000000000025 0.014956808332247513
45.80000000000025 0.00949386592595118
45.900000000000254 0.0062478312502167776
46.000000000000256 0.005178534700138748
46.10000000000026 0.003217856329785749
46.20000000000026 0.0019407348687718758
46.30000000000026 0.0015676415655812073
46.40000000000026 0.0013363753439964896
46.50000000000026 0.00143771012929777
46.600000000000264 0.0014069609456830523
46.700000000000266 0.0011570705776632435
46.80000000000027 0.0011849236163852118
46.90000000000027 0.0011962952027452587
47.00000000000027 0.0010356284275374363
47.10000000000027 0.0012985956201125946
47.20000000000027 0.0016937378841810347
47.300000000000274 0.0032956519651902525
47.400000000000276 0.009143397291231233
47.50000000000028 0.017047511629210678
47.60000000000028 0.024669055068565156
47.70000000000028 0.02498218654945942
47.80000000000028 0.022039924618984807
47.90000000000028 0.017806245030232058
48.000000000000284 0.012124743518470186
48.100000000000286 0.009997308756948492
48.20000000000029 0.008306076482254971
48.30000000000029 0.006145891906205649
48.40000000000029 0.003813315021625799
48.50000000000029 0.002504499359675559
48.60000000000029 0.0020718858366143363
48.700000000000294 0.001579142045366338
48.800000000000296 0.0019614221011172613
48.9000000000003 0.002007198301927473
49.0000000000003 0.0016227864370578187
49.1000000000003 0.0010537414065665716
49.2000000000003 0.0015396994384470624
49.3000000000003 0.0014036599861717747
49.400000000000304 0.0010961206727512815
49.500000000000306 0.0013515265946834783
49.60000000000031 0.0019531013537635925
49.70000000000031 0.0037349421693835664
49.80000000000031 0.009678373318699092
49.90000000000031 0.021343076276884983
50.00000000000031 0.033213924127395975
50.100000000000314 0.03511016738996075
50.200000000000315 0.030559947498180806
50.30000000000032 0.027516208377090734
50.40000000000032 0.023379366262453533
50.50000000000032 0.019148089116062795
50.60000000000032 0.016595059612987514
50.70000000000032 0.013640499378362363
50.800000000000324 0.009746142673651955
50.900000000000325 0.006253632807903982
51.00000000000033 0.0048463104644525384
51.10000000000033 0.003704997019507474
51.20000000000033 0.0024757245415895374
51.30000000000033 0.0023741285676202252
51.40000000000033 0.0027944331658104485
51.500000000000334 0.002899141786535598
51.600000000000335 0.0024097086485160863
51.70000000000034 0.0018212103500038156
51.80000000000034 0.001972826745340417
51.90000000000034 0.002275117003953176
52.00000000000034 0.002049075975435496
52.10000000000034 0.0020036791159523813
52.200000000000344 0.002821017100338719
52.300000000000345 0.004357589057732836
52.40000000000035 0.0064452517488612065
52.50000000000035 0.01144079096243142
52.60000000000035 0.024165296177029852
52.70000000000035 0.03930754873781548
52.80000000000035 0.047810811365391954
52.900000000000354 0.049460492726948475
53.000000000000355 0.05211925755361037
53.10000000000036 0.05101669482261012
53.20000000000036 0.045321946684290466
53.30000000000036 0.03858319859293374
53.40000000000036 0.02994563824670629
53.50000000000036 0.02070040245800126
53.600000000000364 0.013051042850960176
53.700000000000365 0.008460710228378743
53.80000000000037 0.00806277846033532
53.90000000000037 0.006876159098057094
54.00000000000037 0.004374641131790063
54.10000000000037 0.0035296447230752977
54.20000000000037 0.0037832229977135534
54.300000000000374 0.003285067349998168
54.400000000000375 0.003885654186910876
54.50000000000038 0.0045887851777537516
54.60000000000038 0.0030633902797573354
54.70000000000038 0.0036855293485258353
54.80000000000038 0.004383084716076467
54.90000000000038 0.003856037557055115
55.000000000000384 0.0031092951113238683
55.100000000000385 0.0037347399113467723
55.20000000000039 0.004613347295539771
55.30000000000039 0.006666487920622324
55.40000000000039 0.011788885233230885
55.50000000000039 0.015916787921064764
55.60000000000039 0.021145527499503648
55.700000000000394 0.029236575044141542
55.800000000000395 0.03907163814289529
55.9000000000004 0.048803475797114554
56.0000000000004 0.0593337507484466
56.1000000000004 0.06851153922890017
56.2000000000004 0.0751983637445283
56.3000000000004 0.07488854829147744
56.400000000000404 0.06699377515909967
56.500000000000405 0.05087495002326054
56.600000000000406 0.036301017575851205
56.70000000000041 0.0221955709489582
56.80000000000041 0.011376164018670143
56.90000000000041 0.00888730964669328
57.00000000000041 0.010184811341898619
57.10000000000041 0.007703374947207698
57.200000000000415 0.005331969109637624
57.300000000000416 0.004950929129921472
57.40000000000042 0.004589314167655675
57.50000000000042 0.003912844220803959
57.60000000000042 0.0037238087548798053
57.70000000000042 0.004218068140049492
57.80000000000042 0.004497924767231374
