string
20190121an 21 2019_16.40.   full spectra  index number  Nphoton via eV
eV x-axis E [J] Nphoton Nphoton/sr Nphoton/sr @ 0.1bw
43.81066890785845 2.503427278335031e-09 356651513.1414798 19234293585615.55 5462539378314.933
43.65640598916881 2.503336501783578e-09 357898787.63173205 19301559369842.98 5500944420404.965
43.50322561727698 2.513543076295127e-09 360623353.5121026 19448495799678.37 5562269798708.014
43.35111643679699 2.5343193247509436e-09 364879970.01171875 19678056052244.9 5647602086994.238
43.20006725060606 2.5417180118331065e-09 367224728.58265686 19804509391370.145 5703698704714.3955
43.05006701709701 2.5750752972807276e-09 373340474.9775339 20134332923080.695 5818822214770.262
42.90110484748767 2.6100980094702338e-09 379732102.09905523 20479034762313.76 5938920081071.042
42.75317000318599 2.613541908303762e-09 381548825.95752126 20577011074680.805 5987910222731.915
42.606251893209404 2.6170297063166695e-09 383375448.11302304 20675521204357.37 6037252191672.218
42.46034007165731 2.6269938886350726e-09 386157584.4245428 20825562420051.707 6101889789074.934
42.31542423523527 2.6997947427982117e-09 398218124.7551741 21475989980213.207 6313941054182.682
42.17149422082971 2.66897980383339e-09 395016533.1679906 21303327450376.426 6284481597861.043
42.02854000313198 2.689474113397259e-09 399403659.4542201 21539926124088.023 6375818132730.158
41.88655169231059 2.728408321401307e-09 406559142.4932804 21925822878900.28 6511969395033.211
41.745519531730416 2.755354784371616e-09 411961501.0081197 22217173247258.17 6620717627682.766
41.605433895717894 2.761141338416542e-09 414216655.1350535 22338794199251.863 6679299465576.132
41.46628528737101 2.786387381357608e-09 419406675.0908164 22618693102988.594 6785607930896.678
41.32806433641311 2.8049054528348396e-09 423606032.96980065 22845165385705.113 6876394781097.084
41.19076179708947 2.8714302616637876e-09 435098337.49763024 23464947865573.316 7086414255402.933
41.05436854610573 2.8453374091774614e-09 432576947.7963557 23328968771216.234 7068677537678.511
40.91887558060703 2.856711729833454e-09 435744286.9277151 23499784058669.137 7143934353835.434
40.78427401619714 2.8712907823174024e-09 439413520.2876684 23697666610905.723 7227788316326.196
40.65055508499649 2.8782283299478584e-09 441924152.9127352 23833065573805.97 7292918065584.702
40.51771013373833 2.95199257286591e-09 454736005.13767785 24524011547648.83 7528871545127.582
40.38573062190204 2.9785900930930532e-09 460332641.74644065 24825839375818.574 7646358527751.852
40.254608119882874 2.9986459571481108e-09 464941769.79195464 25074410652637.867 7747992891665.3545
40.124334307197174 3.0626953168282756e-09 476414453.97275645 25693135002928.38 7964871850907.615
39.99490097072234 3.0312702509015223e-09 473052134.44213074 25511804380183.902 7934171162236.881
39.86630000297082 3.053975939503954e-09 478132929.94317216 25785812785348.69 8045173589028.72
39.73852340039719 3.0715450434793293e-09 482429812.39420223 26017544589422.676 8143491456489.472
39.61156326173778 3.1279016598900287e-09 492856040.0710411 26579833313113.684 8346067660317.594
39.485411786381924 3.087223305134274e-09 488000590.2747404 26317977850761.508 8290163022989.684
39.36006127277436 3.027792689552834e-09 480130555.20611894 25893545149759.883 8182360267323.997
39.235504116847856 3.0677240317559355e-09 488006971.62401944 26318321998314.465 8342908073465.866
39.11173281048556 3.011368556329839e-09 480558019.1347024 25916598372294.152 8241478282389.48
38.98873994001234 3.0099225395833293e-09 481842489.9012883 25985870159785.08 8289492580971.013
38.86651818471449 3.078898059866394e-09 494434365.05752605 26664952722523.062 8532784871207.067
38.74506031538725 2.9681458287188554e-09 478143072.6690965 25786359784761.28 8277421490908.515
38.62435919290941 3.0118680768198636e-09 486702562.6905983 26247974941154.582 8451847931051.737
38.50440776684447 3.000495515864983e-09 486375296.97047615 26230325429770.51 8472395113815.764
38.38519907406786 2.976712718421718e-09 484018655.11180305 26103231222356.094 8457446916043.326
38.266726237419505 3.0569670362155326e-09 498607057.16397595 26889986914333.71 8739245747158.458
38.14898246438129 2.929227586277296e-09 479246700.664163 25845878682296.4 8425756450428.5
38.03196104577889 2.9928386407187156e-09 491160641.2711949 26488400087515.656 8661706828617.309
37.91565535450739 2.948234859167437e-09 485324800.57227886 26173671930797.29 8584964393301.5205
37.80005884428024 2.9624768409471076e-09 489160593.08117336 26380537054120.95 8679196690805.989
37.68516504840097 2.9550760598781513e-09 489426202.69914645 26394861438521.445 8710304274711.593
37.57096757855732 2.961188436583503e-09 491929242.6603411 26529850927409.57 8781380656972.727
37.45746012363721 2.9095673617144403e-09 484818368.04201585 26146359914418.656 8680591491586.346
37.34463644856601 2.953174570080055e-09 493571254.9924272 26618405009203.18 8863928868064.746
37.23249039316491 2.915536624670911e-09 488748446.60469264 26358309905106.266 8803675508305.426
37.121015871029684 2.9587254015517358e-09 497477888.4808821 26829090601944.61 8987745351651.145
37.01020686842959 2.8137966015657777e-09 474526163.8527556 25591299106529.12 8598676499793.84
36.90005744322593 2.8605630740941856e-09 483853025.2813065 26094298769614.633 8793778685359.979
36.79056172380983 2.837332448862581e-09 481352000.3451018 25959417951461.973 8774283267594.445
36.68171390805892 2.8256002200784333e-09 480784071.80818623 25928789442084.67 8789859620866.64
36.57350826231243 2.8707381986851623e-09 489909590.80501837 26420930664086.31 8983116425788.836
36.465939120364446 2.826656333884177e-09 483809712.11805636 26091962881310.848 8897359342527.207
36.35900088247482 2.913806505411365e-09 500193153.33527255 26975525425428.258 9225629695496.623
36.25268801439741 2.85626274385225e-09 491752884.8805322 26520339914031.07 9096476590512.035
36.146995046425396 2.8333256765156638e-09 489230216.4332003 26384291856621.31 9076196398677.404
36.041916572453225 2.9056302366727097e-09 503177767.63441163 27136486322982.883 9362087781428.742
35.937447249054806 2.8594007521525867e-09 496611505.84449947 26782366398144.434 9266698773757.879
35.83358179457777 2.824117704430176e-09 491905351.6126085 26528562478015.066 9205411179871.611
35.73031498825334 2.7614251739514743e-09 482375686.5531253 26014625571054.656 9053089698726.895
35.62764166932158 2.6782350101268907e-09 469191982.19345117 25303625530801.527 8830965310249.795
35.52555673617166 2.75559418263669e-09 484131500.5604137 26109317001915.137 9138260950670.03
35.42405514549688 2.792315331122576e-09 491988736.6824247 26533059452945.51 9313103867983.775
35.323131911464124 2.792134515588377e-09 493362469.18096435 26607145145032.652 9365715091051.262
35.22278210489746 2.7162986772797625e-09 481329900.1694799 25958226084189.46 9163253807718.844
35.123000852475656 2.866133858087691e-09 509323635.25519806 27467934298950.508 9723648741828.908
35.02378333594324 2.9112520955359714e-09 518806885.59537095 27979368050015.0 9932675657755.281
34.92512479133495 2.728273107825977e-09 487572104.730766 26294869532287.26 9360973553494.203
34.827020508213224 2.870837145873869e-09 514495061.14788353 27746830420825.95 9905618460233.924
34.7294658289185 2.967745767038959e-09 533356467.2782786 28764030151044.49 10297522794074.16
34.63245614783214 2.830008758646917e-09 510027345.20752156 27505885529559.027 9874612905111.535
34.535986910651545 2.747513235567717e-09 496543037.96678114 26778673910624.562 9640322607824.887
34.44005361367751 2.6254031484157843e-09 475796406.5517426 25659803571243.418 9263189089218.746
34.34465180311331 2.6659798414859146e-09 484492120.5206676 26128765314715.66 9458613043926.771
34.24977707437542 2.646956479866135e-09 482367486.16518575 26014183322351.56 9443148546013.85
34.15542507141571 2.698279629278373e-09 493078691.6259247 26591840959839.203 9679430109381.43
34.06159148605468 2.6369053928941727e-09 483190722.7965912 26058580652729.92 9511381938246.281
33.96827205732576 2.6085851581665152e-09 479314468.43157744 25849533412715.484 9460929229053.814
33.87546257083034 2.8176917834911316e-09 519155221.2722692 27998153868745.418 10275322469829.479
33.78315885810328 2.860837136169185e-09 528544860.4850349 28504539151371.992 10489670407704.916
33.69135679598887 2.6821429928477168e-09 496881012.87307256 26796900970745.293 9888056458203.691
33.600052306026825 2.8058291239857886e-09 521207000.44910574 28108806765497.523 10400258503234.066
33.509241353848374 2.8427788718443383e-09 529501821.34095716 28556148258229.895 10594331003803.4
33.41891994858194 2.852184797766045e-09 532689609.4382056 28728066362855.695 10686840686982.785
33.32908414226855 2.7647026669716164e-09 517742750.51318043 27921979013851.047 10414898172165.863
33.23973002928659 2.6916085270405296e-09 505409478.55839217 27256842977948.312 10194059273752.607
33.150853745785824 2.73495649922648e-09 514925833.3080506 27770062057008.23 10413773271378.006
33.062451469130394 2.696322316480403e-09 509009313.90478873 27450982880237.19 10321569562969.06
32.97451941735079 2.709077117468682e-09 512780932.89764893 27654387111899.54 10425703941186.066
32.8870538486045 2.7027220352898e-09 512938606.8122089 27662890500366.13 10456572609138.396
32.80005106064523 2.6723810778118232e-09 508525625.96085113 27424897484340.305 10394036146564.994
32.71350739030052 2.64689799129281e-09 505008943.72311777 27235242047266.496 10349391977961.486
32.627419212957626 2.6591077033048674e-09 508677092.16750073 27433066089770.676 10451998180202.412
32.54178294205747 2.7782827319228095e-09 532873435.4282999 28737980138437.344 10977908412881.941
32.45659502859658 2.9671020879139326e-09 570582578.529821 30771642418145.45 11785539046150.316
32.3718519606368 2.770584872224203e-09 534186474.75018275 28808792634321.902 11062576371579.135
32.28755026282264 2.799342049360854e-09 541140261.7684481 29183811878914.594 11235767573382.066
32.20368649590622 2.877863931460226e-09 557768059.5820103 30080552627358.973 11611093314161.125
32.12025725627952 3.0008823785902397e-09 583121337.3083822 31447860403095.895 12170321975997.498
32.03725917551394 3.026828970211789e-09 589686930.2732362 31801944258053.656 12339154372124.68
31.954688919906943 2.882184556433077e-09 562958223.5666914 30360459298606.555 11810218667158.05
31.872543190035717 2.9088004830375364e-09 569621260.1118901 30719798307021.746 11980721339738.535
31.790818720317677 3.000226268846889e-09 589035231.2644289 31766797988928.25 12420818013670.805
31.709512278577733 3.0616185082800237e-09 602629638.4362701 32499947321065.996 12739979349857.516
31.628620665622176 2.8724499833082975e-09 566840924.2488877 30569854189907.094 12013952696633.535
31.548140714819066 2.735189482189527e-09 541131260.5521272 29183326441362.91 11498230617896.074
31.468069291685 2.8758635032689577e-09 570410020.687102 30762336336199.73 12151122852799.154
31.388403293478206 2.802766612018599e-09 557322640.6374366 30056531086911.656 11902386310416.799
31.309139648797704 2.727643170886443e-09 543757670.8289233 29324969318173.402 11642012819314.967
31.230275317188642 3.5180342824621376e-09 703093736.7978375 37917997971348.81 15091363192596.273
31.151807288753492 4.024555739319161e-09 806350155.3577332 43486639056553.984 17351168983565.62
31.07373258376915 3.079703318412885e-09 618592189.0797986 33360811145106.715 13344324458042.646
30.996048252309727 3.1323706897671747e-09 630747877.9565058 34016370087028.934 13640564404898.04
30.918751373875036 3.46202569421953e-09 698871474.7623732 37690290462497.44 15151496765923.9
30.8418390570246 4.027294313377749e-09 815008385.5399054 43953579291263.37 17713292454379.664
30.765308439017097 4.128836936555054e-09 837636189.8204224 45173901691961.16 18250256283552.336
30.689156685455174 3.785585902266388e-09 769904974.9449061 41521142559240.76 16816062736491.803
30.61338098993553 3.922956105868258e-09 799817914.3566821 43134353880249.766 17512547675380.232
30.537978573704155 4.397434195563338e-09 898768903.9523547 48470802246067.734 19727616514149.875
30.462946685316677 4.49603711717281e-09 921185201.0482018 49679718018346.734 20269324951484.848
30.388282600303643 4.097246572633372e-09 841540300.893334 45384451250284.34 18562240561366.15
30.313983620840798 3.4014285433219284e-09 700337392.7585099 37769347738497.12 15485432572784.365
30.240047075424116 3.4481026826855284e-09 711683180.9257324 38381228559207.37 15774684937833.959
30.166470318549603 3.838357966799113e-09 794163553.004252 42829412944113.44 17645718132974.906
30.093250730397784 3.8776302313892035e-09 804241100.6388408 43372897277375.8 17913006575556.016
30.02038571652273 5.838258669981895e-09 1213824893.2836428 65461840196047.41 27101201841163.727
29.94787270754562 7.789488417270209e-09 1623423888.273115 87551602980469.77 36333915236894.91
29.87570915885274 5.7219269537348336e-09 1195399476.2716253 64468153453700.81 26818751836738.844
29.803892550297803 5.247551789318687e-09 1098936806.2496696 59265900703076.32 24713880593183.062
29.7324203859086 4.5566868171914e-09 956550472.5265911 51586974792217.47 21563355463146.91
29.661290193597814 5.384320192266096e-09 1132999753.573852 61102922852383.12 25602124675146.67
29.590499524878005 6.062659317389713e-09 1278791799.296058 68965519551239.67 28965518211519.387
29.520045954580674 7.610161067878471e-09 1609036123.3937376 86775667694809.06 36532556099515.83
29.449927080579297 8.30586271556014e-09 1760311392.1920404 94933975805379.81 40062137789868.89
29.38014052351631 8.419586971696258e-09 1788652169.3720183 96462400075678.56 40803595232013.24
29.310683926534004 8.808494771687162e-09 1875705809.3658276 101157221792790.38 42890662040141.27
29.241554955009157 1.0047554536159501e-08 2144612751.7475543 115659431614983.31 49155258436369.67
29.17275129629149 9.54687933693077e-09 2042551515.8396535 110155246989851.48 46926135217675.98
29.104270659445735 9.141658896089668e-09 1960456754.5287623 105727858677416.86 45145795655255.84
29.036110774997383 8.599485461005519e-09 1848515075.6169336 99690819614574.84 42667670795038.12
28.96826939468197 1.106032763608519e-08 2383056923.424597 128518777595090.83 55134555588293.09
28.90074429119786 1.1200056472419556e-08 2418801113.5027165 130446469531364.4 56091981898488.3
28.833533257962518 1.8854357371214038e-08 4081340655.6733613 220107588224332.94 94866370524678.02
28.76663410887211 4.089489477181687e-08 8872970148.411385 478521207740527.06 206721161743905.75
28.700044678064536 2.419719568187163e-08 5262249538.023601 283794260799798.1 122882914926315.36
28.633762819685636 1.34177669278855e-08 2924763776.5170536 157733145867200.16 68456185306362.945
28.56778640765871 1.4006307728062435e-08 3060103027.8378606 165032021093138.6 71788929175517.08
28.502113335457196 1.4236326973837805e-08 3117524436.220313 168128770121901.28 73304143773149.61
28.43674151588046 1.195652742821732e-08 2624304402.160256 141529306533882.9 61848306955304.4
28.371668880832676 1.2470761962417007e-08 2743450204.3343086 147954865529339.4 64804231101849.86
28.306893381104747 1.7718835018262657e-08 3906896715.141061 210699788613795.72 92497207201455.86
28.242412986159177 2.1882542559119104e-08 4835985135.182178 260805728949390.38 114754520737735.28
28.17822568391791 2.346623982933462e-08 5197791285.2895975 280318013226414.62 123620243832846.5
28.114329480553014 2.3544523331007013e-08 5226983715.621935 281892367336240.2 124596426362615.03
28.050722400280268 2.406776023246369e-08 5355260493.734065 288810361847725.2 127942990298548.72
27.987402485155485 2.6048927537860896e-08 5809198667.643184 313291346183890.44 139101357705632.23
27.924367794873596 2.5435028888376465e-08 5685096757.533247 306598503210746.25 136436333928779.53
27.86161640657051 2.7444612099138242e-08 6148083582.701802 331567483275136.0 147879097540711.2
27.799146414627526 2.5629983112220453e-08 5754476673.814351 310340177168447.44 138722059194301.06
27.736955930478473 3.5984919001437996e-08 8097495359.996443 436699683930815.4 195641458401000.88
27.675043082419368 3.033279805675991e-08 6840898440.78813 368931139084505.3 165650081448944.3
27.61340601542066 5.493284411871339e-08 12416553987.417494 669627454015300.2 301332354306880.06
27.552042890941948 1.1606480191877773e-07 26292731324.62392 1417972712385247.8 639505693285754.0
27.490951886749173 7.397436981549116e-08 16795017906.45292 905758964382240.4 409403051900771.6
27.43013119673424 2.4693648647460894e-08 5618835977.4041815 303025044943351.25 137270345359332.36
27.369579030737032 2.6231346001179185e-08 5981931467.87143 322606863626087.94 146463516086246.72
27.30929361436977 2.108095460977855e-08 4818022027.772222 259836974664318.88 118225823472265.92
27.249273188843684 2.476431346593845e-08 5672315053.193308 305909183118891.2 139494587502203.61
27.18951601079797 2.654206140973518e-08 6092873305.397252 328589981025768.8 150165621328776.44
27.130020352131016 2.8129354277766353e-08 6471405566.449862 349004308099784.5 159843973109696.25
27.070784499833785 3.0773324398447585e-08 7095165795.216978 382643832747975.5 175633519231321.22
27.011806755825432 4.041955663029465e-08 9339570099.41873 503685044466347.8 231695120454528.66
26.95308543679103 4.559095985403485e-08 10557454603.714455 569365820366219.9 262477643188820.75
26.89461887402142 4.786424176766834e-08 11107971687.283188 599055326281921.5 276763560742254.25
26.83640541325514 4.7657708705922706e-08 11084032466.624468 597764278911044.4 276764861135812.66
26.778443414522407 4.7058406444268285e-08 10968338946.19184 591524902219904.9 274467554630032.16
26.720731251991108 4.880721152319705e-08 11400519239.133274 614832479308622.6 285897102878503.25
26.66326731381478 5.310892800136495e-08 12432061315.635277 670463767595024.2 312436115699274.0
26.60605000198256 5.5716071181776315e-08 13070405349.728502 704889800032757.6 329183536615306.9
26.549077732171035 6.618470457359652e-08 15559554940.604797 839130178231958.5 392712923412554.1
26.49234893359802 7.392529585037119e-08 17416527889.111824 939277132768953.6 440520975268592.44
26.43586204887819 5.925911585611571e-08 13991061495.633791 754540985992310.8 354634263416402.3
26.37961553388058 1.3002690738235735e-07 30764775225.198223 1659151011486661.2 781460126410216.1
26.323607857587838 2.2803223765010088e-07 54067938520.92908 2915895670595464.0 1376302756520982.0
26.267837501957352 1.4116274204446224e-07 33541674468.05845 1808909790930446.2 855614331110130.9
26.212302961784083 5.276743812199253e-08 12564632932.809656 677613383710182.4 321188743878631.2
26.15700274456513 4.5744973931153415e-08 10915518783.994411 588676299397512.9 279621242213805.72
26.101935370366043 3.600321638260107e-08 8609096293.569334 464290433422778.0 221002246309250.6
26.047099371688805 3.0180812701287135e-08 7232035313.683765 390025235613544.44 186042037387652.0
25.992493293341447 2.9241339755186037e-08 7021635824.70742 378678345464142.1 181008249131863.56
25.938115692309353 3.604028885490483e-08 8672390298.366385 467703892851990.9 224030164676109.9
25.883965137628124 4.69068269064196e-08 11310823460.769264 609995166495206.1 292797679917680.75
25.830040210258062 5.2404656150512436e-08 12662917235.162737 682913877488170.8 328481575071799.9
25.776339502960226 5.509237444606531e-08 13340104209.351639 719434718123822.4 346767534135676.5
25.722861620174 5.878629947955443e-08 14264147341.751202 769268565000828.4 371556716895404.3
25.66960517789621 6.511618424589297e-08 15832836584.518515 853868316658167.6 413272265262552.56
25.616568803561712 6.693658985290102e-08 16309160245.879345 879556555195810.4 426584929269947.94
25.5637511359255 6.881627556568998e-08 16801790224.739017 906124196978683.5 440376359731653.5
25.51115082494623 7.02236591284226e-08 17180760345.058773 926562137898100.5 451235761156377.1
25.458766531671188 7.088894955896705e-08 17379215058.27364 937264843695705.4 457385243723505.25
25.40659692812268 7.893999076889377e-08 19392756683.547577 1045855580985001.6 511423379101668.0
25.354640697185825 8.357943696240117e-08 20574578911.651756 1109591510495399.5 543699840142744.3
25.30289653249769 1.1613521459183888e-07 28647231788.02844 1544951433887616.5 758571154038785.0
25.251363138337815 1.1869589867255217e-07 29338632037.648506 1582238799555079.2 778461489381086.5
25.200039229520055 1.0619187088817737e-07 26301409934.79645 1418440751717264.8 699291290596626.6
25.148923531285735 2.1559856884283174e-07 53507597084.9611 2885676335220548.5 1425524109598874.0
25.09801477919811 3.488035633913804e-07 86742216866.95726 4678026600224581.0 2315623167111153.5
25.047311719038113 2.2152457593528726e-07 55201358780.91723 2977021271450124.5 1476602550639250.5
24.996813106701342 8.897058877934908e-08 22215229097.241817 1198072131432554.0 595441849321970.6
24.94651770809631 7.091766533653992e-08 17743262341.35512 956897992760902.9 476535200394939.06
24.896424299043908 5.6512602327310594e-08 14167633198.613771 764063536293904.0 381267704610653.1
24.846531665178087 3.9726794287618696e-08 9979452661.140457 538194050033328.6 269097025016667.38
24.796838601847732 3.9488787724086564e-08 9939544009.514208 536041767781042.7 268556925658294.22
24.74734391401969 3.827756784316463e-08 9653942682.623276 520639226175443.5 261360891540085.22
24.698046416183 3.50473510511544e-08 8856896529.372828 477654353973813.06 240260140048823.22
24.648944932254206 3.517925504628126e-08 8907939912.837646 480407134733153.4 242125195905501.47
24.60003829548386 4.486067013779379e-08 11382009625.425776 613834251820197.1 309986297169192.4
24.551325348364088 6.697605145610489e-08 17026821128.05503 918260162482072.5 464639642215926.5
24.50280494253728 8.776482341310648e-08 22355977065.382484 1205662699931621.5 611270988865297.2
24.454475938705844 8.460106782860753e-08 21592675556.644875 1164497683739531.2 591564823339705.8
24.40633720654304 7.404619628419096e-08 18936038218.134537 1021224654924016.6 519803349356328.94
24.35838762460484 7.41150436964397e-08 18990955081.2821 1024186333284153.8 522335029974900.8
24.31062608024287 8.015928405568528e-08 20580061154.41686 1109887169038728.8 567152343378791.9
24.263051469518324 8.590597471382562e-08 22098710125.14433 1191788237953800.8 610195577832322.2
24.21566269711692 9.596734140594055e-08 24735237225.471085 1333976717255162.0 684330055951922.4
24.16845867626484 1.00128758329049e-07 25858233389.310364 1394540144339898.0 716793634190713.0
24.12143832864565 9.74241521540829e-08 25208813727.645153 1359516800901047.2 700151152464013.4
24.07460058431818 1.2306619375519926e-07 31905727600.042347 1720682820931842.5 887872335600841.9
24.027944381635393 1.416438904528651e-07 36793423865.973915 1984277342396697.2 1025871386019070.9
23.981468667164144 1.210566388543649e-07 31506619627.68216 1699158841276973.2 880164279781441.0
23.93517239560591 1.6699438985624848e-07 43546604430.52094 2348477837358970.0 1218859997589272.2
23.889054529718422 3.20964800949399e-07 83858563872.1503 4522510567746249.0 2351705495228093.0
23.843114040238195 3.796116896929879e-07 99372353679.14694 5359172622380327.0 2792128936260058.5
23.797349905803955 2.1757022583119275e-07 57063688599.80474 3077457123170509.5 1606432618295036.2
23.75176111288096 8.260094117847528e-08 21705917801.853455 1170604862625302.8 612226343153019.8
23.706346655686158 7.571743482184036e-08 19935183447.052227 1075108774182039.8 563356997671398.9
23.66110553611424 6.092150247266338e-08 16070320852.200294 866675894807273.2 455004844773811.9
23.616036763664496 4.508566805856174e-08 11915724895.062702 642617632260392.8 338016874568981.44
23.571139355368558 4.412595399648586e-08 11684294836.86959 630136558944277.0 332081966563631.2
23.526412335718902 3.81068706235757e-08 10109660138.700441 545216167585477.4 287874136485133.75
23.481854736598223 3.275890146798927e-08 8707348112.233297 469589175348355.3 248412673759271.7
23.437465597209567 3.1435923454545795e-08 8371524447.801547 451478132168467.9 239283410049279.4
23.393243964007283 3.380722074487649e-08 9020030253.341606 486452191147955.44 258306113499546.3
23.349188890628735 3.539929587032761e-08 9462628710.983898 510321622122317.94 271491102969089.12
23.305299437826804 4.104302381989654e-08 10991921981.319622 592796740427717.9 315960662647975.7
23.261574673403114 5.301700747982981e-08 14225419251.763277 767179950694172.2 409674093670660.5
23.218013672142057 7.696657452745624e-08 20690265829.652187 1115830531115936.2 596969334147021.1
23.17461551574553 9.829753959922096e-08 26473970754.40975 1427746994207535.8 765272388895265.5
23.131379292768393 1.0383523976747888e-07 28017682854.36106 1510999723126568.8 811406851318981.9
23.088304098554673 9.091426725989366e-08 24577006465.284214 1325443297982938.0 713088494314810.1
23.04538903517446 8.095746011818282e-08 21926120950.11278 1182480466249663.5 637356971308573.5
23.00263321136152 8.477912565611933e-08 23003840817.724735 1240602132842666.2 669925151735044.5
22.96003574245159 9.906456875062515e-08 26929901712.383213 1452335449821219.8 785713478353242.8
22.917595750321365 1.056584972741244e-07 28775597489.418144 1551874224050779.8 841115829435539.6
22.875312363328153 1.1280460780613649e-07 30778594339.577576 1659896279327317.2 901323679674686.6
22.833184716250198 1.3370408081261746e-07 36548297171.96808 1971057606535632.0 1072255337955318.2
22.791211950227677 1.4296954796571895e-07 39153004920.35136 2111530061273984.8 1150783883394319.0
22.749393212704323 1.1310393550102291e-07 31031078799.7372 1673512821115517.8 913738000329122.8
22.707727657369702 1.2158812842905644e-07 33420001994.06392 1802347967974796.8 985884338482158.8
22.666214444102113 2.440843798620725e-07 67212487584.380775 3624784057216901.0 1986381663354875.8
22.624852738912146 3.8819361809030904e-07 107090662435.27573 5775422690386957.0 3170707057022463.5
22.583641713886806 3.631471620346561e-07 100363928924.9604 5412648490804974.0 2976956669942824.0
22.542580547134285 1.9246621785347523e-07 53289280533.819695 2873902476188617.0 1583520264379963.0
22.501668422729324 9.711721992286324e-08 26938319273.083817 1452789410698503.0 801939754705538.1
22.46090453065916 8.663278270590014e-08 24073763927.040176 1298303318566906.5 717961735167495.1
22.420288066770084 7.410349223343026e-08 20629393583.058727 1112547677632765.5 616351413408536.0
22.37981823271454 6.466648609741383e-08 18034814616.456882 972621470296344.8 539804916014483.4
22.33949423589884 5.564774616222213e-08 15547594945.697954 838485173108345.2 466197756248218.6
22.299315289431394 4.220638988029472e-08 11813420233.701565 637100319647684.1 354864878043755.4
22.259280612071553 3.388967294977238e-08 9502660818.305712 512480562367086.1 285964153800820.3
22.21938942817895 3.5024222480098216e-08 9838419967.215511 530588126210858.9 296598762551871.94
22.179640967663424 3.636452931263083e-08 10233222892.81836 551879933758841.3 309052762904951.9
22.140034465935454 3.3475528999060336e-08 9437090740.265347 508944353813388.5 285517782489313.25
22.100569163857138 3.124976750558978e-08 8825357502.788313 475953447418313.75 267485837449094.8
22.06124430769369 3.367073318202764e-08 9526021208.256836 513740393272152.7 289235841412235.06
22.022059149065463 3.9157631098349906e-08 11098070023.60733 598521327408764.0 337566028658531.2
21.98301294490045 4.0695060171592604e-08 11554295068.543684 623125643196246.6 352065988405872.75
21.944104957387353 4.567404837129316e-08 12990941005.021833 700604270659242.0 396542017193138.44
21.905334453929072 5.6235618288802036e-08 16023248231.510176 864137258147013.5 489965825369332.1
21.866700707096744 7.170338896709101e-08 20466585619.514717 1103767408789101.8 626939888192201.4
21.82820299458425 9.32660860050841e-08 26668263802.804157 1438225260517259.0 818350173234274.1
21.789840599163185 1.0647520493769339e-07 30498845945.85493 1644809387679023.0 937541350977072.9
21.75161280863834 1.0224289075950592e-07 29338008555.486263 1582205175026619.2 903439154940246.1
21.713518915803597 8.680452786319946e-08 24951757601.290134 1345653708161743.0 769713921068466.4
21.675558218398344 7.621531234168543e-08 21946280099.806355 1183567653572176.8 678184265496840.1
21.637730019064314 7.52789368754389e-08 21714546031.126137 1171070184904445.8 672194286135148.1
21.600033625302878 8.894369739377308e-08 25700982549.99593 1386059572413210.2 796984254137633.8
21.562468349432788 1.1553353506440934e-07 33442486612.321445 1803560568322167.8 1038850887353527.9
21.525033508548354 1.1551794775814541e-07 33496127689.93497 1806453443291292.0 1042323636779131.4
21.48772842447808 9.671068188685831e-08 28091369598.156467 1514973665227766.8 875654778501655.8
