string
20190121an 21 2019_18.25.   full spectra  index number  Nphoton via eV
eV x-axis E [J] Nphoton Nphoton/sr Nphoton/sr @ 0.1bw
43.81066890785845 2.0855766520664873e-09 297122299.1653081 16023870143266.648 4550779120687.825
43.65640598916881 2.092805183767665e-09 299205655.12714523 16136225982893.836 4598824405124.506
43.50322561727698 2.1026118419037818e-09 301666178.1978432 16268922526640.76 4652911842619.257
43.35111643679699 2.120683786716779e-09 305326573.86322063 16466328460088.896 4725836268045.474
43.20006725060606 2.1341344431444653e-09 308337485.90285605 16628707600501.623 4789067788944.295
43.05006701709701 2.156550476163725e-09 312661761.7489494 16861916736322.537 4873093936797.164
42.90110484748767 2.1686090732684034e-09 315501747.0744086 17015077761906.22 4934372550952.847
42.75317000318599 2.179535792572977e-09 318188631.3536631 17159982014807.162 4993554766308.718
42.606251893209404 2.187211537031492e-09 320410273.18241614 17279795641279.479 5045700327253.495
42.46034007165731 2.2041147927743503e-09 323996050.3350755 17473177382125.992 5119640972962.733
42.31542423523527 2.278277541641951e-09 336044587.36154217 18122957601486.195 5328149534836.94
42.17149422082971 2.2493313400350674e-09 332907377.7967893 17953767208105.977 5296361326391.262
42.02854000313198 2.277442735074806e-09 338214433.0949902 18239977853286.105 5399033444572.774
41.88655169231059 2.2901968467416727e-09 341261408.29019946 18404301887513.586 5466077660591.39
41.745519531730416 2.291339366817957e-09 342585140.1160287 18475691032458.902 5505755927672.611
41.605433895717894 2.3188150116822376e-09 347860424.47460836 18760188263963.08 5609296290924.8125
41.46628528737101 2.333245482390806e-09 351199813.955303 18940282264133.258 5682084679240.062
41.32806433641311 2.349801124207118e-09 354874682.6697285 19138468732260.8 5760679088410.371
41.19076179708947 2.4182659964382506e-09 366431854.09199816 19761749497838.37 5968048348347.012
41.05436854610573 2.398411465913743e-09 364630749.28771734 19664615524456.75 5958378503910.388
40.91887558060703 2.4097527281334585e-09 367568058.4872478 19823025247712.535 6026199675304.624
40.78427401619714 2.433006817397475e-09 372339888.7707429 20080371091572.914 6124513182929.697
40.65055508499649 2.4325837306971968e-09 373499730.16113526 20142921589730.215 6163734006457.51
40.51771013373833 2.5229623085233477e-09 388646574.4651297 20959794193669.137 6434656817455.905
40.38573062190204 2.506310900525091e-09 387343233.48216826 20889504731309.56 6433967457243.117
40.254608119882874 2.5310437850069808e-09 392439785.7029004 21164362899790.387 6539788136035.443
40.124334307197174 2.5951127474001447e-09 403680123.1115415 21770556738181.355 6748872588836.065
39.99490097072234 2.583399549750115e-09 403158600.1817803 21742430893279.418 6761896007809.632
39.86630000297082 2.578267996244628e-09 403655711.6502323 21769240222769.605 6792002949504.057
39.73852340039719 2.5841502702943892e-09 405877534.7420488 21889063624798.312 6851276914562.018
39.61156326173778 2.648810047855638e-09 417366711.9484866 22508677447544.453 7067724718528.871
39.485411786381924 2.6167897122462943e-09 413638664.2577249 22307623025670.06 7026901253085.906
39.36006127277436 2.5692551756271253e-09 407418221.926624 21972153219373.953 6943200417322.0625
39.235504116847856 2.6087690050054316e-09 414997388.4941008 22380899318918.195 7094745084097.222
39.11173281048556 2.542184018362936e-09 405684954.62718105 21878677737365.812 6957419520482.278
38.98873994001234 2.5346436250353754e-09 405757616.42973703 21882596404163.3 6980548252927.733
38.86651818471449 2.6043196396220273e-09 418222722.02128035 22554842256736.855 7217549522155.529
38.74506031538725 2.515083448778522e-09 405158572.93211824 21850289858195.605 7013943044480.91
38.62435919290941 2.5625506478889236e-09 414095151.42803705 22332241477936.008 7190981755895.362
38.50440776684447 2.5441724964719054e-09 412406099.91677207 22241150562990.1 7183891631845.709
38.38519907406786 2.509172414830088e-09 407995790.1727335 22003301600362.293 7129069718517.342
38.266726237419505 2.5776061669320817e-09 420420832.21570826 22673386817057.812 7368850715543.791
38.14898246438129 2.497109112242418e-09 408548420.35729307 22033105066273.5 7182792251605.054
38.03196104577889 2.546844613776598e-09 417967683.49001354 22541087973338.977 7370935767281.581
37.91565535450739 2.484770006618223e-09 409031357.9259807 22059149994270.137 7235401198120.613
37.80005884428024 2.4991900205482045e-09 412663233.60795385 22255017838817.363 7321900868971.079
37.68516504840097 2.4802949371227796e-09 410791907.9077696 22154096837264.31 7310851956296.815
37.57096757855732 2.5129450365309872e-09 417464533.2919165 22513952973847.133 7452118434343.535
37.45746012363721 2.463720075249122e-09 410527270.106167 22139824863131.797 7350421854559.208
37.34463644856601 2.543256767614011e-09 425060694.7780953 22923615613049.09 7633563999145.422
37.23249039316491 2.452036264509467e-09 411049171.9282199 22167971141777.336 7404102361353.574
37.121015871029684 2.494445042529717e-09 419414134.2209276 22619095375495.977 7577396950790.9
37.01020686842959 2.402254433706105e-09 405122594.9986932 21848349560429.855 7341045452304.479
36.90005744322593 2.4715543705060236e-09 418053728.7034839 22545728410394.6 7597910474302.85
36.79056172380983 2.4487638309958022e-09 415431532.8452554 22404312818093.035 7572657732515.704
36.68171390805892 2.4234343253426545e-09 412354378.52054805 22238361216855.363 7538804452513.913
36.57350826231243 2.4420093907958527e-09 416744314.0355883 22475111392887.027 7641537873581.156
36.465939120364446 2.3978689567335076e-09 410418583.87500685 22133963391073.44 7547681516356.22
36.35900088247482 2.4597886172942987e-09 422255020.27594113 22772304977620.207 7788128302346.245
36.25268801439741 2.4501737441147584e-09 421837945.30819046 22749812034000.633 7803185527661.683
36.146995046425396 2.4808054613454964e-09 428360566.8216986 23101578429251.844 7946942979662.349
36.041916572453225 2.4618624221232304e-09 426329001.588837 22992015674889.75 7932245407836.665
35.937447249054806 2.3867695972394306e-09 414526450.30488956 22355501520063.562 7735003525941.913
35.83358179457777 2.4008793532905463e-09 418185616.204028 22552841131951.266 7825835872787.415
35.73031498825334 2.3950155847026554e-09 418369940.9545108 22562781805789.023 7851848068414.471
35.62764166932158 2.343340120813808e-09 410522748.0339675 22139580986795.664 7726713764391.742
35.52555673617166 2.4284141839427757e-09 426649109.0242712 23009279138425.473 8053247698448.679
35.42405514549688 2.449076531849507e-09 431512177.55152595 23271545480593.156 8168312463688.111
35.323131911464124 2.418314109294409e-09 427309434.2538275 23044890621509.906 8111801498771.287
35.22278210489746 2.36830685162069e-09 419665521.31994253 22632652736359.242 7989326415934.78
35.123000852475656 2.4247655323562312e-09 430890689.9432735 23238028518863.043 8226262095677.88
35.02378333594324 2.5083289259384437e-09 447002964.8446934 24106967004659.17 8557973286653.968
34.92512479133495 2.447671183477208e-09 437425486.17788494 23590451499468.29 8398200733810.656
34.827020508213224 2.491871538926656e-09 446579006.27884233 24084102827098.594 8598024709273.382
34.7294658289185 2.4432669493521995e-09 439098336.2515092 23680668667362.496 8477679382915.965
34.63245614783214 2.3627241744734395e-09 425812794.5655127 22964176517976.83 8244139369953.552
34.535986910651545 2.338817638731088e-09 422681718.34515816 22795316897192.465 8206314082989.324
34.44005361367751 2.3088535840611377e-09 418428780.8191601 22565955052472.414 8146309773942.43
34.34465180311331 2.355389501543593e-09 428048118.1804175 23084728006148.65 8356671538225.549
34.24977707437542 2.432591224599011e-09 443302684.72591525 23907410093974.31 8678389864112.889
34.15542507141571 2.428008977164682e-09 443689926.24998605 23928294113494.97 8709899057312.132
34.06159148605468 2.3617883490508742e-09 432777839.7153362 23339802916050.258 8519028064358.219
33.96827205732576 2.347542893332833e-09 431349258.6260924 23262759227550.684 8514169877283.503
33.87546257083034 2.405101926466487e-09 443136197.5545896 23898431404655.684 8770724325508.56
33.78315885810328 2.6049954126038666e-09 481277637.06344783 25955407523527.086 9551589968657.988
33.69135679598887 2.5114048431358192e-09 465250877.9432237 25091080922388.996 9258608860360.3
33.600052306026825 2.470725425241009e-09 458958593.3137281 24751736645332.85 9158142558773.14
33.509241353848374 2.3460902444894007e-09 436987579.2278688 23566835082519.426 8743295815614.798
33.41891994858194 2.3146021704483573e-09 432287742.0658962 23313371843343.133 8672574325724.024
33.32908414226855 2.2860209079327036e-09 428100557.33775115 23087556061295.965 8611658410862.917
33.23973002928659 2.276943221021461e-09 427546827.2902355 23057693279536.598 8623577286546.636
33.150853745785824 2.333894458229528e-09 439415599.1500332 23697778724404.684 8886667021651.688
33.062451469130394 2.4308266029661346e-09 458889270.7057388 24747998062023.777 9305247271320.828
32.97451941735079 2.524271422845723e-09 477800446.0438433 25767881856426.363 9714491459872.684
32.8870538486045 2.4249211176633297e-09 460215902.14709675 24819543583864.492 9381787474700.777
32.80005106064523 2.42233492600663e-09 460944509.2849488 24858837525097.438 9421499422011.945
32.71350739030052 2.4448469763955535e-09 466459075.1799747 25156239261845.637 9559370919501.543
32.627419212957626 2.4972093409607677e-09 477706557.1712975 25762818409132.777 9815633813879.385
32.54178294205747 2.505125985267456e-09 480482088.6700391 25912503425839.105 9898576308669.525
32.45659502859658 2.599651998348774e-09 499920830.67856765 26960839005390.56 10326001339065.117
32.3718519606368 2.4530798060085927e-09 472969468.28436697 25507346176336.63 9794820931712.846
32.28755026282264 2.2518942265161462e-09 435313230.65362203 23476537100161.1 9038466783561.982
32.20368649590622 2.3134917973696064e-09 448385282.07377714 24181515673129.574 9334065049828.467
32.12025725627952 2.3349145579521165e-09 453712717.7152056 24468825434647.56 9469435443208.129
32.03725917551394 2.3115948372419626e-09 450344990.4251761 24287203170263.61 9423434830062.174
31.954688919906943 2.3369226767872634e-09 456455793.5058183 24616760107963.55 9575919681997.904
31.872543190035717 2.3720742549013948e-09 464515849.0708587 25051440655618.66 9770061855691.322
31.790818720317677 2.6860108920398927e-09 527345241.72391194 28439843450969.63 11119978789329.0
31.709512278577733 2.6915633717906294e-09 529790324.0341077 28571707271148.188 11200109250289.777
31.628620665622176 2.5112046409897458e-09 495553819.1955857 26725325127388.004 10503052775063.527
31.548140714819066 2.7121734729791014e-09 536577761.73311794 28937755260814.363 11401475572759.955
31.468069291685 2.6948697243770624e-09 534511006.34076375 28826294693505.836 11386386403935.05
31.388403293478206 2.904535880043787e-09 577559187.2511724 31147892442143.543 12334565407088.62
31.309139648797704 2.778114562672096e-09 553819179.8759229 29867588686922.715 11857432708708.445
31.230275317188642 3.1302135634483243e-09 625586158.2337617 33737997421007.08 13427722973560.324
31.151807288753492 3.1656089976344304e-09 634253684.7250091 34205439007684.492 13647970164066.568
31.07373258376915 2.571202922074302e-09 516454307.3434714 27852492993796.69 11140997197518.643
30.996048252309727 2.4301906386646797e-09 489353828.1963193 26390958265860.746 10582774264609.72
30.918751373875036 2.5374001729917903e-09 512219364.4957465 27624101605985.223 11104888845606.01
30.8418390570246 2.609117777905258e-09 528010297.33298624 28475710044449.133 11475711147913.342
30.765308439017097 2.7017356593165424e-09 548113572.5016297 29559884041694.21 11942193152844.48
30.689156685455174 2.689986265820182e-09 547084087.3927927 29504363686120.85 11949267292878.445
30.61338098993553 2.9134233081033474e-09 593992920.3999149 32034167241054.0 13005871899867.053
30.537978573704155 3.3256614340683032e-09 679714794.8296418 36657166551971.2 14919466786652.512
30.462946685316677 3.4082277444740597e-09 698305836.4931023 37659785467751.77 15365192470842.254
30.388282600303643 3.3169658607436024e-09 681277145.2778424 36741424451060.47 15027242600483.611
30.313983620840798 3.308287802638711e-09 681160172.7584755 36735116097678.945 15061397600048.9
30.240047075424116 3.024676296577834e-09 624288614.9616147 33668020630451.27 13837556479115.236
30.166470318549603 3.378750484825457e-09 699069892.1136498 37700991153357.6 15532808355183.48
30.093250730397784 4.026033829740314e-09 835020794.9765092 45032852879839.125 18598568239373.36
30.02038571652273 6.366417442204537e-09 1323633708.1321902 71383853436595.8 29552915322750.77
29.94787270754562 4.885495531513544e-09 1018196539.624628 54911560583311.07 22788297642074.062
29.87570915885274 3.2730439253282734e-09 683789748.765947 36876929703032.51 15340802756461.127
29.803892550297803 3.310988642942769e-09 693383777.9763705 37394337782636.12 15593438855359.41
29.7324203859086 2.9537006476613537e-09 620047825.0037013 33439313906717.06 13977633213007.736
29.661290193597814 2.7834293557701646e-09 585705281.552091 31587213077516.32 13235042279478.379
29.590499524878005 3.2232940326097944e-09 679886788.9208766 36666442230676.9 15399905736883.62
29.520045954580674 3.466422271014314e-09 732914665.4386762 39526247131492.01 16640550042358.688
29.449927080579297 3.922721668913512e-09 831365973.4889259 44835747563010.41 18920685471589.734
29.38014052351631 4.50987993516309e-09 958076275.8023572 51669261694357.54 21856097696713.89
29.310683926534004 5.1275291997338895e-09 1091870581.4014587 58884817661887.75 24967162688639.332
29.241554955009157 5.873902736155746e-09 1253762461.8158617 67615681943354.44 28736664825926.664
29.17275129629149 6.038707765258331e-09 1291979427.4478045 69676731202451.7 29682287492243.945
29.104270659445735 5.85243419656979e-09 1255072441.612113 67686329438357.01 28902062670177.703
29.036110774997383 6.0174276925267425e-09 1293485041.2282548 69757929280723.26 29856393732149.61
28.96826939468197 6.621217842300144e-09 1426606836.5928373 76937216625204.23 33006065932212.094
28.90074429119786 7.993582591515462e-09 1726320444.9768815 93100836637594.55 40033359754166.8
28.833533257962518 2.1139141998984785e-08 4575920460.605628 246780384550897.3 106362345741426.11
28.76663410887211 2.393957773968985e-08 5194173009.493346 280122878826658.9 121013083653115.5
28.700044678064536 8.536677604892957e-09 1856501405.0888433 100121524098010.56 43352619934439.555
28.633762819685636 5.486764487672041e-09 1195988133.5002627 64499899865925.95 27992956541811.08
28.56778640765871 5.618410714161765e-09 1227512344.5700188 66200007417495.68 28797003226611.34
28.502113335457196 6.65717509434252e-09 1457813245.7163754 78620185048772.52 34278400681265.12
28.43674151588046 5.688159757579465e-09 1248478103.832882 67330695369315.13 29423513876389.56
28.371668880832676 5.4737379025104476e-09 1204170796.6498823 64941192667253.69 28444242388256.766
28.306893381104747 6.300602710042647e-09 1389245060.7448616 74922287936944.73 32890884404318.574
28.242412986159177 7.841875579065682e-09 1733034158.6154506 93462908672664.72 41123679815973.734
28.17822568391791 9.8538587923335e-09 2182637769.398338 117710129077756.31 51910166923289.55
28.114329480553014 1.2225276375831188e-08 2714063038.655455 146370009299970.28 64695544110585.24
28.050722400280268 1.3681230835987577e-08 3044178365.330202 164173200584496.47 72728727858935.61
27.987402485155485 1.4172467750515923e-08 3160616906.5443983 170452756408240.34 75681023845250.48
27.924367794873596 1.3923946206885536e-08 3112203323.229058 167841801342280.72 74689601597313.53
27.86161640657051 1.3458769456354698e-08 3015004884.714001 162599868436978.9 72519541322892.86
27.799146414627526 1.4308483630299815e-08 3212559092.5167584 173254009782075.6 77444542372590.62
27.736955930478473 1.3983722564126443e-08 3146682880.5135427 169701291357254.38 76026178528048.25
27.675043082419368 2.142257540750949e-08 4831392818.712879 260558064324528.66 116990570881714.38
27.61340601542066 5.9494774337272034e-08 13447693986.707436 725237058190304.9 326356676185631.7
27.552042890941948 6.111603529835929e-08 13844916539.387266 746659356752208.5 336743369895249.9
27.490951886749173 2.4675965841163486e-08 5602390249.420872 302138123260406.7 136566431713703.47
27.43013119673424 1.0945259080140146e-08 2490503383.25863 134313388516489.1 60843964997967.01
27.369579030737032 9.73228884597985e-09 2219401356.6655674 119692797325900.77 54340529985959.984
27.30929361436977 8.577183708836693e-09 1960303070.2535312 105719570451066.02 48102404555235.375
27.249273188843684 1.0738758327081735e-08 2459733866.4402328 132653981789851.12 60490215696167.445
27.18951601079797 1.3340257514400263e-08 3062328040.082152 165152016486853.1 75474471534491.92
27.130020352131016 1.4323800990364988e-08 3295316506.2532177 177717135083781.16 81394447868369.2
27.070784499833785 1.2349704304897142e-08 2847375162.677269 153559561110284.3 70483838549620.69
27.011806755825432 1.3593415927276992e-08 3140971141.8804607 169393256051907.4 77920897783880.33
26.95308543679103 1.867712330173646e-08 4325043430.043275 233250531790088.9 107528495155228.27
26.89461887402142 2.4676148568104346e-08 5726654168.60001 308839703417849.1 142683942979049.66
26.83640541325514 2.8371356156288224e-08 6598492485.2122345 355858133238042.25 164762315689213.03
26.778443414522407 2.9464828854088147e-08 6867640752.899644 370373357786398.2 171853238012886.44
26.720731251991108 2.7675730246681064e-08 6464571223.955115 348635730524294.3 162115614693793.28
26.66326731381478 2.7041377527881112e-08 6330010341.711657 341378832911796.5 159082536136893.47
26.60605000198256 2.4181344700035842e-08 5672689592.556102 305929382108094.7 142869021444484.16
26.549077732171035 2.6972019843278147e-08 6340930692.587722 341967769806969.1 160040916269660.56
26.49234893359802 2.2273442442611236e-08 5247541143.067575 283001033864447.5 132727484882411.78
26.43586204887819 4.92842804686001e-08 11636005513.117773 627532305223573.4 294940183455093.06
26.37961553388058 1.112114527052978e-07 26312979473.43536 1419064699449522.5 668379473440724.0
26.323607857587838 1.0149592097598041e-07 24065348268.32173 1297849460263934.2 612584945244542.6
26.267837501957352 3.999843894985431e-08 9504027755.87876 512554281607365.3 242438175200292.25
26.212302961784083 1.7910823000568396e-08 4264806565.109183 230001944577843.47 109020921729899.4
26.15700274456513 1.53477879659135e-08 3662239879.878933 197505392336854.62 93815061360001.62
26.101935370366043 1.4119519401299961e-08 3376262299.8165007 182082559315976.12 86671298234407.88
26.047099371688805 1.432751879760041e-08 3433211786.814976 185153857521976.84 88318390037978.83
25.992493293341447 1.4767630212022673e-08 3546107059.7621913 191242324118313.8 91413830928555.83
25.938115692309353 1.51002286422794e-08 3633574550.626722 195959464902792.0 93864583688440.0
25.883965137628124 2.0302532549440292e-08 4895627707.4843645 264022265830888.16 126730687598818.44
25.830040210258062 2.4621418438781953e-08 5949451953.413054 320855236355232.0 154331368686861.78
25.776339502960226 2.40976575571072e-08 5835022836.559536 314684049223803.25 151677711725870.6
25.722861620174 2.51389187003266e-08 6099809709.547669 328964062808522.06 158889642336517.97
25.66960517789621 3.234785342574313e-08 7865299281.292751 424177298962147.56 205301812697679.12
25.616568803561712 4.3420417162754805e-08 10579423645.670034 570550615571619.0 276717048552222.2
25.5637511359255 4.936309938757405e-08 12052213432.580387 649978488740609.1 315889545527945.56
25.51115082494623 4.672616938537634e-08 11431918074.571655 616525825325154.6 300248076933351.75
25.458766531671188 3.9548808303714196e-08 9695830578.459238 522898249497946.5 255174345754998.47
25.40659692812268 3.8588112007614195e-08 9479730865.841719 511243945049212.4 249998289129065.94
25.354640697185825 3.733169490620635e-08 9189866917.8518 495611519361698.1 242849644487231.44
25.30289653249769 3.7113610174680996e-08 9154864843.54704 493723849890305.2 242418410296128.75
25.251363138337815 3.4078711648938365e-08 8423397881.198506 454275677700975.4 223503633428876.3
25.200039229520055 7.893599772248995e-08 19550724715.054512 1054374831242439.5 519806791802533.94
25.148923531285735 1.6535702901623901e-07 41038571504.69816 2213219076803734.8 1093330223940986.0
25.09801477919811 1.675137678188594e-07 41658162649.10241 2246633761826510.2 1112083712104115.9
25.047311719038113 5.9045719994148744e-08 14713509596.455492 793502769020167.1 393577373433999.9
24.996813106701342 2.67434949306113e-08 6677632180.426286 360126154193891.56 178982698634361.47
24.94651770809631 2.5189364554639518e-08 6302259125.198766 339882203776354.75 169261337480628.03
24.896424299043908 2.0676809578618284e-08 5183648279.560453 279555277854899.5 139498083649593.05
24.846531665178087 1.929968486373507e-08 4848120643.1649885 261460199531320.5 130730099765661.73
24.796838601847732 1.8469811529957068e-08 4648952655.425882 250719026683665.75 125610232368512.72
24.74734391401969 1.969906547599761e-08 4968279327.091153 267940383459715.1 134506072496783.45
24.698046416183 2.192465102392088e-08 5540628884.5638485 298807319436122.75 150300081676366.78
24.648944932254206 2.3160901336265843e-08 5864703989.871058 316284760270070.5 159407519176110.38
24.60003829548386 2.1118534271578882e-08 5358175872.443982 288967588854911.75 145928632371727.06
24.551325348364088 2.477508697519138e-08 6298385246.479601 339673284655437.06 171874682035650.34
24.50280494253728 3.7542422227616575e-08 9563028758.674221 515736218505985.6 261478262782519.8
24.454475938705844 4.338609774971605e-08 11073405530.48807 597191165936525.8 303373112295767.3
24.40633720654304 4.773593498044841e-08 12207642452.001919 658360809524685.4 335105652048067.75
24.35838762460484 5.939865761291425e-08 15220084646.182268 820822471504444.6 418619460467252.6
24.31062608024287 6.673796396981879e-08 17134277033.537533 924055282809344.8 472192249515576.44
24.263051469518324 6.456160813409724e-08 16608021364.304 895674200239488.9 458585190522600.5
24.21566269711692 5.724856555622794e-08 14755611952.00073 795773358201382.4 408231732757323.6
24.16845867626484 4.7225759789639684e-08 12196043764.119352 657735289767384.6 338075938940438.25
24.12143832864565 4.768783132493617e-08 12339380229.292528 665465456473761.6 342714710083974.56
24.07460058431818 5.080830638414697e-08 13172390677.302467 710389890904949.4 366561183706958.5
24.027944381635393 4.1707986886981854e-08 10834068700.194788 584283678683316.0 302074661879268.0
23.981468667164144 6.261810056594995e-08 16297203482.683664 878911724359082.1 455276273217988.44
23.93517239560591 1.4978673602678772e-07 39059418393.110306 2106482919528371.2 1093264635235194.9
23.889054529718422 2.1773343676805107e-07 56887276300.41577 3067943169539210.0 1595330448160418.8
23.843114040238195 1.6145318544813678e-07 42264196500.25205 2279317299078767.5 1187524312819998.8
23.797349905803955 5.6346833519971184e-08 14778484276.903727 797006867652372.1 416037584914546.06
23.75176111288096 2.8459282904867206e-08 7478544997.423279 403319556411398.94 210936128003156.94
23.706346655686158 3.081366159124892e-08 8112741773.969199 437521926348621.94 229261489406682.0
23.66110553611424 2.4933461375023133e-08 6577131357.394894 354706122974186.75 186220714561445.38
23.616036763664496 2.102549237904438e-08 5556843089.172194 299681755013157.4 157632603136927.7
23.571139355368558 1.806336449193721e-08 4783073392.281646 257952187159784.34 135940802633205.2
23.526412335718902 2.0029654505372702e-08 5313818648.221172 286575394116049.0 151311808093274.78
23.481854736598223 2.4665374049982378e-08 6556080593.28568 353570850692536.44 187038980016345.56
23.437465597209567 2.7702395016675358e-08 7377269431.263294 397857743126457.56 210864603857014.97
23.393243964007283 2.626376038393581e-08 7007376176.153673 377909319519755.7 200669848664976.28
23.349188890628735 2.3318087309545393e-08 6233186198.640948 336157085841123.44 178835569667488.2
23.305299437826804 2.0934241723472295e-08 5606496070.373441 302359551076360.94 161157640723701.44
23.261574673403114 2.045259293298549e-08 5487799539.950635 295958221404052.7 158041690229753.53
23.218013672142057 2.7586312356596913e-08 7415792367.298344 399935293435865.9 213965381988186.53
23.17461551574553 4.465762980793948e-08 12027409743.081879 648640820377397.9 347671479722297.2
23.131379292768393 6.423538114017854e-08 17332521606.77536 934746655712335.4 501958954117533.06
23.088304098554673 7.336933314120042e-08 19834054976.323235 1069654893785648.0 575474332856670.1
23.04538903517446 7.649303664495382e-08 20716998419.543713 1117272225496392.9 602209729542560.4
23.00263321136152 7.531835953237763e-08 20436770725.411655 1102159485072891.9 595166121939365.9
22.96003574245159 7.098494176512401e-08 19296682243.740875 1040674265574228.0 563004777675630.8
22.917595750321365 6.281156907976718e-08 17106437022.56025 922553864969147.9 500024194813288.3
22.875312363328153 5.848489816814866e-08 15957530376.795725 860593079965178.2 467302042421067.6
22.833184716250198 5.8469632179386605e-08 15982799323.999592 861955839777515.8 468903976838939.9
22.791211950227677 5.242329157533824e-08 14356409614.461288 774244289411895.1 421963137729481.9
22.749393212704323 5.065493025427389e-08 13897634289.669336 749502436477756.4 409228330316877.44
22.707727657369702 9.565230551386687e-08 26291220058.34175 1417891209466330.5 775586491578039.5
22.666214444102113 1.6924598530348635e-07 46604554098.64784 2513393727295083.0 1377339762557715.2
22.624852738912146 1.9931581924172172e-07 54985095379.54331 2965358139231197.0 1627981618437939.5
22.583641713886806 1.3618112970277533e-07 37636734225.96047 2029757253318421.2 1116366489325164.8
22.542580547134285 5.7004807626574625e-08 15783264300.967346 851194872636764.2 469008374822867.44
22.501668422729324 3.032572045078234e-08 8411731105.341726 453646485944433.3 250412860241316.1
22.46090453065916 3.275676731386281e-08 9102543617.973997 490902154828459.4 271468891620136.47
22.420288066770084 3.020418479153682e-08 8408429847.77651 453468448406749.0 251221520417332.4
22.37981823271454 2.2829225749434503e-08 6366835111.592076 343364800751562.1 190567464417121.22
22.33949423589884 1.9430112693561998e-08 5428638943.0422 292767677560248.2 162778828723490.53
22.299315289431394 2.133264057215015e-08 5970931143.082209 322013613720404.56 179361582842263.0
22.259280612071553 2.5331543905078333e-08 7102962312.169362 383064300600996.8 213749879735345.94
22.21938942817895 2.9264725647480607e-08 8220558252.474009 443336492457321.1 247825099283644.03
22.179640967663424 2.743083485084282e-08 7719221243.082728 416299278626291.7 233127596030723.88
22.140034465935454 2.3503523667782134e-08 6625881418.485135 357335224359646.0 200465060865763.0
22.100569163857138 2.1403416464763445e-08 6044614637.49498 325987380581691.06 183204907886912.1
22.06124430769369 2.1520557605988734e-08 6088530566.289745 328355776162248.8 184864301979354.47
22.022059149065463 2.2800806183968e-08 6462212767.386716 348508538449190.06 196558815685336.38
21.98301294490045 2.1534400115584526e-08 6114128152.419621 329736259543262.25 186300986641939.7
21.944104957387353 2.0109190090611134e-08 5719600329.759482 308459288356745.75 174587957209921.38
21.905334453929072 2.4386920483275925e-08 6948579786.192912 374738417435762.56 212476682686066.75
21.866700707096744 3.4214435750644245e-08 9765963489.3315 526680532617535.44 299154542526756.1
21.82820299458425 5.563710129511253e-08 15908729079.512527 857961215400701.9 488179931562971.75
21.789840599163185 7.488763163736195e-08 21450875270.86109 1156850363521356.5 659404707207194.1
21.75161280863834 8.249312982900655e-08 23670928420.685516 1276578312193915.2 728926216262763.2
21.713518915803597 7.997613702302435e-08 22988952696.46498 1239799213228710.5 709165149966775.8
21.675558218398344 7.311844814139161e-08 21054534765.66648 1135475633971954.0 650627538265913.1
21.637730019064314 6.237195586957394e-08 17991469632.76419 970283865909178.8 556942939031865.5
21.600033625302878 5.701676748063383e-08 16475444455.489178 888524298745012.1 510901471778406.25
21.562468349432788 5.1812545116415466e-08 14997726378.233223 808830641807021.5 465886449680826.1
21.525033508548354 4.635974608743062e-08 13442690116.5931 724967198387957.0 418306073469873.6
21.48772842447808 5.1323446814383214e-08 14907824920.52803 803982236662051.5 464701732790669.25
