string
integrated and resized binned spectra ROIsize spatial in px50:1600
converted file:an 17 2019_15.43.53_29 binning:0.1
nm muJ
28.1 4.2566537643901715e-05
28.200000000000003 0.000850483228301878
28.300000000000004 0.0009176401924600383
28.400000000000006 0.0009368162847436132
28.500000000000007 0.0009324058720305225
28.60000000000001 0.0009490473748476441
28.70000000000001 0.0009672284801011771
28.80000000000001 0.0009678489868535937
28.900000000000013 0.0009628201401135494
29.000000000000014 0.0009544022088473731
29.100000000000016 0.0009500005484801282
29.200000000000017 0.0009452345328215218
29.30000000000002 0.0009786353997236342
29.40000000000002 0.0009576949204849986
29.50000000000002 0.0009652339990120139
29.600000000000023 0.0009749787612952507
29.700000000000024 0.0010131826721791583
29.800000000000026 0.0010223372992175493
29.900000000000027 0.001025859655216792
30.00000000000003 0.0009996458043854692
30.10000000000003 0.0010183352748776343
30.20000000000003 0.001000885251359593
30.300000000000033 0.0010015728658969957
30.400000000000034 0.0009935701229537844
30.500000000000036 0.0010029042121768726
30.600000000000037 0.0010144156433560996
30.70000000000004 0.0010315573055026395
30.80000000000004 0.0010741778764881043
30.90000000000004 0.0011635325112844496
31.000000000000043 0.0011474870158437755
31.100000000000044 0.0010705988624838117
31.200000000000045 0.0010273170431642684
31.300000000000047 0.0010305149154291554
31.40000000000005 0.0009975865115379287
31.50000000000005 0.0009854834341867025
31.60000000000005 0.0010049206224718816
31.700000000000053 0.0009992243401352695
31.800000000000054 0.0009998130931026337
31.900000000000055 0.0010036187296628713
32.00000000000006 0.0009944322195706813
32.10000000000006 0.0011399254806871324
32.20000000000006 0.001184798265662579
32.30000000000006 0.0010861359746079913
32.40000000000006 0.0010186692823168158
32.500000000000064 0.0009546987515400157
32.600000000000065 0.000942195424555479
32.70000000000007 0.0008931401497697975
32.80000000000007 0.0009014994505330502
32.90000000000007 0.0009021423651147509
33.00000000000007 0.0009626556160499843
33.10000000000007 0.0009447712079578903
33.200000000000074 0.0008975414547435656
33.300000000000075 0.0008914643654577755
33.40000000000008 0.0010900908893737215
33.50000000000008 0.001337265231908638
33.60000000000008 0.001241079206236683
33.70000000000008 0.0009798502504229359
33.80000000000008 0.0009044355379571972
33.900000000000084 0.0008638804499309841
34.000000000000085 0.0008133984480555691
34.10000000000009 0.0007877304854274222
34.20000000000009 0.0007930495531239161
34.30000000000009 0.0008968042974253289
34.40000000000009 0.0009774999701418203
34.50000000000009 0.001003028348371456
34.600000000000094 0.0009744704064934339
34.700000000000095 0.0009647360950322586
34.8000000000001 0.001138091419262774
34.9000000000001 0.0017436806682356787
35.0000000000001 0.0018749011785733805
35.1000000000001 0.0012727401456566784
35.2000000000001 0.0010312916378703136
35.300000000000104 0.0011001946922528072
35.400000000000105 0.0009262144789061755
35.50000000000011 0.000801298623418665
35.60000000000011 0.0008009529078781742
35.70000000000011 0.0007806469595768304
35.80000000000011 0.000865838523124218
35.90000000000011 0.001125240548320246
36.000000000000114 0.001365168278218977
36.100000000000115 0.001335463320325907
36.20000000000012 0.001179711024912055
36.30000000000012 0.0013115014420887862
36.40000000000012 0.0019847036535893463
36.50000000000012 0.003393787991950991
36.60000000000012 0.002899930268570323
36.700000000000124 0.0016145536807562193
36.800000000000125 0.0013318377475198299
36.90000000000013 0.0015868659744075714
37.00000000000013 0.001380003510671543
37.10000000000013 0.0009558086309286669
37.20000000000013 0.0010430707554817847
37.30000000000013 0.0011295475532560485
37.400000000000134 0.0011877182083636975
37.500000000000135 0.001639002848636219
37.600000000000136 0.0027281943386521477
37.70000000000014 0.002868087972711613
37.80000000000014 0.0029598887652269724
37.90000000000014 0.0025830203467806776
38.00000000000014 0.003134820001455018
38.10000000000014 0.003669387485178864
38.200000000000145 0.005764596573809956
38.300000000000146 0.005594073819638503
38.40000000000015 0.003414019748313475
38.50000000000015 0.00237743792884194
38.60000000000015 0.0029674204287468264
38.70000000000015 0.0032367850491463847
38.80000000000015 0.0025693611415545186
38.900000000000155 0.0018880168393769787
39.000000000000156 0.0017904233386365487
39.10000000000016 0.0018227462225826126
39.20000000000016 0.0019149073713929212
39.30000000000016 0.0034159510167667516
39.40000000000016 0.005775301933874048
39.50000000000016 0.00597510745837415
39.600000000000165 0.0076656707282651325
39.700000000000166 0.0066152976793118715
39.80000000000017 0.008058178571233922
39.90000000000017 0.007229757404023335
40.00000000000017 0.008906988445256142
40.10000000000017 0.014048252123808039
40.20000000000017 0.01143742173397855
40.300000000000175 0.008631847084655348
40.400000000000176 0.005801612670379757
40.50000000000018 0.005829875502670645
40.60000000000018 0.00633282386876435
40.70000000000018 0.006539059207013086
40.80000000000018 0.005970084988937959
40.90000000000018 0.004658076152260926
41.000000000000185 0.0031249232853631024
41.100000000000186 0.004033930366436999
41.20000000000019 0.004763510789636702
41.30000000000019 0.007679420708228041
41.40000000000019 0.010666212023191967
41.50000000000019 0.011913442783437063
41.60000000000019 0.01222060603962571
41.700000000000195 0.01261739844761749
41.800000000000196 0.015040286992258416
41.9000000000002 0.01615678868983401
42.0000000000002 0.015817818876648227
42.1000000000002 0.019803812983108078
42.2000000000002 0.02233034958677207
42.3000000000002 0.02024535340853362
42.400000000000205 0.016756873964305457
42.500000000000206 0.01560110230784878
42.60000000000021 0.01153249209515432
42.70000000000021 0.010443219902241827
42.80000000000021 0.009859042141636229
42.90000000000021 0.009219272287058334
43.00000000000021 0.009475374722477453
43.100000000000215 0.008328970564837486
43.200000000000216 0.006756193036831255
43.30000000000022 0.007161937588926039
43.40000000000022 0.008962813236318519
43.50000000000022 0.01442543991930952
43.60000000000022 0.015001152658298815
43.70000000000022 0.015701695512203465
43.800000000000225 0.017561566332344503
43.900000000000226 0.018507552443325255
44.00000000000023 0.02082124008966915
44.10000000000023 0.02581509779482098
44.20000000000023 0.026707622701622188
44.30000000000023 0.02505790823426049
44.40000000000023 0.02868885157469304
44.500000000000234 0.03551915887506842
44.600000000000236 0.037665989523041996
44.70000000000024 0.03320609064235757
44.80000000000024 0.029931465124341975
44.90000000000024 0.023650400061307312
45.00000000000024 0.015825572843286232
45.10000000000024 0.013821839553404451
45.200000000000244 0.012799506142143703
45.300000000000246 0.013354795694094588
45.40000000000025 0.012973127150708925
45.50000000000025 0.015779068319207855
45.60000000000025 0.01586772190869933
45.70000000000025 0.015424584313882496
45.80000000000025 0.014896500841449008
45.900000000000254 0.0171782686487544
46.000000000000256 0.020429712433266377
46.10000000000026 0.018822986322735564
46.20000000000026 0.023107742267284206
46.30000000000026 0.022025045185389076
46.40000000000026 0.024006484784139394
46.50000000000026 0.030137462013469417
46.600000000000264 0.025879876210897896
46.700000000000266 0.028217482741485545
46.80000000000027 0.03690967697699903
46.90000000000027 0.0438439618067869
47.00000000000027 0.049321478128263124
47.10000000000027 0.055167743432464174
47.20000000000027 0.060337389336752145
47.300000000000274 0.0628970177060962
47.400000000000276 0.058207556601204635
47.50000000000028 0.04932577913934422
47.60000000000028 0.034730999584939776
47.70000000000028 0.023182990136358186
47.80000000000028 0.016267338487898016
47.90000000000028 0.016315160087364323
48.000000000000284 0.016425960390580346
48.100000000000286 0.017305957955352853
48.20000000000029 0.017584590715514936
48.30000000000029 0.022364048083288783
48.40000000000029 0.02686107146635942
48.50000000000029 0.028154795023910526
48.60000000000029 0.025233480572615416
48.700000000000294 0.025069975331092353
48.800000000000296 0.023242926968574152
48.9000000000003 0.03093558738962854
49.0000000000003 0.023551795147641254
49.1000000000003 0.02473616565675823
49.2000000000003 0.028468289064814713
49.3000000000003 0.028710150267106844
49.400000000000304 0.031211733831923147
49.500000000000306 0.03519637929792178
49.60000000000031 0.04891475348572834
49.70000000000031 0.056756118062537726
49.80000000000031 0.058012117896725925
49.90000000000031 0.06324377371155085
50.00000000000031 0.06513362502624802
50.100000000000314 0.07043093302627935
50.200000000000315 0.07978297143221535
50.30000000000032 0.07763697293694968
50.40000000000032 0.0698317924235088
50.50000000000032 0.050072541085994626
50.60000000000032 0.032821947994046655
50.70000000000032 0.02363112010698845
50.800000000000324 0.019418066177905306
50.900000000000325 0.017253636073880127
51.00000000000033 0.017316427007435905
51.10000000000033 0.015408894455098748
51.20000000000033 0.01886662246795652
51.30000000000033 0.01784334220273614
51.40000000000033 0.021267415026963644
51.500000000000334 0.027406871525581508
51.600000000000335 0.03243157605487657
51.70000000000034 0.039099103665239075
51.80000000000034 0.03468215560233311
51.90000000000034 0.03213135813610632
52.00000000000034 0.027976022352901146
52.10000000000034 0.01921588774357398
52.200000000000344 0.022698759329540772
52.300000000000345 0.031951316909803934
52.40000000000035 0.02380594099098885
52.50000000000035 0.03049279962045013
52.60000000000035 0.03401742608123467
52.70000000000035 0.03691163054738632
52.80000000000035 0.03933924289921559
52.900000000000354 0.04612774582511137
53.000000000000355 0.054832439225514534
53.10000000000036 0.0558432205153821
53.20000000000036 0.06254789254769823
53.30000000000036 0.06598080612463969
53.40000000000036 0.07851413311425876
53.50000000000036 0.09169898761422024
53.600000000000364 0.09994383317035202
53.700000000000365 0.09542588586708464
53.80000000000037 0.0778144978430398
53.90000000000037 0.05991698952197751
54.00000000000037 0.039495722080348745
54.10000000000037 0.025981755813155157
54.20000000000037 0.021286500670610303
54.300000000000374 0.019207053416039847
54.400000000000375 0.017786378950842084
54.50000000000038 0.015464426576628124
54.60000000000038 0.013956531070209464
54.70000000000038 0.017337040615839915
54.80000000000038 0.01932909029173183
54.90000000000038 0.016252124379118722
55.000000000000384 0.02241440726718646
55.100000000000385 0.028137552377279582
55.20000000000039 0.03198996425598925
55.30000000000039 0.029494378882701004
55.40000000000039 0.03887075154607726
55.50000000000039 0.022886337635280037
55.60000000000039 0.0203419882397949
55.700000000000394 0.01538084978007593
55.800000000000395 0.016946613155826927
55.9000000000004 0.014919609473644067
56.0000000000004 0.018744478617262604
56.1000000000004 0.01995741576238801
56.2000000000004 0.020752774979057094
56.3000000000004 0.021295092949174848
56.400000000000404 0.02801306046323196
56.500000000000405 0.02958918575295207
56.600000000000406 0.036281252291294294
56.70000000000041 0.038698768984955174
56.80000000000041 0.04158131847812706
56.90000000000041 0.04190887847102554
57.00000000000041 0.042618128243197335
57.10000000000041 0.044332283089163434
57.200000000000415 0.052652176409324285
57.300000000000416 0.06140005195944255
57.40000000000042 0.06688880522306008
57.50000000000042 0.06522267983779434
57.60000000000042 0.05294653850488085
57.70000000000042 0.0410306005682601
57.80000000000042 0.030017843189951765
