string
20190117an 17 2019_15.45.   full spectra  index number  Nphoton via eV
eV x-axis E [J] Nphoton Nphoton/sr Nphoton/sr @ 0.1bw
43.81066890785845 6.299994452998617e-10 89753058.69237177 4840401953969.121 1374674154927.2595
43.65640598916881 6.388198837804144e-10 91331254.01125972 4925514370376.824 1403771595557.3223
43.50322561727698 6.399613298046316e-10 91816608.61463326 4951689649579.168 1416183239779.642
43.35111643679699 6.433853995961989e-10 92631754.41938804 4995650639918.544 1433751733656.6099
43.20006725060606 6.521822761130395e-10 94226605.08248234 5081661282657.639 1463518449405.3472
43.05006701709701 6.604200979761303e-10 95749259.57446225 5163778370204.047 1492331948988.9543
42.90110484748767 6.61534989689828e-10 96243923.1536681 5190455684495.386 1505232148503.6748
42.75317000318599 6.573702519314204e-10 95968940.48147082 5175625809244.299 1506107110490.0408
42.606251893209404 6.428316087364762e-10 94170064.43057215 5078612033016.768 1482954713640.863
42.46034007165731 6.382478513896913e-10 93819878.9205616 5059726452384.73 1482499850548.6733
42.31542423523527 6.581825891733692e-10 97081541.88620634 5235628644712.326 1539274821545.4236
42.17149422082971 6.386867577157133e-10 94527440.20423268 5097885386129.52 1503876188908.2078
42.02854000313198 6.389393583997452e-10 94886474.88480036 5117248204452.169 1514705468517.8665
41.88655169231059 6.504285446519811e-10 96920123.46269599 5226923314064.552 1552396224277.1306
41.745519531730416 6.704525012223651e-10 100241399.1565895 5406040433777.36 1611000049265.612
41.605433895717894 6.786777843769125e-10 101812840.16423808 5490788588712.5625 1641745788025.013
41.46628528737101 6.887512409773839e-10 103670749.39962368 5590986037404.326 1677295811221.3225
41.32806433641311 6.759223230415961e-10 102080008.99638243 5505197061872.053 1657064315623.4504
41.19076179708947 6.800569502589431e-10 103046782.0903743 5557335344860.739 1678315274147.8938
41.05436854610573 6.652245478393342e-10 101134158.49220385 5454187138697.393 1652618703025.3079
40.91887558060703 6.603450780635866e-10 100724757.1262009 5432108034087.147 1651360842362.4966
40.78427401619714 6.522702745429416e-10 99821438.9434258 5383391888245.847 1641934525914.9722
40.65055508499649 6.499548341042544e-10 99794285.43053201 5381927493396.433 1646869812979.3254
40.51771013373833 6.570002366724063e-10 101206780.03903967 5458103634495.147 1675637815789.875
40.38573062190204 6.762326849546299e-10 104509841.42541037 5636238452646.227 1735961443414.9766
40.254608119882874 6.831245420629018e-10 105918850.74592566 5712226631406.34 1765078029104.6167
40.124334307197174 7.223853692751653e-10 112369921.15087123 6060134259828.421 1878641620546.7673
39.99490097072234 7.539809934209805e-10 117664308.60478903 6345661725414.297 1973500796603.7686
39.86630000297082 7.05142835073726e-10 110397729.53057319 5953773537290.688 1857577343634.6782
39.73852340039719 6.751900516900712e-10 106048195.7309329 5719202234547.744 1790110299413.4822
39.61156326173778 6.743376519778757e-10 106253783.19480304 5730289611137.765 1799310937897.2358
39.485411786381924 6.364595349887261e-10 100605818.90657125 5425693670063.408 1709093506069.9343
39.36006127277436 6.169083019539214e-10 97825893.61233473 5275771695011.495 1667143855623.6067
39.235504116847856 6.210755944580992e-10 98799375.9750284 5328271810318.845 1689062163871.1104
39.11173281048556 5.993349518614948e-10 95642632.86848423 5158027968786.193 1640252894073.9976
38.98873994001234 6.03883734996545e-10 96672535.14168695 5213570822124.42 1663129092257.6042
38.86651818471449 6.313112122705999e-10 101381063.06977122 5467502756205.173 1749600881985.591
38.74506031538725 6.084194113453813e-10 98011197.42750986 5285765170020.808 1696730619576.7085
38.62435919290941 6.468362166910069e-10 104525442.77337983 5637079836731.584 1815139707427.562
38.50440776684447 7.100832216569855e-10 115103300.76517592 6207546016249.6455 2005037363248.6091
38.38519907406786 6.619720636810098e-10 107637806.63199167 5804930295781.934 1880797415833.3357
38.266726237419505 6.529813962706646e-10 106504626.48769788 5743817644418.835 1866740734436.1218
38.14898246438129 5.836612423371398e-10 95491974.06375279 5149902906716.674 1678868347589.6106
38.03196104577889 5.839619867109841e-10 95835151.27367164 5168410528202.226 1690070242722.0671
37.91565535450739 5.334353136085055e-10 87811656.65627049 4735701720396.102 1553310164289.923
37.80005884428024 5.33235615110343e-10 88047219.85809329 4748405695046.084 1562225473670.197
37.68516504840097 5.167587139128627e-10 85586715.85343073 4615710179534.592 1523184359246.3308
37.57096757855732 5.190225710246756e-10 86222942.49614598 4650022020595.312 1539157288817.076
37.45746012363721 5.047046822410787e-10 84098448.3147014 4535447587847.49 1505768599165.2544
37.34463644856601 5.177752552104654e-10 86537038.85555467 4666961305495.088 1554098114729.8796
37.23249039316491 5.135912104427457e-10 86096296.70560187 4643191985597.699 1550826123189.6199
37.121015871029684 5.489307847969668e-10 92296813.89145754 4977587224482.028 1667491720201.424
37.01020686842959 6.162015191810407e-10 103917867.72878578 5604313182582.048 1883049229347.58
36.90005744322593 6.658085327497952e-10 112618902.11286744 6073561857199.54 2046790345876.2095
36.79056172380983 5.821559980235309e-10 98762467.63887681 5326281335731.921 1800283091477.4507
36.68171390805892 4.951738372925633e-10 84255264.44069801 4543904715590.508 1540383698585.171
36.57350826231243 4.757629020347898e-10 81191941.7670431 4378699058298.993 1488757679821.5732
36.465939120364446 4.2768112467482797e-10 73201782.37689278 3947788026540.524 1346195717050.35
36.35900088247482 4.1979745789228434e-10 72063746.79832369 3886413520552.124 1329153424028.8494
36.25268801439741 4.1170652643402967e-10 70882089.72855966 3822686498066.8906 1311181468836.8538
36.146995046425396 4.552465919816035e-10 78607408.44996378 4239314615023.721 1458324227568.1077
36.041916572453225 4.498990187663206e-10 77910527.31574696 4201731664059.2437 1449597424100.3845
35.937447249054806 4.5745932121881177e-10 79450060.36738765 4284759015994.994 1482526619534.2527
35.83358179457777 5.389753167350628e-10 93878821.79031645 5062905254155.842 1756828123192.1501
35.73031498825334 5.495340422565983e-10 95994584.03521419 5177008771668.693 1801599052540.6802
35.62764166932158 5.298596918709096e-10 92824534.87961265 5006047332019.663 1747110518874.8748
35.52555673617166 6.362363056706116e-10 111780624.05422719 6028353339382.68 2109923668783.876
35.42405514549688 8.109408105625279e-10 142882768.4559834 7705698743853.956 2704700259092.71
35.323131911464124 7.402720151910029e-10 130804023.67478324 7054289413718.3955 2483109873628.814
35.22278210489746 5.677810914394405e-10 100611180.33395009 5425982813006.709 1915371932991.3606
35.123000852475656 5.139221136073941e-10 91326048.29391901 4925233624909.707 1743532703218.1133
35.02378333594324 4.53627669210481e-10 80839841.60761899 4359710220208.1284 1547697128173.8787
34.92512479133495 3.7018102960161647e-10 66155379.83222121 3567774006488.1904 1270127546309.7874
34.827020508213224 3.69067231585018e-10 66142124.48620605 3567059142797.8926 1273440113978.7268
34.7294658289185 3.510351352336216e-10 63087229.943406194 3402308016434.3877 1218026269883.5383
34.63245614783214 3.404659427356671e-10 61359153.174519636 3309112460866.786 1187971373451.1577
34.535986910651545 3.6520129956197363e-10 66000833.192146234 3559439272613.969 1281398138141.0347
34.44005361367751 3.8878171989440754e-10 70458110.54595028 3799821208640.057 1371735456319.0417
34.34465180311331 6.255019785348071e-10 113673320.12581646 6130426849708.284 2219214519594.329
34.24977707437542 6.865167797110309e-10 125107222.48677698 6747059688029.473 2449182666754.7593
34.15542507141571 5.814235101728036e-10 106248270.4037721 5729992305119.822 2085717199063.6064
34.06159148605468 7.18506844093638e-10 131660332.70190816 7100470345582.828 2591671676137.6943
33.96827205732576 8.938047825008773e-10 164232155.83543646 8857075843343.617 3241689758663.746
33.87546257083034 1.045553152919693e-09 192641502.39434814 10389198075144.832 3812835693578.12
33.78315885810328 7.77740916117608e-10 143689047.7985512 7749181563961.365 2851698815537.7886
33.69135679598887 6.688431496679087e-10 123906690.48832306 6682314736539.45 2465774137782.7275
33.600052306026825 5.355569724140322e-10 99484334.51464026 5365211773166.115 1985128356071.4595
33.509241353848374 4.663028928630911e-10 86854532.90546474 4684083828581.745 1737795100403.8455
33.41891994858194 3.9345336430397567e-10 73483499.08021095 3962981069552.917 1474228957873.7495
33.32908414226855 3.422035965204707e-10 64084081.595682874 3456068442605.886 1289113529091.924
33.23973002928659 4.935281759268908e-10 92670912.40914634 4997762438813.211 1869163152116.1296
33.150853745785824 4.115660103617998e-10 77487876.28130756 4178938001951.7544 1567101750731.8958
33.062451469130394 4.3915573614295447e-10 82903426.8585754 4470999821102.368 1681095932734.4702
32.97451941735079 5.157887665091407e-10 97629795.46179064 5265196079150.684 1984978921839.7964
32.8870538486045 1.0640847561937483e-09 201948311.829857 10891116329889.324 4116841972698.1646
32.80005106064523 1.9016532209292285e-09 361864332.35986227 19515422058538.457 7396344960186.088
32.71350739030052 1.2127189764211614e-09 231377987.11173737 12478265111384.809 4741740742326.327
32.627419212957626 1.4119864415054804e-09 270107583.96595776 14566960683667.715 5550012020477.284
32.54178294205747 1.177530092243161e-09 225849766.24735022 12180126959172.436 4652808498403.394
32.45659502859658 1.5810350862546567e-09 304037761.2674404 16396822516806.264 6279983023937.123
32.3718519606368 1.7909455485006166e-09 345305750.64284045 18622414149217.57 7151007033299.24
32.28755026282264 1.3622541943920068e-09 263337090.76987138 14201826514725.387 5467703208169.249
32.20368649590622 1.0292396034427581e-09 199480236.08118913 10758012468578.678 4152592812871.5703
32.12025725627952 1.007456047367317e-09 195765459.45670456 10557673758191.729 4085819744419.993
32.03725917551394 9.725814755543556e-10 189478358.50802395 10218609038168.084 3964820306809.172
31.954688919906943 7.456370532686769e-10 145640399.7435629 7854418398283.523 3055368756932.317
31.872543190035717 7.131088444082614e-10 139645864.65022454 7531131818397.889 2937141409175.19
31.790818720317677 4.949724863263094e-10 97178081.52676567 5240835048500.753 2049166503963.7712
31.709512278577733 6.888016168061353e-10 135579357.1823528 7311824187214.182 2866235081387.8794
31.628620665622176 7.167808234056705e-10 141447442.7001854 7628291314021.848 2997918486410.598
31.548140714819066 9.310536047343178e-10 184200112.66209328 9933952093007.69 3913977124644.719
31.468069291685 1.0994101874747262e-09 218061318.6502892 11760094288236.795 4645237243853.634
31.388403293478206 3.1040907463807196e-09 617240138.4163678 33287894759097.332 13182006324602.303
31.309139648797704 5.020216536390124e-09 1000783856.1952372 53972490783090.08 21427078840886.992
31.230275317188642 3.3842912679656392e-09 676364640.864429 36476492020812.39 14517643824282.799
31.151807288753492 3.461305539691556e-09 693498721.4621183 37400536709793.766 14922814147208.21
31.07373258376915 3.2219948170357767e-09 647172997.203206 34902180336330.895 13960872134532.316
30.996048252309727 2.893035415294735e-09 582554279.0996444 31417278830706.3 12598328811112.705
30.918751373875036 4.045170094806786e-09 816589545.9824399 44038851617433.49 17703618350208.184
30.8418390570246 3.6334231917379292e-09 735300213.7551552 39654900270455.766 15980924808994.148
30.765308439017097 2.966605899707453e-09 601849019.6425811 32457848379934.33 13112970745493.49
30.689156685455174 1.9783224427479556e-09 402347306.3456135 21698677640442.83 8787964444378.978
30.61338098993553 2.108392859874682e-09 429862158.6173106 23182559601007.297 9412119198008.332
30.537978573704155 2.234173958011895e-09 456631296.83831626 24626225040812.945 10022873591611.025
30.462946685316677 2.8444435141410554e-09 582793069.1310548 31430156828976.96 12823503986222.209
30.388282600303643 2.2868861132788943e-09 469707349.4994941 25331419401579.035 10360550535245.742
30.313983620840798 1.6580221596863345e-09 341378600.6853832 18410622098845.684 7548355060526.997
30.240047075424116 1.5588837006314238e-09 321751239.1175592 17352114225484.166 7131718946673.871
30.166470318549603 1.766147264939201e-09 365419223.3202584 19707138100326.246 8119340897334.491
30.093250730397784 2.3714042090275283e-09 491841825.3729703 26525136494110.418 10954881372067.486
30.02038571652273 2.269191592215338e-09 471784721.7738066 25443452539638.074 10533589351410.201
29.94787270754562 4.1477439340574275e-09 864440156.3085546 46619445427779.33 19347069852528.395
29.87570915885274 9.119644853073625e-09 1905235556.0099726 102749767444593.12 42743903256949.63
29.803892550297803 8.282315735360963e-09 1734473897.1600847 93540554085157.42 39006411053511.016
29.7324203859086 6.567869840989159e-09 1378742769.0199838 74355897062618.22 31080764972174.426
29.661290193597814 6.336582382193096e-09 1333380263.6472893 71909487292946.62 30130075175742.453
29.590499524878005 6.294439829078819e-09 1327681074.1287215 71602128764071.67 30072894080908.777
29.520045954580674 5.480181884297087e-09 1158689091.5910885 62488354432614.86 26307597216131.727
29.449927080579297 7.0421055777024e-09 1492475748.5126154 80489541354939.73 33966586451783.39
29.38014052351631 7.006492069467001e-09 1488455108.5307207 80272707367239.39 33955355216343.273
29.310683926534004 7.696150628479822e-09 1638840098.991065 88383002573632.69 37474393091218.65
29.241554955009157 7.094507313645017e-09 1514295921.2068176 81666308008731.06 34708180903711.945
29.17275129629149 6.050833930999413e-09 1294573816.393306 69816647161908.91 29741891690972.715
29.104270659445735 5.1025948576522315e-09 1094267098.3476524 59014062341434.945 25199004619792.08
29.036110774997383 4.021357808324846e-09 864416896.4347734 46618191017733.14 19952585755589.82
28.96826939468197 4.5727378397458305e-09 985241570.2821773 53134291927265.28 22794611236796.445
28.90074429119786 5.864101326512489e-09 1266430651.7730412 68298880179886.46 29368518477352.02
28.833533257962518 5.186009968458825e-09 1122598501.146128 60541981049302.695 26093593832246.855
28.76663410887211 3.9327730683747395e-09 853294237.1137683 46018343584173.734 19879924428362.867
28.700044678064536 3.504789990197174e-09 762199047.7434639 41105560231168.24 17798707580096.25
28.633762819685636 4.667335319499493e-09 1017371470.8787237 54867064446599.766 23812305969823.63
28.56778640765871 3.983760052069346e-09 870373294.2474285 46939420845786.266 20418648067917.535
28.502113335457196 4.408567493781725e-09 965404694.3321953 52064484897757.36 22700115415422.41
28.43674151588046 1.0321046550321788e-08 2265337328.042977 122170134241791.08 53388348663660.6
28.371668880832676 1.5441402333390227e-08 3396963113.7548556 183198958708885.94 80241143914491.05
28.306893381104747 1.2788278780710836e-08 2819738674.081641 152069119276345.0 66758343362315.12
28.242412986159177 8.437826312523819e-09 1864737724.6210132 100565710599705.98 44248912663871.984
28.17822568391791 1.194646073289962e-08 2646150808.1024637 142707487952438.3 62934002187024.1
28.114329480553014 1.01017641820472e-08 2242634354.3373528 120945757937666.84 53458025008447.41
28.050722400280268 8.798988306286941e-09 1957842109.3761642 105586850296310.31 46774974681267.83
27.987402485155485 1.0693940805616431e-08 2384866961.971807 128616393367169.47 57105678655017.04
27.924367794873596 1.0557239681006697e-08 2359695730.733788 127258903398098.69 56630212012152.86
27.86161640657051 1.233187327251614e-08 2762560000.3687534 148985460981045.6 66447515597546.58
27.799146414627526 1.255501194794251e-08 2818867381.908177 152022130300143.4 67953892244166.586
27.736955930478473 1.3592956808655974e-08 3058750936.2554164 164959102500357.94 73901677920158.69
27.675043082419368 1.3551344635161561e-08 3056209064.91347 164822018826669.8 74005086453175.38
27.61340601542066 1.2136654929319465e-08 2743266502.4750824 147944958448162.44 66575231301671.98
27.552042890941948 8.958977205649328e-09 2029521239.147163 109452521337021.45 49363087122997.24
27.490951886749173 1.0563952446431263e-08 2398422196.0019436 129347430083264.78 58465038397635.53
27.43013119673424 8.225718710916786e-09 1871694413.9260852 100940886365256.67 45726221523459.35
27.369579030737032 9.376671976517413e-09 2138304651.1496685 115319234379315.89 52354932408210.414
27.30929361436977 1.0487960141530752e-08 2397008291.3063607 129271177895863.77 58818385942618.42
27.249273188843684 1.0295004645702714e-08 2358091206.721106 127172371069514.81 57990601207694.27
27.18951601079797 7.020136046051651e-09 1611510080.3570886 86909088731305.27 39717453550206.53
27.130020352131016 7.2636431558545454e-09 1671065047.8264413 90120901065136.31 41275372687831.125
27.070784499833785 8.33195278630141e-09 1921033478.58351 103601752841054.06 47553204554043.945
27.011806755825432 8.671635695800256e-09 2003716918.479168 108060888717454.53 49708008810030.945
26.95308543679103 1.4628283718879851e-08 3387457552.6986065 182686321736056.5 84218394320319.92
26.89461887402142 2.595597274141211e-08 6023666095.599889 324857621166256.0 150084220978813.8
26.83640541325514 2.0810068287398607e-08 4839919475.640527 261017908785037.47 120851291767471.95
26.778443414522407 1.2234858259493235e-08 2851691812.124285 153792358952746.16 71359654554073.25
26.720731251991108 1.326013744266678e-08 3097338432.3918 167040134550056.78 77673662565774.69
26.66326731381478 1.5296068222349267e-08 3580596807.066019 193102363683244.4 89985701476389.8
26.60605000198256 1.16060762519863e-08 2722663639.3367167 146833841563175.66 68571404010004.914
26.549077732171035 1.2165638217660528e-08 2860055317.2330065 154243404600215.84 72185913352900.56
26.49234893359802 1.3503546529120249e-08 3181385911.5608945 171572833360808.72 80467658846210.73
26.43586204887819 1.5162538681138262e-08 3579871350.642806 193063239660736.44 90739722640550.3
26.37961553388058 1.7268919578673786e-08 4085880683.585416 220352432915942.88 103785995903408.92
26.323607857587838 1.9250762169234207e-08 4564481917.878166 246163501456602.6 116189172687509.92
26.267837501957352 2.4336309822741673e-08 5782549772.029146 311854165454001.06 147507020259747.66
26.212302961784083 2.9474844620019343e-08 7018354814.686203 378501399880904.4 179409663543551.3
26.15700274456513 2.9310217276103497e-08 6993909925.968524 377183081721752.1 179161963817824.0
26.101935370366043 2.7023583754647355e-08 6461884745.761906 348490848171701.94 165881643729736.3
26.047099371688805 2.018697536512974e-08 4837275926.332371 260875341596542.3 124437537941544.88
25.992493293341447 1.4113359689504508e-08 3388999027.8311706 182769453824838.38 87363798928274.48
25.938115692309353 1.0471398547781222e-08 2519737162.532393 135889972583708.77 65091296867598.32
25.883965137628124 1.2268745725209451e-08 2958409812.280862 159547683885482.7 76582888265026.94
25.830040210258062 1.3286681890980786e-08 3210557333.535334 173146054485328.88 83283252207440.6
25.776339502960226 1.67594093715827e-08 4058134537.711238 218856077241148.5 105488629230231.78
25.722861620174 1.8395218318409264e-08 4463490758.90938 240717026313269.5 116266323709310.48
25.66960517789621 1.7362897973668864e-08 4221745015.2280016 227679625837707.62 110196938905450.34
25.616568803561712 1.5109031794929436e-08 3681329169.070459 198534881850067.12 96289417697278.03
25.5637511359255 1.1817593257612514e-08 2885316318.610694 155605735892421.34 75624387643719.06
25.51115082494623 1.3259607626246115e-08 3244065372.3189907 174953150296492.25 85202184194392.14
25.458766531671188 2.296739790805485e-08 5630713250.180167 303665588844476.1 148188807356104.7
25.40659692812268 3.5976101407642705e-08 8838052477.907902 476638090184473.5 233076026100208.56
25.354640697185825 3.045984454364805e-08 7498237580.636695 404381581702276.5 198146975034114.97
25.30289653249769 2.2790974944139796e-08 5621880875.620322 303189256965646.3 148865925170125.53
25.251363138337815 1.7423790082596764e-08 4306721391.821316 232262420288349.03 114273110781865.89
25.200039229520055 2.0614697220176658e-08 5105810809.572423 275357486188395.56 135751240690881.95
25.148923531285735 1.8259118557551066e-08 4531577199.921947 244388942868733.28 120728137777147.72
25.09801477919811 1.5078228949014683e-08 3749729483.11739 202223725646462.53 100100744194998.36
25.047311719038113 1.4054032997922027e-08 3502102259.1361337 188869135660587.28 93679091287650.56
24.996813106701342 1.7443351961444446e-08 4355462466.460097 234891037032528.75 116740845405165.08
24.94651770809631 1.805067130163878e-08 4516192049.225931 243559218349301.03 121292490737954.33
24.896424299043908 2.096260098919745e-08 5255295800.815077 283419244241455.6 141426202876484.53
24.846531665178087 2.43813602529691e-08 6124647981.842013 330303596229425.75 165151798114714.75
24.796838601847732 2.6459159709921477e-08 6659915321.51075 359170680143621.2 179944510751948.75
24.74734391401969 3.0638516569104535e-08 7727306083.047219 416735295801993.5 209201118492610.8
24.698046416183 3.6251088841671414e-08 9161095869.38982 494059890467685.3 248512124905240.78
24.648944932254206 4.282423737825417e-08 10843769513.502228 584806845652470.4 294742650208835.5
24.60003829548386 4.2237088124658604e-08 10716356713.089071 577935445645988.6 291857400051217.5
24.551325348364088 3.6593298098519935e-08 9302840756.706064 501704223034470.56 253862336855440.9
24.50280494253728 3.044024366677292e-08 7753919654.983358 418170571518259.8 212012479759745.62
24.454475938705844 2.1330197311928174e-08 5444092396.667619 293601085671501.9 149149351521128.97
24.40633720654304 1.6395625500252526e-08 4192898577.6854644 226123931194202.25 115097080977849.94
24.35838762460484 1.4625126866175658e-08 3747486522.5902333 202102762297953.84 103072408771952.98
24.31062608024287 1.5994014298252985e-08 4106296559.90944 221453465561409.7 113162720901880.66
24.263051469518324 1.6042948845294197e-08 4126936191.17528 222566565359498.97 113954081464059.05
24.21566269711692 1.406522635635644e-08 3625261526.030863 195511141680347.78 100297215682021.97
24.16845867626484 1.527443291997545e-08 3944619487.201844 212734185906237.7 109345371555807.0
24.12143832864565 2.0545548157655935e-08 5316226879.958595 286705270576832.2 147653214347063.1
24.07460058431818 2.0729063047960475e-08 5374147187.227758 289828925330940.06 149551725470766.94
24.027944381635393 2.1883610459081174e-08 5684487716.09229 306565657473522.3 158494444913807.7
23.981468667164144 2.2977984951334606e-08 5980329856.533107 322520488378664.94 167065612980142.53
23.93517239560591 3.776934612620287e-08 9848994189.403564 531158396310691.25 275671207685241.22
23.889054529718422 3.521365560067037e-08 9200281708.853996 496173191303041.06 258010059477586.12
23.843114040238195 3.4742050308390995e-08 9094554789.859827 490471315592703.75 255535555423790.25
23.797349905803955 1.997492899913222e-08 5238966516.926199 282538602413821.06 147485150460017.38
23.75176111288096 2.0046945284161137e-08 5267946591.262891 284101504118667.56 148585086654059.84
23.706346655686158 2.0270971895980874e-08 5337021048.682652 287826704613616.1 150821193217537.53
23.66110553611424 1.7380657821830364e-08 4584797427.549518 247259121306686.28 129811038686008.42
23.616036763664496 1.4557959971552037e-08 3847534117.250534 207498350813142.7 109144132527717.84
23.571139355368558 1.4132912291288438e-08 3742312611.035748 201823732123797.53 106361106829240.4
23.526412335718902 1.884131736263996e-08 4998555693.09964 269573194456038.5 142334646672789.2
23.481854736598223 1.5081367051970804e-08 4008642141.3793435 216186941554835.94 114362892082504.4
23.437465597209567 1.7992044494841244e-08 4791360450.1641 258399109991733.4 136951528295613.8
23.393243964007283 2.1942403468144358e-08 5854404436.474862 315729303117854.3 167652259955568.94
23.349188890628735 2.3898188823221766e-08 6388253837.802677 344519917309279.3 183284596008547.38
23.305299437826804 2.4299739284757236e-08 6507825533.433912 350968444831406.25 187066181095140.75
23.261574673403114 2.73247468076623e-08 7331722361.643265 395401379766830.94 211144336795473.56
23.218013672142057 3.7937584333774225e-08 10198436264.311417 550003883326129.8 294252077579477.1
23.17461551574553 4.1896083740856464e-08 11283656744.634598 608530059592143.6 326172111941400.2
23.131379292768393 5.029079497383136e-08 13569878080.175724 731826472895322.8 392990815944795.3
23.088304098554673 5.31995830098842e-08 14381532568.993591 775599175807738.6 417272356584557.2
23.04538903517446 5.0384073519342214e-08 13645775056.82337 735919613334411.1 396660671587250.6
23.00263321136152 4.2375908933055237e-08 11498215581.467735 620101264275073.6 334854682708542.1
22.96003574245159 2.9039181374842825e-08 7894066567.847967 425728724975711.3 230319240211848.94
22.917595750321365 1.9783111849375144e-08 5387837971.884267 290567272321763.75 157487461598399.16
22.875312363328153 1.5496402679888986e-08 4228173840.4404063 228026333778063.25 123818299241481.94
22.833184716250198 1.6258409265331893e-08 4444271033.17518 239680502328973.5 130386193266953.61
22.791211950227677 1.6136794155569348e-08 4419150720.98568 238325758435251.38 129887538347211.69
22.749393212704323 1.7712130579998024e-08 4859481832.391083 262072910934481.56 143091809370234.78
22.707727657369702 1.5548341726706286e-08 4273654165.292128 230479097577834.84 126072066375068.61
22.666214444102113 1.5839313873579536e-08 4361605145.215192 235222313032276.8 128901827541688.61
22.624852738912146 1.6180381062566134e-08 4463668761.402172 240726626026376.5 132158917688481.7
22.583641713886806 1.3838399332712291e-08 3824554539.492757 206259057192394.1 113442481455820.11
22.542580547134285 1.513086898015883e-08 4189374794.1677814 225933892783558.03 124489574923743.22
22.501668422729324 2.269924946412106e-08 6296304916.9812155 339561092033641.3 187437722802561.72
22.46090453065916 3.8826805357956635e-08 10789303044.80371 581869457162817.6 321773809811036.25
22.420288066770084 3.307188954804614e-08 9206759431.43076 496522536288879.4 275073485104032.03
22.37981823271454 3.648363078747563e-08 10174907552.518085 548734974787545.44 304547911007094.5
22.33949423589884 2.3099097405855223e-08 6453727865.824466 348050945864608.44 193516325900713.44
22.299315289431394 1.601012650782297e-08 4481178157.337273 241670911553041.06 134610697735042.11
22.259280612071553 1.4697568992221592e-08 4121196837.565443 222257040772456.28 124019428751024.64
22.21938942817895 1.9817032722242318e-08 5566670053.453967 300211725331763.6 167818354460456.9
22.179640967663424 1.507488273311494e-08 4242173293.7838917 228781327338233.3 128117543309410.95
22.140034465935454 1.3719834847600805e-08 3867760428.876203 208589160193244.6 117018518868411.16
22.100569163857138 1.039467454653141e-08 2935596848.2602096 158317375779773.78 88974365188233.7
22.06124430769369 1.288158356201885e-08 3644418360.1330967 196544273905268.78 110654426208671.34
22.022059149065463 1.3736614825508702e-08 3893236361.4621816 209963082772206.66 118419178683520.45
21.98301294490045 1.2636319593851066e-08 3587751549.0121813 193488220470755.7 109320844565974.92
21.944104957387353 1.1716806403913538e-08 3332578262.455285 179726669690807.72 101725295044999.08
21.905334453929072 1.5474918194250683e-08 4409277663.0530405 237793302276040.2 134828802390508.03
21.866700707096744 1.4984664734993345e-08 4277132897.0130024 230666706335289.75 131018689198442.81
21.82820299458425 1.5613586672539598e-08 4464508656.11038 240771921730455.78 136999223464621.6
21.789840599163185 1.6184936561690773e-08 4636026642.327639 250021923989124.5 142512496673805.47
21.75161280863834 1.9029608191509428e-08 5460436454.630941 294482524268180.8 168149521357139.9
21.713518915803597 2.2277565033238965e-08 6403633731.32305 345349358308087.0 197539832952212.78
21.675558218398344 2.5811146886979672e-08 7432347147.504637 400828096328887.3 229674499196446.62
21.637730019064314 3.2078794936181576e-08 9253271873.610126 499030962400356.5 286443772417803.06
21.600033625302878 3.838839885562011e-08 11092630484.458017 598227971880711.5 343981083831425.44
21.562468349432788 4.293978666775667e-08 12429406232.32745 670320578375421.1 386104653144227.44
21.525033508548354 4.1284942947458845e-08 11971176319.155579 645608139608443.0 372515896554091.6
21.48772842447808 3.740607446459773e-08 10865271989.608065 585966478860232.1 338688624781216.7
