string
integrated and resized binned spectra ROIsize spatial in px50:1600
converted file:an 17 2019_14.58.47_16 binning:0.1
nm muJ
28.1 8.667086011690943e-07
28.200000000000003 0.0002146154070379008
28.300000000000004 0.0002523284669950044
28.400000000000006 0.0002396435950469438
28.500000000000007 0.0002335900813695322
28.60000000000001 0.00023117619950631765
28.70000000000001 0.00021990051807898757
28.80000000000001 0.0002178838438873871
28.900000000000013 0.00021808803285596013
29.000000000000014 0.00022191441108310145
29.100000000000016 0.00021778030643648466
29.200000000000017 0.0002335912353642011
29.30000000000002 0.0002484592540471954
29.40000000000002 0.00020043436848732996
29.50000000000002 0.00020611471490857982
29.600000000000023 0.00020114071349661136
29.700000000000024 0.00019145013468686959
29.800000000000026 0.00018911118471292117
29.900000000000027 0.00019214916317765682
30.00000000000003 0.0001927593999587326
30.10000000000003 0.0002046879645827023
30.20000000000003 0.00021359792134192273
30.300000000000033 0.00025875381801468054
30.400000000000034 0.00023884826146850397
30.500000000000036 0.00019359542913941977
30.600000000000037 0.00019574088156631235
30.70000000000004 0.00019529596763926977
30.80000000000004 0.00017281310640945827
30.90000000000004 0.00016969460925253855
31.000000000000043 0.00016565015227134691
31.100000000000044 0.00014735079141382733
31.200000000000045 0.0001480560434071792
31.300000000000047 0.00017350058346171272
31.40000000000005 0.00019556854586475338
31.50000000000005 0.00029382429046242336
31.60000000000005 0.00018282525804844038
31.700000000000053 0.00016642424475774638
31.800000000000054 0.00017506436942082198
31.900000000000055 0.00016860022761576776
32.00000000000006 0.00010156300855907045
32.10000000000006 0.00010215040586166414
32.20000000000006 0.00010415229882103805
32.30000000000006 8.388340457433379e-05
32.40000000000006 7.590740378201525e-05
32.500000000000064 9.171315717703318e-05
32.600000000000065 0.00011558521430531614
32.70000000000007 0.00026606726493504275
32.80000000000007 0.0003134255704921579
32.90000000000007 0.000149258481616545
33.00000000000007 0.00014817813810331544
33.10000000000007 0.00016196481472023063
33.200000000000074 0.00012066933175940111
33.300000000000075 4.472922326806266e-05
33.40000000000008 3.723393620937232e-05
33.50000000000008 2.025297559123067e-05
33.60000000000008 -2.5688584913680714e-06
33.70000000000008 -3.5317218460624736e-06
33.80000000000008 -5.5641916016054985e-06
33.900000000000084 1.635843013849076e-05
34.000000000000085 0.00011519257441080433
34.10000000000009 0.00037588024291025207
34.20000000000009 0.0003276112483063402
34.30000000000009 0.00023438344216266004
34.40000000000009 0.0002457336623311971
34.50000000000009 0.00021188037724868068
34.600000000000094 0.0001564722394443363
34.700000000000095 0.0001824923419647544
34.8000000000001 0.00011364182564937438
34.9000000000001 7.478400246606437e-05
35.0000000000001 -1.3276654276873797e-05
35.1000000000001 -3.2048089359842312e-06
35.2000000000001 4.0706126206191405e-06
35.300000000000104 2.6664631170199125e-05
35.400000000000105 0.00010644251835085753
35.50000000000011 0.00031230180134828267
35.60000000000011 0.00064828956320521
35.70000000000011 0.0006057642182475313
35.80000000000011 0.0004657196031997272
35.90000000000011 0.000363358646384699
36.000000000000114 0.00023876655183836074
36.100000000000115 0.00019153235952990523
36.20000000000012 0.0005165910319251332
36.30000000000012 0.0004712337096664747
36.40000000000012 0.00011926530863309788
36.50000000000012 6.176763774657004e-05
36.60000000000012 4.790696791398636e-05
36.700000000000124 2.6834935045884454e-05
36.800000000000125 -4.0939375608710893e-07
36.90000000000013 5.1387475789062114e-05
37.00000000000013 0.0004652706070669884
37.10000000000013 0.0008017235714261784
37.20000000000013 0.0011809254893819607
37.30000000000013 0.0015038652099508667
37.400000000000134 0.0016247749566024618
37.500000000000135 0.0014837736467201998
37.600000000000136 0.0013020503486299818
37.70000000000014 0.001229396792253831
37.80000000000014 0.002559344464929428
37.90000000000014 0.0034713389876876847
38.00000000000014 0.0015000133944983913
38.10000000000014 0.001857668161869971
38.200000000000145 0.0012215731901385797
38.300000000000146 0.0009650093260842289
38.40000000000015 0.0006457047211856434
38.50000000000015 0.000588958308196615
38.60000000000015 0.0006119400353363547
38.70000000000015 0.0012263219645367387
38.80000000000015 0.00300764985332073
38.900000000000155 0.0031927539478970477
39.000000000000156 0.0032280107208286168
39.10000000000016 0.0033679057780196192
39.20000000000016 0.00386491138095219
39.30000000000016 0.005651990859570576
39.40000000000016 0.005546618423372007
39.50000000000016 0.005526465693999925
39.600000000000165 0.010684069588681532
39.700000000000166 0.011746798511996998
39.80000000000017 0.005023290068578729
39.90000000000017 0.006233895810433318
40.00000000000017 0.005616172157297289
40.10000000000017 0.003343738774942584
40.20000000000017 0.0029162740090647008
40.300000000000175 0.002218899296306307
40.400000000000176 0.002409670470665573
40.50000000000018 0.0026492824459215664
40.60000000000018 0.003181179118646102
40.70000000000018 0.0067430768699315085
40.80000000000018 0.009315818500761255
40.90000000000018 0.00890625021451503
41.000000000000185 0.008161045941813135
41.100000000000186 0.008897844403083978
41.20000000000019 0.013064017383274697
41.30000000000019 0.014423624860995387
41.40000000000019 0.014913408550612437
41.50000000000019 0.01782610975362401
41.60000000000019 0.026591748176775763
41.700000000000195 0.02078936576307729
41.800000000000196 0.009710767365880116
41.9000000000002 0.011917438710189122
42.0000000000002 0.01006223986331859
42.1000000000002 0.007464049289617972
42.2000000000002 0.006645750785863082
42.3000000000002 0.004793420032588804
42.400000000000205 0.005283950575076435
42.500000000000206 0.005490486206234311
42.60000000000021 0.005554715566459364
42.70000000000021 0.0056766146193854995
42.80000000000021 0.011893486115696841
42.90000000000021 0.017244505262463343
43.00000000000021 0.016212793679095183
43.100000000000215 0.01730670161711338
43.200000000000216 0.015860661387201026
43.30000000000022 0.018866180361063266
43.40000000000022 0.024719735541098867
43.50000000000022 0.02615278750080916
43.60000000000022 0.02997606436169348
43.70000000000022 0.037233191628999386
43.800000000000225 0.0432401536603301
43.900000000000226 0.028662549775283312
44.00000000000023 0.016128283700506663
44.10000000000023 0.02014318662088164
44.20000000000023 0.017173006682851977
44.30000000000023 0.01182020242140482
44.40000000000023 0.011814163825924002
44.500000000000234 0.011067456800898177
44.600000000000236 0.009962892072302066
44.70000000000024 0.009805592861252585
44.80000000000024 0.010469089497895495
44.90000000000024 0.011364939283323792
45.00000000000024 0.00986410876111917
45.10000000000024 0.01119521940792514
45.200000000000244 0.02112644193189416
45.300000000000246 0.026137386839948425
45.40000000000025 0.02619366269460013
45.50000000000025 0.02766504820955019
45.60000000000025 0.027602836621660302
45.70000000000025 0.028978619184775484
45.80000000000025 0.03197081887507797
45.900000000000254 0.038047916609648756
46.000000000000256 0.05240504125530264
46.10000000000026 0.057882361887673074
46.20000000000026 0.06097370059491726
46.30000000000026 0.04726020120493553
46.40000000000026 0.02905905431735822
46.50000000000026 0.02441273024969257
46.600000000000264 0.024752525158443065
46.700000000000266 0.019852073082640517
46.80000000000027 0.016335311659563225
46.90000000000027 0.017911485708979043
47.00000000000027 0.016359353569535173
47.10000000000027 0.01457788848799185
47.20000000000027 0.014823350394696079
47.300000000000274 0.013950329641326574
47.400000000000276 0.014378321100282329
47.50000000000028 0.015910683658703403
47.60000000000028 0.01624111127547082
47.70000000000028 0.014674322310447402
47.80000000000028 0.02668478933445393
47.90000000000028 0.03386643667847466
48.000000000000284 0.0343172734855602
48.100000000000286 0.04359249190305157
48.20000000000029 0.04656041315884963
48.30000000000029 0.0416225668380038
48.40000000000029 0.03795969060658507
48.50000000000029 0.04037275212085805
48.60000000000029 0.04165299880706216
48.700000000000294 0.05472719193836629
48.800000000000296 0.06543169980409833
48.9000000000003 0.0785976005104447
49.0000000000003 0.07203365982650761
49.1000000000003 0.04369794164920706
49.2000000000003 0.03142557095261937
49.3000000000003 0.03741864472738808
49.400000000000304 0.03760338143720876
49.500000000000306 0.02691056341289911
49.60000000000031 0.026228125444310132
49.70000000000031 0.02572876525787872
49.80000000000031 0.021825037584857602
49.90000000000031 0.02156768504678668
50.00000000000031 0.018621162600093947
50.100000000000314 0.019667441561694983
50.200000000000315 0.016154465454031056
50.30000000000032 0.01743250253927447
50.40000000000032 0.020168276948780307
50.50000000000032 0.019210027719661904
50.60000000000032 0.017989596491361462
50.70000000000032 0.023676036817879505
50.800000000000324 0.027286475339694007
50.900000000000325 0.031009881566707316
51.00000000000033 0.04515520793866396
51.10000000000033 0.055585875651709964
51.20000000000033 0.05046219651691552
51.30000000000033 0.0410113810198989
51.40000000000033 0.03446006233522271
51.500000000000334 0.0341763371947631
51.600000000000335 0.03450810315814963
51.70000000000034 0.037509264141415366
51.80000000000034 0.04491082481079153
51.90000000000034 0.06218345424529073
52.00000000000034 0.07941718490754296
52.10000000000034 0.07946291811283036
52.200000000000344 0.06916064932029829
52.300000000000345 0.0594401844562113
52.40000000000035 0.05784876448645899
52.50000000000035 0.04583640684314284
52.60000000000035 0.03346681038726611
52.70000000000035 0.03185191923736666
52.80000000000035 0.027156518143373196
52.900000000000354 0.02521529038077635
53.000000000000355 0.023884954844500463
53.10000000000036 0.023581319367145984
53.20000000000036 0.021837057929109113
53.30000000000036 0.020265859870375637
53.40000000000036 0.019214946453631646
53.50000000000036 0.017493504497594042
53.600000000000364 0.01708318452000195
53.700000000000365 0.01789908313493525
53.80000000000037 0.018252065954337662
53.90000000000037 0.019604788354105635
54.00000000000037 0.01728874193132578
54.10000000000037 0.018745292776051196
54.20000000000037 0.02330767980567524
54.300000000000374 0.036674330150427155
54.400000000000375 0.04279191060500582
54.50000000000038 0.047186752946193865
54.60000000000038 0.048066570093613085
54.70000000000038 0.04586973543011908
54.80000000000038 0.03760961965124563
54.90000000000038 0.03108094490007351
55.000000000000384 0.027456012813012836
55.100000000000385 0.026733924749913134
55.20000000000039 0.03277229182809483
55.30000000000039 0.04710221399173538
55.40000000000039 0.06261913244761025
55.50000000000039 0.0640614348358656
55.60000000000039 0.06356011328303643
55.700000000000394 0.055671858634849046
55.800000000000395 0.04338393781555217
55.9000000000004 0.04774712703859552
56.0000000000004 0.04759682360864023
56.1000000000004 0.038703722483739045
56.2000000000004 0.026501206997055667
56.3000000000004 0.02426971943713126
56.400000000000404 0.021726228371233645
56.500000000000405 0.019648227207730042
56.600000000000406 0.019315270886423427
56.70000000000041 0.01779724803933296
56.80000000000041 0.014693156533213082
56.90000000000041 0.015017767496990502
57.00000000000041 0.014352499746626165
57.10000000000041 0.014294294794033215
57.200000000000415 0.012831736496688879
57.300000000000416 0.012465548679771577
57.40000000000042 0.01233401941877873
57.50000000000042 0.012213747668625138
57.60000000000042 0.012380590572072636
57.70000000000042 0.013886123634459825
57.80000000000042 0.012649256206266328
