string
integrated and resized binned spectra ROIsize spatial in px50:1600
converted file:an 17 2019_15.32.29_24 binning:0.1
nm muJ
28.1 1.3526355671029789e-05
28.200000000000003 0.00031174359710882214
28.300000000000004 0.00034221586123317277
28.400000000000006 0.0003480995656500207
28.500000000000007 0.00035345921908164115
28.60000000000001 0.0003402433804893994
28.70000000000001 0.00033066718444122156
28.80000000000001 0.00032832625612126454
28.900000000000013 0.0003288863727878293
29.000000000000014 0.0003292618340773289
29.100000000000016 0.0003266685460382847
29.200000000000017 0.00032527378678005295
29.30000000000002 0.0003327603242790674
29.40000000000002 0.00031896786609536033
29.50000000000002 0.00033633264457533886
29.600000000000023 0.00034166914704318585
29.700000000000024 0.0003121601457004242
29.800000000000026 0.0003137254037156882
29.900000000000027 0.0003176210785657122
30.00000000000003 0.00030950036681363653
30.10000000000003 0.0003229431953900546
30.20000000000003 0.0003293904271060719
30.300000000000033 0.0003256132086374635
30.400000000000034 0.00031885365114145436
30.500000000000036 0.00031218318303721055
30.600000000000037 0.00032422794851657747
30.70000000000004 0.0003480051579339644
30.80000000000004 0.00031815250865659356
30.90000000000004 0.0003103321604047685
31.000000000000043 0.0002916914458771528
31.100000000000044 0.00027876585343979864
31.200000000000045 0.00028097953452388907
31.300000000000047 0.0002975436326258049
31.40000000000005 0.00031655583154927344
31.50000000000005 0.00029196568616599294
31.60000000000005 0.0002808929911171274
31.700000000000053 0.00028591714287896794
31.800000000000054 0.0003069541054280617
31.900000000000055 0.0003060771716307831
32.00000000000006 0.00026019657263586817
32.10000000000006 0.00025214337068796944
32.20000000000006 0.00023874495982371082
32.30000000000006 0.0002241945123022976
32.40000000000006 0.00022354676301458587
32.500000000000064 0.0002058332044873904
32.600000000000065 0.00020713281758356764
32.70000000000007 0.00023078057452105612
32.80000000000007 0.00024085412161272264
32.90000000000007 0.00022224205816498841
33.00000000000007 0.00021828981879361257
33.10000000000007 0.0002414250647017887
33.200000000000074 0.00022247125865361677
33.300000000000075 0.00019357629674322913
33.40000000000008 0.00016690016420082087
33.50000000000008 0.0001400060123934379
33.60000000000008 0.00012460835933114504
33.70000000000008 0.00012426188057832805
33.80000000000008 0.00010983093115215188
33.900000000000084 0.00011155104817219567
34.000000000000085 0.00011911198724784995
34.10000000000009 0.00016465682203610176
34.20000000000009 0.00018632592205212277
34.30000000000009 0.0002765908828345287
34.40000000000009 0.00030811722381306346
34.50000000000009 0.0003031511845839079
34.600000000000094 0.00028138797492647215
34.700000000000095 0.00033979647682812273
34.8000000000001 0.0002538871488663875
34.9000000000001 0.00022574103261798785
35.0000000000001 0.0002133689085260555
35.1000000000001 0.00019572861825561014
35.2000000000001 0.00018468090087162242
35.300000000000104 0.00016649374000380856
35.400000000000105 0.00018041393722084757
35.50000000000011 0.00022085275075154468
35.60000000000011 0.00027753780514743707
35.70000000000011 0.0002711389925541172
35.80000000000011 0.0002641913290231851
35.90000000000011 0.00030252592680988073
36.000000000000114 0.0003542176398331439
36.100000000000115 0.0002979591663113384
36.20000000000012 0.0004983404576705575
36.30000000000012 0.0003873563041784197
36.40000000000012 0.00019724890473377563
36.50000000000012 0.00017230549453287964
36.60000000000012 0.00020116741520099553
36.700000000000124 0.00016234117075609322
36.800000000000125 0.00020652714781861891
36.90000000000013 0.00021792872137770073
37.00000000000013 0.00017265647034176286
37.10000000000013 0.00029642747383694975
37.20000000000013 0.0005335402781003907
37.30000000000013 0.0006959407259628582
37.400000000000134 0.0005304167760852755
37.500000000000135 0.000406430417951767
37.600000000000136 0.0006865076911093049
37.70000000000014 0.001189374908250242
37.80000000000014 0.0019701332557708912
37.90000000000014 0.0018853613406964584
38.00000000000014 0.0009396245883040301
38.10000000000014 0.0008049883617102068
38.200000000000145 0.0006656298348370226
38.300000000000146 0.0006153070048641335
38.40000000000015 0.0007966946285695494
38.50000000000015 0.0008397996386198594
38.60000000000015 0.0008116413289054681
38.70000000000015 0.0007576169324736012
38.80000000000015 0.0008231143024103733
38.900000000000155 0.0010861681144468149
39.000000000000156 0.0013828368089481278
39.10000000000016 0.0012041908947111673
39.20000000000016 0.0013441979979404335
39.30000000000016 0.0016778272621390724
39.40000000000016 0.0022012618997912328
39.50000000000016 0.004726714415574797
39.600000000000165 0.0069048555745216495
39.700000000000166 0.005348235672536509
39.80000000000017 0.0032269452194004077
39.90000000000017 0.0022497681074088805
40.00000000000017 0.003076568855390484
40.10000000000017 0.002245286602435889
40.20000000000017 0.0024891232546369207
40.300000000000175 0.002947724103340267
40.400000000000176 0.003162770283481571
40.50000000000018 0.0029849547111592146
40.60000000000018 0.0029229240585377726
40.70000000000018 0.003506880124868452
40.80000000000018 0.00430462988612659
40.90000000000018 0.0055204511558836
41.000000000000185 0.004789151359101164
41.100000000000186 0.005091809430666661
41.20000000000019 0.006010534907584583
41.30000000000019 0.0062540593870207255
41.40000000000019 0.006994151742398387
41.50000000000019 0.013553038816261529
41.60000000000019 0.016042998448262968
41.700000000000195 0.010610830487337032
41.800000000000196 0.00506384402330321
41.9000000000002 0.005949398236103626
42.0000000000002 0.0050888216855432475
42.1000000000002 0.006681051527315544
42.2000000000002 0.004284408120533456
42.3000000000002 0.005409144439856298
42.400000000000205 0.0065065913164702935
42.500000000000206 0.0060565826543208185
42.60000000000021 0.004907987491727562
42.70000000000021 0.005349677071900402
42.80000000000021 0.006332491804718907
42.90000000000021 0.008401889967476968
43.00000000000021 0.01264172615136176
43.100000000000215 0.013026840922375695
43.200000000000216 0.008999194430956646
43.30000000000022 0.010457196022576663
43.40000000000022 0.011691465796961764
43.50000000000022 0.013504001604421795
43.60000000000022 0.014148544557874976
43.70000000000022 0.019284850441915805
43.800000000000225 0.023196223937028457
43.900000000000226 0.013697572401792115
44.00000000000023 0.008106194252882903
44.10000000000023 0.005628111911644275
44.20000000000023 0.007335459054524
44.30000000000023 0.011264072803034361
44.40000000000023 0.008303189497176709
44.500000000000234 0.008916130737449342
44.600000000000236 0.008044576680310592
44.70000000000024 0.0094048699931769
44.80000000000024 0.011079972522897233
44.90000000000024 0.009041006891295656
45.00000000000024 0.005325535500013855
45.10000000000024 0.006621082812617161
45.200000000000244 0.009900081104555416
45.300000000000246 0.01502054944855246
45.40000000000025 0.023527387393460587
45.50000000000025 0.025473838863409322
45.60000000000025 0.01867865743627053
45.70000000000025 0.017592828032817885
45.80000000000025 0.017206633250641493
45.900000000000254 0.02095607498940319
46.000000000000256 0.026458868492386517
46.10000000000026 0.02753273222398433
46.20000000000026 0.028185569648977164
46.30000000000026 0.021603240218151326
46.40000000000026 0.01467821573663941
46.50000000000026 0.01303149737560734
46.600000000000264 0.008633604374330818
46.700000000000266 0.0076034657294499096
46.80000000000027 0.009845860558841808
46.90000000000027 0.018289661153254172
47.00000000000027 0.011332828311397022
47.10000000000027 0.015162854501416821
47.20000000000027 0.011166400529026514
47.300000000000274 0.014073778287883696
47.400000000000276 0.013891071209081583
47.50000000000028 0.013755997227387904
47.60000000000028 0.008708942516163994
47.70000000000028 0.008093251369662373
47.80000000000028 0.007887438656971177
47.90000000000028 0.011410707044586688
48.000000000000284 0.02191073714257141
48.100000000000286 0.03368220261286119
48.20000000000029 0.031376147728236436
48.30000000000029 0.02688991631003783
48.40000000000029 0.02903164642970975
48.50000000000029 0.02571782810767242
48.60000000000029 0.026510944585071004
48.700000000000294 0.03831494735636188
48.800000000000296 0.04488392535147562
48.9000000000003 0.038973276736622944
49.0000000000003 0.031106598343565908
49.1000000000003 0.020032059529952937
49.2000000000003 0.017813845361467125
49.3000000000003 0.01595575272338109
49.400000000000304 0.019624486884601285
49.500000000000306 0.013386795223647132
49.60000000000031 0.012698384498994427
49.70000000000031 0.010238122564815214
49.80000000000031 0.02539160955995591
49.90000000000031 0.019650770273949743
50.00000000000031 0.018097090707469725
50.100000000000314 0.017610153575163594
50.200000000000315 0.01631150145189041
50.30000000000032 0.017133748198709477
50.40000000000032 0.01707977137649277
50.50000000000032 0.013910089105784075
50.60000000000032 0.008765246370266506
50.70000000000032 0.008309218317057276
50.800000000000324 0.010505276424496895
50.900000000000325 0.011159226241287774
51.00000000000033 0.01829009816590192
51.10000000000033 0.0287731233858826
51.20000000000033 0.03046900620157776
51.30000000000033 0.025535049818540472
51.40000000000033 0.026702805393686566
51.500000000000334 0.03027394095973795
51.600000000000335 0.03038033247133192
51.70000000000034 0.034366330549647224
51.80000000000034 0.043055016147592086
51.90000000000034 0.046746290068739725
52.00000000000034 0.03744881318815873
52.10000000000034 0.026533797853479202
52.200000000000344 0.02254665319566016
52.300000000000345 0.01809574902238634
52.40000000000035 0.017627453474454473
52.50000000000035 0.016127942594923957
52.60000000000035 0.017999054288062224
52.70000000000035 0.01978581258317896
52.80000000000035 0.013288033641646267
52.900000000000354 0.013076464142426882
53.000000000000355 0.012880893885413369
53.10000000000036 0.02008556321272069
53.20000000000036 0.027577294201071998
53.30000000000036 0.01915404705061967
53.40000000000036 0.019583591507962916
53.50000000000036 0.018880763573354286
53.600000000000364 0.01751139092912502
53.700000000000365 0.020054191686561182
53.80000000000037 0.017010086910748883
53.90000000000037 0.016179153882924496
54.00000000000037 0.010209401330546281
54.10000000000037 0.008711675177274694
54.20000000000037 0.008441866931532116
54.300000000000374 0.01047508226102813
54.400000000000375 0.015169910190817038
54.50000000000038 0.027128300661879035
54.60000000000038 0.025427787742309287
54.70000000000038 0.020007477079823522
54.80000000000038 0.016820059844409412
54.90000000000038 0.019198377940165327
55.000000000000384 0.025467823068232646
55.100000000000385 0.027866064921436264
55.20000000000039 0.03491101258707789
55.30000000000039 0.04443000317915378
55.40000000000039 0.044729515257627826
55.50000000000039 0.033726931714337716
55.60000000000039 0.023913740996504035
55.700000000000394 0.018206373197157993
55.800000000000395 0.01685006013279208
55.9000000000004 0.01678394639109322
56.0000000000004 0.01531909316375708
56.1000000000004 0.013349412374199064
56.2000000000004 0.014184222236440596
56.3000000000004 0.014417580868948473
56.400000000000404 0.01388991276364954
56.500000000000405 0.014868053070711386
56.600000000000406 0.011664943976523113
56.70000000000041 0.010569205263111187
56.80000000000041 0.010402828885041937
56.90000000000041 0.0108054515859634
57.00000000000041 0.026845002696808035
57.10000000000041 0.01728805260218375
57.200000000000415 0.011355170511840445
57.300000000000416 0.014999491914076811
57.40000000000042 0.013623006650582407
57.50000000000042 0.012944882476916424
57.60000000000042 0.012954561944424356
57.70000000000042 0.015400823217523337
57.80000000000042 0.008387193294573894
