string
20190117an 17 2019_15.40.   full spectra  index number  Nphoton via eV
eV x-axis E [J] Nphoton Nphoton/sr Nphoton/sr @ 0.1bw
43.81066890785845 7.466099615598718e-10 106366010.63719589 5736342061487.22 1629121145462.405
43.65640598916881 7.524246879548777e-10 107573186.19025841 5801445301320.585 1653411910876.2812
43.50322561727698 7.528452317790023e-10 108012301.32881266 5825126876139.784 1665986286575.9783
43.35111643679699 7.567493801380722e-10 108953393.69213155 5875880191744.185 1686377615030.5667
43.20006725060606 7.583785645897334e-10 109569732.4596275 5909119475373.722 1701826408907.5703
43.05006701709701 7.563266520289943e-10 109654017.42032625 5913664981614.961 1709049179686.7063
42.90110484748767 7.53797220047464e-10 109666764.19294515 5914352417831.512 1715162201171.153
42.75317000318599 7.568588300082639e-10 110493195.876342 5958922058057.891 1734046318894.7886
42.606251893209404 7.512269166996372e-10 110049173.35448803 5934975826991.217 1733012941481.3967
42.46034007165731 7.552869709767749e-10 111024160.93219808 5987557118871.406 1754354235829.2595
42.31542423523527 7.774238242220614e-10 114669553.39754301 6184153926482.372 1818141254385.8171
42.17149422082971 7.658768991120208e-10 113351939.6011012 6113094728191.054 1803362944816.36
42.02854000313198 7.708266904396488e-10 114472565.26209435 6173530313542.31 1827364972808.5532
41.88655169231059 7.706225876867578e-10 114830194.57841586 6192817340265.851 1839266750058.9087
41.745519531730416 7.730199271732147e-10 115576567.9663976 6233069419227.973 1857454686929.8882
41.605433895717894 7.69046738949246e-10 115369671.01899986 6221911421906.825 1860351515150.0918
41.46628528737101 7.709682868320935e-10 116046048.70955382 6258388617700.2295 1877516585310.0964
41.32806433641311 7.746964510651388e-10 116997202.19083264 6309684531581.969 1899215044006.1296
41.19076179708947 7.904987188483483e-10 119781658.2756329 6459850853153.29 1950874957652.236
41.05436854610573 7.797279400539633e-10 118542121.34285639 6393002357081.498 1937079714195.6917
40.91887558060703 7.831820831290276e-10 119461517.51458536 6442585592359.995 1958546020077.4429
40.78427401619714 7.808683118800666e-10 119501687.50494003 6444751968666.68 1965649350443.324
40.65055508499649 7.802976632642152e-10 119807167.57939494 6461226575447.026 1977135332086.8105
40.51771013373833 7.77591746583705e-10 119783148.41294327 6459931216582.168 1983198883490.5654
40.38573062190204 7.926689303403082e-10 122504732.55115335 6606706840415.063 2034865706847.7678
40.254608119882874 7.844588424468285e-10 121630791.94686061 6559575033763.542 2026908685433.0007
40.124334307197174 8.006550065983191e-10 124545074.95186123 6716742949345.933 2082190314297.1914
39.99490097072234 7.982574021454877e-10 124573969.54522516 6718301241043.348 2089391685964.3987
39.86630000297082 7.75604064937072e-10 121429196.36244124 6548702940099.53 2043195317311.0352
39.73852340039719 7.707793704543871e-10 121061857.08558492 6528892253094.876 2043543275218.7397
39.61156326173778 7.799118809062069e-10 122888863.85299747 6627423124975.347 2081010861242.2332
39.485411786381924 7.50439200629912e-10 118622702.8876272 6397348137297.183 2015164663248.5662
39.36006127277436 7.408686316210224e-10 117482834.49602139 6335874787303.536 2002136432787.8865
39.235504116847856 7.571397965815411e-10 120444177.96417359 6495580683887.491 2059099076792.3794
39.11173281048556 7.322180362729731e-10 116848284.26145674 6301653355298.575 2003925766984.9324
38.98873994001234 7.244265764016158e-10 115969597.4675619 6254265585610.711 1995110721809.7139
38.86651818471449 7.263365204742316e-10 116640996.01087587 6290474254911.751 2012951761571.6865
38.74506031538725 7.06684291185574e-10 113840834.6130013 6139460942394.382 1970766962508.6306
38.62435919290941 7.147944420493519e-10 115507146.35208869 6229325496486.573 2005842809868.6677
38.50440776684447 7.022005323950368e-10 113825530.04016252 6138635563456.296 1982779286996.3577
38.38519907406786 6.89926631480736e-10 112183267.88087873 6050068008427.64 1960222034730.544
38.266726237419505 6.972012386495962e-10 113717110.36979738 6132788467079.526 1993156251800.8464
38.14898246438129 6.689584737691631e-10 109447331.07701114 5902518342217.743 1924220979562.9556
38.03196104577889 6.686637263868177e-10 109735720.52252954 5918071247666.636 1935209297986.9204
37.91565535450739 6.60213036269113e-10 108681219.6003306 5861201783844.031 1922474185100.8445
37.80005884428024 6.520545465707561e-10 107666458.11815187 5806475476655.037 1910330431819.5505
37.68516504840097 6.3278345644165e-10 104802989.14196056 5652047972685.589 1865175830986.1406
37.57096757855732 6.325415960261234e-10 105081360.051272 5667060576300.331 1875797050755.4434
37.45746012363721 6.094716189341254e-10 101555660.6620226 5476918842286.301 1818337055638.916
37.34463644856601 6.234939227544052e-10 104206057.11964431 5619855299039.672 1871411814580.229
37.23249039316491 5.943211308298089e-10 99629525.15137771 5373041935747.77 1794596006539.7415
37.121015871029684 5.911349629764689e-10 99392993.0214296 5360285706593.49 1795695711708.7595
37.01020686842959 5.71632602057814e-10 96401646.67080761 5198961748039.868 1746851147341.407
36.90005744322593 5.851140762643242e-10 98969751.26997282 5337460186988.922 1798724083015.2356
36.79056172380983 5.658266416527258e-10 95992200.67330286 5176880236443.035 1749785519917.8054
36.68171390805892 5.443246686723278e-10 92618420.93948422 4994931562450.656 1693281799670.76
36.57350826231243 5.400169374210171e-10 92157298.41226259 4970063124379.56 1689821462288.9543
36.465939120364446 5.299062843531931e-10 90698612.28237031 4891395864497.548 1667965989793.7026
36.35900088247482 5.324954914907313e-10 91409844.31564438 4929752762565.891 1685975444797.5637
36.25268801439741 5.289909674077473e-10 91074546.57608333 4911670082628.536 1684702838341.4724
36.146995046425396 5.56700166419932e-10 96125392.56022102 5184063303840.228 1783317776520.974
36.041916572453225 5.572768911378194e-10 96505514.87861541 5204563383052.122 1795574367152.9146
35.937447249054806 5.531751487381187e-10 96073676.76733844 5181274259894.907 1792720893923.6194
35.83358179457777 5.576853056495318e-10 97137731.16976702 5238658944981.773 1817814653908.751
35.73031498825334 5.583321439656945e-10 97531468.10229777 5259893263291.792 1830442855625.518
35.62764166932158 5.140523943177797e-10 90055301.69281949 4856701984645.012 1694988992641.121
35.52555673617166 5.14801064558553e-10 90445615.48477128 4877751692239.937 1707213092283.9275
35.42405514549688 5.286309328533627e-10 93141509.45882578 5023141839938.78 1763122785818.4932
35.323131911464124 5.084355915396785e-10 89839166.93878935 4845045790405.282 1705456118222.6172
35.22278210489746 4.842476121343106e-10 85808993.22873344 4627697646674.024 1633577269275.924
35.123000852475656 4.885575952809927e-10 86818670.29967579 4682149750460.461 1657481011663.0762
35.02378333594324 4.780222825295268e-10 85187144.05551212 4594161185666.591 1630927220911.6323
34.92512479133495 4.467865269262512e-10 79845616.14228113 4306091424868.7754 1532968547253.274
34.827020508213224 4.518684899700307e-10 80981293.80556194 4367338767973.4263 1559139940166.3652
34.7294658289185 4.432677200223471e-10 79663058.68763876 4296246061679.6357 1538056090081.3442
34.63245614783214 4.17408842633824e-10 75225888.69175807 4056948519834.6416 1456444518620.6135
34.535986910651545 4.5027934896828365e-10 81376523.6782261 4388653600869.178 1579915296312.9114
34.44005361367751 4.094024973936278e-10 74195171.59135671 4001361722688.5723 1444491581890.5547
34.34465180311331 4.004867452555377e-10 72780997.60166585 3925095012197.8057 1420884394415.561
34.24977707437542 3.920801602319768e-10 71450634.98584858 3853348267307.9097 1398765421032.8057
34.15542507141571 3.993800280038271e-10 72981976.93554762 3935933871336.4453 1432679929166.46
34.06159148605468 3.832233229943791e-10 70222448.98476607 3787111929448.3447 1382295854248.6255
33.96827205732576 3.5623151892470177e-10 65455758.880411245 3530043296565.694 1291995846543.0369
33.87546257083034 3.584572273335977e-10 66045172.95445481 3561830525628.004 1307191802905.466
33.78315885810328 3.4226934940485223e-10 63234884.37784069 3410271052161.0986 1254979747195.2869
33.69135679598887 3.4160079040392976e-10 63283332.46466243 3412883868008.6543 1259354147295.025
33.600052306026825 3.055079351983008e-10 56750738.36709974 3060579649132.8574 1132414470179.1555
33.509241353848374 3.071300752328224e-10 57206677.53480813 3085168547499.3296 1144597531122.2632
33.41891994858194 2.8623563900979724e-10 53458931.15721286 2883051771164.5015 1072495258873.2413
33.32908414226855 3.189656172775673e-10 59732331.429807805 3221377610750.3984 1201573848809.832
33.23973002928659 4.4997080607697516e-10 84492045.62296253 4556674376190.316 1704196216695.1682
33.150853745785824 3.9457643588558115e-10 74289152.35381901 4006430125625.315 1502411297109.4814
33.062451469130394 3.89814246350209e-10 73588784.57232629 3968659139015.78 1492215836269.9153
32.97451941735079 3.2760216266701263e-10 62009361.604531765 3344178342753.945 1260755235218.23
32.8870538486045 2.689685443758359e-10 51046444.520387314 2752945842732.145 1040613528552.7507
32.80005106064523 2.8272501627596424e-10 53799556.159950614 2901421751562.3135 1099638843842.1187
32.71350739030052 2.0818916328630913e-10 39720982.7472297 2142161228869.6887 814021266970.4988
32.627419212957626 2.961679419034116e-10 56655789.94540945 3055459060123.727 1164129901907.116
32.54178294205747 2.5396151798675904e-10 48709710.139014825 2626925249893.413 1003485445459.181
32.45659502859658 1.9941486308314352e-10 38348072.76723934 2068119895386.6008 792089919933.109
32.3718519606368 2.9148111793657344e-10 56199422.875568315 3030847084902.2754 1163845280602.4238
32.28755026282264 2.5999743552566473e-10 50260053.19771728 2710535587858.459 1043556201325.502
32.20368649590622 2.5336702439568e-10 49105877.458056405 2648290639475.958 1022240186837.7693
32.12025725627952 2.402523761733579e-10 46685031.00462726 2517733864318.015 974363005491.0228
32.03725917551394 2.340322124179443e-10 45594164.15131482 2458903177930.026 954054433036.8392
31.954688919906943 2.3817916421304725e-10 46521975.44973202 2508940242818.9907 975977754456.5958
31.872543190035717 2.735023473611647e-10 53559105.430544615 2888454191487.9624 1126497134680.3105
31.790818720317677 2.7557607107258443e-10 54103924.240877435 2917836388290.1113 1140874027821.4207
31.709512278577733 3.806013363198574e-10 74915161.72720331 4040190947131.333 1583754851275.4385
31.628620665622176 5.175047348863965e-10 102122879.05125771 5507509053244.919 2164451057925.2617
31.548140714819066 4.792765392445887e-10 94820311.17890735 5113679981419.414 2014789912679.0894
31.468069291685 3.740212265499865e-10 74184833.6443249 4000804194959.2466 1580317657008.9363
31.388403293478206 2.483012078190209e-10 49374030.72441172 2662752203386.312 1054449872540.9603
31.309139648797704 2.6244229916185463e-10 52318065.222901054 2821524623476.007 1120145275519.9868
31.230275317188642 2.672939823251586e-10 53419810.54404165 2880941987997.2954 1146614911222.8816
31.151807288753492 2.6749813957501455e-10 53595273.70857269 2890404754579.5093 1153271497077.2627
31.07373258376915 3.75575328520723e-10 75438423.96926987 4068410593523.7573 1627364237409.498
30.996048252309727 3.588797159477307e-10 72265591.04742803 3897299024756.6187 1562816908927.3394
30.918751373875036 3.995667869669319e-10 80659664.12089126 4349993209205.6694 1748697270100.6711
30.8418390570246 5.830802414712189e-10 117998648.53758517 6363692750624.737 2564568178501.845
30.765308439017097 4.982819237215966e-10 101088751.73714024 5451738342532.276 2202502290383.0435
30.689156685455174 3.393436241242358e-10 69015035.23474887 3721995843601.4663 1507408316658.5308
30.61338098993553 4.306374425719143e-10 87798979.1031658 4735018017202.99 1922417314984.2854
30.537978573704155 5.91442965556954e-10 120881978.50470765 6519191362149.868 2653310884395.0376
30.462946685316677 4.936198857433e-10 101136917.20938581 5454335916914.342 2225369054100.9834
30.388282600303643 6.404038563852565e-10 131533615.18326275 7093636442273.13 2901297304889.6865
30.313983620840798 6.086751576907557e-10 125323218.62557898 6758708406719.835 2771070446755.2305
30.240047075424116 7.0009892869072e-10 144499360.48460484 7792881903159.202 3202874462198.3774
30.166470318549603 1.2634329607999746e-09 261406679.0566496 14097718991652.887 5808260224561.045
30.093250730397784 1.0927998161963086e-09 226652484.76793924 12223417743376.947 5048271528014.626
30.02038571652273 8.956464240062516e-10 186212702.5356066 10042491502117.77 4157591481876.772
29.94787270754562 9.305098286302358e-10 193929537.23662308 10458662074011.957 4340344760714.956
29.87570915885274 5.658003096658314e-10 118204478.89628935 6374793226585.927 2651913982259.6772
29.803892550297803 5.30257864086039e-10 111046047.19358857 5988737449702.946 2497303516526.1523
29.7324203859086 4.6052476776551403e-10 96674448.31940873 5213674000214.591 2179315732089.6997
29.661290193597814 5.444189198034547e-10 114559773.55586155 6178233475771.019 2588679826347.869
29.590499524878005 6.949482715740331e-10 146584873.7491771 7905354086591.565 3320248716368.3115
29.520045954580674 8.324366376870476e-10 176004240.7155362 9491946938391.523 3996109661062.964
29.449927080579297 7.107036022090374e-10 150623684.77349898 8123168042557.627 3427976913959.1997
29.38014052351631 1.3764308925022234e-09 292408179.8954047 15769636666906.88 6670556310101.809
29.310683926534004 1.0953469579571392e-09 233246281.63659212 12579022640993.828 5333505599781.154
29.241554955009157 8.374517998583018e-10 178750939.09533012 9640076978729.06 4097032715959.9976
29.17275129629149 8.938330812961137e-10 191235277.065516 10313360037661.008 4393491376043.5186
29.104270659445735 1.4059987176707636e-09 301520732.0955142 16261078586744.254 6943480556539.619
29.036110774997383 1.550218683984006e-09 333229542.7257353 17971141632713.78 7691648618801.513
28.96826939468197 1.40734169271299e-09 303225679.6355495 16353026777975.123 7015448487751.217
28.90074429119786 1.5834392954967628e-09 341964769.60121286 18442234315820.51 7930160755803.047
28.833533257962518 2.072008565035894e-09 448520871.2706126 24188828027971.418 10425384880054.639
28.76663410887211 2.092741860325107e-09 454062448.59181017 24487686496801.242 10578680566618.037
28.700044678064536 2.12350708680838e-09 461806580.12858236 24905329192977.92 10784007540559.684
28.633762819685636 2.5999115852673943e-09 566720771.616163 30563374332321.312 13264504460227.078
28.56778640765871 2.1747505252023692e-09 475140257.9589305 25624417335085.97 11146621540762.676
28.502113335457196 1.9956806104880385e-09 437021647.6146535 23568672398020.023 10275941165536.822
28.43674151588046 1.9376872534322918e-09 425297497.0969768 22936386413551.242 10023200862721.5
28.371668880832676 1.8104225839340643e-09 398275921.13407 21479106951483.22 9407848844749.533
28.306893381104747 1.0308356365405377e-09 227293067.41101184 12257964504483.271 5381246417468.129
28.242412986159177 1.4439702528744148e-09 319113679.7600282 17209870076327.523 7572342833584.342
28.17822568391791 1.928217559802333e-09 427101764.1247351 23033690926331.996 10157857698512.217
28.114329480553014 1.4681329713584793e-09 325931726.2776029 17577568806228.59 7769285412352.842
28.050722400280268 1.825465610031441e-09 406180042.08324414 21905377911428.15 9704082414763.16
27.987402485155485 2.7755393047166694e-09 618975933.174845 33381506547520.277 14821388907097.393
27.924367794873596 2.2455723448930217e-09 501917890.9834739 27068540901491.89 12045500701163.666
27.86161640657051 2.431616399561402e-09 544725529.7895554 29377166162185.9 13102216108334.959
27.799146414627526 2.4300934000311604e-09 545607686.2962093 29424741054236.65 13152859251244.262
27.736955930478473 2.2282269905902003e-09 501406095.05337405 27040939635794.867 12114340956835.828
27.675043082419368 2.448643671760029e-09 552237965.1505914 29782313433269.547 13372258731538.14
27.61340601542066 2.670569791938509e-09 603632936.3743025 32554055396828.742 14649324928572.688
27.552042890941948 3.0827622378086086e-09 698353315.7030672 37662346031859.945 16985718060369.03
27.490951886749173 3.328273196399667e-09 755645611.7236687 40752132002898.58 18419963665310.11
27.43013119673424 3.6000832771065875e-09 819169241.7692838 44177975171652.22 20012622752757.617
27.369579030737032 3.704847337455188e-09 844872499.893319 45564157466267.734 20686127489685.945
27.30929361436977 3.4594741776491037e-09 790657875.838843 42640351012980.92 19401359710906.453
27.249273188843684 4.264484447074284e-09 976788609.8081876 52678421932512.66 24021360401223.918
27.18951601079797 4.047075046411533e-09 929027897.8171574 50102676358908.18 22896923096021.055
27.130020352131016 3.756967600005178e-09 864323467.9177243 46613152397511.5 21348823798059.594
27.070784499833785 4.395933959061328e-09 1013536264.7377192 54660230946223.8 25089046004316.79
27.011806755825432 3.770719248427765e-09 871283598.3837434 46988513745619.66 21614716322985.85
26.95308543679103 3.2513868622655935e-09 752920519.931643 40605167210533.375 18718982084055.414
26.89461887402142 3.2001387884542363e-09 742664037.8023901 40052032901100.586 18504039200308.906
26.83640541325514 2.7207401901531025e-09 632778482.6373588 34125881038612.527 15800282920877.549
26.778443414522407 2.1899951117792763e-09 510442458.45736873 27528272677305.887 12773118522269.76
26.720731251991108 2.3876095070348994e-09 557704225.8919421 30077110062585.844 13985856179102.11
26.66326731381478 2.5948866489322596e-09 607426870.4090601 32758663083548.52 15265536996933.254
26.60605000198256 3.455189303712598e-09 810551135.4566053 43713198825941.48 20414063851715.23
26.549077732171035 3.9706154166147865e-09 933463541.4762714 50341891585079.76 23560005261817.18
26.49234893359802 3.516768833241697e-09 828537806.4321364 44683223899223.58 20956432008733.633
26.43586204887819 3.284754254092867e-09 775529605.9199486 41824480129665.69 19657505660943.777
26.37961553388058 4.196099018777511e-09 992810224.7003127 53542471104311.8 25218503890130.816
26.323607857587838 4.4824776282011076e-09 1062824832.6664186 57318374122470.7 27054272585804.656
26.267837501957352 4.2804465120797215e-09 1017076754.1543838 54851170309629.44 25944603556455.63
26.212302961784083 4.074265514333313e-09 970137123.9599227 52319705855692.47 24799540575598.594
26.15700274456513 4.69826233659677e-09 1121084271.7811654 60460318330686.68 28718651207074.848
26.101935370366043 5.778169215328587e-09 1381676977.042014 74514139538697.67 35468730420421.414
26.047099371688805 6.165204891969845e-09 1477328656.9887598 79672655418379.98 38003856634565.48
25.992493293341447 5.214330614804622e-09 1252101680.4740403 67526115644788.266 32277483278209.438
25.938115692309353 6.941739361148392e-09 1670393745.5045779 90084697585079.02 43150570143254.055
25.883965137628124 7.556242140475909e-09 1822065710.141893 98264399588429.14 47166911802443.055
25.830040210258062 6.880682508104438e-09 1662629230.3361764 89665955595220.25 43129324641299.59
25.776339502960226 7.744693844952931e-09 1875305321.2897973 101135623383844.77 48747370471012.35
25.722861620174 6.8413779114325794e-09 1660019824.5718198 89525229775459.83 43240685981547.586
25.66960517789621 8.114593590938334e-09 1973043042.4170816 106406639917582.17 51500813720109.695
25.616568803561712 7.414010121040424e-09 1806430225.8950396 97421174526215.69 47249269645212.38
25.5637511359255 8.082909485092357e-09 1973477181.9267867 106430053155656.6 51725005833650.67
25.51115082494623 6.891176978914628e-09 1685979649.0182958 90925248747583.14 44280596140073.2
25.458766531671188 7.852782726925071e-09 1925197095.8266792 103826297623516.5 50667233240276.164
25.40659692812268 6.638257969554585e-09 1630784604.2581527 87948567992645.08 43006849748403.63
25.354640697185825 6.296713755373208e-09 1550049135.9171178 83594486645378.73 40961298456235.47
25.30289653249769 5.872740424080251e-09 1448636890.635012 78125302225688.06 38359523392811.086
25.251363138337815 4.80778578588385e-09 1188363369.462411 64088694684898.42 31531637784969.52
25.200039229520055 5.700419852476793e-09 1411869647.7089386 76142436827067.97 37538221355745.32
25.148923531285735 7.269077402988401e-09 1804051237.1955419 97292875148820.8 48062680323514.88
25.09801477919811 7.308661192436788e-09 1817554465.3198142 98021107175114.66 48520448051681.46
25.047311719038113 5.440220224454678e-09 1355639875.1218097 73109952975627.81 36262536675911.12
24.996813106701342 5.9204863185519825e-09 1478297061.2896101 79724881672708.92 39623266191335.75
24.94651770809631 7.9799173458359e-09 1996537340.2745583 107673692505129.56 53621498867555.586
24.896424299043908 7.492709113448636e-09 1878412071.141702 101303171078293.75 50550282368067.93
24.846531665178087 7.058231482100192e-09 1773042305.8309207 95620556743692.58 47810278371846.83
24.796838601847732 6.482016882891416e-09 1631559128.3298545 87990338244095.9 44083159460290.71
24.74734391401969 8.689760627207605e-09 2191634833.344286 118195342690957.14 59334062030863.34
24.698046416183 9.510067308345828e-09 2403310938.2346816 129611081013946.75 65194373750013.92
24.648944932254206 9.416907675843313e-09 2384508928.0825806 128597084521741.27 64812930598955.5
24.60003829548386 8.853083928670252e-09 2246196639.089766 121137872728264.4 61174625727772.11
24.551325348364088 8.97720839749834e-09 2282208614.7263484 123080006397881.8 62278483237327.9
24.50280494253728 9.224322662164214e-09 2349674252.8423424 126718442918265.1 64246250559556.74
24.454475938705844 9.627792749251705e-09 2457295285.9457045 132522468614004.02 67321414055916.76
24.40633720654304 8.330635831884403e-09 2130416502.2667599 114893824796374.56 58480956821355.16
24.35838762460484 8.22269416039828e-09 2106951674.842577 113628361555697.11 57950464393403.57
24.31062608024287 8.087016145304255e-09 2076257152.091093 111972999275380.08 57218202629719.375
24.263051469518324 8.536690954151435e-09 2196003938.6337724 118430969488399.36 60636656378058.12
24.21566269711692 8.796192117017206e-09 2267186894.0798955 122269881739976.98 62724449332610.42
24.16845867626484 9.595680185688076e-09 2478082639.907435 133643535129175.16 68692777056396.55
24.12143832864565 1.1016855565929298e-08 2850646925.6888833 153736008000285.25 79174044120143.97
24.07460058431818 1.0327816869044854e-08 2677555075.623244 144401126922354.25 74510981491935.73
24.027944381635393 9.987417834546326e-09 2594332141.9523835 139912896029453.1 72334967247225.73
23.981468667164144 9.588517885039023e-09 2495540836.5549474 134585059467137.11 69715060803974.555
23.93517239560591 9.42228382597278e-09 2457019466.072677 132507593588330.28 68771441072341.54
23.889054529718422 7.886740218972967e-09 2060570836.5512273 111127032870491.47 57786057092656.63
23.843114040238195 6.8523953772211295e-09 1793776839.4995444 96738774648981.34 50400901592117.625
23.797349905803955 6.892219076507979e-09 1807671254.8371997 97488103486677.67 50888790020046.7
23.75176111288096 6.739099155319109e-09 1770903941.7339573 95505234303387.61 49949237540670.61
23.706346655686158 7.3109227466609716e-09 1924848437.6794288 103807494413889.92 54395127072879.29
23.66110553611424 7.722859206803604e-09 2037192457.7105258 109866231820701.95 57679771705867.695
23.616036763664496 8.006485761336218e-09 2116040103.5734916 114118502491600.02 60026332310584.24
23.571139355368558 6.436290609773562e-09 1704292153.011776 91912846066309.86 48438069876944.89
23.526412335718902 6.945552564074146e-09 1842638210.6230354 99373879008715.64 52469408116602.17
23.481854736598223 7.479719422858712e-09 1988116752.336906 107219568368294.48 56719151666825.9
23.437465597209567 6.571762923106541e-09 1750089322.3477619 94382697357951.7 50022829599712.61
23.393243964007283 8.3222974010235e-09 2220453875.845878 119749559913952.81 63587016314304.51
23.349188890628735 8.458907924674884e-09 2261160936.217713 121944900523341.03 64874687078421.24
23.305299437826804 8.67437293190856e-09 2323123922.906175 125286577856796.48 66777745997672.97
23.261574673403114 9.660369504142303e-09 2592051359.663311 139789892945107.6 74647802832682.45
23.218013672142057 9.117965819074395e-09 2451104752.6875896 132188611810511.73 70720907318623.22
23.17461551574553 8.911566188063375e-09 2400106285.4745793 129438253394389.42 69378903819395.12
23.131379292768393 9.712422981152743e-09 2620686266.4612746 141334179689603.44 75896454493318.4
23.088304098554673 9.958675104336293e-09 2692145356.2977805 145187983928844.1 78111135353716.97
23.04538903517446 1.0035801128583321e-08 2718047096.0350013 146584870379978.47 79009245134809.0
23.00263321136152 9.137559986933628e-09 2479371823.843055 133713061098896.02 72205052993404.36
22.96003574245159 8.890961663355508e-09 2416936011.9605837 130345884200007.25 70517123352200.6
22.917595750321365 9.440068612871174e-09 2570958528.5100956 138652351978635.3 75149574772421.86
22.875312363328153 9.32732470789972e-09 2544948730.741009 137249637934367.0 74526553398357.42
22.833184716250198 9.574690285583068e-09 2617262119.1530805 141149514681382.72 76785335986667.5
22.791211950227677 8.473688931504815e-09 2320566786.0703197 125148670911705.45 68206025646879.31
22.749393212704323 8.443042949953294e-09 2316424534.0269065 124925278359107.42 68209201984076.39
22.707727657369702 9.281685938379128e-09 2551186259.519536 137586029216484.78 75259557981412.97
22.666214444102113 9.227501682476764e-09 2540938271.5058928 137033352996552.16 75094277442111.11
22.624852738912146 9.95882496791929e-09 2747333065.746926 148164269088866.47 81342183729788.31
22.583641713886806 1.0495217144162801e-08 2900590552.8961782 156429478665737.28 86036213266158.05
22.542580547134285 1.0645618819055355e-08 2947516577.3592296 158960209359623.5 87587075357154.48
22.501668422729324 1.0965306659304551e-08 3041550529.867242 164031480847086.53 90545377427587.75
22.46090453065916 8.677575604384868e-09 2411349376.461585 130044595733859.8 71914661440824.05
22.420288066770084 9.279845683101934e-09 2583381473.8948994 139322324122100.16 77184567563641.48
22.37981823271454 8.513226201909691e-09 2374250799.8365602 128043861436873.61 71064343097466.44
22.33949423589884 7.3231204558955e-09 2046029146.5337515 110342796368693.16 61350594780990.586
22.299315289431394 7.66373013538595e-09 2145051138.0805314 115683073885159.39 64435472154032.94
22.259280612071553 6.964896182287601e-09 1952956174.9705806 105323350792356.78 58770429742132.26
22.21938942817895 6.84188394470327e-09 1921907835.4470046 103648907096654.78 57939739067030.375
22.179640967663424 6.587599151620516e-09 1853794665.3322666 99975549034904.06 55986307459546.41
22.140034465935454 6.906495483896593e-09 1947011041.426545 105002728448757.44 58906530659753.39
22.100569163857138 6.6608261001295795e-09 1881107486.224716 101448535399294.75 57014076894404.18
22.06124430769369 6.997110080777577e-09 1979601057.8579564 106760315115025.53 60106057409762.1
22.022059149065463 6.322339594163685e-09 1791879783.351105 96636465998764.0 54502966823301.01
21.98301294490045 5.209084786433188e-09 1478983011.8380058 79761875134805.42 45065459451164.22
21.944104957387353 5.232117641523308e-09 1488156492.2780864 80256602927860.98 45425237257170.17
21.905334453929072 5.92615743983954e-09 1688543570.9074085 91063521612070.38 51633016754041.32
21.866700707096744 7.072256748638002e-09 2018662581.4244652 108866911567012.62 61836405770062.34
21.82820299458425 8.285108163247413e-09 2369022434.5878935 127761894563160.12 72696518006434.0
21.789840599163185 6.821380601258325e-09 1953921912.783011 105375433242385.94 60063996948161.89
21.75161280863834 5.962858733853005e-09 1711007965.9271638 92275031315834.92 52689042881344.46
21.713518915803597 8.314645195855884e-09 2390025227.6549935 128894579756087.6 73727699620477.27
21.675558218398344 9.451840285604883e-09 2721667444.41805 146780116554790.4 84105006785892.78
21.637730019064314 7.863619764835445e-09 2268296291.6616907 122329711792577.81 70217254568939.27
21.600033625302878 6.471445725963474e-09 1869975260.1905797 100848172030817.83 57987698917723.01
21.562468349432788 7.137617802906736e-09 2066064088.5306756 111423285143142.16 64179812242447.37
21.525033508548354 7.709048557148056e-09 2235351993.7765026 120553018650540.55 69559091761365.625
21.48772842447808 7.623492765508793e-09 2214381583.570245 119422079872333.4 69025962166209.23
