string
20190117an 17 2019_15.26.   full spectra  index number  Nphoton via eV
eV x-axis E [J] Nphoton Nphoton/sr Nphoton/sr @ 0.1bw
43.81066890785845 4.91606867605624e-10 70036918.87503047 3777106250324.2236 1072698175092.1023
43.65640598916881 5.020560185973889e-10 71778300.78025772 3871019354785.1953 1103240516113.7236
43.50322561727698 5.070316862302524e-10 72744910.85896187 3923148846324.0 1122020570048.664
43.35111643679699 5.142728103667636e-10 74042700.8514043 3993138942558.9463 1146030876514.408
43.20006725060606 4.950099824780505e-10 71518518.42530192 3857009235945.183 1110818659952.1726
43.05006701709701 4.947291615409461e-10 71726997.78914392 3868252573328.9463 1117924993692.0542
42.90110484748767 5.055183517504388e-10 73545723.44155222 3966336842878.1816 1150237684434.6826
42.75317000318599 5.003350046235071e-10 73043494.34497848 3939251518591.5977 1146322191910.1167
42.606251893209404 4.933209989798901e-10 72267868.64168462 3897421855909.68 1138047181925.6013
42.46034007165731 4.889138743828135e-10 71868382.16110457 3875877463224.283 1135632096724.6746
42.31542423523527 5.073223392170644e-10 74829744.4123616 4035584372785.163 1186461805598.8376
42.17149422082971 4.895790628132715e-10 72459081.11645076 3907733986214.382 1152781525933.2422
42.02854000313198 5.044762553951631e-10 74917866.47393101 4040336814709.9595 1195939697154.1672
41.88655169231059 5.201569952098455e-10 77508406.74235414 4180045214176.202 1241473428610.299
41.745519531730416 5.212279702034678e-10 77930384.20691305 4202802550513.7046 1252435160053.0518
41.605433895717894 5.115773707710772e-10 76745027.2882819 4138875994375.2817 1237523922318.1768
41.46628528737101 4.999752268433583e-10 75256207.70503962 4058583630807.6665 1217575089242.3179
41.32806433641311 5.015748364156008e-10 75749478.99821426 4085185858810.87 1229640943502.0442
41.19076179708947 5.096337184803762e-10 77223113.02628125 4164659262088.8477 1257727097150.795
41.05436854610573 5.137893238530359e-10 78111445.34417425 4212567216981.4053 1276407866745.3643
40.91887558060703 5.105476437158161e-10 77875627.6421854 4199849517082.1777 1276754253192.9849
40.78427401619714 4.976500741227592e-10 76158838.48768881 4107262705010.841 1252715125028.2979
40.65055508499649 4.972664027572854e-10 76350451.95127289 4117596460729.6084 1259984516983.2732
40.51771013373833 5.216579880472566e-10 80358152.56217557 4333732625341.292 1330455915979.6692
40.38573062190204 5.494720605480289e-10 84919346.83609799 4579718823445.126 1410553397621.049
40.254608119882874 5.198987370968929e-10 80610596.38008218 4347346975283.9575 1343330215362.7869
40.124334307197174 5.207021411775643e-10 80997291.79997426 4368201543287.6177 1354142478419.1304
39.99490097072234 5.019607477021136e-10 78334685.94099529 4224606630866.579 1313852662199.4543
39.86630000297082 4.84400652482422e-10 75838155.84199525 4089968220260.863 1276070084721.378
39.73852340039719 4.709955854574979e-10 73976552.09814842 3989571525925.16 1248735887614.6018
39.61156326173778 4.941655530955608e-10 77864493.2356207 4199249036117.214 1318564197340.7888
39.485411786381924 4.882994615734819e-10 77186002.41271922 4162657878637.234 1311237231770.6985
39.36006127277436 4.747896591143136e-10 75289508.23589784 4060379535671.33 1283079933272.1206
39.235504116847856 4.763182916188591e-10 75771694.13410236 4086383925915.5137 1295383704515.2458
39.11173281048556 4.823545390735752e-10 76974750.01211391 4151264990778.388 1320102267067.5178
38.98873994001234 4.853255693411959e-10 77693189.00030385 4190010561491.041 1336613369115.5732
38.86651818471449 4.987558980235149e-10 80094258.06343646 4319500737693.69 1382240236061.9302
38.74506031538725 4.5340635512489764e-10 73039911.21645422 3939058279691.8564 1264437707781.1077
38.62435919290941 4.5230848258773587e-10 73090750.32083924 3941800043636.0435 1269259614050.8003
38.50440776684447 4.50302258715787e-10 72993241.83333404 3936541389721.346 1271502868879.978
38.38519907406786 4.1496098847944645e-10 67473377.03256029 3638853881834.9824 1178988657714.5276
38.266726237419505 4.040259197879432e-10 65898706.9526358 3553931582330.431 1155027764257.3904
38.14898246438129 3.8597398068608455e-10 63148646.30272825 3405620214035.219 1110232189775.4648
38.03196104577889 4.1812009159301734e-10 68618511.37616959 3700611225764.1953 1210099870824.8484
37.91565535450739 4.219692805673029e-10 69462633.31164406 3746134905128.296 1228732248882.0825
37.80005884428024 4.0500371562122893e-10 66873723.70142229 3606514447413.11 1186543253198.9402
37.68516504840097 4.646887455591619e-10 76962773.0615598 4150619071233.0337 1369704293506.825
37.57096757855732 4.611146786105775e-10 76602958.40212783 4131214188480.7847 1367431896387.1643
37.45746012363721 4.168617629667194e-10 69461268.46211092 3746061298496.4624 1243692351100.7327
37.34463644856601 4.278323304665957e-10 71504658.88950418 3856261788168.652 1284135175460.1736
37.23249039316491 3.4573250113478615e-10 57957160.07836291 3125642234114.213 1043964506194.1392
37.121015871029684 3.468837554079219e-10 58324776.64136967 3145467875221.2 1053731738199.067
37.01020686842959 3.7117842085314446e-10 62596518.900603585 3375843863289.9575 1134283538065.4329
36.90005744322593 3.536472027025531e-10 59818037.38555417 3225999751563.2637 1087161916276.801
36.79056172380983 3.162372483662341e-10 53649487.618463434 2893328522517.791 977945040611.0466
36.68171390805892 2.922714419141106e-10 49730833.44140429 2681994651428.466 909196186834.2433
36.57350826231243 3.0342644118292925e-10 51781637.10903219 2792594938757.0225 949482279177.3339
36.465939120364446 2.975386820476192e-10 50926638.084664665 2746484655625.8916 936551267568.4508
36.35900088247482 3.090860814167661e-10 53058685.06669029 2861466412549.8804 978621513092.076
36.25268801439741 3.2380163744326333e-10 55747808.80522581 3006491439976.3647 1031226563911.8225
36.146995046425396 3.929588729224827e-10 67852190.8168469 3659283391518.169 1258793486682.2048
36.041916572453225 4.881944841452232e-10 84542281.94738339 4559383632080.084 1572987353067.5696
35.937447249054806 5.385219382399843e-10 93528754.40014079 5044026043752.161 1745233011138.2297
35.83358179457777 6.07465875951384e-10 105808520.24466841 5706276483504.435 1980077939776.1213
35.73031498825334 4.620605339179658e-10 80714396.81953847 4352944955534.2935 1514824844525.9128
35.62764166932158 4.3430683214311605e-10 76084915.13361728 4103276002466.0483 1432043324860.6611
35.52555673617166 4.992613398099231e-10 87715434.70987527 4730512449922.964 1655679357472.9888
35.42405514549688 4.731757884397021e-10 83370655.09344512 4496197541313.38 1578165337000.9797
35.323131911464124 4.172642035105364e-10 73729434.09261423 3976244398200.762 1399638028166.6338
35.22278210489746 3.72582227451026e-10 66021814.11195907 3560570778177.5425 1256881484696.6675
35.123000852475656 3.502032037655414e-10 62232532.62110035 3356214004160.988 1188099757473.042
35.02378333594324 3.691390351608521e-10 65783335.451141626 3547709572190.6 1259436898127.6575
34.92512479133495 3.61178357908299e-10 64546504.39628342 3481007004702.7896 1239238493674.185
34.827020508213224 3.8390153964948565e-10 68800644.57874568 3710433708947.2324 1324624834094.0364
34.7294658289185 3.9124201883661843e-10 70313118.91170534 3792001778306.0576 1357536636633.5994
34.63245614783214 3.902387029435024e-10 70329255.71391605 3792872039554.972 1361641062200.2136
34.535986910651545 4.827492086273984e-10 87244623.80192232 4705121515374.244 1693843745534.7356
34.44005361367751 9.382498454385647e-10 170037087.51426327 9170137069893.645 3310419482231.5605
34.34465180311331 1.3071843311062561e-09 237556375.5711191 12811466943242.973 4637751033453.811
34.24977707437542 7.360353613654992e-10 134131229.4671786 7233726344931.712 2625842663210.2764
34.15542507141571 5.881707752266964e-10 107481253.29728952 5796487340430.519 2109921391916.7
34.06159148605468 1.0781394548065155e-09 197559982.18491653 10654452758781.014 3888875256955.0127
33.96827205732576 1.0702104888782849e-09 196645821.57905892 10605151878707.377 3881485587606.8784
33.87546257083034 6.613174610862575e-10 121846688.43235525 6571218378129.389 2411637144773.4644
33.78315885810328 4.6232035325537216e-10 85414525.5321874 4606423918101.903 1695164001861.504
33.69135679598887 4.0395749168675336e-10 74835237.40614225 4035880611133.096 1489239945507.9133
33.600052306026825 4.2544392803738823e-10 79029885.21148998 4262098878555.1406 1576976585065.3994
33.509241353848374 4.682030751744555e-10 87208464.7588046 4703171450323.419 1744876608070.0066
33.41891994858194 5.348116368541954e-10 99884342.06016593 5386784266997.2295 2003883747323.057
33.32908414226855 7.066715522043718e-10 132337584.62297106 7136994688817.504 2662099018928.7812
33.23973002928659 1.0866508693756994e-09 204042914.76593542 11004078721280.73 4115525441758.9688
33.150853745785824 9.636281782989387e-10 181427764.1527526 9784438735611.252 3669164525854.191
33.062451469130394 1.1762713122824773e-09 222055445.66064152 11975498425621.957 4502787408033.802
32.97451941735079 3.088712601846625e-09 584639292.5527143 31529724059195.758 11886705970316.732
32.8870538486045 5.562569352117931e-09 1055697380.831737 56933989096600.33 21521047878514.92
32.80005106064523 4.6923155860572905e-09 892897626.1721848 48154162959858.71 18250427761786.484
32.71350739030052 2.609480123707072e-09 497869885.9097808 26850231108445.848 10203087821209.637
32.627419212957626 3.946125715867466e-09 754878695.5790042 40710772048605.67 15510804150518.44
32.54178294205747 4.9911390558819294e-09 957298328.5136942 51627306828072.3 19721631208321.598
32.45659502859658 3.214199246386166e-09 618100098.8749346 33334272613452.69 12767026410953.041
32.3718519606368 1.5784782264746057e-09 304340692.7265414 16413159676206.893 6302653315663.176
32.28755026282264 7.56736323270867e-10 146284550.0277421 7889157563049.79 3037325661774.1553
32.20368649590622 9.028028964179516e-10 174975131.45611307 9436446852458.71 3642468485049.239
32.12025725627952 1.2388628911266194e-09 240731656.4519456 12982710530969.969 5024308975485.125
32.03725917551394 1.3989093214412995e-09 272535564.9789541 14697902227173.086 5702786064143.093
31.954688919906943 1.5530736945184102e-09 303351708.0586521 16359823518212.494 6363971348584.715
31.872543190035717 1.89210289390222e-09 370524565.35638857 19982470305461.06 7793163419129.849
31.790818720317677 1.696143325251172e-09 333004275.78448355 17958992937633.24 7021966238614.517
31.709512278577733 2.4805274301326846e-09 488251342.9773753 26331500998490.18 10321948391407.863
31.628620665622176 2.9314511581982873e-09 578484044.4775271 31197770193284.41 12260723685960.822
31.548140714819066 4.603510202942341e-09 910760770.0687095 49117526190933.95 19352305319226.44
31.468069291685 1.4332912374898137e-08 2842845926.0945187 153315298397408.12 60559542866977.516
31.388403293478206 2.1093417500841224e-08 4194369624.3655477 226203265061241.38 89576492964249.95
31.309139648797704 1.3307445798582665e-08 2652849100.407753 143068728311654.47 56798285139727.44
31.230275317188642 9.532233574620015e-09 1905056399.6547763 102740105503435.98 40890561990366.02
31.151807288753492 1.5781695064420665e-08 3161981866.1417704 170526368975861.62 68040021221371.06
31.07373258376915 1.5843473905348195e-08 3182335501.9757996 171624044978181.38 68649617991272.34
30.996048252309727 7.886057342330568e-09 1587971037.5172894 85639623037140.45 34341488837891.902
30.918751373875036 4.919043182219158e-09 992996374.6130728 53552510209547.67 21528109104238.066
30.8418390570246 3.0516536253726827e-09 617566808.1124183 33305512126773.734 13422121387090.215
30.765308439017097 2.2355119793299105e-09 453528624.5104654 24458897248122.004 9881394488241.305
30.689156685455174 2.1672953140747456e-09 440780235.2290963 23771373844613.277 9627406407067.975
30.61338098993553 2.7941341638912905e-09 569672078.6789587 30722538963383.996 12473350819133.068
30.537978573704155 3.707617410189111e-09 757780807.588287 40867283579744.875 16632984416956.424
30.462946685316677 5.40978542387185e-09 1108401497.4615428 59776333556319.67 24388744090977.684
30.388282600303643 5.3019223027944834e-09 1088970656.491167 58728424081472.29 24019925449321.973
30.313983620840798 5.22905005387447e-09 1076635664.895575 58063195304967.414 23805910075037.48
30.240047075424116 4.536855148474063e-09 936400043.9077929 50500257799161.55 20755605955455.043
30.166470318549603 7.065008119145497e-09 1461763597.464417 78833228376751.17 32479290091221.793
30.093250730397784 8.211130536698272e-09 1703032075.329564 91844889803158.58 37931939488704.09
30.02038571652273 1.5420424664379333e-08 3206040770.1474357 172902475240604.28 71581624749610.44
29.94787270754562 4.040830446619142e-08 8421580884.514301 454177686675056.94 188483739970148.38
29.87570915885274 4.078653784014376e-08 8520941698.0089855 459536236932782.1 191167074564032.44
29.803892550297803 2.2436700755000003e-08 4698670401.055826 253400315506578.84 105667931566244.39
29.7324203859086 2.4024407486025392e-08 5043260433.486071 271984130817102.62 113689366681548.94
29.661290193597814 3.614621394669139e-08 7606095111.701175 410198361784437.25 171873113587666.75
29.590499524878005 3.056252519460626e-08 6446528584.005762 347662687032094.8 146018328553473.4
29.520045954580674 1.4331525461635294e-08 3030151657.1628695 163416737165755.28 68798446346785.25
29.449927080579297 8.242317618225748e-09 1746843897.8947742 94207670912139.5 39755637124921.49
29.38014052351631 6.2232692664805144e-09 1322067710.8623075 71299398863620.95 30159645719312.56
29.310683926534004 4.876293152505277e-09 1038371666.3741691 55999609551923.586 23743834450014.58
29.241554955009157 5.407942388159304e-09 1154304976.860138 62251918172733.7 26457065223412.773
29.17275129629149 4.840488900734385e-09 1035620917.8588609 55851261086897.875 23792637223018.11
29.104270659445735 4.7725547928314554e-09 1023488995.412772 55196983873742.125 23569112114087.285
29.036110774997383 5.645751636718262e-09 1213590866.6845279 65449219090715.29 28012265770826.195
28.96826939468197 8.544993260856129e-09 1841103267.5436447 99291099194980.48 42595881554645.95
28.90074429119786 1.0594115168208424e-08 2287940032.1365304 123389102983952.97 53057314283101.3
28.833533257962518 1.1864965279088788e-08 2568369964.474679 138512750157844.44 59698995318024.984
28.76663410887211 8.4922629234307e-09 1842567289.4502888 99370054214461.92 42927863420647.15
28.700044678064536 8.929513348726887e-09 1941932780.6369605 104728856741132.19 45347594968911.26
28.633762819685636 1.118655325856524e-08 2438410648.401868 131504016008611.6 57072742947735.83
28.56778640765871 1.5546008322362107e-08 3396497354.0270624 183173840185580.6 79680620480729.55
28.502113335457196 3.2935301880645726e-08 7212296304.790933 388960706575690.06 169586868067002.38
28.43674151588046 6.544928578095438e-08 14365278700.223074 774722601133821.0 338553776695466.5
28.371668880832676 5.760905605114769e-08 12673449871.895073 683481904875341.9 299365074335396.06
28.306893381104747 3.577148290429855e-08 7887397162.989768 425369042522792.5 186737009667504.97
28.242412986159177 3.764832949751512e-08 8320183147.024258 448709284663744.0 197432085252053.4
28.17822568391791 4.970813269263596e-08 11010391984.267393 593792831699265.9 261862638779371.28
28.114329480553014 3.8848785388657905e-08 8624594592.2712 465126260038747.0 205585806937121.0
28.050722400280268 2.3490938746438042e-08 5226913307.032268 281888570185703.3 124876636592272.88
27.987402485155485 1.2204895666985204e-08 2721826591.299151 146788699380662.56 65174182525007.09
27.924367794873596 1.0025350181324804e-08 2240810736.213912 120847409816091.94 53777097368159.91
27.86161640657051 9.275339792611131e-09 2077841876.465211 112058463805154.75 49978074857099.2
27.799146414627526 9.215215680184803e-09 2069012041.233357 111582268872835.16 49877274186159.13
27.736955930478473 8.037884922462836e-09 1808722589.0720289 97544802170362.47 43700071372321.4
27.675043082419368 7.615689755067675e-09 1717552072.6271443 92627956411860.2 41589952428925.586
27.61340601542066 9.204862620888363e-09 2080589044.9077764 112206619196079.67 50492978638235.0
27.552042890941948 9.866504946958869e-09 2235107968.9517145 120539858338725.77 54363476110765.94
27.490951886749173 1.123696515948744e-08 2551221883.1806498 137587950408267.81 62189753584536.89
27.43013119673424 1.3240063677551023e-08 3012667232.6406283 162473798352811.22 73600630653820.39
27.369579030737032 1.6407102774023662e-08 3741560359.7360497 201783163047779.56 91609556023693.67
27.30929361436977 2.0145043052222248e-08 4604120779.758471 248301233889278.4 112977061419622.47
27.249273188843684 1.9190845866565e-08 4395701259.481859 237061123881997.28 108099872490182.4
27.18951601079797 1.7646300190882542e-08 4050803353.6769443 218460704893492.6 99836542136326.19
27.130020352131016 1.8823312491807915e-08 4330468735.103283 233543119670612.84 106962748809137.3
27.070784499833785 2.32122648444557e-08 5351871166.776115 288627574708557.8 132480056791228.39
27.011806755825432 4.139617497939341e-08 9565233028.263182 515855095243791.8 237293343812153.12
26.95308543679103 7.973120863382985e-08 18463279087.475674 995728652301518.9 459030908710988.6
26.89461887402142 9.130686857357851e-08 21189808372.873856 1142770968996594.0 527960187676438.9
26.83640541325514 6.276624979201538e-08 14597914364.617794 787268693054305.2 364505404884142.2
26.778443414522407 4.6588844689536664e-08 10858893835.929457 585622503646702.5 271728841692066.28
26.720731251991108 5.8234262120699635e-08 13602514976.054884 733586587780392.4 341117763317874.94
26.66326731381478 5.559994995901014e-08 13015174906.54118 701911210232951.5 327090623968547.75
26.60605000198256 3.026097667976032e-08 7098907426.418053 382845619731512.06 178788904414621.06
26.549077732171035 1.8911159144162606e-08 4445879476.079215 239767246004219.4 112211071129973.98
26.49234893359802 1.6636274418248877e-08 3919445083.6261926 211376524852309.22 99135590155722.5
26.43586204887819 1.640284950093295e-08 3872708405.3768334 208856005640862.53 98162322651209.9
26.37961553388058 1.4949837427443668e-08 3537178553.02129 190760807810075.1 89848340478545.22
26.323607857587838 1.316281976409874e-08 3120990861.210566 168315715174700.16 79445017562454.02
26.267837501957352 1.5139309609326587e-08 3597250855.5213504 194000520134502.3 91762246023622.8
26.212302961784083 1.0360356774329725e-08 2466939547.481018 133042585733801.84 63062185637823.0
26.15700274456513 1.1427548832188011e-08 2726805006.3924584 147057186388196.3 69852163534390.02
26.101935370366043 9.34862378873885e-09 2235444787.8856754 120558023057007.58 57385618975137.75
26.047099371688805 1.3025817487276599e-08 3121293418.7675595 168332032169478.9 80294379344837.69
25.992493293341447 1.6861848561617172e-08 4048985474.7522035 218362666288150.44 104377354485738.0
25.938115692309353 2.3562275716909997e-08 5669800598.919303 305773578053633.5 146465543887694.53
25.883965137628124 1.821666801155257e-08 4392655174.334862 236896847848263.25 113710486967159.3
25.830040210258062 1.9040933795005497e-08 4600998965.318276 248132873758310.2 119351912277743.47
25.776339502960226 2.5188131459196353e-08 6099070912.862527 328924219342790.1 158541473723222.16
25.722861620174 2.602773891354176e-08 6315476669.262275 340595028799187.3 164507398910009.34
25.66960517789621 3.122050975170877e-08 7591188499.583325 409394444954487.1 198146911357971.5
25.616568803561712 3.204530182207637e-08 7807866574.803739 421079940624043.6 204223771202651.53
25.5637511359255 3.8724505866323906e-08 9454754980.187311 509896990109904.2 247809937193420.94
25.51115082494623 5.301845865815059e-08 12971375222.761805 699549083771327.9 340680403796638.3
25.458766531671188 9.055576483994094e-08 22200753738.220863 1197291472175808.5 584278238421795.9
25.40659692812268 1.1488918420486893e-07 28224198826.917637 1522137174391766.0 744325078277576.8
25.354640697185825 9.873127595388957e-08 24304476100.68475 1310745676213360.5 642265381344545.0
25.30289653249769 7.014991481316932e-08 17303975169.16915 933207140130570.6 458204705804089.2
25.251363138337815 6.867293749124092e-08 16974217867.106976 915423257191180.6 450388242538053.6
25.200039229520055 7.281663158215524e-08 18035091210.79562 972636387089122.5 479509738834947.75
25.148923531285735 5.237607785232807e-08 12998778635.93761 701026955797241.0 346307316163818.4
25.09801477919811 2.756616940142881e-08 6855293051.369982 369707443560387.7 183005184562390.8
25.047311719038113 1.6855882458676882e-08 4200290695.7023315 226522589724776.16 112355204503488.11
24.996813106701342 1.5454272104601635e-08 3858805477.687551 208106217730193.66 103428790211904.72
24.94651770809631 2.0463239609809647e-08 5119805157.542104 276112204414647.22 137503877798497.05
24.896424299043908 2.243355743691311e-08 5624062598.735124 303306917767202.94 151350151965832.3
24.846531665178087 2.1229044746509673e-08 5332779825.002204 287597974499131.4 143798987249567.3
24.796838601847732 1.7412240372748265e-08 4382756206.608133 236362994368227.97 118417860178478.61
24.74734391401969 1.908465133656265e-08 4813318622.435054 259583318992679.12 130310826134331.19
24.698046416183 1.783866035291214e-08 4508048803.396343 243120051332605.94 122289385820298.36
24.648944932254206 1.2210900514626536e-08 3091991798.087543 166751789400481.56 84042901857839.98
24.60003829548386 1.446929107156559e-08 3671135757.5307508 197985148951230.47 99982500220369.08
24.551325348364088 1.1181273161465719e-08 2842531531.273867 153298343016428.7 77568961566312.55
24.50280494253728 1.3593474159496246e-08 3462610471.1467457 186739334954800.12 94676842822078.27
24.454475938705844 1.6895423241805942e-08 4312207893.068121 232558308492521.7 118139620714205.78
24.40633720654304 2.6511986552080856e-08 6779983520.855844 365645984218901.06 186113805967422.25
24.35838762460484 2.2434414636054137e-08 5748508526.463005 310018313685220.1 158109339979456.94
24.31062608024287 2.2972576581587404e-08 5897969729.809005 318078788851845.75 162538261103293.62
24.263051469518324 2.6985496660251134e-08 6941829951.461632 374374397382315.25 191679691459737.97
24.21566269711692 2.2478684174437447e-08 5793800030.566799 312460894341035.0 160292438796956.66
24.16845867626484 2.6409647146659853e-08 6820286509.530624 367819533153883.3 189059240041097.44
24.12143832864565 3.440339609654821e-08 8901989749.160288 480086241113371.1 247244414173376.97
24.07460058431818 4.526799757862704e-08 11736028844.89984 632926585236468.0 326590117982021.56
24.027944381635393 5.495202828467099e-08 14274341537.136097 769818340172606.4 397996081869229.1
23.981468667164144 7.009169697110281e-08 18242307538.24264 983811608645712.4 509614413278461.0
23.93517239560591 8.65868694992083e-08 22578986983.963512 1217689673289197.5 631980940437076.2
23.889054529718422 9.591382166607424e-08 25059431179.416313 1351460567621977.8 702759495163441.4
23.843114040238195 7.793129770417879e-08 20400363551.495754 1100196038274214.6 573202135940847.0
23.797349905803955 6.222902544531504e-08 16321248536.258486 880208479322116.6 459468826206153.5
23.75176111288096 6.71075066573771e-08 17634545110.630524 951034848889303.8 497391225969094.8
23.706346655686158 6.563420522406583e-08 17280431179.71312 931937407664317.8 488335201616111.25
23.66110553611424 4.7541970522182895e-08 12540969759.899721 676337223654368.1 355077042418538.1
23.616036763664496 2.927634454588748e-08 7737466972.625206 417283274784369.25 219491002536587.88
23.571139355368558 1.8647029295598148e-08 4937624422.553334 266287157798268.03 140333332159686.08
23.526412335718902 1.691352426012009e-08 4487116869.462696 241991187588139.6 127771347046538.47
23.481854736598223 1.3880584463707214e-08 3689472952.7135873 198974077871163.3 105257287193841.89
23.437465597209567 1.738610480019594e-08 4629996048.862154 249696692773395.4 132339247169894.83
23.393243964007283 2.0903750132486468e-08 5577283623.111693 300784117449183.6 159716366365505.38
23.349188890628735 1.8718379189155054e-08 5003632642.502697 269846995440303.44 143558601574249.88
23.305299437826804 2.2094638380783424e-08 5917267264.535912 319119509092022.3 170090698346049.0
23.261574673403114 2.211508988100209e-08 5933877453.708979 320015300202659.3 170888170308208.62
23.218013672142057 1.8875506546210696e-08 5074140956.748991 273649524145409.7 146402495417793.03
23.17461551574553 2.1257833166693636e-08 5725262868.752711 308764670314826.94 165497863288752.94
23.131379292768393 1.6945697485012873e-08 4572428194.360803 246592045873625.38 132419928634139.19
23.088304098554673 1.3611217364560666e-08 3679543236.1887307 198438566101764.84 106759948562747.9
23.04538903517446 1.3520901580844339e-08 3661934588.651698 197488927914645.88 106446532145994.95
23.00263321136152 1.2836158092146922e-08 3482943887.1617303 187835920497886.06 101431397068859.19
22.96003574245159 1.1880143630640046e-08 3229520951.203989 174168766506011.03 94225302679747.52
22.917595750321365 1.8033798164811022e-08 4911420572.73131 264873978484627.3 143561696338670.9
22.875312363328153 2.1775219726572724e-08 5941341117.653266 320417817220642.2 173986874750799.72
22.833184716250198 1.7839236169193297e-08 4876393456.87847 262984958517106.2 143063817433297.0
22.791211950227677 1.656315833805658e-08 4535912920.854893 244622769240574.6 133319409236112.84
22.749393212704323 2.553093517211899e-08 7004640975.997173 377761809581098.4 206257948031291.03
22.707727657369702 2.779882912013435e-08 7640852249.564819 412072821780348.9 225403833513838.25
22.666214444102113 2.1724255288399805e-08 5982116674.8834505 322616851880482.06 176794034830505.4
22.624852738912146 2.1517968674618968e-08 5936144779.923635 320137577597988.25 175755530101296.88
22.583641713886806 2.957307648647224e-08 8173188329.356865 440781822212583.5 242430002216928.1
22.542580547134285 4.0073914333973045e-08 11095505937.863415 598383045707551.6 329709058184868.25
22.501668422729324 5.3700163355898753e-08 14895320795.29185 803307886471565.6 443425953332284.56
22.46090453065916 6.359363794095708e-08 17671580886.989117 953032196354278.0 527026804583912.7
22.420288066770084 6.926108719872785e-08 19281334586.93499 1039846563108436.0 576074995962058.5
22.37981823271454 6.403197665575522e-08 17857856491.107895 963078080152441.5 534508334484616.94
22.33949423589884 5.133374405750585e-08 14342292629.886448 773482957366884.6 430056524295968.2
22.299315289431394 4.428097570870046e-08 12394089517.93431 668415940295706.9 372307678744703.9
22.259280612071553 4.5307158213053225e-08 12704122514.78663 685136087170059.8 382305936640874.94
22.21938942817895 4.74549860797307e-08 13330262587.729181 718903957331648.8 401867312148394.1
22.179640967663424 4.2106365078175503e-08 11849014058.369518 639019902344720.8 357851145313044.44
22.140034465935454 3.1908231991450206e-08 8995253836.71176 485115993616476.2 272150072418845.3
22.100569163857138 2.484061930635152e-08 7015327263.794953 378338123403609.3 212626025352830.4
22.06124430769369 1.8143245065181324e-08 5133031595.8124485 276825509103986.7 155852761625551.56
22.022059149065463 1.5328508837019588e-08 4344411540.204123 234295058178750.3 132142412812810.6
21.98301294490045 1.2451350007095533e-08 3535234285.8586574 190655953059605.78 107720613478675.25
21.944104957387353 1.1520166865556802e-08 3276648632.104132 176710372575359.12 100018070877655.14
21.905334453929072 1.2059052251022221e-08 3435992944.2325826 185303845945709.78 105067280651212.19
21.866700707096744 1.1777477388241361e-08 3361692561.8253593 181296810180864.66 102976588182729.75
21.82820299458425 1.5014225328882638e-08 4293128821.161847 231529369999722.5 131740211529834.64
21.789840599163185 1.564878734323571e-08 4482451615.848749 241739589447221.53 137791565984920.64
21.75161280863834 1.731802857283563e-08 4969308542.234947 267995889256015.03 153025652765192.47
21.713518915803597 1.9976974627116346e-08 5742334423.942549 309685342994979.3 177140016193116.53
21.675558218398344 1.4180726775293659e-08 4083355329.3621016 220216240014050.9 126183905528047.97
21.637730019064314 1.3257865888619364e-08 3824290712.1454186 206244828926236.12 118384531803658.88
21.600033625302878 1.6674897844789454e-08 4818343188.889087 259854294953123.1 149416219598052.88
21.562468349432788 1.2123928500478978e-08 3509408037.588151 189263137879671.7 109015567418686.62
21.525033508548354 7.889622492396899e-09 2287712061.7135887 123376808489517.56 71188418498455.45
21.48772842447808 1.0524866663127463e-08 3057138194.4252973 164872126983094.38 95296089396229.27
