string
20190117an 17 2019_15.36.   full spectra  index number  Nphoton via eV
eV x-axis E [J] Nphoton Nphoton/sr Nphoton/sr @ 0.1bw
43.81066890785845 3.300700927961708e-10 47023534.11951142 2535989410842.9067 720220992679.4009
43.65640598916881 3.2785166221314924e-10 46872528.86119522 2527845664456.2954 720436014370.007
43.50322561727698 3.319725090368136e-10 47628799.60630758 2568631510038.655 734628611871.0552
43.35111643679699 3.262108418495926e-10 46966379.10981251 2532907028753.0225 726944317252.1113
43.20006725060606 3.440025885515287e-10 49701129.95401053 2680392735900.2915 771953107939.2561
43.05006701709701 3.6516654897720097e-10 52942705.39778807 2855211603809.611 825156153500.9691
42.90110484748767 3.5461813813395095e-10 51591890.629191354 2782361869877.127 806884942264.3738
42.75317000318599 3.4786050833640503e-10 50783868.48553862 2738785060128.587 796986452497.3922
42.606251893209404 3.2994188132842104e-10 48334039.27369534 2606665238512.918 761146249645.7551
42.46034007165731 3.1609852227029454e-10 46465217.26911444 2505879261807.673 734222623709.6221
42.31542423523527 3.172483485894166e-10 46793943.42623763 2523607534876.489 741940615253.6875
42.17149422082971 3.1282542325341396e-10 46299044.30257981 2496917517621.684 736590667698.3966
42.02854000313198 3.098085084890984e-10 46008493.409255 2481248044823.021 734449421267.6261
41.88655169231059 3.046009129535731e-10 45388472.466420226 2447810180677.5146 726999623661.2025
41.745519531730416 3.146194146547393e-10 47039708.658433765 2536861707240.878 755984788757.7622
41.605433895717894 3.4075969730682874e-10 51119564.23940746 2756889205064.0283 824309872314.1228
41.46628528737101 3.6990764243956377e-10 55678451.404223084 3002750980272.518 900825294081.7687
41.32806433641311 3.546683689222427e-10 53563181.827458 2888674032459.091 869490883770.1667
41.19076179708947 3.4129672248470567e-10 51715564.37537919 2789031621876.934 842287549806.8092
41.05436854610573 3.138282705297441e-10 47711345.22046372 2573083212942.981 779644213521.7223
40.91887558060703 2.98055775850291e-10 45463495.72350574 2451856201230.803 745364285174.1659
40.78427401619714 2.8803776362458583e-10 44080414.4496694 2377266327660.9062 725066229936.5715
40.65055508499649 2.854511975057419e-10 43828273.57478486 2363668315501.235 723282504543.3854
40.51771013373833 2.812724699627686e-10 43328265.97253325 2336702796886.059 717367758643.9622
40.38573062190204 2.830712472803184e-10 43747857.540107 2359331461280.82 726674090074.4669
40.254608119882874 2.8790760533063616e-10 44640238.78507438 2407457775690.1206 743904452688.2716
40.124334307197174 3.075082597841294e-10 47834134.48677136 2579705264750.6978 799708632072.698
39.99490097072234 3.6363538366261983e-10 56747990.16983915 3060431438257.553 951794177298.0615
39.86630000297082 3.8276306558253655e-10 59925693.47181387 3231805667683.3394 1008323368317.1929
39.73852340039719 3.483809209065753e-10 54718176.01095506 2950963119695.4824 923651456464.7057
39.61156326173778 3.0954644430845257e-10 48774498.48129138 2630419299267.5376 825951659969.9966
39.485411786381924 2.619198732281586e-10 41401946.055362314 2232815945263.5156 703337022757.9912
39.36006127277436 2.436537643157429e-10 38637261.24401726 2083715892764.907 658454222113.7004
39.235504116847856 2.3806641807763366e-10 37871096.137987524 2042396442148.7412 647439672161.165
39.11173281048556 2.1992885810580491e-10 35096526.52104881 1892763299937.01 601898729379.9648
38.98873994001234 2.2568963661843245e-10 36129453.50686551 1948469276683.6223 621561699262.0435
38.86651818471449 2.362235630315602e-10 37934691.285038605 2045826142245.1365 654664365518.4197
38.74506031538725 2.1368880450938557e-10 34423450.692517 1856464174279.7842 595924999943.821
38.62435919290941 2.402378063192233e-10 38821207.638745695 2093636161794.6328 674150844097.8688
38.50440776684447 3.059715284055748e-10 49597472.21947471 2674802451757.3193 863961191917.6028
38.38519907406786 3.565057080648247e-10 57968446.968140095 3126250938531.9526 1012905304084.3468
38.266726237419505 3.7734736234717593e-10 61547296.925202586 3319259094215.007 1078759205619.8774
38.14898246438129 2.691117842393444e-10 44028990.88850205 2374493043835.4756 774084732290.3535
38.03196104577889 2.269041605059795e-10 37237688.48241538 2008236629677.0688 656693377904.3779
37.91565535450739 1.7076472401177673e-10 28110499.870149266 1516005364952.3552 497249759704.3731
37.80005884428024 1.59397307079328e-10 26319490.565718178 1419415844070.858 466987812699.3229
37.68516504840097 1.5551777261484542e-10 25757195.87611954 1389091169303.2998 458400085870.0635
37.57096757855732 1.4591329743994599e-10 24239935.904424034 1307265009407.7793 432704718113.9827
37.45746012363721 1.417126841667137e-10 23613446.16818767 1273478281828.7913 422794789567.12714
37.34463644856601 1.370248686497809e-10 22901299.86552454 1235072077013.6736 411279001645.5573
37.23249039316491 1.3709661404023794e-10 22982306.783572856 1239440797702.6255 413973226432.67377
37.121015871029684 1.4771404346959058e-10 24836529.40745546 1339439426635.1226 448712207922.75116
37.01020686842959 2.274847243953134e-10 38363630.66980055 2068958936451.653 695170202647.7599
36.90005744322593 3.266113598448224e-10 55245030.59671232 2979376501963.5767 1004049881161.708
36.79056172380983 3.869179999526547e-10 65640441.01402254 3540003244153.21 1196521096523.8257
36.68171390805892 3.1276645758137274e-10 53218119.7936135 2870064762009.755 972951954321.2998
36.57350826231243 1.8204763177666747e-10 31067577.26342954 1675481191191.6707 569663605005.1357
36.465939120364446 9.777615063460937e-11 16735338.75465471 902540454760.5752 307766295073.36334
36.35900088247482 6.044171508640287e-11 10375614.16858454 559559126195.1583 191369221158.74747
36.25268801439741 6.088475787201582e-11 10482318.33477475 565313705059.0833 193902600835.2523
36.146995046425396 1.123304360350413e-10 19396091.310280126 1046035418129.1295 359836183836.4076
36.041916572453225 1.0989626138085623e-10 19031105.463821527 1026351652137.1029 354091319987.2872
35.937447249054806 1.0033629862314114e-10 17426084.92796623 939792545950.6211 325168220898.91156
35.83358179457777 1.0917275332696956e-10 19015730.657251466 1025522485478.6307 355856302461.0997
35.73031498825334 1.3086052364276106e-10 22859187.17998462 1232800930733.601 429014723895.2872
35.62764166932158 1.4844338255404323e-10 26005352.271432098 1402474297614.034 489463529867.30133
35.52555673617166 2.3045510572475263e-10 40488754.42158794 2183567322064.8345 764248562722.6696
35.42405514549688 4.47216653640895e-10 78796815.673275 4249529387725.2715 1491584815091.5544
35.323131911464124 5.17599243045125e-10 91458358.88967867 4932369164083.263 1736193945757.2656
35.22278210489746 6.273565473805001e-10 111167990.04729812 5995313854295.366 2116345790566.2559
35.123000852475656 3.7406529055749744e-10 66472922.4254213 3584899147525.0244 1269054298223.9146
35.02378333594324 1.9702222544320737e-10 35110833.353111275 1893534870498.2722 672204879026.8837
34.92512479133495 6.082552825221445e-11 10870184.053870214 586231387553.027 208698373968.87625
34.827020508213224 2.8034357921284318e-11 5024157.749137097 270953918900.1389 96730549047.34041
34.7294658289185 1.770652728344261e-11 3182176.5006124363 171615470000.11243 61438338260.04163
34.63245614783214 1.9542614002572517e-11 3521991.7633445575 189941780943.50635 68189099358.71771
34.535986910651545 1.3027260782690992e-11 2354345.581191091 126970368670.95073 45709332721.542465
34.44005361367751 6.669314736208837e-11 12086661.76684345 651836294891.2543 235312902455.73956
34.34465180311331 6.273185442651592e-11 11400344.707166499 614823066761.7377 222565950167.74207
34.24977707437542 5.2443115348179336e-11 9556958.684281608 515408858075.2793 187093415481.33102
34.15542507141571 1.272727763567522e-10 23257594.71503315 1254287135652.084 456560517377.3566
34.06159148605468 2.4668223303713747e-10 45202443.28958194 2437777586756.124 889788819165.9722
33.96827205732576 3.8471605901250705e-10 70689650.57375379 3812308212641.1523 1395304805826.654
33.87546257083034 7.732826226811191e-10 142476091.04591784 7683766542779.189 2819942321199.938
33.78315885810328 9.248690237782428e-10 170871233.09451228 9215122722253.092 3391165161789.145
33.69135679598887 1.099306322822516e-09 203652243.96999082 10983009760382.914 4052730601580.7534
33.600052306026825 5.622144006038933e-10 104436182.10498384 5632265989493.269 2083938416112.506
33.509241353848374 2.524255581304615e-10 47017302.01630886 2535653312163.2793 940727378812.5864
33.41891994858194 -1.1788362103377031e-11 -2201658.886087066 -118735942033.08258 -44169770436.30865
33.32908414226855 2.518222777529354e-11 4715847.395883364 254326674569.29898 94863849614.34326
33.23973002928659 1.4708301825681424e-10 27618114.15559229 1489450896396.3926 557054635252.2474
33.150853745785824 1.5836700441112435e-10 29816657.682841282 1608018826450.5317 603007059918.9447
33.062451469130394 9.396144151097302e-11 17737956.840202905 956611865931.1533 359686061590.1093
32.97451941735079 2.3204521955714166e-10 43922102.989128515 2368728556201.0586 893010665687.794
32.8870538486045 2.328727024250947e-10 44195961.695970036 2383497815756.33 900962174355.8927
32.80005106064523 2.353561160583117e-10 44785759.49963949 2415305739440.7285 915400875248.0377
32.71350739030052 2.1494519325514412e-10 41009984.2763958 2211677361370.8647 840437397320.9463
32.627419212957626 6.285027097881696e-10 120230154.81362264 6484038368882.137 2470418618544.043
32.54178294205747 7.470652728199992e-10 143286798.65539098 7727488180282.836 2951900484867.741
32.45659502859658 6.750295136267691e-10 129810188.20949493 7000691651166.441 2681264902396.8857
32.3718519606368 1.5393258152415917e-09 296791857.5530702 16006049355330.814 6146322952446.769
32.28755026282264 1.4838649991029045e-09 286845651.5440548 15469648304469.367 5955814597220.679
32.20368649590622 2.43213661781062e-09 471380216.11267126 25421637461454.92 9812752060122.074
32.12025725627952 1.5349949044001312e-09 298275029.9716356 16086037166080.57 6225296383272.867
32.03725917551394 9.426036042210391e-10 183638068.52248424 9903640930455.502 3842612681016.6914
31.954688919906943 3.3805013847379763e-10 66029118.436192006 3560964701970.276 1385215269066.4492
31.872543190035717 3.0602594439428284e-10 59928099.25924132 3231935412321.9546 1260454810805.568
31.790818720317677 2.0500861622377425e-10 40249396.82798772 2170658715041.9712 848727557581.4011
31.709512278577733 2.3154567270753755e-10 45575986.899692446 2457922874801.0566 963505766921.9874
31.628620665622176 4.400297782953912e-10 86834196.47875619 4682987080671.302 1840413922703.8289
31.548140714819066 6.399681635944524e-10 126611622.8269043 6828192325200.79 2690307776128.898
31.468069291685 9.547681017709778e-10 189372441.37752643 10212896904310.049 4034094277202.556
31.388403293478206 8.445363311776809e-10 167933789.4878114 9056705750389.406 3586455477154.1396
31.309139648797704 8.49674131384354e-10 169383162.56924337 9134870755544.71 3626543689951.2896
31.230275317188642 7.598233207272783e-10 151853840.80521205 8189510624597.084 3259425228589.52
31.151807288753492 1.8541906292511318e-09 371501104.4206424 20035135269347.613 7994018972469.965
31.07373258376915 2.295766023121998e-09 461129785.2514982 24868829498224.312 9947531799289.695
30.996048252309727 1.7640215477208597e-09 355211103.056639 19156611956813.605 7681801394681.938
30.918751373875036 2.5005616504130394e-09 504782853.367113 27223048945249.438 10943665675990.225
30.8418390570246 2.1607058042133594e-09 437264627.8343792 23581776374056.84 9503455878745.19
30.765308439017097 3.3423749995347227e-09 678083029.817414 36569165110363.766 14773942704586.984
30.689156685455174 4.597232898350608e-09 934976136.0061871 50423466136686.53 20421503785357.19
30.61338098993553 3.774359235665216e-09 769521771.4485466 41500476311431.82 16849193382440.191
30.537978573704155 2.878860129561717e-09 588395379.7168425 31732290655960.33 12915042296976.055
30.462946685316677 1.3269973417388464e-09 271886170.23891526 14662880227762.96 5982455132927.105
30.388282600303643 1.751941073671768e-09 359834096.42284554 19405930993390.062 7937025776296.472
30.313983620840798 1.1350782961737922e-09 233707033.49915656 12603871089039.438 5167587146506.352
30.240047075424116 9.149344946630804e-10 188841096.51669666 10184241360531.791 4185723199178.4946
30.166470318549603 1.24471012272537e-09 257532888.30126286 13888804614640.852 5722187501232.086
30.093250730397784 1.4600308034881433e-09 302818141.569739 16331048161549.057 6744722890719.688
30.02038571652273 2.0620639679179698e-09 428721082.31029046 23121021107872.938 9572102738659.432
29.94787270754562 2.040667042045766e-09 425299768.94550836 22936508934836.105 9518651207956.97
29.87570915885274 2.635763277844432e-09 550651916.2840104 29696777473328.59 12353859428904.375
29.803892550297803 1.6771253353998841e-09 351221833.29686517 18941469772007.367 7898592894927.147
29.7324203859086 1.892770578164611e-09 397334875.87890506 21428356176431.797 8957052881748.494
29.661290193597814 4.639589846611587e-09 976289292.8331419 52651493659572.734 22060975843359.375
29.590499524878005 4.659463595591832e-09 982816866.8607942 53003527144987.664 22261481400893.84
29.520045954580674 4.2992964024595086e-09 909011406.595969 49023182638803.01 20638759890936.75
29.449927080579297 4.508644119971934e-09 955544039.1348937 51532697620757.4 21746798395958.867
29.38014052351631 3.6052622925648977e-09 765899828.8668045 41305144161138.0 17472075980161.895
29.310683926534004 3.931669758771451e-09 837220887.1304157 45151504327665.336 19144237834929.28
29.241554955009157 6.126329255083746e-09 1307641953.5293906 70521414636687.08 29971601220593.082
29.17275129629149 7.1675457414425395e-09 1533493920.0918148 82701660259329.47 35230907270473.79
29.104270659445735 6.875372559994673e-09 1474444707.2848923 79517123384317.56 33953811685102.73
29.036110774997383 6.3605102430719844e-09 1367232856.6923015 73735164990278.69 31558650615839.336
28.96826939468197 3.3493455303225404e-09 721649603.6641351 38918719902676.73 16696130838248.05
28.90074429119786 4.543504963357676e-09 981230308.225448 52917963693106.45 22754724388036.426
28.833533257962518 2.9853491605547162e-09 646228702.4937068 34851254317501.29 15020890610841.555
28.76663410887211 2.857944456696796e-09 620088546.2985591 33441510014995.363 14446732326477.861
28.700044678064536 2.7628875703244764e-09 600854910.2838243 32404235846248.113 14031034121425.75
28.633762819685636 2.762721908903416e-09 602209667.7620654 32477298211368.266 14095147423733.432
28.56778640765871 3.030259164894599e-09 662052085.7933598 35704612816452.945 15531506575157.42
28.502113335457196 3.6329433734586882e-09 795555606.6516033 42904486699736.234 18706356201085.164
28.43674151588046 4.758002628853028e-09 1044320545.3550956 56320433887748.14 24612029608944.97
28.371668880832676 4.660552947778684e-09 1025277763.7346702 55293452537948.766 24218532211621.26
28.306893381104747 2.9032209686169542e-09 640142788.9546642 34523039678187.023 15155614418724.027
28.242412986159177 3.4724495550732887e-09 767402343.0154998 41386175075595.62 18209917033262.63
28.17822568391791 7.603242695053084e-09 1684124465.9438608 90825198321343.69 40053912459711.805
28.114329480553014 8.521946009865513e-09 1891908041.319908 102031011681979.48 45097707163433.8
28.050722400280268 6.5971644768335205e-09 1467919488.6526346 79165216925887.97 35070191098170.14
27.987402485155485 7.983372568108022e-09 1780380294.6799047 96016296076483.08 42631235457953.85
27.924367794873596 7.267313106872156e-09 1624349567.723056 87601525074307.27 38982678658066.01
27.86161640657051 4.843955612098247e-09 1085132625.1760948 58521438218845.08 26100561445605.0
27.799146414627526 7.845449088908186e-09 1761470289.701215 94996475399817.98 42463424503720.19
27.736955930478473 9.805248461522237e-09 2206423027.3136296 118992873204432.22 53308807195584.44
27.675043082419368 1.0281491582878396e-08 2318765305.0231695 125051516647464.14 56148130974711.88
27.61340601542066 1.2188087954421729e-08 2754891987.0674763 148571923357845.72 66857365511029.445
27.552042890941948 9.080913533517568e-09 2057144076.168799 110942226938609.61 50034944349313.51
27.490951886749173 6.725175096723415e-09 1526872570.259436 82344569424393.02 37219745379825.55
27.43013119673424 8.857339868918328e-09 2015414596.2829227 108691747022710.34 49237361401285.72
27.369579030737032 7.722297610409704e-09 1761032585.895576 94972869938489.52 43117682952075.06
27.30929361436977 6.022680498891559e-09 1376475014.8664422 74233596588452.23 33776286447746.004
27.249273188843684 6.629691182683791e-09 1518543897.6648462 81895402301977.75 37344303449698.97
27.18951601079797 4.57495998118955e-09 1050206730.8316364 56637877149261.125 25883509857212.35
27.130020352131016 4.4073482148227345e-09 1013949253.4754164 54682503518568.87 25044586611503.75
27.070784499833785 5.135785780456077e-09 1184118138.464492 63859748454911.91 29311624540804.645
27.011806755825432 5.701096172546515e-09 1317327348.09659 71043750069830.58 32680125032123.29
26.95308543679103 7.895346626334832e-09 1828317803.682808 98601576351346.69 45455326697969.68
26.89461887402142 8.58535474635906e-09 1992424280.12841 107451874277892.92 49642765916387.7
26.83640541325514 5.69486349231448e-09 1324487759.814679 71429912629373.6 33072049547399.867
26.778443414522407 4.6971328163493075e-09 1094804280.4215052 59043032687379.66 27395967166943.793
26.720731251991108 7.801079464066166e-09 1822197043.029681 98271482399599.38 45696239315812.7
26.66326731381478 1.223621285327842e-08 2864327226.8499217 154473789613920.72 71984785960085.38
26.60605000198256 9.200361233136136e-09 2158308152.9328938 116398027576209.78 54357878878091.46
26.549077732171035 9.048200620536241e-09 2127167833.9561965 114718623408618.58 53688315755233.164
26.49234893359802 1.2949338856405844e-08 3050816621.615446 164531203188108.84 77165134295214.84
26.43586204887819 1.1879819621467044e-08 2804822253.584616 151264673478375.1 71094396534839.56
26.37961553388058 8.096429007196206e-09 1915640566.615238 103310911927004.8 48659439517619.18
26.323607857587838 1.0524917400112093e-08 2495526916.6822805 134584308765380.12 63523793737255.86
26.267837501957352 1.2803237102095098e-08 3042176744.346463 164065252729994.9 77602864541290.3
26.212302961784083 1.363290314383708e-08 3246176617.76284 175067010221943.28 82981762845202.34
26.15700274456513 1.6457681298665103e-08 3927079062.8701296 211788227011402.9 100599407830411.73
26.101935370366043 1.6272318082921618e-08 3891039950.6184583 209844629858238.38 99886043812525.2
26.047099371688805 1.4847198473692112e-08 3557739307.2133465 191869653750439.3 91521824838955.28
25.992493293341447 9.39310696394491e-09 2255538799.3686924 121641697461674.31 58144731386681.484
25.938115692309353 9.978251829787819e-09 2401071054.443884 129490283594498.33 62025845841766.44
25.883965137628124 1.2002164497194543e-08 2894128056.1508374 156080954812295.3 74918858309897.1
25.830040210258062 1.1628011220699884e-08 2809760706.6509957 151531005325114.9 72886413561378.0
25.776339502960226 1.392221979703504e-08 3371135566.1347833 181806073454747.5 87630527405186.81
25.722861620174 1.1471178542818471e-08 2783413522.656006 150110095968387.1 72503176352731.78
25.66960517789621 9.325699990509483e-09 2267520520.373478 122287874278469.6 59187331150779.2
25.616568803561712 1.008729659531814e-08 2457778876.729356 132548548770025.56 64286046153459.375
25.5637511359255 8.259103665689481e-09 2016495750.381378 108750053898118.81 52852526194487.34
25.51115082494623 1.0339587346768523e-08 2529659867.862576 136425106237855.31 66439026737835.86
25.458766531671188 1.3389697890535336e-08 3282633480.2910185 177033136738275.3 86392170728278.55
25.40659692812268 1.4195107214787404e-08 3487234513.6087546 188067314914304.9 91964916993095.5
25.354640697185825 1.051168936655753e-08 2587641054.1542754 139552044210874.4 68380501663328.28
25.30289653249769 9.076566051477873e-09 2238928928.059249 120745923493491.55 59286248435301.64
25.251363138337815 1.0272473594583729e-08 2539096348.555177 136934017691665.64 67371536704298.414
25.200039229520055 1.6058241122374534e-08 3977276029.3123374 214495360316831.25 105746212636200.1
25.148923531285735 1.5019636047361346e-08 3727597257.711059 201030129922113.2 99308884181518.56
25.09801477919811 1.112380062625768e-08 2766322445.005971 149188370437715.03 73848243366668.5
25.047311719038113 1.3374042957406455e-08 3332656616.2070355 179730895325661.84 89146524081527.6
24.996813106701342 1.599666856434288e-08 3994237442.1153445 215410092994133.66 107058816218082.86
24.94651770809631 1.7074306776946896e-08 4271910292.0616193 230385050115660.2 114731754957601.05
24.896424299043908 1.3940387689610339e-08 3494836395.7648454 188477286070478.03 94050165749167.31
24.846531665178087 1.3467563078381605e-08 3383079621.9950523 182450218982116.3 91225109491059.19
24.796838601847732 1.789788699170114e-08 4504996118.754374 242955419386674.3 121720665112720.12
24.74734391401969 1.7590883016156962e-08 4436576980.8187065 239265560413869.94 120111311327768.48
24.698046416183 1.7867714601415842e-08 4515391169.224802 243516026716850.4 122488561438573.33
24.648944932254206 2.051608000407306e-08 5194993688.263776 280167138211039.16 141204237658359.16
24.60003829548386 2.2131548986970282e-08 5615197071.767732 302828797971831.8 152928542975771.53
24.551325348364088 1.9130853996476658e-08 4863494069.04688 262289291728979.84 132718381614863.19
24.50280494253728 1.4056939040902554e-08 3580666998.310934 193106149112331.6 97904817599946.53
24.454475938705844 1.265135344125404e-08 3228996716.2455544 174140494400813.56 88463371155616.86
24.40633720654304 1.1766854757299792e-08 3009170255.5022283 162285205616025.38 82603169658557.62
24.35838762460484 1.21509603839416e-08 3113515574.3955703 167912571332774.9 85635411379712.31
24.31062608024287 1.2408707447026219e-08 3185806374.339184 171811229878779.4 87795538468056.52
24.263051469518324 1.4081229179890822e-08 3622297551.3489003 195351293881831.4 100019862467493.8
24.21566269711692 1.3972810194693383e-08 3601441592.616914 194226527496496.1 99638208605706.03
24.16845867626484 1.5269490538946104e-08 3943343118.211671 212665351049308.8 109309990439345.55
24.12143832864565 1.484250846020377e-08 3840546956.287713 207121531704469.7 106667588827797.94
24.07460058431818 1.3698093600001391e-08 3551321688.805083 191523550195465.7 98826151900861.53
24.027944381635393 1.332521360542597e-08 3461358133.566876 186671796117049.7 96509318592512.66
23.981468667164144 1.3168446765524786e-08 3427265511.872513 184833173622512.34 95743583936458.0
23.93517239560591 1.5698950670845083e-08 4093766236.255226 220777702484547.8 114583627589477.19
23.889054529718422 1.4673610224628116e-08 3833778272.9359403 206756495140824.38 107513377473230.66
23.843114040238195 1.4218966574347265e-08 3722151381.9048886 200736432656779.75 104583681414178.81
23.797349905803955 9.890966585052103e-09 2594174064.967891 139904370903337.48 73030081611543.55
23.75176111288096 1.2328723758960065e-08 3239748369.6406064 174720333404185.97 91378734370387.23
23.706346655686158 1.7933696861245346e-08 4721654103.232088 254639831558112.34 133431271736453.25
23.66110553611424 1.5185145992608526e-08 4005649210.6087413 216025532148168.6 113413404377786.88
23.616036763664496 1.221162077095159e-08 3227418376.9549437 174055374219979.56 91553126839713.27
23.571139355368558 1.201885174258384e-08 3182521727.964392 171634088186203.4 90451164474128.44
23.526412335718902 1.4153762986200271e-08 3754958912.4664783 202505749907342.9 106923035951077.69
23.481854736598223 1.676066797906149e-08 4455001973.428749 240259224268125.8 127097129637834.33
23.437465597209567 1.4986792652679944e-08 3991048688.8496437 215238122837763.53 114076205104010.6
23.393243964007283 1.3867476313111275e-08 3699950872.2029023 199539154345531.1 105955290957469.62
23.349188890628735 1.7851076484357652e-08 4771792904.627878 257343828009951.12 136906916501302.05
23.305299437826804 1.9134761926259822e-08 5124569065.562171 276369123009119.84 147304742563861.84
23.261574673403114 1.8186871656133133e-08 4879865659.806091 263172215175322.56 140533962903612.83
23.218013672142057 1.890593890421e-08 5082321827.220291 274090720267206.22 146638535342954.16
23.17461551574553 2.1981479547926837e-08 5920158826.590643 319275451661820.56 171131642090741.7
23.131379292768393 2.3536303829341937e-08 6350760086.181455 342497871138897.1 183921356801591.03
23.088304098554673 2.3378160989456545e-08 6319857499.833749 340831287943634.44 183367232913672.62
23.04538903517446 2.2245451766770497e-08 6024848918.383512 324921411055942.9 175132640559154.56
23.00263321136152 1.8431846987088197e-08 5001269720.42005 269719562539045.72 145648563771085.72
22.96003574245159 1.5294614181220864e-08 4157717151.7894597 224226589252529.62 121306584785612.8
22.917595750321365 1.3228632852823884e-08 3602756277.335177 194297428728964.9 105309206371101.11
22.875312363328153 1.2418545126948303e-08 3388384306.135471 182736301750242.1 99225811850376.33
22.833184716250198 1.1635236471433824e-08 3180516837.1790986 171525963990593.66 93310124410877.23
22.791211950227677 1.1109033426683671e-08 3042270515.6736293 164070309838040.62 89418318861731.94
22.749393212704323 1.211536091743156e-08 3323957894.574544 179261771378240.03 97876927172524.42
22.707727657369702 1.3431190509992632e-08 3691728949.4139266 199095744263323.8 108905372112032.05
22.666214444102113 1.2847889269835977e-08 3537869152.144512 190798051970821.88 104557332480011.12
22.624852738912146 1.2104402284906008e-08 3339231761.33227 180085494330704.12 98866936387557.31
22.583641713886806 1.3329244400416737e-08 3683838062.044897 198670186993231.03 109268602846280.3
22.542580547134285 2.1778948892969922e-08 6030068706.253429 325202915349757.0 179186806357720.06
22.501668422729324 1.5983205895639027e-08 4433412568.503698 239094902970258.7 131980386439576.95
22.46090453065916 1.772253914251609e-08 4924789556.316588 265594970673768.88 146874018782593.34
22.420288066770084 1.416533443529122e-08 3943434384.7218513 212670273072030.3 117819331281901.73
22.37981823271454 1.6135541829812773e-08 4500035848.5289135 242687910935805.5 134691790569375.06
22.33949423589884 1.3238450476758498e-08 3698731393.7442684 199473387607327.5 110907203509669.02
22.299315289431394 9.717424522900092e-09 2719872981.4106083 146683340774955.25 81702620811649.0
22.259280612071553 1.031089777246528e-08 2891174677.583294 155921678464531.56 87004296583204.42
22.21938942817895 1.3560129571153787e-08 3809085258.2573824 205424795494697.0 114832460681536.33
22.179640967663424 1.3504309958362545e-08 3800203561.816235 204945803676093.47 114769650058612.61
22.140034465935454 1.2361636935282158e-08 3484870678.511099 187939832773949.44 105434246186186.48
22.100569163857138 9.09743613890624e-09 2569239155.7880306 138559625834203.72 77870509718823.22
22.06124430769369 9.16030449222525e-09 2591605427.6360507 139765843733999.52 78688170022245.3
22.022059149065463 1.2874193388305124e-08 3648808564.5940323 196781038585611.0 110984505762280.77
21.98301294490045 1.3092736667597493e-08 3717339207.124768 200476911025451.6 113269454729378.03
21.944104957387353 9.090355073760911e-09 2585544104.1252584 139438955240250.92 78922448665983.5
21.905334453929072 1.01038529510783e-08 2878896842.5379972 155259532153201.28 88032154730860.72
21.866700707096744 1.284099315586008e-08 3665256128.7533107 197668059293924.4 112275457678947.56
21.82820299458425 1.226681987570399e-08 3507542800.165567 189162545220252.28 107633488230317.45
21.789840599163185 1.315964466069933e-08 3769459522.935161 203287770980150.34 115874029458689.38
21.75161280863834 1.197535028999237e-08 3436257784.3103123 185318128828637.78 105816651561157.62
21.713518915803597 1.273559410248455e-08 3660816604.5717835 197428634790336.06 112929179100064.81
21.675558218398344 1.3091666325936902e-08 3769759216.811212 203303933535993.72 116493153916121.45
21.637730019064314 1.5483252408964945e-08 4466213407.109221 240863859322177.34 138255855250929.03
21.600033625302878 1.7333115646719307e-08 5008540411.819918 270111672505785.16 155314211690833.84
21.562468349432788 1.7272216895050193e-08 4999638260.49125 269631577550653.84 155307788669170.53
21.525033508548354 1.7244375830243215e-08 5000260357.398237 269665127371997.1 155596778493650.7
21.48772842447808 1.4414871340169426e-08 4187060525.5405345 225809083773719.94 130517650421211.11
