string
integrated and resized binned spectra ROIsize spatial in px50:1600
converted file:an 17 2019_14.47.39_09 binning:0.1
nm muJ
28.1 2.6779419892301856e-05
28.200000000000003 0.0005075431679937839
28.300000000000004 0.000559227682050111
28.400000000000006 0.0005645875540888122
28.500000000000007 0.0005528275001452853
28.60000000000001 0.0005509579917788108
28.70000000000001 0.0005495706017273798
28.80000000000001 0.0005526659145598997
28.900000000000013 0.0005557370285902726
29.000000000000014 0.0005687471087098679
29.100000000000016 0.0005524293022817038
29.200000000000017 0.0005442788309076615
29.30000000000002 0.000573643322994236
29.40000000000002 0.0005821898362505388
29.50000000000002 0.0005637021510191396
29.600000000000023 0.0005611545088524956
29.700000000000024 0.0005597194365146025
29.800000000000026 0.0005670057820734346
29.900000000000027 0.000570995168039722
30.00000000000003 0.0005710590127262876
30.10000000000003 0.0005773536188108427
30.20000000000003 0.000583007765554159
30.300000000000033 0.0005704841902933621
30.400000000000034 0.0005819725951458963
30.500000000000036 0.000604308039877497
30.600000000000037 0.0005762402210511652
30.70000000000004 0.0005978841509790305
30.80000000000004 0.000581143549975645
30.90000000000004 0.0005966761979576717
31.000000000000043 0.000583518225871116
31.100000000000044 0.0005565867696154275
31.200000000000045 0.000569595585651563
31.300000000000047 0.0005898157540122885
31.40000000000005 0.0005427898104288391
31.50000000000005 0.0005392358298781573
31.60000000000005 0.0005635505045014458
31.700000000000053 0.0005609043331982444
31.800000000000054 0.0005482607850034478
31.900000000000055 0.0005881309278604218
32.00000000000006 0.0004870934018654422
32.10000000000006 0.0005131675745309058
32.20000000000006 0.0005364578188812578
32.30000000000006 0.0005206494792198441
32.40000000000006 0.000550654121292072
32.500000000000064 0.0005015980976866531
32.600000000000065 0.000480302911327271
32.70000000000007 0.00045461284114066186
32.80000000000007 0.000482836004128049
32.90000000000007 0.0005023124334013235
33.00000000000007 0.0004466190043937755
33.10000000000007 0.0005763844330113206
33.200000000000074 0.0005051467302824155
33.300000000000075 0.0004142697621806034
33.40000000000008 0.0004420652080812835
33.50000000000008 0.00046953518906999977
33.60000000000008 0.0004924799279306691
33.70000000000008 0.0005201994755053725
33.80000000000008 0.0004333968637763578
33.900000000000084 0.0003995939738547806
34.000000000000085 0.00038510591283628275
34.10000000000009 0.0004175386644996045
34.20000000000009 0.0004358400906555013
34.30000000000009 0.0005518071222436249
34.40000000000009 0.0005505879860478455
34.50000000000009 0.0008406686335500365
34.600000000000094 0.0006308402506236207
34.700000000000095 0.0005511478208512342
34.8000000000001 0.0005162419669745578
34.9000000000001 0.0005094021252900165
35.0000000000001 0.0006740401445555076
35.1000000000001 0.0007667190729983353
35.2000000000001 0.0006327615603854414
35.300000000000104 0.0005705903021271287
35.400000000000105 0.0004968578160159063
35.50000000000011 0.00047993805211241287
35.60000000000011 0.0005383488330568405
35.70000000000011 0.000522690649025259
35.80000000000011 0.0004953684918970298
35.90000000000011 0.0007566582483673818
36.000000000000114 0.0017533547890018254
36.100000000000115 0.0013543060360970373
36.20000000000012 0.0009425570700980599
36.30000000000012 0.0009880634972374675
36.40000000000012 0.0012402216688920974
36.50000000000012 0.0010314005605861507
36.60000000000012 0.0015834082374090103
36.700000000000124 0.0016242434649437682
36.800000000000125 0.001280218347488152
36.90000000000013 0.000775201746628135
37.00000000000013 0.000642801561780815
37.10000000000013 0.0006520976468399975
37.20000000000013 0.0009554140996904679
37.30000000000013 0.0010699113034120988
37.400000000000134 0.0010229808947459537
37.500000000000135 0.001837884216109905
37.600000000000136 0.006482452200617039
37.70000000000014 0.009063085193768443
37.80000000000014 0.004237611406538376
37.90000000000014 0.004222156050527758
38.00000000000014 0.005701217203927861
38.10000000000014 0.0065060310452235695
38.200000000000145 0.003925979481026675
38.300000000000146 0.00893249150708985
38.40000000000015 0.007880811243068655
38.50000000000015 0.003118957086203179
38.60000000000015 0.002181802299057473
38.70000000000015 0.0020953198608900624
38.80000000000015 0.0014829620052393166
38.900000000000155 0.0018928591745945662
39.000000000000156 0.0017265417314268564
39.10000000000016 0.002172502196487575
39.20000000000016 0.0031107308197498166
39.30000000000016 0.006876180836325351
39.40000000000016 0.024319671242298422
39.50000000000016 0.030239211420032223
39.600000000000165 0.010755132512169243
39.700000000000166 0.011886393023817462
39.80000000000017 0.015744504549853027
39.90000000000017 0.01619099687772782
40.00000000000017 0.014215014467546897
40.10000000000017 0.02297794293743363
40.20000000000017 0.022505866865517286
40.300000000000175 0.012299070064841475
40.400000000000176 0.0046997456368521396
40.50000000000018 0.0039033639364616287
40.60000000000018 0.005063755174255024
40.70000000000018 0.00509408745103768
40.80000000000018 0.004669524292444242
40.90000000000018 0.004247570806972941
41.000000000000185 0.004570833062979607
41.100000000000186 0.006585776774326326
41.20000000000019 0.008558466645257277
41.30000000000019 0.025308608689267362
41.40000000000019 0.06546795342599121
41.50000000000019 0.043341859877347746
41.60000000000019 0.020955336847098195
41.700000000000195 0.024832129010461806
41.800000000000196 0.027180558583580424
41.9000000000002 0.021770410841332334
42.0000000000002 0.02795205742413702
42.1000000000002 0.04617085197726621
42.2000000000002 0.04266128107601151
42.3000000000002 0.019482208730025367
42.400000000000205 0.013612388961199408
42.500000000000206 0.007933317541013389
42.60000000000021 0.0071689395387369015
42.70000000000021 0.007241534387695441
42.80000000000021 0.007565571678019412
42.90000000000021 0.01160875137087868
43.00000000000021 0.010654347527140296
43.100000000000215 0.006402543677700964
43.200000000000216 0.009955077889669744
43.30000000000022 0.011562818562227318
43.40000000000022 0.01733530575116514
43.50000000000022 0.05701772663709999
43.60000000000022 0.1015499385305903
43.70000000000022 0.04856858903085794
43.800000000000225 0.038063494779579585
43.900000000000226 0.043200993555719394
44.00000000000023 0.0404550722670488
44.10000000000023 0.030621287652065628
44.20000000000023 0.04398330335640522
44.30000000000023 0.07785713344553331
44.40000000000023 0.07380627279374181
44.500000000000234 0.046329312522979206
44.600000000000236 0.019487684378666263
44.70000000000024 0.01802099299842069
44.80000000000024 0.017263166784387215
44.90000000000024 0.012146273929616046
45.00000000000024 0.010412737241230973
45.10000000000024 0.008972475984886097
45.200000000000244 0.010270929525241983
45.300000000000246 0.013108089516203597
45.40000000000025 0.01734173451154771
45.50000000000025 0.02002209904414869
45.60000000000025 0.017722987961260362
45.70000000000025 0.013988983141081426
45.80000000000025 0.021219568308893252
45.900000000000254 0.07708440225923957
46.000000000000256 0.12541191657274303
46.10000000000026 0.07883177681585053
46.20000000000026 0.0509319666724386
46.30000000000026 0.06016335280046545
46.40000000000026 0.059184325890199264
46.50000000000026 0.04240457144849405
46.600000000000264 0.04865388921214654
46.700000000000266 0.08495116437556778
46.80000000000027 0.10366484518094934
46.90000000000027 0.0856868220317186
47.00000000000027 0.053314121397045736
47.10000000000027 0.02896073239377723
47.20000000000027 0.023863145212136776
47.300000000000274 0.01994476778280201
47.400000000000276 0.027300015080433226
47.50000000000028 0.017766269779256074
47.60000000000028 0.01620192052580595
47.70000000000028 0.011517831462830213
47.80000000000028 0.013854902383341921
47.90000000000028 0.0135604941984985
48.000000000000284 0.012290076374724793
48.100000000000286 0.015636129378594925
48.20000000000029 0.028016244807879665
48.30000000000029 0.031411395778390305
48.40000000000029 0.02387640448029565
48.50000000000029 0.03156616927617638
48.60000000000029 0.08947164390511719
48.700000000000294 0.14164436238301506
48.800000000000296 0.10282428421437878
48.9000000000003 0.051340282409993145
49.0000000000003 0.06279372183684226
49.1000000000003 0.06433903009857896
49.2000000000003 0.05414848367075446
49.3000000000003 0.05788062600942111
49.400000000000304 0.09006302869185939
49.500000000000306 0.12003911734833851
49.60000000000031 0.11497594493097098
49.70000000000031 0.07610669178177663
49.80000000000031 0.04966785495647372
49.90000000000031 0.03507540892088779
50.00000000000031 0.04115981668473246
50.100000000000314 0.02931291045996999
50.200000000000315 0.0222706105907424
50.30000000000032 0.028766713700106736
50.40000000000032 0.02291701481062686
50.50000000000032 0.022473536394941075
50.60000000000032 0.015832130944753928
50.70000000000032 0.01616367730826835
50.800000000000324 0.01696593928170239
50.900000000000325 0.012661613956626785
51.00000000000033 0.01370485404836503
51.10000000000033 0.014474059623823234
51.20000000000033 0.01813409137250419
51.30000000000033 0.020303743663473105
51.40000000000033 0.02739756544712752
51.500000000000334 0.041425248179738694
51.600000000000335 0.08066612808071112
51.70000000000034 0.13004850744866198
51.80000000000034 0.1197360881396686
51.90000000000034 0.07130396325763465
52.00000000000034 0.052314650648952465
52.10000000000034 0.05228038375105422
52.200000000000344 0.048211841428185735
52.300000000000345 0.04862084640511198
52.40000000000035 0.06458651312509593
52.50000000000035 0.10349613184915887
52.60000000000035 0.12042663222181829
52.70000000000035 0.10690301581397191
52.80000000000035 0.07692446206868826
52.900000000000354 0.05098054002167573
53.000000000000355 0.038128362850387024
53.10000000000036 0.03462713141216061
53.20000000000036 0.04288995161425146
53.30000000000036 0.04103434061709265
53.40000000000036 0.02824725761864011
53.50000000000036 0.023334724730332074
53.600000000000364 0.024645684812205245
53.700000000000365 0.024567380715359213
53.80000000000037 0.02741533860728334
53.90000000000037 0.01952050008775744
54.00000000000037 0.017016564142981614
54.10000000000037 0.01852286672055791
54.20000000000037 0.01523513655983118
54.300000000000374 0.015157887618809074
54.400000000000375 0.014875756861272045
54.50000000000038 0.013286352887631813
54.60000000000038 0.015017005704341993
54.70000000000038 0.015592628158940176
54.80000000000038 0.015186016453195901
54.90000000000038 0.01887211008404769
55.000000000000384 0.04561509634916609
55.100000000000385 0.09819993517601498
55.20000000000039 0.1212813122176388
55.30000000000039 0.1042839926021967
55.40000000000039 0.06446129617972837
55.50000000000039 0.03732050668598981
55.60000000000039 0.034212213919816374
55.700000000000394 0.031785032220843126
55.800000000000395 0.032248322956446376
55.9000000000004 0.0463348295615787
56.0000000000004 0.07542038326026819
56.1000000000004 0.0946177370284758
56.2000000000004 0.09278956413302382
56.3000000000004 0.07189945345077199
56.400000000000404 0.04645730150740639
56.500000000000405 0.03429171625026777
56.600000000000406 0.02796937778702589
56.70000000000041 0.02959031488743004
56.80000000000041 0.024812310818693874
56.90000000000041 0.025051688411865534
57.00000000000041 0.023180848230477648
57.10000000000041 0.02247429494025273
57.200000000000415 0.02189535753013003
57.300000000000416 0.018402514351300237
57.40000000000042 0.014652313620551905
57.50000000000042 0.0173370623380817
57.60000000000042 0.01704637523800816
57.70000000000042 0.0112480088989004
57.80000000000042 0.010994186931207277
