string
20190117an 17 2019_15.10.   full spectra  index number  Nphoton via eV
eV x-axis E [J] Nphoton Nphoton/sr Nphoton/sr @ 0.1bw
43.81066890785845 3.52149654274481e-10 50169105.4244534 2705630754688.099 768399134331.4365
43.65640598916881 3.559373809535895e-10 50887907.80837537 2744395923411.5273 782152838172.2449
43.50322561727698 3.316793870264839e-10 47586744.77010836 2566363483586.0938 733979956305.6228
43.35111643679699 3.2412089243299993e-10 46665477.53320189 2516679341356.0884 722286970969.1913
43.20006725060606 3.192113727956771e-10 46119321.33684971 2487225019035.3706 716320805482.1609
43.05006701709701 3.24463259336553e-10 47041446.70308708 2536955440366.618 733180122265.9452
42.90110484748767 3.223968197466189e-10 46904147.51792483 2529550865482.819 733569750990.0238
42.75317000318599 3.2499981545105297e-10 47446454.80058164 2558797615051.776 744610105980.042
42.606251893209404 3.368967727471772e-10 49352879.29977812 2661611502460.7134 777190558718.511
42.46034007165731 3.641607411570182e-10 53530171.02773319 2886893752858.3955 845859869587.4799
42.31542423523527 3.6684822920375895e-10 54109896.42563207 2918158469511.375 857938590036.3441
42.17149422082971 3.64129005331194e-10 53892119.043106854 2906413687960.0483 857392037948.214
42.02854000313198 3.487533673246367e-10 51792047.546607815 2793156375917.1245 826774287271.4822
41.88655169231059 3.3871794613357425e-10 50472239.30779686 2721978830872.099 808427712768.992
41.745519531730416 3.321588549191848e-10 49662083.88908164 2678286973135.9893 798129517994.5043
41.605433895717894 3.266798278083018e-10 49007352.029451385 2642977141706.8184 790250165370.3179
41.46628528737101 3.346079572993731e-10 50365147.27592679 2716203334327.7964 814861000298.351
41.32806433641311 3.4629365828290547e-10 52298405.523638494 2820464371623.7427 848959775858.7274
41.19076179708947 3.446941208258404e-10 52230360.917639084 2816794711239.627 850672002794.3423
41.05436854610573 3.775441849783256e-10 57398082.44513221 3095491055895.4775 937933789936.3286
40.91887558060703 4.0410540646874677e-10 61639618.84793477 3324238035564.724 1010568362811.6783
40.78427401619714 4.0924659281296304e-10 62629841.29686077 3377640947359.338 1030180488944.5911
40.65055508499649 4.024015277141194e-10 61784866.89729523 3332071294421.6094 1019613816093.0231
40.51771013373833 4.0816889732183413e-10 62875867.471910775 3390909192428.5254 1041009122075.4733
40.38573062190204 3.8810812987185567e-10 59981009.51234198 3234788873766.33 996314973119.9945
40.254608119882874 3.5378393951522865e-10 54854402.05772706 2958309819992.759 914117734377.7924
40.124334307197174 3.379989461258966e-10 52577082.17894041 2835493464186.174 879002973897.6937
39.99490097072234 3.2661923199830353e-10 50971346.022577554 2748895764430.252 854906582737.7747
39.86630000297082 3.27388618409131e-10 51256225.474857666 2764259375181.2637 862448925056.5466
39.73852340039719 3.5583219654637327e-10 55888504.77322945 3014079204096.7456 943406790882.3015
39.61156326173778 3.43161350319736e-10 54071119.432176344 2916067217830.076 915645106398.6327
39.485411786381924 4.0146787131683807e-10 63460442.86888389 3422435470585.2324 1078067173234.3234
39.36006127277436 3.96456129155229e-10 62867811.941999644 3390474755950.369 1071390022880.3002
39.235504116847856 4.4538452431267806e-10 70850816.65368219 3820999934344.73 1211256979187.3057
39.11173281048556 4.3200654438780157e-10 68940153.0702211 3717957432200.4688 1182310463439.7405
38.98873994001234 4.2975874291463483e-10 68797791.31176622 3710279831639.163 1183579266292.832
38.86651818471449 3.9476442126622656e-10 63394465.22128062 3418877281716.4634 1094040730149.2281
38.74506031538725 3.313541589968424e-10 53378339.4978339 2878705445465.802 924064447994.5383
38.62435919290941 2.893929132698925e-10 46764422.91644857 2522015487370.2876 812088986933.229
38.50440776684447 2.7890974628223466e-10 45210802.66866371 2438228409886.064 787547776393.1884
38.38519907406786 2.7393788484449286e-10 44542775.58799979 2402201564298.1846 778313306832.6073
38.266726237419505 2.9601312765992924e-10 48281264.63775694 2603819090931.566 846241204552.7592
38.14898246438129 2.876279412137619e-10 47058392.62585455 2537869337662.9395 827345404078.106
38.03196104577889 3.0829064539481254e-10 50594184.741501406 2728555374604.21 892237607495.5447
37.91565535450739 3.8161831407367953e-10 62820243.643967904 3387909387303.3906 1111234279035.5134
37.80005884428024 4.5315415940750594e-10 74824266.7450219 4035288960995.519 1327610068167.556
37.68516504840097 4.338220564498695e-10 71850564.05761322 3874916529032.044 1278722454580.5034
37.57096757855732 4.5954166806525675e-10 76341641.06186792 4117121287549.8486 1362767146179.0244
37.45746012363721 4.690421402422058e-10 78156033.76894039 4214971880415.7974 1399370664297.9402
37.34463644856601 3.7711382719430004e-10 63027951.970425606 3399111142473.512 1131904010443.6907
37.23249039316491 2.829527787184955e-10 47433028.24287303 2558073517877.6553 854396554971.1304
37.121015871029684 2.36832798035932e-10 39820890.51864805 2147549276687.0627 719429007690.1421
37.01020686842959 2.1906957964561521e-10 36944478.214318216 1992423736219.189 669454375369.6517
36.90005744322593 2.1320223249715046e-10 36062321.47953615 1944848831865.4387 655414056338.6415
36.79056172380983 2.1432601875364153e-10 36360299.58153971 1960918855641.6938 662790573206.9152
36.68171390805892 2.395866485829652e-10 40766363.06794935 2198538816673.0813 745304658852.1691
36.57350826231243 2.572980876324916e-10 43909542.460082784 2368051164140.87 805137395807.8502
36.465939120364446 2.372654217962083e-10 40610283.61981848 2190121418127.406 746831403581.4629
36.35900088247482 3.7970140969445827e-10 65180733.548436575 3515211120663.5444 1202202203266.953
36.25268801439741 7.581961266315171e-10 130536006.66773272 7039835198301.951 2414663473017.404
36.146995046425396 6.415778605119976e-10 110781220.1606958 5974455270285.846 2055212612978.2568
36.041916572453225 7.002271622791044e-10 121260694.4633286 6539615596073.652 2256167380645.325
35.937447249054806 6.184918305674576e-10 107417667.53030342 5793058146203.064 2004398118586.2395
35.83358179457777 5.604038687934263e-10 97611251.0082216 5264195972740.956 1826676002541.1877
35.73031498825334 4.650661313745713e-10 81239425.39909537 4381259860891.305 1524678431590.1528
35.62764166932158 3.319183502082189e-10 58147783.1750082 3135922579128.816 1094436980115.9646
35.52555673617166 2.793029829882939e-10 49070858.51652431 2646402060351.3306 926240721122.9385
35.42405514549688 2.492987185973974e-10 43924896.39412316 2368879205139.2817 831476601003.8792
35.323131911464124 2.3242921094491045e-10 41069600.61607197 2214892483521.1426 779642154199.423
35.22278210489746 2.4920949168056653e-10 44160084.734135285 2381562963410.377 840691726083.8597
35.123000852475656 2.625194606831357e-10 46650775.10705639 2515886436319.9863 890623798457.3145
35.02378333594324 3.559743359087765e-10 63437287.63575597 3421186703832.2114 1214521279860.4297
34.92512479133495 3.3149776948371505e-10 59242260.13777751 3194947959504.1035 1137401473583.4534
34.827020508213224 4.269436628678974e-10 76514408.43644813 4126438669594.3584 1473138605045.0461
34.7294658289185 1.1893283020545882e-09 213743356.5445909 11527225653807.033 4126746784063.011
34.63245614783214 1.0848534890892209e-09 195513509.73338974 10544086054877.74 3785326893701.0493
34.535986910651545 9.6503059337519e-10 174404700.35311395 9405683379148.844 3386046016493.599
34.44005361367751 8.45400128630258e-10 153210124.52635154 8262655300328.319 2982818563418.4824
34.34465180311331 6.90454938666258e-10 125477309.37527804 6767018554327.042 2449660716666.3125
34.24977707437542 5.36190691568358e-10 97712583.4762805 5269660854757.668 1912886890277.0808
34.15542507141571 4.90546494547747e-10 89641570.53580642 4834389373464.951 1759717731941.2349
34.06159148605468 3.466549061662527e-10 63521594.336615056 3425733382525.02 1250392684621.614
33.96827205732576 3.3875750823308307e-10 62244996.86261774 3356886203413.8545 1228620350449.4639
33.87546257083034 3.1470274219076677e-10 57983478.787239626 3127061607801.626 1147631610063.1868
33.78315885810328 2.9220502090163794e-10 53985408.69484484 2911444819145.2856 1071411693445.4674
33.69135679598887 2.5340213715808064e-10 46944070.80870246 2531703937227.719 934198752836.9034
33.600052306026825 2.3123566152187674e-10 42954021.86412422 2316519730815.705 857112300401.8094
33.509241353848374 4.0882373139302314e-10 76148346.43806422 4106696866495.2075 1523584537469.7378
33.41891994858194 6.207769450857141e-10 115939692.50693557 6252652804587.335 2325986843306.5903
33.32908414226855 6.544811876934315e-10 122563953.91939235 6609900661669.928 2465492946802.746
33.23973002928659 1.4407774145460522e-09 270538064.688433 14590176602551.96 5456726049354.4
33.150853745785824 2.5695858943718312e-09 483790567.8902934 26090930428948.543 9784098910855.627
33.062451469130394 1.6689674475827093e-09 315066181.1576026 16991587597386.969 6388836936617.424
32.97451941735079 1.1385568225177117e-09 215508900.00249854 11622441796053.113 4381660557111.9985
32.8870538486045 1.0208824111440715e-09 193749114.7272865 10448931848886.97 3949696238879.275
32.80005106064523 8.380518570603714e-10 159472333.02079535 8600377564887.133 3259543097092.229
32.71350739030052 9.488823007814996e-10 181039862.51513106 9763519116023.395 3710137264088.968
32.627419212957626 9.202995745341482e-10 176049774.4845752 9494402584447.926 3617367384674.585
32.54178294205747 9.190714022933943e-10 176277500.4562038 9506683895570.91 3631553248107.716
32.45659502859658 8.681888498289316e-10 166955304.50538406 9003935842713.01 3448507427759.2607
32.3718519606368 6.69702882089294e-10 129122996.84438883 6963631271555.189 2674034408277.078
32.28755026282264 6.42886396392727e-10 124276243.02316512 6702244785028.102 2580364242235.807
32.20368649590622 5.011135812798337e-10 97122434.04045309 5237833967474.6 2021803911445.2932
32.12025725627952 3.6598240722399985e-10 71116466.36148961 3835326480798.702 1484271348069.023
32.03725917551394 5.900092730911912e-10 114945628.08335476 6199042694264.925 2405228565374.7637
31.954688919906943 1.4068977518233243e-09 274800119.00647384 14820030117847.488 5764991715842.723
31.872543190035717 1.46891490449775e-09 287652990.906887 15513188291699.922 6050143433762.997
31.790818720317677 2.13981737770486e-09 420110921.9753817 22656673290469.562 8858759256573.498
31.709512278577733 3.361959567293304e-09 661746874.4051695 35688152699981.23 13989755858392.252
31.628620665622176 3.878307717664186e-09 765333963.6815567 41274626928764.4 16220928383004.473
31.548140714819066 3.3959688265408558e-09 671860177.8297005 36233565350763.04 14276024748199.506
31.468069291685 2.266721729528513e-09 449590457.6703903 24246511054877.137 9577371866676.676
31.388403293478206 1.8739473719170434e-09 372629420.2499443 20095985587146.438 7958010292509.845
31.309139648797704 2.4828798890553855e-09 494963930.70431376 26693512312901.5 10597324388222.01
31.230275317188642 2.8722016223513075e-09 574021402.1116565 30957098920992.035 12320925370554.379
31.151807288753492 3.408034550207061e-09 682825476.1577436 36824926271785.62 14693145582442.951
31.07373258376915 2.8668341342933115e-09 575835078.7422943 31054910895700.293 12421964358280.08
30.996048252309727 2.481183981395023e-09 499622070.9755491 26944726829701.766 10804835458709.96
30.918751373875036 1.9947017755302603e-09 402666038.5287019 21715866936320.777 8729778508400.913
30.8418390570246 1.1579991095476328e-09 234345670.14237 12638312901950.592 5093240099486.24
30.765308439017097 9.962486017723192e-10 202113548.13124663 10900027559520.555 4403611134046.312
30.689156685455174 8.482630538444712e-10 172518062.4816423 9303936588871.717 3768094318492.8877
30.61338098993553 6.649931543755107e-10 135579757.57069397 7311845780244.404 2968609386779.0293
30.537978573704155 9.711380148954141e-10 198485892.0946746 10704387281366.518 4356685623516.2407
30.462946685316677 2.5558703536228475e-09 523667817.7238247 28241519175731.215 11522539823697.984
30.388282600303643 3.4511153618143425e-09 708830334.8392905 38227373949989.914 15634995945545.748
30.313983620840798 3.1784395508547674e-09 654425056.923937 35293285492566.766 14470247051952.885
30.240047075424116 5.3969661202429304e-09 1113925648.1803548 60074252204696.945 24690517656130.023
30.166470318549603 6.790965783328245e-09 1405063717.7323284 75775391544853.42 31219461316479.91
30.093250730397784 5.4002952276870745e-09 1120049906.3918622 60404534780527.55 24947072864357.613
30.02038571652273 5.9711236696893635e-09 1241448685.446238 66951597308595.01 27717961285758.434
29.94787270754562 8.716114413042274e-09 1816543987.623415 97966611893423.4 40656143935770.66
29.87570915885274 5.461711423600359e-09 1141036407.5090196 61536341345055.22 25599117999542.31
29.803892550297803 5.696448248664482e-09 1192944233.1748073 64335741660092.305 26828004272258.746
29.7324203859086 5.721858599811579e-09 1201146088.5858388 64778069504247.47 27077233052775.453
29.661290193597814 6.587246706128823e-09 1386126498.4750154 74754103196229.92 31321969239218.066
29.590499524878005 5.932611775347551e-09 1251360977.0156255 67486169346359.47 28344191125469.73
29.520045954580674 4.514700736865743e-09 954554904.5723972 51479353378914.27 21672807772523.63
29.449927080579297 3.787258519378005e-09 802656454.2594732 43287436953874.945 18267298394534.594
29.38014052351631 2.788216142996474e-09 592327019.0822657 31944324821079.137 13512449399316.877
29.310683926534004 2.014185772162946e-09 428906419.53169924 23131016384487.688 9807550947022.357
29.241554955009157 1.7355497771254706e-09 370446576.81834394 19978264366661.445 8490762355831.418
29.17275129629149 1.7063510477835101e-09 365073213.58114946 19688477719926.11 8387291508688.388
29.104270659445735 1.581833544286354e-09 339229049.30995107 18294696326182.48 7811835331279.72
29.036110774997383 1.7601814367635481e-09 378362395.800602 20405166204071.965 8733411135342.817
28.96826939468197 3.9789411215982986e-09 857302197.521504 46234493759685.06 19834597822904.58
28.90074429119786 6.1265453135120704e-09 1323108920.2755163 71355551513476.16 30682887150795.625
28.833533257962518 4.029541413800087e-09 872261561.1906614 47041255492257.39 20274781117160.91
28.76663410887211 4.7901173212726935e-09 1039312320.9191382 56050339255889.266 24213746558543.934
28.700044678064536 7.661479236331108e-09 1666168927.259852 89856852219306.83 38908017010960.734
28.633762819685636 9.523380900426801e-09 2075877427.089286 111952520623538.06 48587393950614.16
28.56778640765871 9.390478706558504e-09 2051635083.3284032 110645125757908.34 48130629704691.33
28.502113335457196 1.0180972329121398e-08 2229467620.324158 120235673111886.12 52422753476782.82
28.43674151588046 1.8586448673300053e-08 4079487072.3714304 220007624074172.2 96143331720409.47
28.371668880832676 1.7706706944960253e-08 3895308797.701078 210074849708803.34 92012784172454.73
28.306893381104747 9.024017745103701e-09 1989741721.1336029 107307203288521.88 47107862243660.87
28.242412986159177 6.7750609798090216e-09 1497270899.841365 80748144907837.14 35529183759449.43
28.17822568391791 8.19671778029478e-09 1815579681.9708269 97914606680085.67 43180341545916.96
28.114329480553014 8.799165673495553e-09 1953451978.611521 105350089590425.14 46564739598966.74
28.050722400280268 6.8825275995029805e-09 1531414963.1978335 82589541662387.44 36587166956439.484
27.987402485155485 6.211267678570858e-09 1385181323.5030422 74703129704653.86 33168189588862.707
27.924367794873596 5.404425918841563e-09 1207967343.0831313 65145941241191.65 28989943852329.742
27.86161640657051 4.463268592380315e-09 999851929.365168 53922231766685.03 24049315367941.613
27.799146414627526 3.838246478686647e-09 861768021.1978441 46475336600742.195 20774475460532.52
27.736955930478473 3.2258369458289033e-09 725892969.2160988 39147565528757.61 17538109356883.014
27.675043082419368 3.122890491094029e-09 704299572.0771042 37983028929925.195 17054379989536.559
27.61340601542066 3.081197263883051e-09 696447686.018392 37559575008970.81 16901808754036.582
27.552042890941948 2.8936985749396944e-09 655523792.8082592 35352540557506.65 15943995791435.68
27.490951886749173 4.651827292855018e-09 1056143132.7646885 56958028595183.195 25745028925022.74
27.43013119673424 7.965824065120363e-09 1812557531.9292722 97751621471788.0 44281484526718.11
27.369579030737032 9.674863651162684e-09 2206305818.9867153 118986552133898.42 54019894668790.914
27.30929361436977 5.775585478124128e-09 1320001801.2455518 71187983909174.19 32390532678674.48
27.249273188843684 5.867777185326561e-09 1344025987.3503752 72483613485018.25 33052527749165.77
27.18951601079797 7.5341460391486e-09 1729503845.6981308 93272518130079.58 42625540785446.4
27.130020352131016 1.0057968020844405e-08 2313924080.6787434 124790428366822.02 57154016192002.68
27.070784499833785 1.4219310442578777e-08 3278435692.4676623 176806749128999.94 81154297850211.19
27.011806755825432 1.5209035942531275e-08 3514285389.8448215 189526174546469.88 87182040291379.4
26.95308543679103 1.9418275453342566e-08 4496671318.99491 242506461127098.78 111795478579589.72
26.89461887402142 3.023642188187711e-08 7017040399.781561 378430513199542.75 174834897098192.88
26.83640541325514 2.8696593572862082e-08 6674134856.248374 359937542741189.44 166651082289170.2
26.778443414522407 1.2834651687654874e-08 2991491225.5524993 161331771690099.22 74857942064205.03
26.720731251991108 1.1391985729287882e-08 2660970549.750656 143506719839087.38 66730624725174.16
26.66326731381478 1.2768177308938197e-08 2988852706.4515986 161189475781774.16 75114295714305.0
26.60605000198256 1.4143015139502628e-08 3317802867.6420555 178929829438602.5 83560230347829.67
26.549077732171035 1.2534061999812725e-08 2946669137.0990157 158914506722285.28 74371989146029.05
26.49234893359802 1.1019602227242629e-08 2596177767.1631236 140012430998027.05 65665830138067.71
26.43586204887819 9.627668243168575e-09 2273089912.053261 122588232781700.53 57616469407401.9
26.37961553388058 9.142439496354194e-09 2163129938.0844507 116658067496957.34 54945949791066.82
26.323607857587838 7.4420609533030845e-09 1764561442.0081096 95163181915276.06 44917021864007.78
26.267837501957352 6.225342835313468e-09 1479203505.1881864 79773766389082.44 37732991502037.31
26.212302961784083 5.621782129315858e-09 1338621532.4644148 72192150058910.38 34219079127924.023
26.15700274456513 5.482316466608122e-09 1308172750.5436127 70550040634978.77 33511269301613.367
26.101935370366043 4.523794102894269e-09 1081730549.5771987 58337963542701.85 27768870646327.12
26.047099371688805 3.969943017954722e-09 951292080.2804098 51303388556004.72 24471716341213.11
25.992493293341447 5.04269434573119e-09 1210887174.3729172 65303408376977.86 31215029204196.043
25.938115692309353 8.035506809091979e-09 1933587479.6725547 104278792847120.27 49949541773772.01
25.883965137628124 1.138431475461703e-08 2745143572.9855623 148046189268582.78 71062170848915.33
25.830040210258062 1.2736376624032012e-08 3077583079.69361 165974724087228.78 79833842285954.55
25.776339502960226 1.0700849861707112e-08 2591110906.3478413 139739174093492.53 67354281913062.26
25.722861620174 8.376955227052388e-09 2032618564.04971 109619560741904.05 52946247838340.26
25.66960517789621 1.0721348414606366e-08 2606868927.901833 140589007619300.95 68045079687741.56
25.616568803561712 1.1284583061866872e-08 2749498799.809956 148281067597387.5 71916317784729.55
25.5637511359255 1.5272009117102125e-08 3728726836.588412 201091048356367.78 97730249501197.7
25.51115082494623 1.7388205249328564e-08 4254158654.3229957 229427700435905.06 111731290112286.31
25.458766531671188 2.4938535742531597e-08 6113959631.287501 329727171161996.1 160906859527054.47
25.40659692812268 2.8182889169545598e-08 6923536562.152109 373387830922647.0 182586649321175.2
25.354640697185825 3.645041547782152e-08 8972924164.927109 483911749566049.2 237116757287363.47
25.30289653249769 3.3007492741789365e-08 8142003255.76489 439100004418867.5 215598102169654.1
25.251363138337815 2.0380087811501516e-08 5037443617.54325 271670428669613.6 133661850905447.75
25.200039229520055 2.255524708290531e-08 5586442679.146364 301278067330921.75 148530087194147.62
25.148923531285735 2.1482977674310188e-08 5331679703.403667 287538644702322.9 142044090482939.84
25.09801477919811 1.7807101042748986e-08 4428359060.9101095 238822366207871.06 118217071272895.47
25.047311719038113 1.8145470842748508e-08 4521641185.905444 243853091474242.25 120951133371223.22
24.996813106701342 1.8477933063348555e-08 4613788914.71455 248822638507844.6 123664851338396.94
24.94651770809631 1.602277247782623e-08 4008821415.098579 216196609825461.22 107665911693081.83
24.896424299043908 1.4538512136836176e-08 3644785388.1389604 196564067805361.16 98085469834873.94
24.846531665178087 1.2345003903874112e-08 3101090442.092414 167242481248328.2 83621240624165.05
24.796838601847732 1.039216003885947e-08 2615763562.606249 141068697201253.38 70675417297825.8
24.74734391401969 8.192744991397165e-09 2066283074.3155735 111435095094095.97 55940417737238.87
24.698046416183 7.329003884109499e-09 1852129394.0356526 99885740592100.5 50242527517825.555
24.648944932254206 7.038465160110191e-09 1782249926.6223238 96117125733311.89 48443031369587.625
24.60003829548386 6.258850973563477e-09 1587990143.8473787 85640653445672.98 43248529990063.86
24.551325348364088 5.374012285731714e-09 1366194989.698569 73679192597831.97 37281671454502.805
24.50280494253728 5.772618596904495e-09 1470435693.263471 79300916387191.27 40205564608303.68
24.454475938705844 6.243287892509111e-09 1593470311.0696805 85936200054528.12 43655589627702.05
24.40633720654304 8.281244354636323e-09 2117785483.4196856 114212631205885.88 58134229283796.41
24.35838762460484 1.2084490821352612e-08 3096483668.12604 166994036927508.34 85166958833026.39
24.31062608024287 1.37659143051041e-08 3534255096.9978504 190603145191615.47 97398207192915.77
24.263051469518324 1.487936462141093e-08 3827612301.8247876 206423962979253.84 105689069045373.86
24.21566269711692 1.1589396558182176e-08 2987125296.657943 161096316196325.66 82642410208718.0
24.16845867626484 1.3007908502619698e-08 3359289974.0368686 181167238099473.5 93119960383130.08
24.12143832864565 1.2975123764931367e-08 3357355140.909881 181062892128596.1 93247389446223.53
24.07460058431818 1.4873281330638539e-08 3855996908.445056 207954750980789.3 107304651506088.62
24.027944381635393 1.4599136810413173e-08 3792272487.189433 204518079098458.44 105735846893900.78
23.981468667164144 1.606030302220379e-08 4179910025.708137 225423455764325.6 116769350085916.53
23.93517239560591 1.912102561798711e-08 4986130010.7692585 268903074708504.03 139560695773709.78
23.889054529718422 2.5076541148029343e-08 6551754962.956668 353337568509157.5 183735535624765.28
23.843114040238195 3.0956209465586376e-08 8103521253.69976 437024661687349.8 227689848739101.78
23.797349905803955 3.6494390562505866e-08 9571643044.183125 516200788794918.7 269456811750952.62
23.75176111288096 3.177848921540017e-08 8350767738.664829 450358718335367.2 235537609689391.8
23.706346655686158 2.8729798619353398e-08 7564094151.119806 407933240855651.44 213757018208365.2
23.66110553611424 3.6426434207316566e-08 9608832045.39833 518206399709697.94 272058359847587.5
23.616036763664496 4.25648227511964e-08 11249488805.435303 606687375208202.8 319117559359528.6
23.571139355368558 2.3137190485011663e-08 6126592874.234962 330408484698701.9 174125271436214.44
23.526412335718902 1.6322659307851197e-08 4330361834.017398 233537354471827.0 123307723161125.39
23.481854736598223 1.856116822312693e-08 4933576702.699153 266068863387172.22 140750428731809.4
23.437465597209567 1.7030139870890777e-08 4535201025.18337 244584376552351.3 129629719572741.56
23.393243964007283 1.3695986901567755e-08 3654196159.269727 197071592736916.4 104645015743295.31
23.349188890628735 1.2398349317467887e-08 3314217792.637509 178736485564756.22 95087810320455.9
23.305299437826804 1.2093118873361702e-08 3238714080.865954 174664553985871.6 93096207274470.17
23.261574673403114 9.95300095843718e-09 2670569656.366149 144024401744249.44 76909030531424.05
23.218013672142057 7.714634853392154e-09 2073859293.795687 111843682256578.45 59836370007269.0
23.17461551574553 6.515925036356558e-09 1754900575.881728 94642169306274.62 50728202748164.945
23.131379292768393 6.6037556621084086e-09 1781879949.4561694 96097172784364.31 51604181785204.555
23.088304098554673 6.776283803094567e-09 1831844174.283132 98791754283919.8 53149963804748.06
23.04538903517446 6.6345927614316985e-09 1796880523.7903185 96906157017052.6 52232418632191.75
23.00263321136152 5.975472869110931e-09 1621375847.2718933 87441151684340.67 47218221909544.3
22.96003574245159 6.160631672331496e-09 1674717888.6905038 90317899566508.28 48861983665478.67
22.917595750321365 6.890686739318191e-09 1876646300.598587 101207942689293.11 54854704937597.98
22.875312363328153 9.727734911214089e-09 2654200147.477643 143141590573646.16 77725883681485.84
22.833184716250198 1.266892657389198e-08 3463078243.0744796 186764561996485.4 101599921726081.84
22.791211950227677 1.4726304134113534e-08 4032880193.1988277 217494104955133.62 118534287200547.55
22.749393212704323 1.2765346545272348e-08 3502287279.3733754 188879113842177.03 103127996157834.31
22.707727657369702 8.817194401102213e-09 2423515011.4907637 130700691073945.6 71493278017444.25
22.666214444102113 1.2086036914696458e-08 3328081078.078152 179484135560343.78 98357306287069.1
22.624852738912146 1.24610217557342e-08 3437612089.0568337 185391166777837.94 101779750561033.8
22.583641713886806 1.74550776479219e-08 4824105364.393605 260165050329903.97 143090777681451.4
22.542580547134285 1.1822195349720112e-08 3273282405.3126593 176528831233188.3 97267386009488.9
22.501668422729324 1.3291299823849228e-08 3686733192.0489063 198826321983309.0 109752129734781.7
22.46090453065916 1.4428420064066407e-08 4009410382.6916375 216228372975707.0 119574290255565.28
22.420288066770084 1.255125217844334e-08 3494096072.2026863 188437360259936.84 104394297584002.3
22.37981823271454 1.2749042820866476e-08 3555576275.8662205 191753000999974.2 106422915554988.05
22.33949423589884 1.6142325866478145e-08 4510054069.788098 243228195784753.78 135234876856316.92
22.299315289431394 2.187685441796058e-08 6123254686.408027 330228455503979.94 183937249715714.4
22.259280612071553 2.762730533162798e-08 7746693580.647051 417780867759451.2 233121724209762.56
22.21938942817895 2.727837444293847e-08 7662585627.563503 413244907577354.94 231003903335742.8
22.179640967663424 2.4313732791079115e-08 6842047778.716017 368993123128647.8 206636148952043.25
22.140034465935454 2.7777668945908813e-08 7830806270.543198 422317083398880.0 236919883786773.56
22.100569163857138 4.2669740127724886e-08 12050512411.36065 649886752296684.9 365236354790740.3
22.06124430769369 4.365733596772302e-08 12351400430.641865 666113708543898.2 375022017910231.75
22.022059149065463 3.543718007104815e-08 10043618442.593874 541654524567011.25 305493151855783.75
21.98301294490045 1.6148830948246413e-08 4585037029.096669 247272043070177.16 139708704334647.47
21.944104957387353 1.3926607816710327e-08 3961105857.6684136 213623299447133.94 120910787487080.08
21.905334453929072 1.1341362045051533e-08 3231501046.152361 174275553456748.78 98814238809971.61
21.866700707096744 1.007201486962477e-08 2874895561.558613 155043742200712.0 88064845570003.23
21.82820299458425 7.848454773835213e-09 2244166891.935462 121028408023273.89 68865164165238.945
21.789840599163185 8.699241884503317e-09 2491818055.0716214 134384289052973.81 76599044760197.5
21.75161280863834 8.058246403722851e-09 2312267387.77099 124701082558393.34 71204318140846.27
21.713518915803597 6.240482016863789e-09 1793811894.7595665 96740665186770.03 55335660486828.82
21.675558218398344 4.9707378392873786e-09 1431329237.8130352 77191896748942.62 44230956837143.01
21.637730019064314 4.589080816375604e-09 1323740886.4133215 71389633584581.5 40977649677549.555
21.600033625302878 5.38624807344557e-09 1556398843.3346305 83936927745867.62 48263733453876.18
21.562468349432788 6.022468522113254e-09 1743271534.2053444 94015012562279.0 54152647235870.586
21.525033508548354 5.275078853177781e-09 1529586685.6157818 82490942255197.39 47597273681251.445
21.48772842447808 4.311006756731414e-09 1252210012.1801345 67531957997232.8 39033471722400.85
