string
integrated and resized binned spectra ROIsize spatial in px50:1600
converted file:an 17 2019_14.50.58_12 binning:0.1
nm muJ
28.1 6.769136201845491e-06
28.200000000000003 0.00024679940134614183
28.300000000000004 0.0002778215812410147
28.400000000000006 0.00027560126072701186
28.500000000000007 0.0002753092162399572
28.60000000000001 0.00026154346059959816
28.70000000000001 0.000260813647004147
28.80000000000001 0.0002840687477813764
28.900000000000013 0.0002790149385512945
29.000000000000014 0.00026164861571079757
29.100000000000016 0.00024530837748656785
29.200000000000017 0.00025511382475263994
29.30000000000002 0.0002770034313817857
29.40000000000002 0.00027591169139441643
29.50000000000002 0.0002558857864310954
29.600000000000023 0.0002409350023209779
29.700000000000024 0.0002535706319346793
29.800000000000026 0.0002665981438444065
29.900000000000027 0.0002717996662040992
30.00000000000003 0.0002586529973494673
30.10000000000003 0.0002513249744072963
30.20000000000003 0.00024135162921213487
30.300000000000033 0.00023661275859761103
30.400000000000034 0.00026852262031017545
30.500000000000036 0.0002849316367575952
30.600000000000037 0.0002644997630771492
30.70000000000004 0.0002645078063063814
30.80000000000004 0.0002467993399188922
30.90000000000004 0.0002447830023731457
31.000000000000043 0.0002910679111393136
31.100000000000044 0.00024381563845398053
31.200000000000045 0.0002253440023377469
31.300000000000047 0.0002092176837119212
31.40000000000005 0.00018618388308012742
31.50000000000005 0.000198176079561783
31.60000000000005 0.0002153645083775657
31.700000000000053 0.0002030518515507968
31.800000000000054 0.0002339543075609718
31.900000000000055 0.00027733495910059523
32.00000000000006 0.00020950984537191836
32.10000000000006 0.0002073120047750356
32.20000000000006 0.000268484370374165
32.30000000000006 0.0002522985531646343
32.40000000000006 0.00019135890528980295
32.500000000000064 0.00020092536276095581
32.600000000000065 0.00015650819645163767
32.70000000000007 0.00013596141295062525
32.80000000000007 0.00013302871031505882
32.90000000000007 0.00015745093795062386
33.00000000000007 0.00013104780906821113
33.10000000000007 0.0001937522615625314
33.200000000000074 0.00020934291252766186
33.300000000000075 0.00012716193533916892
33.40000000000008 0.00010668432625317161
33.50000000000008 0.00019754833951582902
33.60000000000008 0.00022937614950285765
33.70000000000008 0.00019851176144701933
33.80000000000008 0.0001350256329511247
33.900000000000084 0.0001204064913491244
34.000000000000085 7.112854119207809e-05
34.10000000000009 8.363555147722491e-05
34.20000000000009 0.00011550949287222797
34.30000000000009 0.00017213797511935936
34.40000000000009 0.00023034262653784935
34.50000000000009 0.00032665190360324395
34.600000000000094 0.0002789228730305164
34.700000000000095 0.0002238412701988899
34.8000000000001 0.0001285123730521009
34.9000000000001 0.00022881812417031646
35.0000000000001 0.00038881960485371577
35.1000000000001 0.0005456197342759544
35.2000000000001 0.000291315868160837
35.300000000000104 0.00017753384073438633
35.400000000000105 0.00013561784199897156
35.50000000000011 0.00017403469583531357
35.60000000000011 0.00020066147956760065
35.70000000000011 0.0002465091201421035
35.80000000000011 0.00018871664713031124
35.90000000000011 0.00038351207734147266
36.000000000000114 0.0005847670950695577
36.100000000000115 0.0004762162269015475
36.20000000000012 0.00034567460570471796
36.30000000000012 0.00017935038693722266
36.40000000000012 0.00023825313199232184
36.50000000000012 0.0006493566301441736
36.60000000000012 0.0009127049802017046
36.700000000000124 0.0021308589463909723
36.800000000000125 0.001642188557865277
36.90000000000013 0.0007031894399982964
37.00000000000013 0.00042559146954837795
37.10000000000013 0.0004058986704156698
37.20000000000013 0.0006988147385961903
37.30000000000013 0.001020109982225054
37.400000000000134 0.0007851761388278584
37.500000000000135 0.001501856035090547
37.600000000000136 0.0021723696899936477
37.70000000000014 0.0025447632592418812
37.80000000000014 0.002258692836001274
37.90000000000014 0.0021448486702637074
38.00000000000014 0.0015235516695777736
38.10000000000014 0.00264797121405076
38.200000000000145 0.0032542072880980205
38.300000000000146 0.005381461830304949
38.40000000000015 0.011203133754474284
38.50000000000015 0.010631215873247377
38.60000000000015 0.005225305595687424
38.70000000000015 0.0030260926144234624
38.80000000000015 0.0017775745510830165
38.900000000000155 0.0015217977111895125
39.000000000000156 0.0023530292662028427
39.10000000000016 0.0029417033366089624
39.20000000000016 0.002620928339648639
39.30000000000016 0.006192515012500485
39.40000000000016 0.007865765843793827
39.50000000000016 0.008104975818302926
39.600000000000165 0.006364562196942931
39.700000000000166 0.006502179341078646
39.80000000000017 0.004116260165316592
39.90000000000017 0.006332749595130734
40.00000000000017 0.006500922317595272
40.10000000000017 0.014077903104585522
40.20000000000017 0.02134822764485691
40.300000000000175 0.02285124613985318
40.400000000000176 0.016875892350494748
40.50000000000018 0.008664272195141959
40.60000000000018 0.007614072040334405
40.70000000000018 0.004693771993478129
40.80000000000018 0.0037514800226324707
40.90000000000018 0.004891250555544015
41.000000000000185 0.005829343635338726
41.100000000000186 0.006621802932526181
41.20000000000019 0.009837364355187735
41.30000000000019 0.01169185989336101
41.40000000000019 0.015841443128282843
41.50000000000019 0.015068364454696092
41.60000000000019 0.011971422568936138
41.700000000000195 0.010010477241683873
41.800000000000196 0.009989541752187468
41.9000000000002 0.008801169529137096
42.0000000000002 0.009685231554393851
42.1000000000002 0.022585983981656964
42.2000000000002 0.03592239673781099
42.3000000000002 0.035517692355166025
42.400000000000205 0.024269506632055855
42.500000000000206 0.018973698515756088
42.60000000000021 0.011762831040964133
42.70000000000021 0.008401914554845293
42.80000000000021 0.010887825085061675
42.90000000000021 0.011667110000569405
43.00000000000021 0.009516266911348435
43.100000000000215 0.007795095970894884
43.200000000000216 0.010205534260484117
43.30000000000022 0.013248636195088448
43.40000000000022 0.01797285119900969
43.50000000000022 0.018400883378283755
43.60000000000022 0.029659758106389218
43.70000000000022 0.021908610933124285
43.800000000000225 0.01862498155332005
43.900000000000226 0.015374766824796235
44.00000000000023 0.01783877054316602
44.10000000000023 0.01385234380240113
44.20000000000023 0.014533646418548672
44.30000000000023 0.03153913357841215
44.40000000000023 0.04718726091371557
44.500000000000234 0.05496916811665662
44.600000000000236 0.043847545301576786
44.70000000000024 0.028264666896896593
44.80000000000024 0.021352459216010096
44.90000000000024 0.021763421868094136
45.00000000000024 0.011476635259333895
45.10000000000024 0.00877495334370996
45.200000000000244 0.010775655767169537
45.300000000000246 0.01947580143607298
45.40000000000025 0.02044127864007795
45.50000000000025 0.014098394990970913
45.60000000000025 0.013792282995550628
45.70000000000025 0.018633760548063098
45.80000000000025 0.025832228771938033
45.900000000000254 0.025163718306422358
46.000000000000256 0.035396042324977034
46.10000000000026 0.03226242969006225
46.20000000000026 0.027741078301848167
46.30000000000026 0.02996242382789847
46.40000000000026 0.02739089583262979
46.50000000000026 0.023422879594910555
46.600000000000264 0.01778890839719544
46.700000000000266 0.029191565675656995
46.80000000000027 0.04539689174784123
46.90000000000027 0.05811427641839379
47.00000000000027 0.05855977407561783
47.10000000000027 0.04353800156283084
47.20000000000027 0.038972358305521856
47.300000000000274 0.028523979683890612
47.400000000000276 0.02149422514778235
47.50000000000028 0.02612630521836127
47.60000000000028 0.025902537419009334
47.70000000000028 0.013156293249884434
47.80000000000028 0.012673411680407618
47.90000000000028 0.010721898842528377
48.000000000000284 0.015020165490425567
48.100000000000286 0.023814887514947734
48.20000000000029 0.03393024205567732
48.30000000000029 0.03199574173041726
48.40000000000029 0.027723945908987524
48.50000000000029 0.028733071175277385
48.60000000000029 0.02820706596018153
48.700000000000294 0.03937567346982547
48.800000000000296 0.03501299680288562
48.9000000000003 0.034027337641888616
49.0000000000003 0.042841405570755935
49.1000000000003 0.03847730938645042
49.2000000000003 0.032355559903363876
49.3000000000003 0.029943098252168513
49.400000000000304 0.03917710768114698
49.500000000000306 0.05117814012528226
49.60000000000031 0.06232747910210491
49.70000000000031 0.06675941211097774
49.80000000000031 0.058857442866028495
49.90000000000031 0.04279451030681289
50.00000000000031 0.03245602800074291
50.100000000000314 0.032068313770744525
50.200000000000315 0.030827501541047065
50.30000000000032 0.022098551680177474
50.40000000000032 0.02098509033465805
50.50000000000032 0.03581863793788658
50.60000000000032 0.027063358446803788
50.70000000000032 0.020677417641974085
50.800000000000324 0.01804890696968174
50.900000000000325 0.014519337724227983
51.00000000000033 0.014886770445915312
51.10000000000033 0.011675855494587618
51.20000000000033 0.017775407804691147
51.30000000000033 0.030805723101364247
51.40000000000033 0.04376620037608007
51.500000000000334 0.04438142870496947
51.600000000000335 0.032685524639702854
51.70000000000034 0.03438567703084374
51.80000000000034 0.03902696423338934
51.90000000000034 0.0330110219593496
52.00000000000034 0.034730344945755526
52.10000000000034 0.045787593054553606
52.200000000000344 0.04374757505361722
52.300000000000345 0.03473887918887703
52.40000000000035 0.03681968714124444
52.50000000000035 0.051636952071336374
52.60000000000035 0.05710480997636849
52.70000000000035 0.06245605913233754
52.80000000000035 0.0644354927600994
52.900000000000354 0.05965961768959837
53.000000000000355 0.044671572255288804
53.10000000000036 0.030258747970329684
53.20000000000036 0.02535186520490015
53.30000000000036 0.022456879085070946
53.40000000000036 0.02360365653791729
53.50000000000036 0.02906733934500779
53.600000000000364 0.022087751713247963
53.700000000000365 0.01989525572847547
53.80000000000037 0.0255842222906523
53.90000000000037 0.028862171530379076
54.00000000000037 0.032303538120412714
54.10000000000037 0.02388517790981809
54.20000000000037 0.017758081756135254
54.300000000000374 0.019401430639405297
54.400000000000375 0.015700436079678342
54.50000000000038 0.012976562911291357
54.60000000000038 0.013194187128334122
54.70000000000038 0.012541618229388159
54.80000000000038 0.015658151286549637
54.90000000000038 0.027530233859762162
55.000000000000384 0.04075428488808323
55.100000000000385 0.04884887633340368
55.20000000000039 0.0511580996053588
55.30000000000039 0.043229417515618804
55.40000000000039 0.027927201790182286
55.50000000000039 0.02629277138232955
55.60000000000039 0.031888113397207186
55.700000000000394 0.0294670310285557
55.800000000000395 0.0284812977078922
55.9000000000004 0.03229763862230831
56.0000000000004 0.03875263715895705
56.1000000000004 0.041124443908212155
56.2000000000004 0.049385856488759684
56.3000000000004 0.05105669016468473
56.400000000000404 0.04702919108491415
56.500000000000405 0.03988314275788914
56.600000000000406 0.028929059642331802
56.70000000000041 0.021547606011177597
56.80000000000041 0.01644401051473592
56.90000000000041 0.01667436184565635
57.00000000000041 0.014435203788312263
57.10000000000041 0.017019589323862546
57.200000000000415 0.01732060382050521
57.300000000000416 0.013916701800317663
57.40000000000042 0.013780622161671939
57.50000000000042 0.014126802356782143
57.60000000000042 0.012501654290266485
57.70000000000042 0.017821094434818358
57.80000000000042 0.023275428718393935
