string
20190117an 17 2019_15.50.   full spectra  index number  Nphoton via eV
eV x-axis E [J] Nphoton Nphoton/sr Nphoton/sr @ 0.1bw
43.81066890785845 3.7776800999683723e-10 53818832.10580989 2902461307510.1685 824299011332.9054
43.65640598916881 3.776648976391575e-10 53994262.8167702 2911922323864.2627 829897862301.272
43.50322561727698 3.7810092529307506e-10 54246941.27231578 2925549327865.7725 836707107769.6108
43.35111643679699 3.774918814718419e-10 54349594.00968506 2931085412293.219 841221513328.1467
43.20006725060606 3.8004866559551027e-10 54909029.01965041 2961255863916.8936 852841688808.0345
43.05006701709701 3.803360650114263e-10 55142017.52173937 2973820984450.8813 859434264506.2959
42.90110484748767 3.762532176960108e-10 54739486.700822696 2952112409829.753 856112598850.6356
42.75317000318599 3.8110515024251637e-10 55637226.31705219 3000527702365.3164 873153561388.2781
42.606251893209404 3.785854528730332e-10 55459961.83916011 2990967790562.209 873362594844.1455
42.46034007165731 3.777119012938013e-10 55522137.31559129 2994320927513.653 877336031761.4691
42.31542423523527 3.8520558660214776e-10 56817595.76394183 3064185283069.1997 900870473222.3445
42.17149422082971 3.7927160877731953e-10 56133267.030751795 3027279285819.083 893047389316.6292
42.02854000313198 3.7963194258530055e-10 56377708.325570665 3040462057953.0933 899976769154.1301
41.88655169231059 3.8127376734190495e-10 56813466.91762553 3063962613490.3774 909996896206.6179
41.745519531730416 3.8963728105078784e-10 58255858.759405546 3141751118874.59 936241833424.6038
41.605433895717894 3.8532044624470735e-10 57804410.146624275 3117404397110.9023 932103914736.1353
41.46628528737101 3.881831409947874e-10 58429277.12786629 3151103609160.5044 945331082748.1653
41.32806433641311 3.840421193394943e-10 57999302.080681264 3127914961454.5156 941502403397.788
41.19076179708947 3.967165971046752e-10 60113154.81433488 3241915498611.1343 979058480580.5337
41.05436854610573 3.8925365484995856e-10 59178274.390399136 3191497194247.2 967023649856.9005
40.91887558060703 3.9187134373699344e-10 59773514.233456366 3223598608298.0547 979973976922.6108
40.78427401619714 3.9083715023558485e-10 59812516.76140198 3225702023103.3906 983839117046.5275
40.65055508499649 3.9620291214842144e-10 60833129.363271184 3280743882448.4365 1003907628029.2319
40.51771013373833 3.9346352025614105e-10 60610596.047327064 3268742612374.6104 1003503981998.9243
40.38573062190204 4.0536874858319536e-10 62648589.12592959 3378652021853.951 1040624822730.9802
40.254608119882874 3.9647239885474245e-10 61473272.08060957 3315266918264.342 1024417477743.7152
40.124334307197174 4.0407316827956296e-10 62855190.58105625 3389794083212.724 1050836165795.9204
39.99490097072234 3.9997707324042383e-10 62419379.52184451 3366290698110.2715 1046916407112.2532
39.86630000297082 3.8797632980163503e-10 60741886.31190885 3275823124866.078 1022056814958.2073
39.73852340039719 3.864121031250326e-10 60691513.80775222 3273106524773.5757 1024482342254.151
39.61156326173778 3.877524659348349e-10 61097235.676886 3294987193318.3022 1034625978701.9342
39.485411786381924 3.818164323569893e-10 60354119.52771013 3254910777952.6094 1025296895055.0483
39.36006127277436 3.7045366313355255e-10 58744485.23908738 3168102851077.0493 1001120500940.3322
39.235504116847856 3.7530683325842926e-10 59703007.582273394 3219796169282.315 1020675385662.516
39.11173281048556 3.635388885983664e-10 58013997.594563104 3128707493710.737 994928983000.0071
38.98873994001234 3.604767375537861e-10 57706803.57722902 3112140453618.566 992772804704.2714
38.86651818471449 3.6746932895349295e-10 59011198.424386844 3182486751103.206 1018395760352.9886
38.74506031538725 3.557017975851586e-10 57300537.192506835 3090230419229.8613 991963964572.8026
38.62435919290941 3.6153074104546347e-10 58421528.98809785 3150685750299.523 1014520811596.4419
38.50440776684447 3.5937407083529536e-10 58253934.89235629 3141647364306.667 1014752098671.0402
38.38519907406786 3.469438946067644e-10 56413679.50208306 3042401991317.08 985738245186.7283
38.266726237419505 3.460736966085158e-10 56446401.08434087 3044166673356.9478 989354168841.0083
38.14898246438129 3.3144417021094306e-10 54227102.657406405 2924479427053.8066 953380293219.5267
38.03196104577889 3.347685948223967e-10 54939533.14868297 2962900958222.5864 968868613338.751
37.91565535450739 3.192365028010009e-10 52551238.09947751 2834099687366.16 929584697456.1016
37.80005884428024 3.218250863226115e-10 53139369.030017376 2865817716220.555 942854028636.5841
37.68516504840097 3.1248899051104575e-10 51755114.55952746 2791164571900.2563 921084308727.0334
37.57096757855732 3.162079090110406e-10 52530232.55165775 2832966853608.823 937712028544.5374
37.45746012363721 3.0394070455437374e-10 50645342.77589764 2731314338513.189 906796360386.311
37.34463644856601 3.052127007649623e-10 51010941.67694493 2751031166672.3687 916093378501.9077
37.23249039316491 2.891596742868018e-10 48473526.42820783 2614187811059.108 873138728893.7355
37.121015871029684 2.9024132967582275e-10 48800961.30627252 2631846445167.7715 881668559131.1742
37.01020686842959 2.833174358853544e-10 47779408.05261629 2576753856267.496 865789295705.8843
36.90005744322593 2.826418768112001e-10 47807764.98332954 2578283151701.3535 868881422123.3411
36.79056172380983 2.7689861382387953e-10 46975708.36661786 2533410157599.299 856292633268.5922
36.68171390805892 2.6439475848855026e-10 44987534.91296751 2426187531316.852 822477573116.4069
36.57350826231243 2.6526039151220714e-10 45268359.86717455 2441332482105.9507 830053043915.9762
36.465939120364446 2.558888897761013e-10 43797871.220752865 2362028709943.433 805451790090.7295
36.35900088247482 2.5934018335080705e-10 44519148.35658393 2400927342574.954 821117151160.6486
36.25268801439741 2.632714882079788e-10 45326542.21384949 2444470268702.1396 838453302164.7765
36.146995046425396 2.924107221095106e-10 50490546.163034216 2722966123552.1807 936700346501.9164
36.041916572453225 2.8945359049312753e-10 50125652.48662873 2703287328311.1426 932634128267.3091
35.937447249054806 2.8470404825432714e-10 49446481.4059969 2666659484383.98 922664181596.8475
35.83358179457777 2.9520724777044696e-10 51419253.802812755 2773051528325.4907 962248880328.9854
35.73031498825334 2.918901353084661e-10 50988419.221233696 2749816525742.8994 956936150958.5156
35.62764166932158 2.687665819748269e-10 47084413.75282938 2539272662693.7344 886206159280.1196
35.52555673617166 2.679931478190346e-10 47083828.820320904 2539241117156.477 888734391004.7408
35.42405514549688 2.6722944857668655e-10 47084180.409069136 2539260078414.051 891280287523.3224
35.323131911464124 2.6035902389425377e-10 46004721.54363473 2481044627290.689 873327708806.301
35.22278210489746 2.376937529021758e-10 42119488.29938257 2271513154368.2817 801844143492.0002
35.123000852475656 2.431912376759182e-10 43216071.324021146 2330652115117.717 825050848751.7081
35.02378333594324 2.3408934531744084e-10 41716471.198569275 2249778354566.685 798671315871.1696
34.92512479133495 2.2387862645940342e-10 40009547.722304806 2157723600665.7075 768149601836.9868
34.827020508213224 2.2562566934342637e-10 40435345.736075565 2180686980052.2122 778505251878.5659
34.7294658289185 2.1977536569592604e-10 39497525.005089864 2130110104290.2974 762579417335.9437
34.63245614783214 2.0889937603409667e-10 37648079.30316055 2030369095796.5188 728902505390.9388
34.535986910651545 2.1863521697978482e-10 39512746.81420658 2130931019762.872 767135167114.6375
34.44005361367751 2.0478547632121023e-10 37112850.19461242 2001504073694.9634 722542970603.8718
34.34465180311331 2.0553465137919034e-10 37352090.04119028 2014406330595.331 729215091675.4869
34.24977707437542 2.0027678266652365e-10 36497391.97713896 1968312278319.436 714497357029.9729
34.15542507141571 1.8622842401311167e-10 34031042.09792399 1835301493523.3264 668049743642.488
34.06159148605468 1.7626907135710862e-10 32299823.96230149 1741936523365.1995 635806831028.2885
33.96827205732576 1.6621651626590403e-10 30541453.051330604 1647107198133.6426 602841234516.9099
33.87546257083034 1.6237957763272342e-10 29918178.435955778 1613493862721.1963 592152247618.6738
33.78315885810328 1.5164824947556646e-10 28017289.711637374 1510978520854.0708 556040095674.2992
33.69135679598887 1.4798900951178147e-10 27415737.765056472 1478536693688.8914 545580039971.1279
33.600052306026825 1.4287164765273548e-10 26539642.87622846 1431288706004.3682 529576821221.61536
33.509241353848374 1.3280376680841996e-10 24736301.898985207 1334034135329.0771 494926664207.0928
33.41891994858194 1.222814347962831e-10 22837948.57689249 1231655528254.7944 458175856510.8035
33.32908414226855 1.253152883057077e-10 23467652.715009082 1265615609225.506 472074622241.0876
33.23973002928659 2.050524835808692e-10 38503173.01441283 2076484485411.9148 776605197544.0515
33.150853745785824 1.4982919759924521e-10 28209196.178984303 1521328078329.4233 570498029373.5293
33.062451469130394 1.17463349275114e-10 22174625.955523778 1195882395178.7412 449651780587.2013
32.97451941735079 9.767221116415791e-11 18487641.87478397 997042542713.8267 375885038603.11053
32.8870538486045 9.110733605542024e-11 17290890.227129143 932501466363.673 352485554285.4684
32.80005106064523 7.951397661180195e-11 15130661.964670707 815999886863.6105 309263957121.3089
32.71350739030052 7.614180805623208e-11 14527304.862574283 783460707269.3121 297715068762.34485
32.627419212957626 6.341813582890513e-11 12131645.846476084 654262296078.5521 249273934805.92322
32.54178294205747 5.989260182001083e-11 11487375.320682494 619516646655.8986 236655359022.52902
32.45659502859658 4.372634291287159e-11 8408706.121212894 453483347893.19305 173684122243.1019
32.3718519606368 3.797509028386713e-11 7321840.168272354 394868430931.4491 151629477477.66995
32.28755026282264 4.0805081364483466e-11 7888022.264410669 425402754378.2238 163780060435.61542
32.20368649590622 5.352295417990706e-11 10373455.801600745 559442724994.8209 215944891848.01132
32.12025725627952 3.0060077786897766e-11 5841172.877600245 315015722273.214 121911084519.72768
32.03725917551394 2.2223720729213587e-11 4329626.082289901 233497675221.32236 90597097985.87206
31.954688919906943 8.757553921346686e-12 1710555.6225907556 92250636341.43166 35885497536.81722
31.872543190035717 1.1294097722054697e-12 221168.76746202752 11927679677.74147 4651795074.319195
31.790818720317677 6.522975501939876e-13 128065.75368044156 6906613918.03935 2700486041.9533553
31.709512278577733 -6.2504804025712066e-12 -1230305.060825679 -66350619211.875984 -26009442731.05466
31.628620665622176 -1.286130830381036e-11 -2538013.1693660524 -136875601602.67741 -53792111429.85244
31.548140714819066 -2.105859833023693e-11 -4166243.667616011 -224686426103.4257 -88526451884.7427
31.468069291685 -2.0048521786233874e-11 -3976502.262305725 -214453630894.06516 -84709184203.15756
31.388403293478206 -3.173841858262695e-11 -6311099.603611433 -340358972697.72784 -134782153188.29778
31.309139648797704 -4.9157100406370055e-11 -9799504.094586022 -528489384745.54767 -209810285743.9847
31.230275317188642 -4.314777758513927e-11 -8623262.237122342 -465054405836.1173 -185091653522.7679
31.151807288753492 -4.8038511038873537e-11 -9624878.70671232 -519071799640.46954 -207109648056.55426
31.07373258376915 -5.4375833686196785e-11 -10921982.579256356 -589024893280.2374 -235609957312.09427
30.996048252309727 -6.204845473787268e-11 -12494348.540626427 -673822931170.5839 -270202995399.39294
30.918751373875036 -6.615140703498687e-11 -13353838.323423991 -720175401879.4558 -289510511555.5399
30.8418390570246 -7.731245586346409e-11 -15645814.51772752 -843782175965.924 -340044216914.27747
30.765308439017097 -8.035709155720503e-11 -16302413.738138324 -879192714567.6704 -355193856685.3394
30.689156685455174 -8.065066735336621e-11 -16402573.242574885 -884594338401.4053 -358260707052.55414
30.61338098993553 -8.256099300769112e-11 -16832653.604216922 -907788665738.9402 -368562198289.98505
30.537978573704155 -9.324277957823625e-11 -19057410.99833937 -1027770315328.48 -418302518338.6979
30.462946685316677 -9.411592932868375e-11 -19283248.563348003 -1039949784272.1978 -424299511983.04376
30.388282600303643 -1.0283792351455507e-10 -21122052.471951205 -1139116878539.9885 -465898803322.85156
30.313983620840798 -8.989648689848473e-11 -18509244.11634059 -998207556294.0231 -409265098080.5639
30.240047075424116 -9.804726372508396e-11 -20236807.006740708 -1091375398283.2118 -448555288694.3924
30.166470318549603 -9.511764533506659e-11 -19680021.463888716 -1061347832996.5527 -437275307194.5839
30.093250730397784 -1.0783525569249271e-10 -22365604.647849772 -1206181917545.6572 -498153131946.35114
30.02038571652273 -1.1491998618647075e-10 -23892867.35207009 -1288547526979.3164 -533458676169.43896
29.94787270754562 -1.1764896206001569e-10 -24519471.01112705 -1322340398440.7688 -548771265352.9183
29.87570915885274 -1.2130034628167931e-10 -25341527.703711748 -1366674094462.1897 -568536423296.2562
29.803892550297803 -1.229519460176287e-10 -25748467.91485166 -1388620468455.9895 -579054735346.1532
29.7324203859086 -1.302642456431747e-10 -27345378.500272036 -1474742203253.6438 -616442240960.0233
29.661290193597814 -1.3086616425121045e-10 -27537614.13757487 -1485109512936.23 -622260885920.2352
29.590499524878005 -1.3484450306657423e-10 -28442641.36813327 -1533917828095.7717 -644245487800.1958
29.520045954580674 -1.37024024975297e-10 -28971345.545978326 -1562430959266.9812 -657783433851.4209
29.449927080579297 -1.320597006980827e-10 -27988205.86726117 -1509410022808.4497 -636971029625.1437
29.38014052351631 -1.421298793542113e-10 -30193989.07500999 -1628368390404.752 -688799829141.2306
29.310683926534004 -1.3323189842443388e-10 -28370777.566992007 -1530042197687.9429 -648737891819.6599
29.241554955009157 -1.3369896974208214e-10 -28537542.580383763 -1539035871089.5574 -654090245213.0853
29.17275129629149 -1.3031968781076129e-10 -27881851.910699513 -1503674330825.875 -640565264931.8124
29.104270659445735 -1.2857626018150638e-10 -27573572.8722829 -1487048775311.004 -634969827057.7825
29.036110774997383 -1.3102542884585893e-10 -28164764.23025708 -1518931853681.8037 -650102833375.8132
28.96826939468197 -1.3186186798756506e-10 -28410942.94695691 -1532208325355.3062 -657317371577.4159
28.90074429119786 -1.3373596542563836e-10 -28882059.914918724 -1557615765786.7952 -669774779288.3411
28.833533257962518 -1.2322218206167357e-10 -26673499.999364365 -1438507649735.3052 -619996797035.8546
28.76663410887211 -1.1559823799383446e-10 -25081363.349909373 -1352643374341.3928 -584341937715.4762
28.700044678064536 -1.1437427498923662e-10 -24873377.21431944 -1341426636864.4165 -580837733762.3054
28.633762819685636 -1.2570461432398773e-10 -27400707.173692487 -1477726090631.263 -641333123333.9501
28.56778640765871 -1.215881734648215e-10 -26564626.809070256 -1432636094930.2405 -623196701294.6702
28.502113335457196 -1.1994416455759984e-10 -26265824.371519387 -1416521614558.8335 -617603423947.6569
28.43674151588046 -1.1408657142815562e-10 -25040539.021363545 -1350441709433.9048 -590143027022.5933
28.371668880832676 -1.0349194601789508e-10 -22767253.621343352 -1227842933943.6782 -537795205067.32446
28.306893381104747 -8.246688032163851e-11 -18183451.875050608 -980637509943.4797 -430499866865.1854
28.242412986159177 -7.291395968662403e-11 -16113795.928382326 -869020515110.6519 -382369026648.6985
28.17822568391791 -7.753682498703894e-11 -17174470.053052522 -926222901083.6488 -408464299377.88135
28.114329480553014 -6.262034409089423e-11 -13901981.120114138 -749736861987.9856 -331383692998.68134
28.050722400280268 -5.541696380286749e-11 -12330697.74959313 -664997208457.3201 -294593763346.60767
27.987402485155485 -4.312678021651293e-11 -9617748.516109569 -518687266912.2422 -230297146509.0105
27.924367794873596 -4.394664763661892e-11 -9822711.233387787 -529740950782.8357 -235734723098.35748
27.86161640657051 -4.684533220585136e-11 -10494191.603824861 -565954033038.402 -252415498735.1282
27.799146414627526 -2.8324662789434418e-11 -6359489.610343982 -342968656273.45557 -153306989354.24023
27.736955930478473 -2.556396723230727e-11 -5752523.884753975 -310234862830.18146 -138985218547.91815
27.675043082419368 -3.653950555915163e-12 -824068.5417119417 -44442195481.923805 -19954545771.38396
27.61340601542066 4.209108520057965e-12 951391.1762015417 51308732820.55977 23088929769.251507
27.552042890941948 6.336548245256809e-12 1435449.4884215193 77414102759.37515 34913760344.47859
27.490951886749173 2.9166066381990635e-11 6621815.209350357 357115932817.6308 161416401633.5687
27.43013119673424 6.298822297397864e-11 14332450.358053481 772952161508.717 350147329163.43414
27.369579030737032 7.865914043667282e-11 17937836.182432238 967391402281.0065 439195696635.5853
27.30929361436977 8.607551287279685e-11 19672435.36877399 1060938713238.9501 482727114523.72565
27.249273188843684 9.917856422108788e-11 22717046.59041543 1225135257858.3489 558661677583.3639
27.18951601079797 1.1839762032146192e-10 27178812.117984325 1465759242070.6226 669851973626.275
27.130020352131016 1.3821731037387297e-10 31798108.939891227 1714878923209.9336 785414546830.1248
27.070784499833785 1.5574612766752348e-10 35909171.965179525 1936589445284.7312 888894555385.694
27.011806755825432 1.6756805412182382e-10 38719217.09108952 2088135789402.2732 960542463125.0817
26.95308543679103 1.8181747728791328e-10 42103297.86375726 2270640000657.666 1046765040303.1576
26.89461887402142 2.0337326225348637e-10 47197330.52552215 2545362288776.02 1175957377414.549
26.83640541325514 2.443150026298198e-10 56821771.22577079 3064410466632.747 1418822046050.9573
26.778443414522407 2.684484391753474e-10 62569765.80663637 3374401063120.2446 1565722093287.7725
26.720731251991108 2.960554254505829e-10 69153419.51250385 3729458937764.526 1734198406060.4663
26.66326731381478 3.3797021417040495e-10 79114126.07155006 4266642006439.355 1988255175000.693
26.60605000198256 3.634058375302855e-10 85251194.17486855 4597615422518.257 2147086402316.085
26.549077732171035 4.1993158363117986e-10 98722938.916179 5324149543129.284 2491701986184.4897
26.49234893359802 4.3321506508037085e-10 102063876.46019529 5504327030690.716 2581529377393.6714
26.43586204887819 4.754840787545585e-10 112261664.55474122 6054295958080.579 2845519100298.003
26.37961553388058 5.134771311001013e-10 121490304.11929698 6551998494702.31 3085991291004.7827
26.323607857587838 5.517912026220573e-10 130833311.67208633 7055868921775.715 3330370131077.9507
26.267837501957352 6.299241311548033e-10 149676251.96820012 8072072785539.798 3818090427560.4575
26.212302961784083 6.784963153018073e-10 161559049.5093223 8712914638448.77 4129921538624.778
26.15700274456513 6.871771564516343e-10 163972006.42126486 8843045928920.354 4200446816236.974
26.101935370366043 7.401235680845083e-10 176978495.45072553 9544488707915.361 4543176624967.882
26.047099371688805 7.846330645098367e-10 188016608.00131628 10139776515778.69 4836673398026.209
25.992493293341447 8.382505155520881e-10 201286599.70294717 10855430051129.316 5188895564439.917
25.938115692309353 8.905601891415814e-10 214295883.57396582 11557023556536.72 5535814283581.244
25.883965137628124 9.312492947912377e-10 224555721.75801998 12110338858734.033 5812962652191.975
25.830040210258062 9.425742162455523e-10 227761045.77492014 12283202679316.299 5908220488750.955
25.776339502960226 1.0172442131972283e-09 246316190.704322 13283885676430.584 6402832896039.433
25.722861620174 1.0737472307561148e-09 260538405.0858552 14050892787776.996 6786581216496.366
25.66960517789621 1.0954113123976563e-09 266346508.2126483 14364125051204.838 6952236524783.132
25.616568803561712 1.1674333325943307e-09 284446180.1759492 15340244292306.621 7440018481768.361
25.5637511359255 1.2337862431455118e-09 301234227.93655354 16245627355208.996 7895374894631.811
25.51115082494623 1.2877785501231701e-09 315064964.16986734 16991521964974.016 8274871196942.386
25.458766531671188 1.308439007277689e-09 320778387.0347475 17299648101307.777 8442228273438.214
25.40659692812268 1.369652220898009e-09 336474985.6472255 18146169074536.348 8873476677448.312
25.354640697185825 1.4113666826578762e-09 347433247.23141795 18737150502434.336 9181203746192.8
25.30289653249769 1.4911009151138984e-09 367811896.5443486 19836175487105.355 9739562164168.283
25.251363138337815 1.5220532965834725e-09 376213180.9907146 20289258582461.71 9982315222571.002
25.200039229520055 1.6150659606361011e-09 400016607.17661554 21572982527918.594 10635480386264.098
25.148923531285735 1.6616104328201607e-09 412381130.4903522 22239803956398.72 10986463154460.375
25.09801477919811 1.7303359956006858e-09 430308620.48471314 23206637386509.348 11487285506322.059
25.047311719038113 1.770075435042793e-09 441082298.6413435 23787664190058.496 11798681438268.924
24.996813106701342 1.8494939313874254e-09 461803523.6523776 24905164356552.188 12377866685206.256
24.94651770809631 1.9146449864849336e-09 479035063.0487917 25834465019721.535 12865563579821.58
24.896424299043908 1.9438339359075343e-09 487316546.5545506 26281087224324.414 13114262524937.713
24.846531665178087 1.9923292425633022e-09 500477214.8897717 26990844926774.258 13495422463387.281
24.796838601847732 2.0307951466069223e-09 511162253.8287044 27567091398056.26 13811112790425.768
24.74734391401969 2.150060268034511e-09 542264301.5574299 29244431588929.992 14680704657643.562
24.698046416183 2.1797451111003007e-09 550848390.2604599 29707373357562.13 14942808798853.455
24.648944932254206 2.160104235784617e-09 546972319.6958232 29498336029941.957 14867161359090.266
24.60003829548386 2.2060122607226813e-09 559707483.3752731 30185146173865.945 15243498817801.951
24.551325348364088 2.2799693159529363e-09 579619563.6529438 31259008989104.12 15817058548486.611
24.50280494253728 2.276277649793773e-09 579826962.0358269 31270194028949.926 15853988372676.709
24.454475938705844 2.3881063546539245e-09 609514832.7828479 32871267347972.94 16698603812770.928
24.40633720654304 2.37770635796165e-09 608057411.7954534 32792668317500.688 16691468173607.994
24.35838762460484 2.3369079084562046e-09 598800336.681399 32293432245516.92 16469650445213.074
24.31062608024287 2.3570539550385232e-09 605149049.301077 32635819696342.48 16676903864831.053
24.263051469518324 2.4378469511207185e-09 627119048.2588559 33820666513077.996 17316181254695.26
24.21566269711692 2.4513369757565462e-09 631823292.4513803 34074367424369.367 17480150488702.105
24.16845867626484 2.4060105278922087e-09 621351775.5100826 33509636240807.086 17223953027774.973
24.12143832864565 2.506401429290048e-09 648539457.2153685 34975873821647.785 18012575018147.94
24.07460058431818 2.5594864520269477e-09 663563851.6359056 35786142676769.836 18465649621213.47
24.027944381635393 2.613298381289665e-09 678830514.4940281 36609477121363.25 18927099671744.402
23.981468667164144 2.6456665720068906e-09 688570334.8015046 37134747746503.79 19235799332688.28
23.93517239560591 2.6442616632952465e-09 689535838.667582 37186817579755.31 19299958323892.48
23.889054529718422 2.6846266706708678e-09 701413165.7721041 37827364410830.0 19670229493631.96
23.843114040238195 2.7100524710910212e-09 709420441.8839256 38259198551106.766 19933042445125.97
23.797349905803955 2.7375582962494875e-09 717998860.1114758 38721834509764.38 20212797614097.387
23.75176111288096 2.7689957716096594e-09 727638132.867925 39241682583634.24 20523399991240.254
23.706346655686158 2.8217659043196267e-09 742925603.3251568 40066139186568.03 20994656933762.023
23.66110553611424 2.8225088478758557e-09 744542090.2725185 40153316678818.11 21080491256379.203
23.616036763664496 2.8103588690727937e-09 742751845.1489754 40056768370377.92 21069860162819.71
23.571139355368558 2.8076637419100505e-09 743452956.6403972 40094579465425.5 21129843378279.062
23.526412335718902 2.924108042743807e-09 775758755.2385206 41836838202198.555 22089850570760.97
23.481854736598223 2.964550267815651e-09 787980366.2924763 42495952341461.26 22480358788632.258
23.437465597209567 2.987984620829361e-09 795713424.4551954 42912997848169.586 22743888859529.066
23.393243964007283 2.9601114198320796e-09 789780821.1340113 42593051262210.8 22616910220232.355
23.349188890628735 2.9594317154746626e-09 791089281.0305977 42663616788694.24 22697044131586.67
23.305299437826804 3.0369895558525036e-09 813350215.1912694 43864153804126.914 23379593977599.8
23.261574673403114 3.1330381437306426e-09 840650637.3127652 45336471500106.47 24209675781055.23
23.218013672142057 3.1654701682201455e-09 850946266.7192607 45891717030705.62 24552068611427.31
23.17461551574553 3.1103243906340037e-09 837687670.4147389 45176678051596.71 24214699435656.668
23.131379292768393 3.0853778300839907e-09 832522154.5474247 44898100658673.484 24110280053708.094
23.088304098554673 3.095444356291472e-09 836796668.4483626 45128626121981.48 24279200853625.676
23.04538903517446 3.12660653099917e-09 846794759.3961539 45667825338863.016 24614957857647.355
23.00263321136152 3.1942045228704465e-09 866710665.0924096 46741894459756.55 25240623008268.715
22.96003574245159 3.2070091348533604e-09 871799492.8108048 47016336044148.21 25435837799882.98
22.917595750321365 3.189449000215591e-09 868631515.7891929 46845486355135.41 25390253604483.906
22.875312363328153 3.1346073343552127e-09 855273640.2735432 46125093226602.15 25045925622043.67
22.833184716250198 3.2012968284401378e-09 875081352.1203145 47193327429688.055 25673170121748.73
22.791211950227677 3.044506834351898e-09 833755109.1229944 44964594166791.11 24505703820901.098
22.749393212704323 3.0307486864733802e-09 831513075.9645841 44843680831480.4 24484649733989.64
22.707727657369702 3.045249829752243e-09 837024606.7413092 45140918883639.266 24692082629349.297
22.666214444102113 3.0630907542989208e-09 843470399.0869286 45488541865175.24 24927720942116.207
22.624852738912146 3.0357124273568485e-09 837459555.3835549 45164375758407.38 24795242291365.84
22.583641713886806 2.9948905537233405e-09 827705718.496678 44638349216094.7 24551092068852.812
22.542580547134285 2.9888411060399208e-09 827538432.183606 44629327428888.086 24590759413317.88
22.501668422729324 3.0054590977125613e-09 833652536.6014457 44959062408420.3 24817402449446.906
22.46090453065916 3.0435648423455176e-09 845754450.2524121 45611721240735.74 25223281846126.72
22.420288066770084 3.040355666375125e-09 846393223.6359586 45646170428082.766 25287978417157.195
22.37981823271454 2.980309163957332e-09 831177423.0430567 44825578996502.44 24878196343059.406
22.33949423589884 2.9290714678705073e-09 818362285.8092963 44134455861420.375 24538757458948.605
22.299315289431394 3.0160794460816674e-09 844190039.8457812 45527352247640.81 25358735201935.6
22.259280612071553 2.9872480378611268e-09 837624043.348409 45173246630086.68 25206671619587.156
22.21938942817895 3.072808635402101e-09 863162111.6257682 46550520200383.76 26021740792014.68
22.179640967663424 3.017478148080567e-09 849138626.2159562 45794230585655.78 25644769127967.297
22.140034465935454 2.947986610167615e-09 831067289.2434337 44819639456762.4 25143817735243.906
22.100569163857138 2.905327015791422e-09 820503690.860483 44249942301047.25 24868467573188.785
22.06124430769369 2.9041751029393907e-09 821640368.6112465 44311243579087.1 24947230135027.168
22.022059149065463 3.0348202389826968e-09 860129854.0429324 46386989890188.95 26162262298065.664
21.98301294490045 3.020254171097698e-09 857521962.806252 46246345749235.125 26129185348317.355
21.944104957387353 3.01341075228505e-09 857095937.4697793 46223370110285.92 26162427482422.324
21.905334453929072 2.9697680438396654e-09 846177778.5045677 45634551425341.8 25874790658167.504
21.866700707096744 2.920452421035971e-09 833596436.4290309 44956036913934.305 25535028967114.344
21.82820299458425 2.9181455375180564e-09 834406999.8312683 44999750774310.4 25604858190581.168
21.789840599163185 3.0571432398621222e-09 875690643.2960427 47226186635162.484 26918926382043.47
21.75161280863834 3.032806827910794e-09 870246449.4443253 46932580077998.11 26798503224538.3
21.713518915803597 2.9976962838005108e-09 861680754.1832031 46470630271684.0 26581200515401.5
21.675558218398344 2.926041903963146e-09 842556872.5646163 45439275181364.95 26036704678921.46
21.637730019064314 2.884555104454281e-09 832062821.219633 44873328712516.34 25757290680984.24
21.600033625302878 2.869525900145771e-09 829172130.7683239 44717433148479.984 25712524060377.215
21.562468349432788 3.022618097936078e-09 874930947.2616248 47185216062983.74 27178684452277.57
21.525033508548354 2.945215726065157e-09 854008610.3436404 46056869887657.02 26574813925179.527
21.48772842447808 2.901064171440508e-09 842666645.275499 45445195247510.78 26267322853061.43
