string
integrated and resized binned spectra ROIsize spatial in px50:1600
converted file:an 17 2019_16.17.19_36 binning:0.1
nm muJ
28.1 0.00010841282495306657
28.200000000000003 0.0009089501209467355
28.300000000000004 0.0009145155038585816
28.400000000000006 0.000922288921133028
28.500000000000007 0.0009325630942231058
28.60000000000001 0.000942013782446347
28.70000000000001 0.0009519415621140611
28.80000000000001 0.0009645060671414651
28.900000000000013 0.0009727357728976917
29.000000000000014 0.0009846185143723204
29.100000000000016 0.0009943788990003242
29.200000000000017 0.0010067676257243668
29.30000000000002 0.001038416267052158
29.40000000000002 0.001033867708047552
29.50000000000002 0.0010457407688950514
29.600000000000023 0.001058894791278241
29.700000000000024 0.0010721825486881221
29.800000000000026 0.0010858481034701666
29.900000000000027 0.0010994912294723443
30.00000000000003 0.0011124381055188466
30.10000000000003 0.0011516395595624258
30.20000000000003 0.0011482282462328287
30.300000000000033 0.0011619077999222775
30.400000000000034 0.0011764889774683006
30.500000000000036 0.0011920637144209744
30.600000000000037 0.0012385636801242569
30.70000000000004 0.0012318130961658804
30.80000000000004 0.001249121892282942
30.90000000000004 0.0012901569032177595
31.000000000000043 0.0012954928242392594
31.100000000000044 0.0012953090739524092
31.200000000000045 0.0012937723392223183
31.300000000000047 0.001325010046767655
31.40000000000005 0.0013074540114471676
31.50000000000005 0.0013039524574595554
31.60000000000005 0.0013362157855810598
31.700000000000053 0.0013170450325231003
31.800000000000054 0.0013130798735590272
31.900000000000055 0.0013531093692137632
32.00000000000006 0.0013245479987546483
32.10000000000006 0.0013529211703679166
32.20000000000006 0.0013350487966786232
32.30000000000006 0.0013298745761114001
32.40000000000006 0.0013669100605473376
32.500000000000064 0.0013369797521835757
32.600000000000065 0.001367473238854164
32.70000000000007 0.0013404913008921192
32.80000000000007 0.0013729814603107274
32.90000000000007 0.001347369846469188
33.00000000000007 0.0013752761515226505
33.10000000000007 0.001354804926807754
33.200000000000074 0.0013814215435435243
33.300000000000075 0.0013599998590065603
33.40000000000008 0.0013907201269382032
33.50000000000008 0.0013619229295307894
33.60000000000008 0.0013975099812233893
33.70000000000008 0.0013949707179943655
33.80000000000008 0.0013788455223888393
33.900000000000084 0.0014028876521583493
34.000000000000085 0.0013835775880372703
34.10000000000009 0.0014116312328604178
34.20000000000009 0.0014080554501393284
34.30000000000009 0.0013982758329278307
34.40000000000009 0.0014203856671066736
34.50000000000009 0.0013973488851121002
34.600000000000094 0.0014351786584425505
34.700000000000095 0.0014338074514161799
34.8000000000001 0.0014043652417979877
34.9000000000001 0.0014487488877588323
35.0000000000001 0.0014491665537008514
35.1000000000001 0.0014489557346479486
35.2000000000001 0.0014326652619456608
35.300000000000104 0.001463038940070314
35.400000000000105 0.0014605748861213276
35.50000000000011 0.0014347829150542332
35.60000000000011 0.001474940812641415
35.70000000000011 0.001480913806600925
35.80000000000011 0.0014811160737122895
35.90000000000011 0.0014857789034437112
36.000000000000114 0.0014613169215070905
36.100000000000115 0.0014965283056435884
36.20000000000012 0.001501478995863819
36.30000000000012 0.0015062690263463316
36.40000000000012 0.0015096162602963752
36.50000000000012 0.0014844053490223426
36.60000000000012 0.001521046328086595
36.700000000000124 0.0015274330881983747
36.800000000000125 0.0015347081607715999
36.90000000000013 0.0015351029071194108
37.00000000000013 0.0015418642512477184
37.10000000000013 0.0015454294155731842
37.20000000000013 0.001555801079556141
37.30000000000013 0.0015337728050345196
37.400000000000134 0.0015703318934594036
37.500000000000135 0.0015767275343733333
37.600000000000136 0.0015830999327795538
37.70000000000014 0.0015896780914412163
37.80000000000014 0.0015958442754400188
37.90000000000014 0.0015993888877778566
38.00000000000014 0.0016077795776653675
38.10000000000014 0.0016141156263908818
38.200000000000145 0.0016230732980802326
38.300000000000146 0.0016315601364480248
38.40000000000015 0.0016385679055422216
38.50000000000015 0.0016468379259601325
38.60000000000015 0.0016502412392096592
38.70000000000015 0.0016563662679624457
38.80000000000015 0.0016631871447380891
38.900000000000155 0.001674399950467949
39.000000000000156 0.0016799945131535663
39.10000000000016 0.001682859566881381
39.20000000000016 0.001696634989406651
39.30000000000016 0.0016986546099757303
39.40000000000016 0.0017499138986568738
39.50000000000016 0.0017235595482547003
39.600000000000165 0.0017302857928540565
39.700000000000166 0.0017388939403372573
39.80000000000017 0.0017504451184679015
39.90000000000017 0.0017577874473207892
40.00000000000017 0.0017602753586441894
40.10000000000017 0.001765608422171681
40.20000000000017 0.0017645510082626179
40.300000000000175 0.001822798247109807
40.400000000000176 0.0017764995853963165
40.50000000000018 0.0017781004221509341
40.60000000000018 0.0017798068969434324
40.70000000000018 0.00177968900471526
40.80000000000018 0.001826349376775882
40.90000000000018 0.0017966403447491966
41.000000000000185 0.001792439236541023
41.100000000000186 0.001790321706691028
41.20000000000019 0.0017933887277542604
41.30000000000019 0.0018520488530075919
41.40000000000019 0.0018118728382734222
41.50000000000019 0.0018033758520852566
41.60000000000019 0.0017928993168563972
41.700000000000195 0.00183646634912418
41.800000000000196 0.0017936891007678227
41.9000000000002 0.001783061269024919
42.0000000000002 0.0017672341716849485
42.1000000000002 0.0018285364825449755
42.2000000000002 0.0017745088421590332
42.3000000000002 0.0017598858117974007
42.400000000000205 0.0018040924890850665
42.500000000000206 0.0017644154428069325
42.60000000000021 0.001747944870359972
42.70000000000021 0.0017980424146609617
42.80000000000021 0.001753808437537328
42.90000000000021 0.0017381199741755492
43.00000000000021 0.0017895771493657263
43.100000000000215 0.001747695958384772
43.200000000000216 0.0017269782606168776
43.30000000000022 0.001779744953962306
43.40000000000022 0.001734650906075598
43.50000000000022 0.0017634812722976368
43.60000000000022 0.001738615220091836
43.70000000000022 0.0017125171592729871
43.800000000000225 0.0017686394681878394
43.900000000000226 0.0017206601428154179
44.00000000000023 0.001762300940920078
44.10000000000023 0.001715045559405977
44.20000000000023 0.0017536261181095758
44.30000000000023 0.0017177717700072037
44.40000000000023 0.0016998337046486658
44.500000000000234 0.0017518586624651745
44.600000000000236 0.0016972836215882166
44.70000000000024 0.0017480740990652099
44.80000000000024 0.0016960748205979506
44.90000000000024 0.001742205539442883
45.00000000000024 0.001685231467904536
45.10000000000024 0.0017409923324676424
45.200000000000244 0.0016868848972869809
45.300000000000246 0.0017336669842572898
45.40000000000025 0.0016832566718647786
45.50000000000025 0.0017307403127950493
45.60000000000025 0.0016758776888675287
45.70000000000025 0.0017334268531429035
45.80000000000025 0.0017210072974422615
45.900000000000254 0.0016818359776701473
46.000000000000256 0.0017153952799905158
46.10000000000026 0.0016770904653355763
46.20000000000026 0.0017182189305858546
46.30000000000026 0.001664813438574907
46.40000000000026 0.0017158341387211186
46.50000000000026 0.0017044064051865732
46.600000000000264 0.0016717139828085308
46.700000000000266 0.001712130744562552
46.80000000000027 0.0016541652206816604
46.90000000000027 0.0017122956925757534
47.00000000000027 0.0017022941510848617
47.10000000000027 0.0016541344266695383
47.20000000000027 0.0017025650853331974
47.300000000000274 0.0016989973952191264
47.400000000000276 0.0016582041727401487
47.50000000000028 0.0017002084114445444
47.60000000000028 0.0016947337698475144
47.70000000000028 0.0016598158073140047
47.80000000000028 0.0017055999204944933
47.90000000000028 0.001699127009319191
48.000000000000284 0.001651714107333089
48.100000000000286 0.0016983146513568266
48.20000000000029 0.001688347857665655
48.30000000000029 0.0016452290141794682
48.40000000000029 0.0016931425699969842
48.50000000000029 0.0016960438588959593
48.60000000000029 0.0016867737994457315
48.700000000000294 0.0016529986841310664
48.800000000000296 0.0016913874020936118
48.9000000000003 0.0016910577227759525
49.0000000000003 0.0016782051843526875
49.1000000000003 0.0016422741115157348
49.2000000000003 0.0016874390601860929
49.3000000000003 0.0016907601031041972
49.400000000000304 0.0016796580121798532
49.500000000000306 0.0016399570474954792
49.60000000000031 0.001684215974424483
49.70000000000031 0.0016769803394882188
49.80000000000031 0.0016674430749974494
49.90000000000031 0.001659752951263186
50.00000000000031 0.0016122602622859173
50.100000000000314 0.0016491787076813918
50.200000000000315 0.0016501941522780949
50.30000000000032 0.0016327735761277652
50.40000000000032 0.001620979308080709
50.50000000000032 0.0016218026739571619
50.60000000000032 0.001566538640398685
50.70000000000032 0.0016045495195585453
50.800000000000324 0.0015994727446910796
50.900000000000325 0.0015896443934857974
51.00000000000033 0.0015772952052036152
51.10000000000033 0.0015728697027005886
51.20000000000033 0.0015704479714663542
51.30000000000033 0.001520048678926409
51.40000000000033 0.0015612653204931794
51.500000000000334 0.0015656988498169433
51.600000000000335 0.001548299016691532
51.70000000000034 0.0015350883220207195
51.80000000000034 0.0015258272898211528
51.90000000000034 0.0015186116604800405
52.00000000000034 0.0015155111300244363
52.10000000000034 0.001502646276229598
52.200000000000344 0.0014930579025542769
52.300000000000345 0.0014950472440876615
52.40000000000035 0.0014838364531652183
52.50000000000035 0.001485612404955117
52.60000000000035 0.0014399808886423418
52.70000000000035 0.001465100962093431
52.80000000000035 0.0014701046588317564
52.900000000000354 0.0014579510164416355
53.000000000000355 0.001450458212885225
53.10000000000036 0.0014408676902274416
53.20000000000036 0.0014338888704953623
53.30000000000036 0.0014306320989817673
53.40000000000036 0.0014239259514038127
53.50000000000036 0.001420003914519761
53.600000000000364 0.001415313864181594
53.700000000000365 0.0014016080944785696
53.80000000000037 0.0014000982779844157
53.90000000000037 0.0013970602363662505
54.00000000000037 0.0013888636502605658
54.10000000000037 0.0013868984020127197
54.20000000000037 0.0013853751395234582
54.300000000000374 0.0014209726023763905
54.400000000000375 0.0013683219466968147
54.50000000000038 0.0013589297535073364
54.60000000000038 0.0013548080644618797
54.70000000000038 0.0013438876643231225
54.80000000000038 0.0013522697734720637
54.90000000000038 0.0013428190700919787
55.000000000000384 0.001335870168945682
55.100000000000385 0.0013277140299765172
55.20000000000039 0.0013264834248943812
55.30000000000039 0.0013195082779116423
55.40000000000039 0.0013034891530421745
55.50000000000039 0.0013000771948651231
55.60000000000039 0.0013508035298156538
55.700000000000394 0.0013021747725626177
55.800000000000395 0.0013010519022231388
55.9000000000004 0.0012834719703416456
56.0000000000004 0.0012793326321005754
56.1000000000004 0.0012668736105718652
56.2000000000004 0.0012618874088067302
56.3000000000004 0.001297714101199448
56.400000000000404 0.0012623565677663897
56.500000000000405 0.001253453043752969
56.600000000000406 0.0012443715212298349
56.70000000000041 0.0012424395362811696
56.80000000000041 0.0012291684754220308
56.90000000000041 0.0012566449726818063
57.00000000000041 0.0012337632866603959
57.10000000000041 0.001225921506732195
57.200000000000415 0.0012113864479022442
57.300000000000416 0.0012084655120551695
57.40000000000042 0.001198676667471248
57.50000000000042 0.0012370503627552962
57.60000000000042 0.001195059690320839
57.70000000000042 0.001185713920141063
57.80000000000042 0.0011824656378426268
