string
integrated and resized binned spectra ROIsize spatial in px50:1600
converted file:an 17 2019_14.45.25_08 binning:0.1
nm muJ
28.1 1.877232605463501e-05
28.200000000000003 0.00032779967744186447
28.300000000000004 0.0003626586257232002
28.400000000000006 0.00036579177106147993
28.500000000000007 0.0003769836556571206
28.60000000000001 0.0003677131036094167
28.70000000000001 0.0003555729476680199
28.80000000000001 0.0003536893327419781
28.900000000000013 0.0003593878141812719
29.000000000000014 0.00035829459558644116
29.100000000000016 0.00036038012075369116
29.200000000000017 0.00034495706667465566
29.30000000000002 0.00035682072958616697
29.40000000000002 0.0003616393806488731
29.50000000000002 0.0003748403652164989
29.600000000000023 0.0003800256815795712
29.700000000000024 0.0003496361068993675
29.800000000000026 0.0003365770269898351
29.900000000000027 0.0003576081556768718
30.00000000000003 0.0003611501020464524
30.10000000000003 0.00036706920949707987
30.20000000000003 0.0003702946594414186
30.300000000000033 0.00036153693697490525
30.400000000000034 0.000352525260294854
30.500000000000036 0.0003749472241986206
30.600000000000037 0.0003854487377154929
30.70000000000004 0.00040896948083223435
30.80000000000004 0.00036522096370224184
30.90000000000004 0.00034526711273834504
31.000000000000043 0.0003494235600025695
31.100000000000044 0.00035397805538141405
31.200000000000045 0.0003577293808709056
31.300000000000047 0.0003701231280305814
31.40000000000005 0.00034793642528183397
31.50000000000005 0.0003397320748793081
31.60000000000005 0.0003590998540292695
31.700000000000053 0.00040663041590639597
31.800000000000054 0.0003798885736626612
31.900000000000055 0.00037199197607564393
32.00000000000006 0.00032874788370260957
32.10000000000006 0.00029931927880209386
32.20000000000006 0.0002883722846237819
32.30000000000006 0.00031764460958099523
32.40000000000006 0.00032716213530074455
32.500000000000064 0.000317617765203159
32.600000000000065 0.0003145059893948308
32.70000000000007 0.00028607086138921124
32.80000000000007 0.0002852219396185714
32.90000000000007 0.0003307655962248458
33.00000000000007 0.00035854713836723463
33.10000000000007 0.00035472123222105386
33.200000000000074 0.00033065559905714635
33.300000000000075 0.00023899079168744868
33.40000000000008 0.00021054321838883292
33.50000000000008 0.00020240469423330484
33.60000000000008 0.00023083959220784533
33.70000000000008 0.00027061182982656123
33.80000000000008 0.00025123718414110944
33.900000000000084 0.0002395122848747165
34.000000000000085 0.00023396747855864995
34.10000000000009 0.00023422761191902892
34.20000000000009 0.0002523187570765033
34.30000000000009 0.00037354864065793097
34.40000000000009 0.00043864736172636665
34.50000000000009 0.0004891934960869227
34.600000000000094 0.00048049959898190776
34.700000000000095 0.00038420743662665824
34.8000000000001 0.0002743882045620167
34.9000000000001 0.0002571623241075966
35.0000000000001 0.00026398500739719944
35.1000000000001 0.0003849261587696359
35.2000000000001 0.00038603848900300124
35.300000000000104 0.00034215599752157735
35.400000000000105 0.00033451849283947123
35.50000000000011 0.0003039406720322071
35.60000000000011 0.0003144703266784813
35.70000000000011 0.0003156414914674915
35.80000000000011 0.00041430703039587016
35.90000000000011 0.0004574408513953049
36.000000000000114 0.0006266667559809234
36.100000000000115 0.0005028404412987601
36.20000000000012 0.0003059132002403636
36.30000000000012 0.00022945966165238062
36.40000000000012 0.00022397064782193814
36.50000000000012 0.0002162194548541881
36.60000000000012 0.00028541448245602603
36.700000000000124 0.0005455433139731256
36.800000000000125 0.0005999122167199705
36.90000000000013 0.0005476201877216536
37.00000000000013 0.0004666921904144227
37.10000000000013 0.00039905686715736524
37.20000000000013 0.00045033421917588224
37.30000000000013 0.0007581939954689042
37.400000000000134 0.0007726146122669519
37.500000000000135 0.0007259080780851615
37.600000000000136 0.0012093079445782743
37.70000000000014 0.0011921752949853174
37.80000000000014 0.000672546303163066
37.90000000000014 0.00046971278410498705
38.00000000000014 0.0004744001789850544
38.10000000000014 0.0005458295026988067
38.200000000000145 0.0009283247689959693
38.300000000000146 0.0010597929109445925
38.40000000000015 0.0019743619462927473
38.50000000000015 0.0026000067622013105
38.60000000000015 0.002138651493321202
38.70000000000015 0.001223560471539922
38.80000000000015 0.0008627729090532527
38.900000000000155 0.0006932413472229237
39.000000000000156 0.0009150954657226383
39.10000000000016 0.0008795660864745734
39.20000000000016 0.0011953673350738095
39.30000000000016 0.0018617869955115836
39.40000000000016 0.0030576521216961233
39.50000000000016 0.0033994075859353047
39.600000000000165 0.002318519569725486
39.700000000000166 0.0020076247547950667
39.80000000000017 0.0017105370813393758
39.90000000000017 0.0015342589035296176
40.00000000000017 0.0029553037984657656
40.10000000000017 0.004122742774439911
40.20000000000017 0.004624612662496235
40.300000000000175 0.006687682813439676
40.400000000000176 0.0067685451410447505
40.50000000000018 0.0036180327596722754
40.60000000000018 0.0032895854678697267
40.70000000000018 0.0021109349521446948
40.80000000000018 0.001838777694991835
40.90000000000018 0.0016345946123103323
41.000000000000185 0.001808084193685356
41.100000000000186 0.0022249819348761062
41.20000000000019 0.0032370062784456395
41.30000000000019 0.005177619097378775
41.40000000000019 0.007160220063211845
41.50000000000019 0.008553466036227461
41.60000000000019 0.0044968904380650945
41.700000000000195 0.006032110190424056
41.800000000000196 0.0038362274995651065
41.9000000000002 0.004034375585432073
42.0000000000002 0.005412939172545178
42.1000000000002 0.006139862365662419
42.2000000000002 0.01055530303127289
42.3000000000002 0.0110969675302255
42.400000000000205 0.00943049718093794
42.500000000000206 0.008390699991648713
42.60000000000021 0.005374175443176269
42.70000000000021 0.0048097287664323205
42.80000000000021 0.005130203801470639
42.90000000000021 0.005249550114776113
43.00000000000021 0.003725821472967561
43.100000000000215 0.003210287532594448
43.200000000000216 0.003279039093328895
43.30000000000022 0.005114356434024957
43.40000000000022 0.005943731490300468
43.50000000000022 0.00990581918595167
43.60000000000022 0.012303532467029836
43.70000000000022 0.012556534063462686
43.800000000000225 0.008686849365777146
43.900000000000226 0.00940633346697817
44.00000000000023 0.007956909296671229
44.10000000000023 0.009383672702466732
44.20000000000023 0.009342194782962852
44.30000000000023 0.008607793407164804
44.40000000000023 0.014327765588686538
44.500000000000234 0.02123659160107032
44.600000000000236 0.019326718476088203
44.70000000000024 0.011661141210379172
44.80000000000024 0.010354869299440675
44.90000000000024 0.010009296044606122
45.00000000000024 0.006469789630945414
45.10000000000024 0.006288907809005976
45.200000000000244 0.007338965031891418
45.300000000000246 0.007688970616516253
45.40000000000025 0.00940788473625934
45.50000000000025 0.007774298930122676
45.60000000000025 0.006578161484010007
45.70000000000025 0.00813597669409222
45.80000000000025 0.00955011267117347
45.900000000000254 0.014154304749986291
46.000000000000256 0.019716811540566932
46.10000000000026 0.019667456420429066
46.20000000000026 0.014748193222344488
46.30000000000026 0.011370584848182643
46.40000000000026 0.012763739744696932
46.50000000000026 0.013579161779107821
46.600000000000264 0.014895065050672332
46.700000000000266 0.01377495202883514
46.80000000000027 0.015901672937522166
46.90000000000027 0.02455851638682127
47.00000000000027 0.025495961246605997
47.10000000000027 0.024609092113183396
47.20000000000027 0.01925330839914441
47.300000000000274 0.014310517792687423
47.400000000000276 0.01004896595389421
47.50000000000028 0.015305660880970242
47.60000000000028 0.014049639600520905
47.70000000000028 0.008123226180989292
47.80000000000028 0.01114524923561368
47.90000000000028 0.008490201939735185
48.000000000000284 0.010658746582472099
48.100000000000286 0.014310399114437978
48.20000000000029 0.01690435555521296
48.30000000000029 0.01599214433603566
48.40000000000029 0.014971679705422876
48.50000000000029 0.013749947453120965
48.60000000000029 0.01995108806960616
48.700000000000294 0.024574960920355344
48.800000000000296 0.023452825573887955
48.9000000000003 0.019751836742454145
49.0000000000003 0.013611997183436414
49.1000000000003 0.016438261407770424
49.2000000000003 0.019052051901873198
49.3000000000003 0.019707495832835296
49.400000000000304 0.018465169242044985
49.500000000000306 0.020160929934496898
49.60000000000031 0.028724383450605864
49.70000000000031 0.03440505957567727
49.80000000000031 0.0308411690257665
49.90000000000031 0.026010023081831483
50.00000000000031 0.018465315478035205
50.100000000000314 0.022848856471254436
50.200000000000315 0.021647899886060834
50.30000000000032 0.012667627569106193
50.40000000000032 0.0157371551536455
50.50000000000032 0.019292189348660862
50.60000000000032 0.014765001428749994
50.70000000000032 0.01387415138065382
50.800000000000324 0.011029729828063486
50.900000000000325 0.012400796964599298
51.00000000000033 0.012688899788542275
51.10000000000033 0.01141093945350335
51.20000000000033 0.012718532568299343
51.30000000000033 0.016881611903360925
51.40000000000033 0.023113423398719635
51.500000000000334 0.02317199786399779
51.600000000000335 0.023777442656766085
51.70000000000034 0.026651146760267863
51.80000000000034 0.02626517942189366
51.90000000000034 0.02303160159750542
52.00000000000034 0.015988501976263825
52.10000000000034 0.016281137451999775
52.200000000000344 0.02116214119675165
52.300000000000345 0.017992263337201372
52.40000000000035 0.016086793016006348
52.50000000000035 0.01895719420672842
52.60000000000035 0.02252678339697827
52.70000000000035 0.03158613434981051
52.80000000000035 0.03603619112540472
52.900000000000354 0.03479842016333063
53.000000000000355 0.029118855915420377
53.10000000000036 0.024314869341510437
53.20000000000036 0.020284080773683082
53.30000000000036 0.021501354810921667
53.40000000000036 0.02266915963054087
53.50000000000036 0.02028270133682926
53.600000000000364 0.015030725625236638
53.700000000000365 0.011852422858295403
53.80000000000037 0.01391708252793494
53.90000000000037 0.020467973401603303
54.00000000000037 0.019268379552176126
54.10000000000037 0.013813688352474016
54.20000000000037 0.015435940976828284
54.300000000000374 0.017508151312142714
54.400000000000375 0.012939081624782276
54.50000000000038 0.012905902314989918
54.60000000000038 0.013397941051933942
54.70000000000038 0.013160840404437785
54.80000000000038 0.0163250016289393
54.90000000000038 0.01699390650334139
55.000000000000384 0.021781653429060854
55.100000000000385 0.030089439088699852
55.20000000000039 0.03191428872709976
55.30000000000039 0.0264152884497038
55.40000000000039 0.01959432574484851
55.50000000000039 0.014395103044269811
55.60000000000039 0.014708620043633764
55.700000000000394 0.018648370703047878
55.800000000000395 0.016466947321061926
55.9000000000004 0.01305376764263176
56.0000000000004 0.011740469371818916
56.1000000000004 0.014594823001474548
56.2000000000004 0.021385486944006805
56.3000000000004 0.026159317533248475
56.400000000000404 0.02964662979555994
56.500000000000405 0.026685467839516214
56.600000000000406 0.020945424780197622
56.70000000000041 0.017890359049041585
56.80000000000041 0.016786234878823553
56.90000000000041 0.017085677158958628
57.00000000000041 0.014567742781122812
57.10000000000041 0.0124827899338089
57.200000000000415 0.013001251109195804
57.300000000000416 0.015459984508380969
57.40000000000042 0.013775061045465904
57.50000000000042 0.010740617219822236
57.60000000000042 0.009704299663387312
57.70000000000042 0.01276089306893038
57.80000000000042 0.011743198588162355
