string
20190117an 17 2019_14.48.   full spectra  index number  Nphoton via eV
eV x-axis E [J] Nphoton Nphoton/sr Nphoton/sr @ 0.1bw
43.81066890785845 3.8565464763925465e-10 54942404.28747816 2963055799361.5605 841507847018.701
43.65640598916881 3.9930917517196034e-10 57088717.2309633 3078806922686.3154 877459972965.5546
43.50322561727698 4.0108682586186515e-10 57544777.15378032 3103402333402.03 887573067352.9805
43.35111643679699 4.08859417757425e-10 58865751.69646347 3174642777468.2603 911122477133.3829
43.20006725060606 3.958463129140177e-10 57191456.386405975 3084347667659.2344 888292128285.8274
43.05006701709701 3.8964707855765397e-10 56491950.17168624 3046623145532.9404 880474089059.0109
42.90110484748767 3.906691607822104e-10 56836801.18939778 3065221035836.3833 888914100392.5587
42.75317000318599 3.934146948221178e-10 57434286.569844134 3097443552206.472 901356073692.0533
42.606251893209404 3.793536245092743e-10 55572493.28829147 2997036636061.117 875134697729.8267
42.46034007165731 3.77654756337349e-10 55513737.23577339 2993867909384.1714 877203297449.531
42.31542423523527 3.8787587132332485e-10 57211461.17799454 3085426530415.611 907115399942.1895
42.17149422082971 3.8248669374112287e-10 56609108.666727476 3052941528622.9854 900617750943.7804
42.02854000313198 3.843769518876766e-10 57082371.765189864 3078464710338.6133 911225554260.2443
41.88655169231059 4.036655093192234e-10 60150052.33477959 3243905389904.637 963439900801.6516
41.745519531730416 3.8143475112012963e-10 57029473.481740244 3075611894420.1187 916532344537.1719
41.605433895717894 3.6568377641288124e-10 54858586.40969271 2958535483003.309 884602109417.9662
41.46628528737101 3.799857885213216e-10 57195412.673682384 3084561031091.5474 925368309327.4779
41.32806433641311 3.818444424362415e-10 57667401.697445385 3110015501681.847 936114666006.2148
41.19076179708947 3.908410894375927e-10 59222858.5560441 3193901627986.262 964558291651.8228
41.05436854610573 3.870323491415649e-10 58840569.04819253 3173284671776.1235 961505255548.1643
40.91887558060703 3.7307872102052793e-10 56907009.398694746 3069007379816.375 932978243464.18
40.78427401619714 3.656522822269433e-10 55958301.933071114 3017843380090.313 920442230927.5392
40.65055508499649 3.7288085146362456e-10 57252252.26430419 3087626402562.0796 944813679184.0061
40.51771013373833 3.81980746003399e-10 58841746.443982586 3173348168986.8687 974217887878.89
40.38573062190204 4.3539546083499194e-10 67289132.24929582 3628917520646.684 1117706596359.1392
40.254608119882874 3.738899399194331e-10 57971848.91372709 3126434406196.526 966068231514.7582
40.124334307197174 3.6604015573658787e-10 56939004.01034475 3070732856173.431 951927185413.7418
39.99490097072234 3.623760952870274e-10 56551468.90824098 3049833003925.6753 948498064220.8477
39.86630000297082 3.5052735913055625e-10 54878845.33679654 2959628051343.234 923403952019.0807
39.73852340039719 3.666871322573136e-10 57593426.73414853 3106026015840.321 972186142958.0411
39.61156326173778 3.797259545923934e-10 59832517.33661691 3226780658469.8203 1013209126759.5111
39.485411786381924 3.523705594498163e-10 55699579.85254061 3003890442080.3994 946225489255.3041
39.36006127277436 3.246822278745266e-10 51486305.14659806 2776667621862.6157 877426968508.573
39.235504116847856 3.2724610283661375e-10 52057609.47462035 2807478188387.6885 889970585718.9165
39.11173281048556 3.3207988492524113e-10 52993729.83048257 2857963362549.7905 908832349290.8268
38.98873994001234 3.692012042934745e-10 59103457.0530671 3187462278990.9526 1016800466998.0615
38.86651818471449 4.112856941987643e-10 66047584.91979245 3561960603442.6577 1139827393101.6086
38.74506031538725 3.0077482113389185e-10 48452268.00077115 2613041339449.0933 838786269963.1735
38.62435919290941 2.803672592361129e-10 45305923.129553035 2443358277006.573 786761365196.113
38.50440776684447 2.908269446843778e-10 47142560.56706787 2542408533017.9062 821197956164.773
38.38519907406786 2.9802651167935797e-10 48459628.12534622 2613438272566.4004 846754000311.5089
38.266726237419505 2.998421838584282e-10 48905803.41106757 2637500602656.1255 857187695863.241
38.14898246438129 3.0277294022603744e-10 49536244.07112902 2671500404415.3315 870909131839.3851
38.03196104577889 3.0455636835336344e-10 49981345.18463109 2695504804163.9097 881430070961.5669
37.91565535450739 2.644133357178134e-10 43526501.637707844 2347393689375.264 769945130115.0875
37.80005884428024 2.5579068542985816e-10 42235848.61831608 2277788491647.4346 749392413752.023
37.68516504840097 2.683699936881599e-10 44448029.17682123 2397091869759.839 791040317020.7029
37.57096757855732 2.5982753633838516e-10 43164008.61024359 2327844361653.163 770516483707.2108
37.45746012363721 3.3636634635477337e-10 56048395.80269593 3022702162051.909 1003537117801.1589
37.34463644856601 3.115780915225851e-10 52074804.92992964 2808405543028.1997 935199045828.3997
37.23249039316491 2.196540826059829e-10 36821897.81312408 1985812948552.4192 663261524816.5029
37.121015871029684 1.9704083066885506e-10 33130298.720608402 1786724207499.8289 598552609512.4227
37.01020686842959 1.8116080652348085e-10 30551441.604635485 1647645882983.3699 553609016682.4158
36.90005744322593 2.1675437339003682e-10 36663152.180601105 1977251762103.2537 666333843828.7849
36.79056172380983 2.0353046421467886e-10 34528839.269496456 1862147803131.764 629405957458.5576
36.68171390805892 2.0251237633290427e-10 34458068.12762169 1858331100075.5554 629974242925.6086
36.57350826231243 2.0592616093211428e-10 35142598.96095969 1895247996630.5579 644384318854.3531
36.465939120364446 2.140871274863397e-10 36643093.21077577 1976169977502.7986 673873962328.47
36.35900088247482 2.0438683055705473e-10 35085683.65355551 1892178541737.5032 647125061274.2373
36.25268801439741 1.868410596838199e-10 32167779.491369836 1734815336361.433 595041660371.9308
36.146995046425396 3.0210523940891074e-10 52164498.02670897 2813242711223.1724 967755492660.7365
36.041916572453225 3.313963877668471e-10 57389027.85840359 3095002740066.111 1067775945322.768
35.937447249054806 4.5499385882876713e-10 79021866.80648112 4261666444231.0293 1474536589703.921
35.83358179457777 3.6317748811405123e-10 63258323.01829375 3411535103132.735 1183802680787.1084
35.73031498825334 3.0687318919280096e-10 53605712.99123882 2890967747361.609 1006056776081.8258
35.62764166932158 2.30035981327986e-10 40299315.64892054 2173350847899.6516 758499445916.9838
35.52555673617166 1.9400430717241485e-10 34084698.29787994 1838195184043.6633 643368314415.2633
35.42405514549688 2.355088757493318e-10 41495211.14824463 2237845751984.3315 785483858946.4921
35.323131911464124 2.9803646666512233e-10 52662221.780131415 2840085061374.829 999709941603.9152
35.22278210489746 2.985775851624731e-10 52908143.15126062 2853347654345.8 1007231721984.0632
35.123000852475656 2.555850551738255e-10 45418503.06492223 2449429737378.821 867098127032.1409
35.02378333594324 2.7029998022112166e-10 48169477.019884475 2597790360414.046 922215577946.9822
34.92512479133495 2.712590991013926e-10 48476953.973873764 2614372659341.5 930716666725.5679
34.827020508213224 2.4695667868410205e-10 44258167.581212424 2386852592661.568 852106375580.0989
34.7294658289185 2.1241495834130956e-10 38174729.465125486 2058771453445.082 737040180333.3561
34.63245614783214 2.5876388004664e-10 46634716.01370096 2515020365926.519 902892311367.6062
34.535986910651545 4.1504536322530867e-10 75008878.16736472 4045245095108.965 1456288234239.234
34.44005361367751 5.602410507370466e-10 101531332.01821092 5475606793240.183 1976694052359.679
34.34465180311331 4.221310097008017e-10 76714439.03847405 4137226363417.903 1497675943557.234
34.24977707437542 2.4736102885098047e-10 45077778.41066573 2431054382752.9536 882472740939.344
34.15542507141571 2.1478814226169944e-10 39249992.85247748 2116760641523.9995 770500873514.7325
34.06159148605468 1.3207863768544348e-10 24202298.86942318 1305235235933.6055 476410861115.759
33.96827205732576 1.4086902494278345e-10 25883978.369478557 1395928576713.419 510909859077.1085
33.87546257083034 2.6578731415654937e-10 48970889.11596346 2641010688860.9126 969250922811.9464
33.78315885810328 3.6541049550611063e-10 67510253.17913203 3640842620430.8726 1339830084318.564
33.69135679598887 4.047125191532847e-10 74975110.19193985 4043423980858.27 1492023448936.5022
33.600052306026825 3.6486853610612457e-10 67777482.82546255 3655254373312.6343 1352444118125.6726
33.509241353848374 2.996674681290593e-10 55816677.03475835 3010205518556.5527 1116786247384.4927
33.41891994858194 2.989057958693334e-10 55825278.84769682 3010669416197.0527 1119969022825.3525
33.32908414226855 3.803584715117564e-10 71229302.00562783 3841411731600.4155 1432846575886.8755
33.23973002928659 6.116479217325597e-10 114850526.76812328 6193913859673.903 2316523783518.026
33.150853745785824 5.491975334824524e-10 103400546.83105937 5576413954180.634 2091155232817.7214
33.062451469130394 8.542483957789478e-10 161264247.66876307 8697015911142.245 3270077982589.445
32.97451941735079 1.227564704178723e-09 232356535.7892655 12531038454151.83 4724201497215.213
32.8870538486045 1.3904032318321885e-09 263878966.21663624 14231049975290.875 5379336890659.95
32.80005106064523 1.1220759176721571e-09 213519083.4673353 11515130558027.72 4364234481492.5137
32.71350739030052 9.780412118272179e-10 186603171.30744392 10063549567811.59 3824148835768.4844
32.627419212957626 5.862070781150199e-10 112139162.89774582 6047689417105.555 2304169667917.169
32.54178294205747 5.2373572619881e-10 100452287.47577634 5417413686646.213 2069452028298.6414
32.45659502859658 7.468712852773759e-10 143625575.1088967 7745758468018.972 2966625493251.4194
32.3718519606368 1.27765437252279e-09 246339930.62237284 13285165975368.52 5101503734541.293
32.28755026282264 1.355508712555238e-09 262033123.0008248 14131503249656.068 5440628751117.562
32.20368649590622 1.867309800676611e-09 361909315.0221993 19517847983290.69 7533889321550.571
32.12025725627952 2.1444326191038117e-09 416698910.1408822 22472662750981.613 8696920484629.446
32.03725917551394 1.1650715724173172e-09 226979286.19313708 12241042215234.885 4749524379511.082
31.954688919906943 6.627085532935651e-10 129442519.24183127 6980863183864.923 2715555778523.4785
31.872543190035717 7.281071914231155e-10 142582943.82633743 7689529136440.791 2998916363211.9224
31.790818720317677 9.353770944129354e-10 183642836.8246817 9903898086028.916 3872424151637.262
31.709512278577733 9.288274552896632e-10 182824526.32066965 9859766422771.07 3865028437726.152
31.628620665622176 1.3250260556943878e-09 261476787.56049973 14101499958496.469 5541889483689.134
31.548140714819066 2.6270378355679853e-09 519734484.4793215 28029393659345.633 11043581101781.305
31.468069291685 4.0968357876450285e-09 812582441.3175253 43822747592318.414 17309985298966.146
31.388403293478206 5.690913492487503e-09 1131622919.1798668 61028669874400.71 24167353270262.242
31.309139648797704 4.508341905954338e-09 898741272.4097182 48469312070970.445 19242316892175.477
31.230275317188642 3.547801620341702e-09 709042862.6857237 38238835622919.34 15219056577921.34
31.151807288753492 3.0211027707745665e-09 605300770.1609973 32644002035279.062 13024956812076.781
31.07373258376915 2.0868122442558676e-09 419159127.002538 22605342780808.37 9042137112323.32
30.996048252309727 2.3028058327872426e-09 463703065.8987488 25007607082571.1 10028050440110.598
30.918751373875036 3.9233281946978965e-09 791993590.9151145 42712386417225.92 17170379339724.742
30.8418390570246 3.844682265876472e-09 778052966.2352444 41960565499665.055 16910107896365.52
30.765308439017097 4.734858207193147e-09 960582519.7161646 51804423973106.125 20928987285134.91
30.689156685455174 6.4497205803714434e-09 1311731417.548768 70741960319680.77 28650493929469.51
30.61338098993553 4.641364836314819e-09 946288116.1470807 51033523683192.13 20719610615374.617
30.537978573704155 3.216685487879837e-09 657441763.0212758 35455977107770.18 14430582682862.688
30.462946685316677 2.2001485923965654e-09 450784606.6665041 24310911769664.26 9918852002022.717
30.388282600303643 2.399833081241513e-09 492905715.4555761 26582512317393.543 10872247537813.871
30.313983620840798 2.4531010212240926e-09 505081424.31811154 27239150941500.785 11168051886015.717
30.240047075424116 2.462679761880797e-09 508293379.8165531 27412372399323.258 11266485056121.668
30.166470318549603 3.1657262309185873e-09 654994769.4121996 35324010210827.77 14553492206861.182
30.093250730397784 4.705498962328862e-09 975945471.5109596 52632951300972.88 21737408887301.57
30.02038571652273 8.228602403968339e-09 1710798201.9065576 92263718696632.78 38197179540406.11
29.94787270754562 1.2746329280973572e-08 2656489660.688042 143265064518475.6 59455001775167.29
29.87570915885274 1.4289033295274349e-08 2985201149.142518 160992546502801.22 66972899345163.58
29.803892550297803 9.64390191811033e-09 2019615851.1947186 108918321612818.53 45418940112545.76
29.7324203859086 8.683780736095766e-09 1822919787.9237986 98310460188754.16 41093772358899.25
29.661290193597814 7.748607824080552e-09 1630506812.6954765 87933586633320.23 36844172799358.51
29.590499524878005 5.633999769282359e-09 1188374989.4256244 64089321352038.94 26917514967855.168
29.520045954580674 6.767431329480705e-09 1430855585.656686 77166352585250.64 32487034438391.598
29.449927080579297 7.636499445242826e-09 1618449212.3552494 87283317627479.94 36833560038795.26
29.38014052351631 7.658861991895954e-09 1627044196.203096 87746846973638.98 37116916269850.39
29.310683926534004 1.1125523653985966e-08 2369100497.9754734 127766104538611.44 54172828324368.92
29.241554955009157 1.3468792669987965e-08 2874863172.6005135 155041995457165.28 65892848069297.6
29.17275129629149 9.305542366549685e-09 1990917554.9103317 107370616259548.62 45739882526566.98
29.104270659445735 5.2622069569928385e-09 1128496402.0017908 60860056123756.875 25987243964843.52
29.036110774997383 5.836463232107164e-09 1254585558.840228 67660071744694.85 28958510706729.45
28.96826939468197 5.338533834935211e-09 1150239887.5393338 62032687022529.445 26612022732664.71
28.90074429119786 6.054159477873486e-09 1307476236.612216 70512477487342.16 30320365319557.992
28.833533257962518 5.227766666246923e-09 1131637436.0179908 61029452770634.5 26303694144140.84
28.76663410887211 4.550665428507449e-09 987358415.4661071 53248453847915.4 23003332062299.234
28.700044678064536 5.339154167989928e-09 1161124699.0489511 62619707271948.695 27114333248754.4
28.633762819685636 7.051069969072863e-09 1536970655.5546389 82889161358154.06 35973896029437.85
28.56778640765871 1.1043209922866823e-08 2412724379.481321 130118749945431.06 56601656226263.93
28.502113335457196 1.698671140436875e-08 3719813965.460357 200610375280126.7 87466123622136.02
28.43674151588046 2.5446524049139233e-08 5585185622.058955 301210273969104.4 131628889724493.44
28.371668880832676 2.270072516894711e-08 4993945782.220234 269324580960817.34 117964166460836.55
28.306893381104747 1.576621890913445e-08 3476356589.064955 187480666080448.4 82304012409316.44
28.242412986159177 1.4604563295701227e-08 3227570599.395719 174063583609280.62 76587976788085.81
28.17822568391791 1.2308673414335984e-08 2726381212.8321466 147034331109420.3 64842140019253.125
28.114329480553014 9.034822977314085e-09 2005768896.3171618 108171552328046.02 47811826128995.14
28.050722400280268 1.2701459035611344e-08 2826171655.7423177 152416051374858.88 67520310759065.89
27.987402485155485 1.2685665461951766e-08 2829043567.8254786 152570934217421.47 67741494792527.77
27.924367794873596 1.1215608586815848e-08 2506850701.4673486 135195002938910.6 60161776307814.09
27.86161640657051 1.8461077402990394e-08 4135611262.797785 223034413856744.25 99473348580108.3
27.799146414627526 2.7632299281565952e-08 6204039267.736082 334585185525306.0 149559577929817.25
27.736955930478473 2.0307128010482564e-08 4569605251.387818 246439803945813.06 110405032167721.77
27.675043082419368 1.0882882834864617e-08 2454395933.965405 132366105931827.5 59432381563391.055
27.61340601542066 8.725538435029799e-09 1972246672.932167 106363691538250.9 47863661192212.1
27.552042890941948 8.473889639047294e-09 1919631963.0985262 103526168806472.19 46690302131719.49
27.490951886749173 7.65201470132959e-09 1737300692.7915547 93693003787678.84 42349237712030.73
27.43013119673424 9.578204464986853e-09 2179441386.533834 117537747455465.22 53244599597323.516
27.369579030737032 1.0215347856699129e-08 2329560625.5391736 125633710628156.08 57037704625183.945
27.30929361436977 1.0619096739235544e-08 2426979373.170733 130887524851972.64 59553823807647.97
27.249273188843684 9.13838016116013e-09 2093164077.4636497 112884793433720.98 51475465805772.8
27.18951601079797 9.133437736604976e-09 2096629877.8683891 113071704802487.44 51673769094736.8
27.130020352131016 9.820905174676837e-09 2259385686.1198664 121849160899894.3 55806915692149.82
27.070784499833785 1.530437610785061e-08 3528610834.227434 190298748874201.06 87347125733258.52
27.011806755825432 2.476963273153648e-08 5723410658.583347 308664780218003.8 141985798900287.06
26.95308543679103 3.225758000692365e-08 7469856691.745956 402850994198702.25 185714308325597.06
26.89461887402142 3.48746544280988e-08 8093446374.257227 436481321250264.6 201654370417627.03
26.83640541325514 2.53925586375787e-08 5905696098.113297 318495473573035.75 147463404264315.1
26.778443414522407 2.265548195257059e-08 5280523158.7988205 284779761138116.75 132137809168084.39
26.720731251991108 2.4187883191860487e-08 5649870563.731213 304698746926175.7 141684917320668.56
26.66326731381478 1.8152742255921993e-08 4249304462.8343015 229165912834355.47 106791315380807.16
26.60605000198256 1.6123042980099648e-08 3782296611.2141156 203980077939868.56 95258696397921.23
26.549077732171035 2.012985320911316e-08 4732385812.876431 255218594990676.25 119442302455635.75
26.49234893359802 1.4825525574416466e-08 3492839313.895941 188369583011425.6 88345334432349.22
26.43586204887819 1.7269666214474335e-08 4077363600.942818 219893104798706.8 103349759255396.95
26.37961553388058 2.764633935809599e-08 6541210840.693872 352768921704833.44 166154162122976.28
26.323607857587838 3.226397384449139e-08 7649999720.39722 412566146869611.75 194731221322445.84
26.267837501957352 2.4176297129274678e-08 5744529161.227064 309803705653535.94 146537152774127.62
26.212302961784083 1.644294891342128e-08 3915286107.9297442 211152230389469.8 100086157204610.17
26.15700274456513 1.3610653558213303e-08 3247730445.769033 175150808503883.6 83196634039340.88
26.101935370366043 1.192002803053706e-08 2850319483.8595495 153718348991293.16 73169934119858.28
26.047099371688805 1.2768404771591897e-08 3059611254.3921905 165005499644376.72 78707623330364.02
25.992493293341447 1.0768596145821699e-08 2585830919.9357963 139454423279223.45 66659214327470.14
25.938115692309353 1.206594388702499e-08 2903433297.3229723 156582788490255.34 75003155686834.4
25.883965137628124 1.0595427326652132e-08 2554916115.350603 137787181151758.66 66137846952840.05
25.830040210258062 1.2849511396673201e-08 3104920655.542972 167449045491823.75 80542990881564.7
25.776339502960226 1.5609028265908272e-08 3779580491.2671204 203833597001054.97 98247793754506.83
25.722861620174 1.80608737458544e-08 4382364028.904949 236341844139495.34 114153110719377.55
25.66960517789621 1.6641614563817003e-08 4046366766.4629245 218221438781199.97 105619176370100.64
25.616568803561712 1.9561957160541304e-08 4766288434.403534 257046970734916.06 124667780806428.42
25.5637511359255 2.2838784502000655e-08 5576187653.810702 300725011586683.8 146152355631132.75
25.51115082494623 3.3596095147030724e-08 8219544045.623595 443281796061543.7 215878234681972.8
25.458766531671188 5.376123091374404e-08 13180164181.587587 710809117679825.6 346874849427755.7
25.40659692812268 5.057532813557353e-08 12424564826.656109 670059480315779.0 327659085874417.4
25.354640697185825 3.572272870238798e-08 8793791000.978445 474251059117942.2 232383018967791.06
25.30289653249769 3.140817254907935e-08 7747496762.408328 417824183526326.7 205151674111417.03
25.251363138337815 3.353177899454605e-08 8288209925.45576 446984961878430.44 219916601244184.25
25.200039229520055 3.1946009787036254e-08 7912329749.559055 426713662333033.44 210369835530190.03
25.148923531285735 2.8611101868143205e-08 7100748948.075795 382944933394581.4 189174797096913.0
25.09801477919811 2.829412994980573e-08 7036325925.988431 379470585817624.94 187837939979723.22
25.047311719038113 2.26322047419131e-08 5639683311.374357 304149346193408.4 150858075711929.4
24.996813106701342 2.370791435205176e-08 5919672511.719556 319249224595171.8 158666864623798.06
24.94651770809631 2.9115581151478118e-08 7284579831.275308 392858972862457.6 195643768485507.78
24.896424299043908 3.838917922654901e-08 9624115465.918823 519030637898663.56 258996288311429.75
24.846531665178087 3.9446812636083285e-08 9909120692.815584 534401031702075.44 267200515851040.75
24.796838601847732 2.2670598655848703e-08 5706313767.753279 307742741181269.6 154179113331811.4
24.74734391401969 2.0099800753491668e-08 5069348324.360884 273391056439528.34 137242310332649.84
24.698046416183 2.520357313373813e-08 6369252817.143987 343495188137218.8 172778079633017.66
24.648944932254206 2.4338593225100478e-08 6162914073.278842 332367294853853.0 167513116606336.5
24.60003829548386 1.8760653016259304e-08 4759936321.82593 256704399923620.9 129635721961425.56
24.551325348364088 1.846359750972517e-08 4693862438.046685 253141021016974.62 128089356634588.56
24.50280494253728 1.4765120852356753e-08 3761059275.2995167 202834743800221.47 102837215106706.42
24.454475938705844 1.3580788207728558e-08 3466215747.62005 186933768298245.22 94962354295512.4
24.40633720654304 1.2125129559027224e-08 3100792859.7487297 167226432567884.1 85118254177053.73
24.35838762460484 1.1291187929217032e-08 2893210771.8419385 156031485470238.03 79576057589818.72
24.31062608024287 1.2876910879946673e-08 3306012728.421852 178293984669070.5 91108226165895.27
24.263051469518324 1.1366153800881483e-08 2923863432.3191395 157684590109008.5 80734510135809.22
24.21566269711692 1.3646939626876273e-08 3517449625.332341 189696822453736.25 97314469918770.16
24.16845867626484 2.014046983183265e-08 5201272623.100145 280505762530851.8 144179961940858.9
24.12143832864565 2.1279956951387815e-08 5506257525.048029 296953664550318.94 152931137243408.6
24.07460058431818 2.602899192939877e-08 6748188928.756988 363931294959692.2 187788548199203.53
24.027944381635393 3.339696839416544e-08 8675198132.700031 467855319967601.4 241881200423244.8
23.981468667164144 4.621675738619815e-08 12028533165.732378 648701406805000.9 336027328724978.56
23.93517239560591 5.184767841901341e-08 13520156842.976444 729144995771316.9 378426252805303.1
23.889054529718422 4.4354736327455385e-08 11588574442.88633 624974337301677.5 324986655396878.3
23.843114040238195 3.2856499001649236e-08 8600967062.13401 463852022205410.2 241666903569010.78
23.797349905803955 3.098041202502811e-08 8125452725.601735 438207430731595.9 228744278841897.34
23.75176111288096 3.563772707290583e-08 9364900247.5405 505051104857483.75 264141727840458.12
23.706346655686158 3.590032180209456e-08 9451977640.51205 509747207577845.4 267107536770795.75
23.66110553611424 3.367423126919644e-08 8882835763.776665 479053262520463.7 251502962823239.8
23.616036763664496 3.560258596067557e-08 9409434042.52542 507452822095906.75 266920184422458.66
23.571139355368558 3.0442210895357404e-08 8060919603.3664665 434727145429743.9 229101205641473.1
23.526412335718902 3.258386650254634e-08 8644420571.804472 466195479422134.5 246151213134888.47
23.481854736598223 3.916198597625041e-08 10409294249.22322 561375500260938.94 296967639638026.8
23.437465597209567 4.4825125397861986e-08 11937127715.89371 643771891037533.0 341199102249880.25
23.393243964007283 4.055206484224469e-08 10819607280.730165 583503771189871.8 309840502501800.3
23.349188890628735 3.2268254819145244e-08 8625666330.299313 465184059103436.25 247477919443042.66
23.305299437826804 2.5754306008403273e-08 6897379773.226308 371977189613363.5 198263842063924.06
23.261574673403114 2.1636252505146988e-08 5805396750.08676 313086307944112.8 167188088442145.03
23.218013672142057 2.229885172150381e-08 5994409555.661429 323279809611444.56 172954698142121.47
23.17461551574553 2.2983246514437255e-08 6189959571.16941 333825864430676.75 178930663334848.88
23.131379292768393 2.2104369642492274e-08 5964383765.335931 321660512216141.8 172731695060071.25
23.088304098554673 2.2850389906584275e-08 6177184257.152685 333136888970341.0 179227646266040.8
23.04538903517446 1.8841924146793053e-08 5103054211.092365 275208822233500.03 148337555183857.66
23.00263321136152 1.6263987823381797e-08 4413046065.939033 237996533062360.47 128518127853675.56
22.96003574245159 1.564156697469694e-08 4252033462.302733 229313088368558.2 124058380807384.12
22.917595750321365 1.4761886172395828e-08 4020330646.757157 216817305189168.06 117514979412531.47
22.875312363328153 1.2720012925609522e-08 3470639413.1022487 187172337538733.5 101634579283527.03
22.833184716250198 1.4018026275945583e-08 3831857539.3053217 206652909558849.2 112419182800007.08
22.791211950227677 1.1959178797742815e-08 3275087548.1795573 176626182980164.12 96261269724189.22
22.749393212704323 1.0749888319509153e-08 2949328244.445094 159057912959145.56 86845620475698.23
22.707727657369702 9.972686640235794e-09 2741116354.9352546 147829000524223.88 80862463286745.94
22.666214444102113 1.149817095253465e-08 3166202904.204806 170754010475614.0 93573197740637.12
22.624852738912146 1.686783952763321e-08 4653317377.427704 250954417089451.94 137773974982110.16
22.583641713886806 2.1891962385175626e-08 6050338778.756563 326296084763487.56 179462846619923.47
22.542580547134285 2.6575980836933978e-08 7358251822.452069 396832119351727.1 218654497762806.47
22.501668422729324 3.978471297611775e-08 11035461076.726664 595144813301809.2 328519936942584.2
22.46090453065916 5.2303678661452204e-08 14534294908.731064 783837681977122.2 433462238133346.06
22.420288066770084 5.034604481603775e-08 14015646800.945362 755866876848876.9 418750249774266.9
22.37981823271454 3.670948709447942e-08 10237896542.218794 552131984686348.6 306433251500930.3
22.33949423589884 2.4614533248018115e-08 6877130146.51084 370885122845403.56 206212128302034.94
22.299315289431394 2.1815557590871496e-08 6106097919.874579 329303187357554.7 183421875358155.56
22.259280612071553 2.5973497209383276e-08 7282965952.837173 392771936047676.94 219166740314593.2
22.21938942817895 2.9388896800518152e-08 8255438340.164491 445217583164104.7 248876628988736.03
22.179640967663424 2.8001273786277585e-08 7879746592.465386 424956445592340.0 237975609531710.94
22.140034465935454 2.4928314681288463e-08 7027544438.679716 378996998299303.7 212617316045911.06
22.100569163857138 2.5227709215279948e-08 7124646695.736458 384233744117663.3 215939364194128.8
22.06124430769369 2.5777750119085494e-08 7292962496.778222 393311051834148.75 221434122182635.78
22.022059149065463 3.193348554087462e-08 9050600066.698442 488100827823526.25 275288866892459.28
21.98301294490045 3.3027450192109276e-08 9377278305.332115 505718656203296.1 285731040754856.94
21.944104957387353 3.6753473470778537e-08 10453686997.638933 563769610827242.5 319093599728225.25
21.905334453929072 3.1396921059952546e-08 8945943427.973753 482456672560638.44 273552933341868.3
21.866700707096744 2.3076500461334925e-08 6586817991.370641 355228525248902.5 201769802341373.9
21.82820299458425 1.718377520912986e-08 4913484311.759159 264985276378742.78 150776622259496.12
21.789840599163185 1.5483402426544685e-08 4435078623.245642 239184753664439.06 136335309588734.6
21.75161280863834 1.7763847347988313e-08 5097233671.722836 274894919280799.66 156964998909344.7
21.713518915803597 1.275244204590785e-08 3665659506.327334 197689813534124.53 113078573341511.8
21.675558218398344 1.2599823638625323e-08 3628132592.8542094 195665978937864.94 112116605931393.77
21.637730019064314 1.237829008747205e-08 3570573138.3507547 192561785051806.34 110530464619736.23
21.600033625302878 1.6116044812722572e-08 4656858199.552801 251145374395895.62 144408590277646.84
21.562468349432788 2.0354039454070882e-08 5891706607.69574 317741017315625.4 183018825973793.06
21.525033508548354 1.6106807839341727e-08 4670405790.045674 251875998894365.78 145332451362056.84
21.48772842447808 1.1826801613454377e-08 3435308787.051019 185266949200276.16 107084296637760.42
