string
20190117an 17 2019_14.54.   full spectra  index number  Nphoton via eV
eV x-axis E [J] Nphoton Nphoton/sr Nphoton/sr @ 0.1bw
43.81066890785845 2.4932922941353395e-10 35520762.9597601 1915642463241.3083 544042459560.54315
43.65640598916881 2.6709481126619207e-10 38186200.32376325 2059390079343.44 586926172612.85
43.50322561727698 2.676673668549773e-10 38402804.53966743 2071071591764.0261 592326475244.5115
43.35111643679699 2.6151131794788246e-10 37651230.81319899 2030539057417.5518 582764709478.8324
43.20006725060606 2.5211295397771607e-10 36425012.7927715 1964408853182.2524 565749749716.4683
43.05006701709701 2.6217124877588733e-10 38010204.45763394 2049898584048.3032 592420690789.9536
42.90110484748767 2.508783109160187e-10 36499222.64587153 1968411006681.893 570839191937.7539
42.75317000318599 2.4164738208117045e-10 35277901.85259316 1902544910970.6594 553640569092.4435
42.606251893209404 2.2390893359792916e-10 32800998.608239774 1768964980899.9355 516537774422.76965
42.46034007165731 2.2578410671193453e-10 33189359.756993916 1789909382023.003 524443448932.7212
42.31542423523527 2.4611004042974573e-10 36301085.126854986 1957725407236.3135 575571269727.4761
42.17149422082971 2.716745677791385e-10 40208601.71361819 2168458625661.3574 639695294570.1002
42.02854000313198 2.4868555316023833e-10 36931353.788020216 1991715933057.68 589547916185.0828
41.88655169231059 2.6193490023559056e-10 39030825.25937704 2104940885614.3298 625167443027.4393
41.745519531730416 2.2728896859541946e-10 33982667.20360316 1832692624963.2463 546142402239.0334
41.605433895717894 2.449965757780426e-10 36753519.54149517 1982125293508.416 592655462759.0009
41.46628528737101 2.4337186333375885e-10 36632301.98872637 1975588004553.301 592676401365.999
41.32806433641311 2.284173485881804e-10 34496338.12046234 1860395009103.5386 559978897740.1525
41.19076179708947 2.356606119335536e-10 35708873.66999866 1925787314711.185 581587769042.7607
41.05436854610573 2.2240766503210575e-10 33812660.880143136 1823524147005.481 552527816542.66
40.91887558060703 2.2432142747655244e-10 34216536.24955575 1845305233419.0962 560972790959.4065
40.78427401619714 2.296996508729219e-10 35152528.89763274 1895783520272.5964 578213973683.138
40.65055508499649 2.6381433384722974e-10 40506142.198171824 2184505048633.4666 668458544881.8477
40.51771013373833 2.6963799951198354e-10 41536048.51802047 2240048120208.1875 687694772903.858
40.38573062190204 2.7462471423595895e-10 42442469.84042827 2288931619044.0312 704990938665.5367
40.254608119882874 2.356118191672168e-10 36531747.24624452 1970165065445.919 608781005222.8088
40.124334307197174 2.204378412552428e-10 34289984.11938281 1849266292995.2864 573272550828.5256
39.99490097072234 2.4305163925994345e-10 37930005.31621365 2045573426928.3887 636173335774.7037
39.86630000297082 2.0087717740890032e-10 31449492.49627431 1696077962669.382 529176324352.84247
39.73852340039719 2.0309784893688322e-10 31899404.297616314 1720341803858.2808 538466984607.6534
39.61156326173778 2.061862189844578e-10 32488273.115809266 1752099627154.111 550159282926.3842
39.485411786381924 1.7148485678561465e-10 27106789.196423076 1461875030263.975 460490634533.14154
39.36006127277436 1.648866457583054e-10 26146808.877361346 1410103083102.9897 445592574260.5379
39.235504116847856 1.843751226516327e-10 29329999.803316347 1581773261282.2087 501422123826.47107
39.11173281048556 1.85970372989635e-10 29677388.333549432 1600508000187.2083 508961544059.5285
38.98873994001234 2.8606579926169925e-10 45794752.249983355 2469720937668.6216 787840979116.2496
38.86651818471449 2.9417784883644003e-10 47241459.468698956 2547742172268.478 815277495125.883
38.74506031538725 2.0451668786959514e-10 32945900.637329277 1776779578808.436 570346244797.5178
38.62435919290941 1.7050896161354943e-10 27553380.978973977 1485959822118.2014 478479062722.0587
38.50440776684447 2.0346816513599924e-10 32981848.737584524 1778718267664.861 574526000455.7426
38.38519907406786 2.0414542889864164e-10 33194401.102681097 1790181262891.1357 580018729176.7246
38.266726237419505 1.6746546072565214e-10 27314478.553356454 1473075762403.529 478749622781.14703
38.14898246438129 1.6419593730553546e-10 26863860.48826743 1448773832257.319 472300269315.87897
38.03196104577889 1.5411588845837915e-10 25292261.859837357 1364017176799.1284 446033616813.299
37.91565535450739 1.2097839497227698e-10 19914904.415062483 1074015121581.2499 352276959878.6504
37.80005884428024 1.1147506083035995e-10 18406627.22349103 992673404969.3123 326589550234.91113
37.68516504840097 1.3732506422520103e-10 22744079.460996304 1226593146441.6177 404775738325.71136
37.57096757855732 1.4962531765839026e-10 24856597.536706366 1340521705205.3887 443712684422.99164
37.45746012363721 2.351094080767523e-10 39176051.06345789 2112772944778.4531 701440617666.394
37.34463644856601 2.278761030996915e-10 38085487.843899965 2053958633424.809 683968224930.4681
37.23249039316491 1.2340436676619924e-10 20686995.337615937 1115654152769.9128 372628487025.1481
37.121015871029684 9.205382785891001e-11 15477862.15166017 834724468376.5642 279632696906.1397
37.01020686842959 1.2298665352122846e-10 20740797.280102286 1118555703216.5762 375834716280.772
36.90005744322593 2.0440477359030607e-10 34574265.807765126 1864597666209.4265 628369413512.5658
36.79056172380983 1.5818559885139452e-10 26836106.027487364 1447277028157.8438 489179635517.36786
36.68171390805892 1.0530187371865019e-10 17917419.193178978 966290309615.0242 327572414959.4908
36.57350826231243 1.1025682263649762e-10 18816022.61259771 1014752187244.2426 345015743663.0229
36.465939120364446 8.622934888157669e-11 14758991.377348134 795955611344.5419 271420863468.49512
36.35900088247482 4.3036109554452085e-11 7387713.393235283 398420988264.53876 136259977986.47461
36.25268801439741 9.39958707104678e-11 16182944.194548892 872749696127.3503 299353145771.66064
36.146995046425396 1.7717204551625754e-10 30592289.08708628 1649848796585.9827 567547986025.5576
36.041916572453225 2.778546242289082e-10 48117020.45973324 2594961366728.997 895261671521.4702
35.937447249054806 3.842711511532209e-10 66738974.89994673 3599247415275.5996 1245339605685.3445
35.83358179457777 3.1418598812481986e-10 54724974.35848835 2951329756054.882 1024111425351.0867
35.73031498825334 2.1471358347925998e-10 37506941.422889285 2022757499251.5405 703919609739.5262
35.62764166932158 1.335731434956423e-10 23400279.560067967 1261982160342.836 440431773959.6529
35.52555673617166 1.702528865892135e-10 29911801.22913082 1613149938571.6897 564602478500.0748
35.42405514549688 2.750500738941666e-10 48462126.347741745 2613573002242.9253 917364123787.2571
35.323131911464124 4.0727241902969864e-10 71963913.32867233 3881029479845.186 1366122376905.4717
35.22278210489746 2.6440258707031895e-10 46852311.1628351 2526755319591.4756 891944627815.7874
35.123000852475656 1.9119265508019775e-10 33975711.86173126 1832317521865.059 648640402740.2595
35.02378333594324 1.483363143688259e-10 26434640.063081942 1425625881479.7056 506097187925.2932
34.92512479133495 1.4325500403705008e-10 25601228.71541132 1380679826442.7224 491522018213.60596
34.827020508213224 1.0362492068001926e-10 18571067.320324227 1001541695115.8397 357550385156.32086
34.7294658289185 1.8577471781527947e-10 33387006.49632695 1800568513613.6296 644603527873.694
34.63245614783214 1.9024724555095005e-10 34286571.47612048 1849082248402.758 663820527176.5797
34.535986910651545 4.678462208622437e-10 84551288.34355366 4559869348982.17 1641552965633.5886
34.44005361367751 6.61351240161193e-10 119855323.44893806 6463823631953.262 2333440331135.0957
34.34465180311331 4.672322006884498e-10 84910739.44539471 4579254624994.559 1657690174247.9783
34.24977707437542 2.2742179304634333e-10 41444156.504035786 2235092363930.6196 811338528106.835
34.15542507141571 1.348732425820655e-10 24646490.03242721 1329190561854.139 483825364514.90454
34.06159148605468 2.1316089816398843e-10 39059940.767454654 2106511091290.2468 768876548320.9288
33.96827205732576 3.5658421294097326e-10 65520564.64088218 3533538285306.8257 1293275012422.291
33.87546257083034 5.486367539285215e-10 101085447.68901533 5451560154499.102 2000722576701.1528
33.78315885810328 1.0177646703003796e-09 188033872.62751862 10140707600820.49 3731780397101.948
33.69135679598887 9.899652979874855e-10 183396247.43532196 9890599466689.646 3649631203207.991
33.600052306026825 5.607777566699379e-10 104169313.08251587 5617873685134.759 2078613263499.8574
33.509241353848374 2.3736904469829897e-10 44212844.953420155 2384408333498.472 884615491727.9424
33.41891994858194 1.8114787139238032e-10 33832165.76224265 1824576049534.5083 678742290426.8667
33.32908414226855 2.79165877172326e-10 52279078.984991126 2819422087195.8345 1051644438523.9879
33.23973002928659 6.269092140822773e-10 117716174.4769596 6348458863168.223 2374323614824.901
33.150853745785824 5.792171048673239e-10 109052502.47104023 5881225149721.933 2205459431145.7075
33.062451469130394 1.2723536425048834e-09 240193781.97375703 12953702843509.002 4870592269159.326
32.97451941735079 1.6362841032277453e-09 309719971.9891016 16703265375475.445 6297131046554.207
32.8870538486045 1.7775193142128051e-09 337348150.756593 18193259058578.074 6877051924142.512
32.80005106064523 1.1616259782600543e-09 221045038.31121483 11921006937758.209 4518061629410.369
32.71350739030052 9.252845880599311e-10 176537590.0380643 9520710583224.639 3617870021625.439
32.627419212957626 1.0035343848216098e-09 191972274.05520853 10353106445426.387 3944533555707.3716
32.54178294205747 1.6798984758280528e-09 322203806.58152914 17376521287135.527 6637831131685.092
32.45659502859658 1.9917298954162776e-09 383015597.6401024 20656114390175.895 7911291811437.776
32.3718519606368 2.277883044409646e-09 439190412.67613435 23685634368945.97 9095283597674.861
32.28755026282264 6.281911129057254e-09 1214355006.5846078 65490429321534.61 25213815288790.707
32.20368649590622 6.61367808554998e-09 1281818209.7322206 69128734523544.12 26683691526089.32
32.12025725627952 3.282141559965725e-09 637774672.3221264 34395326633725.207 13310991407250.984
32.03725917551394 1.3753492084327159e-09 267945582.90409964 14450363496710.89 5606741036723.763
31.954688919906943 8.434249663274063e-10 164740672.03492704 8884500232456.367 3456070590425.5566
31.872543190035717 7.661782479691525e-10 150038279.22318068 8091596994050.665 3155722827679.774
31.790818720317677 9.299639550662613e-10 182580073.7190976 9846583040861.406 3850013968976.766
31.709512278577733 1.326062043016176e-09 261013672.13638812 14076524043063.143 5517997424880.599
31.628620665622176 1.7354515674927388e-09 342468964.2023899 18469425640197.35 7258484276597.588
31.548140714819066 4.348999332459743e-09 860408211.6572099 46402001776799.625 18282388700057.6
31.468069291685 4.768391142938577e-09 945781358.3280529 51006194123919.74 20147446678948.73
31.388403293478206 5.411957857547472e-09 1076153337.6532407 58037183292003.6 22982724583633.008
31.309139648797704 3.621284833942941e-09 721905793.1514516 38932536257384.41 15456216894181.777
31.230275317188642 4.3235386826201956e-09 864077130.7168605 46599867378752.61 18546747216742.86
31.151807288753492 2.9096530772390984e-09 582970981.8519653 31439751700666.883 12544460928566.504
31.07373258376915 4.5247434255265316e-09 908844343.507518 49014172890148.7 19605669156059.42
30.996048252309727 5.706266764829209e-09 1149038862.0758307 61967915458362.11 24849134098802.18
30.918751373875036 7.808054841791769e-09 1576194772.7365654 85004526519143.8 34171819660695.652
30.8418390570246 1.0867613380675264e-08 2199291967.968282 118608293624727.89 47799142330766.766
30.765308439017097 1.7424940999882104e-08 3535078137.3228703 190647531935147.8 77021602901799.84
30.689156685455174 1.086644805165536e-08 2209996716.741029 119185603051629.4 48270169235907.89
30.61338098993553 4.664444609061554e-09 950993653.299155 51287294324072.92 20822641495572.21
30.537978573704155 3.73016350597537e-09 762388887.8680704 41115798350330.695 16734129928584.854
30.462946685316677 2.665629448553535e-09 546156167.1959423 29454320748315.727 12017362865312.45
30.388282600303643 2.1714637735275956e-09 446000562.80696374 24052907244994.383 9837639063202.623
30.313983620840798 2.600165552569096e-09 535361287.3631909 28872150533767.344 11837581718845.03
30.240047075424116 2.3181731382159877e-09 478467431.15469044 25803852508355.656 10605383380933.994
30.166470318549603 3.634396583822588e-09 751963555.5101738 40553557911384.75 16708065859490.678
30.093250730397784 6.50942023956232e-09 1350088323.4322214 72810556586943.77 30070759870407.457
30.02038571652273 9.909216079005222e-09 2060212441.6766157 111107704557043.02 45998589686615.98
29.94787270754562 1.0045602652338015e-08 2093625466.0508833 112909676220466.33 46857515631493.46
29.87570915885274 1.1436251153049648e-08 2389210618.9756613 128850647733038.95 53601869456942.82
29.803892550297803 7.658051824312901e-09 1603741201.9515343 86490111431118.95 36066376466776.945
29.7324203859086 8.463563074598716e-09 1776691175.6415215 95817341085288.62 40051648573650.66
29.661290193597814 7.542304440406276e-09 1587095263.1371593 85592392334559.64 35863212388177.89
29.590499524878005 8.05599413410751e-09 1699244291.0860026 91640613776014.05 38489057785924.2
29.520045954580674 9.29410894313408e-09 1965077597.027588 105977061717248.19 44616342982962.97
29.449927080579297 1.64664151925974e-08 3489826312.4179873 188207091187150.44 79423392480974.73
29.38014052351631 2.4213541600778526e-08 5143910723.64999 277412222831736.12 117345370257827.88
29.310683926534004 2.3755480214664963e-08 5058559197.440205 272809196480777.84 115671099307844.83
29.241554955009157 2.0588801044414043e-08 4394602199.384646 237001851332185.78 100725786816182.56
29.17275129629149 1.1323394823900216e-08 2422636386.796934 130653306653327.73 55658308634316.72
29.104270659445735 6.226400416301708e-09 1335270643.0296512 72011435863718.9 30748883113807.188
29.036110774997383 5.943265109543685e-09 1277543313.864157 68898188460666.055 29488424661165.13
28.96826939468197 6.58883866311726e-09 1419630422.3612342 76560977090080.52 32844659171644.02
28.90074429119786 6.655288833637998e-09 1437298113.7306857 77513799523909.0 33330933795281.824
28.833533257962518 5.352296891534537e-09 1158594083.8272913 62483230643273.01 26930272407247.977
28.76663410887211 4.447173360865975e-09 964903729.327313 52037467746210.32 22480186066362.645
28.700044678064536 6.166702878347226e-09 1341094637.5502245 72325525153465.69 31316952391451.348
28.633762819685636 8.051461517559754e-09 1755032944.091451 94649307952581.73 41077799651419.32
28.56778640765871 1.4302873177172318e-08 3124896751.236853 168526360672365.38 73308966892480.77
28.502113335457196 1.7375913217800287e-08 3805042842.6998196 205206787145470.2 89470159195425.8
28.43674151588046 1.991664764960868e-08 4371448684.991281 235753177270892.5 103024138467375.97
28.371668880832676 1.815382765303267e-08 3993671143.2915177 215379552375537.28 94336243940484.17
28.306893381104747 1.3781775944680156e-08 3038798832.5183034 163883081211257.0 71944672651741.45
28.242412986159177 1.5452190152021112e-08 3414893935.6245766 184165971827758.6 81033027604216.27
28.17822568391791 1.6304612925111642e-08 3611485077.648609 194768174826184.38 85892765098345.67
28.114329480553014 1.569218148868444e-08 3483730630.295558 187878349726011.9 83042230578895.17
28.050722400280268 1.2550472576896303e-08 2792576015.365494 150604231190744.72 66717674417503.28
27.987402485155485 2.2582487924304183e-08 5036144331.518571 271600357892035.1 120590558904050.47
27.924367794873596 3.8011465734255574e-08 8496112253.037674 458197179571327.3 203897744909236.84
27.86161640657051 4.546213392072159e-08 10184330468.323711 549243154684054.25 244962446989089.1
27.799146414627526 3.255543192655472e-08 7309387322.147166 394196846234559.44 176205990266854.5
27.736955930478473 1.8943622184950983e-08 4262782771.2502675 229892800935366.62 102991974819041.92
27.675043082419368 1.803173600861085e-08 4066663237.4364443 219316031870173.47 98472898309708.73
27.61340601542066 1.2845824656364224e-08 2903561210.3745 156589686868913.1 70465359091009.7
27.552042890941948 8.308234867934467e-09 1882105371.7675934 101502351583410.95 45777560564118.86
27.490951886749173 7.040236110166944e-09 1598403498.8176293 86202247941501.11 38963416069558.4
27.43013119673424 7.57420966589473e-09 1723448906.9928448 92945973970279.03 42104526208534.63
27.369579030737032 9.119190805204098e-09 2079587316.5152094 112152595766244.86 50917278477876.13
27.30929361436977 1.112575762849708e-08 2542775994.8256373 137132461814428.05 62395270125565.195
27.249273188843684 8.36161059393727e-09 1915243469.4451423 103289496390352.89 47100010353997.28
27.18951601079797 8.6264789031588e-09 1980254744.24344 106795568563806.84 48805574833659.76
27.130020352131016 1.0586327767618015e-08 2435477891.427302 131345851787837.11 60156400118827.49
27.070784499833785 1.8347921896096508e-08 4230337488.564083 228143019791421.78 104717646084262.88
27.011806755825432 2.304524154224607e-08 5324963131.350281 287176418512320.56 132101152515672.4
26.95308543679103 2.4438669852739592e-08 5659239208.200814 305203999957742.4 140699043980515.69
26.89461887402142 2.46555002511653e-08 5721862263.171689 308581274917067.0 142564549011688.3
26.83640541325514 1.5123818076100526e-08 3517434957.043738 189696031389745.22 87829262533451.75
26.778443414522407 1.789407458438079e-08 4170737812.85747 224928796332642.47 104366961498344.7
26.720731251991108 2.1161002464323603e-08 4942843653.323823 266568632047588.9 123954413902126.11
26.66326731381478 2.063771488865553e-08 4831001990.922706 260536986896897.97 121410235893951.62
26.60605000198256 2.0898944054323035e-08 4902672862.20004 264402212555251.66 123475833263305.92
26.549077732171035 2.465529554511566e-08 5796285230.592658 312594921718334.75 146294423364179.75
26.49234893359802 3.50417642423769e-08 8255710811.713636 445232277613944.06 208813938200917.6
26.43586204887819 4.751545111057509e-08 11218385372.049532 605009960288543.5 284354681335628.5
26.37961553388058 5.202969554684268e-08 12310389601.339544 663901985610095.8 312697835222354.56
26.323607857587838 4.343596902881341e-08 10298953021.942703 555424773902268.75 262160493281856.16
26.267837501957352 2.8324706619310548e-08 6730232602.940891 362962906407450.8 171681454730730.22
26.212302961784083 1.6823292586369835e-08 4005851024.647266 216036416023109.94 102401261194955.62
26.15700274456513 2.0846427945131758e-08 4974307694.583799 268265494628245.44 127426109948410.7
26.101935370366043 1.952933142245428e-08 4669857631.0029 251846436558102.4 119878903801661.22
26.047099371688805 1.467374089364343e-08 3516174775.576837 189628069529463.12 90452589165549.69
25.992493293341447 8.983219352950697e-09 2157113708.12607 116333610908286.8 55607466014162.2
25.938115692309353 1.043069642622497e-08 2509942993.414369 135361770915408.23 64838288268482.36
25.883965137628124 9.43324922110371e-09 2274675641.8678303 122673751535097.2 58883400736843.0
25.830040210258062 1.3162185033170161e-08 3180474254.6202483 171523667503943.88 82502884069394.42
25.776339502960226 1.816170325143e-08 4397686910.927837 237168210495858.06 114315077459001.64
25.722861620174 2.2969559970151573e-08 5573427664.100277 300576164741997.8 145178287570386.6
25.66960517789621 2.5162792909005856e-08 6118269870.266529 329959623286526.7 159700457670678.7
25.616568803561712 2.1142834669313017e-08 5151470659.496331 277819931814311.7 134742666929934.83
25.5637511359255 2.4490976360227733e-08 5979577415.676765 322479909079816.06 156725235812795.34
25.51115082494623 2.94046541327021e-08 7194075642.78892 387978062315515.7 188945316347657.06
25.458766531671188 3.495457233295984e-08 8569502491.205239 462155131059600.5 225531703957085.56
25.40659692812268 3.278855997869933e-08 8054986572.42537 434407175782150.3 212425108957472.4
25.354640697185825 2.224176351364794e-08 5475209395.72383 295279232190715.06 144686823773450.0
25.30289653249769 2.621326867275548e-08 6466062737.55541 348716168176786.8 171219638574794.5
25.251363138337815 3.0775418868400244e-08 7606907231.692689 410242159592011.25 201839142519266.3
25.200039229520055 3.122354552030571e-08 7733391110.625652 417063462661259.6 205612287092005.44
25.148923531285735 3.0500303007970946e-08 7569613903.649981 408230922308759.94 201666075620516.53
25.09801477919811 3.4035808762135754e-08 8464195365.959445 456475894917312.5 225955567984068.34
25.047311719038113 4.757791433464147e-08 11855865238.182484 639389387960440.4 317137136428376.0
24.996813106701342 5.489476106398741e-08 13706773328.197731 739209263361394.4 367387003890607.6
24.94651770809631 6.264739649188373e-08 15674080437.975922 845306563185640.1 420962668466457.1
24.896424299043908 5.3471374254484375e-08 13405201421.72307 722945424929265.2 360749767039698.7
24.846531665178087 4.5474978880509286e-08 11423408486.444153 616066901388745.9 308033450694376.44
24.796838601847732 3.12607923345525e-08 7868512534.560375 424350590408944.0 212599645794874.47
24.74734391401969 2.8034696513066277e-08 7070599531.57945 381318968813027.3 191422122344148.94
24.698046416183 2.2341251872563313e-08 5645909041.260695 304485101158707.1 153156005882826.66
24.648944932254206 1.855993644833866e-08 4699667416.219576 253454084750959.6 127740858714479.5
24.60003829548386 2.7011515270766272e-08 6853337809.373994 369601996934771.25 186649008452055.16
24.551325348364088 2.889897433994969e-08 7346770318.239242 396212919335193.3 200483737183606.88
24.50280494253728 1.6351842509297915e-08 4165238439.481882 224632213931768.12 113888532463399.95
24.454475938705844 1.6548993476039653e-08 4223788849.1086483 227789850242910.1 115717243923403.0
24.40633720654304 1.4809396238146752e-08 3787247788.890372 204247096027583.44 103961771878040.86
24.35838762460484 1.4750866103882266e-08 3779705463.5251026 203840336782077.94 103958571758856.25
24.31062608024287 1.585547966299544e-08 4070729235.4355273 219535312025594.72 112182544445079.2
24.263051469518324 1.1850085398879919e-08 3048351445.407758 164398255699673.16 84171906918229.39
24.21566269711692 1.503964021228998e-08 3876413194.1837764 209055805706079.62 107245628327222.66
24.16845867626484 2.1836737867006558e-08 5639333530.63892 304130482442357.0 156323067975372.7
24.12143832864565 2.6261808587319082e-08 6795327710.748304 366473499713298.94 188733852352341.97
24.07460058431818 3.183581980526634e-08 8253647599.204703 445121008115108.1 229682440187398.7
24.027944381635393 3.032652130951824e-08 7877618648.810735 424841685128752.7 219643151211560.5
23.981468667164144 3.12079912219406e-08 8122299760.499863 438037390638675.94 226903368350826.1
23.93517239560591 3.5419304264810166e-08 9236181127.711336 498109254761101.1 258518703221004.44
23.889054529718422 2.711116582451883e-08 7083341924.7810135 382006168846649.5 198643207800261.4
23.843114040238195 2.0705989621156643e-08 5420283357.381371 292317059010323.8 152297187744373.72
23.797349905803955 2.6002883227892206e-08 6819960890.994273 367801972475477.8 191992629632203.03
23.75176111288096 2.834725225582528e-08 7449105525.854327 401731879314013.44 210105772881224.34
23.706346655686158 2.0026889842184824e-08 5272758167.484859 284360993469624.56 149005160578085.94
23.66110553611424 1.8266885436319906e-08 4818573049.208187 259866691370068.9 136430012969284.22
23.616036763664496 2.948735676094297e-08 7793235548.5911455 420290886201834.5 221073006142174.66
23.571139355368558 4.3642664384587105e-08 11556322570.990173 623234986843657.0 328444838066604.5
23.526412335718902 5.883790895452426e-08 15609554210.784065 841826649734977.4 444484471060070.7
23.481854736598223 6.324775235724154e-08 16811314556.105267 906637846238409.1 479611420660102.44
23.437465597209567 5.725882964604655e-08 15248277752.281752 822342931841291.0 435841753875868.6
23.393243964007283 4.9539984813032754e-08 13217654451.271626 712830976068579.0 378513248292389.06
23.349188890628735 3.494275833155382e-08 9340591107.810446 503740107670725.25 267989737280841.6
23.305299437826804 2.5495777315785818e-08 6828142008.6879635 368243181930031.56 196273615968708.12
23.261574673403114 2.9835068939600166e-08 8005287062.50614 431726870415077.6 230542148801636.0
23.218013672142057 3.0817840415424523e-08 8284496411.665964 446784691272992.56 239029809831049.12
23.17461551574553 2.4351705368274044e-08 6558519555.7102165 353702384465951.9 189584478073756.72
23.131379292768393 1.7418834835674502e-08 4700094025.990558 253477091908588.84 136117198354914.64
23.088304098554673 2.3991775185219598e-08 6485736855.307712 349777197621334.9 188180132320275.38
23.04538903517446 2.9541957884676177e-08 8000998805.261024 431495603770232.44 232576130432157.06
23.00263321136152 2.5829147559929694e-08 7008442164.5985565 377966808508172.3 204102076594414.5
22.96003574245159 2.306262417796762e-08 6269387836.389097 338109448029621.3 182917211384016.5
22.917595750321365 1.9488071163782908e-08 5307485021.287427 286233820239543.1 155138730569835.53
22.875312363328153 1.8175990604289494e-08 4959296011.124177 267455911278006.94 145228559823950.25
22.833184716250198 1.861783135429869e-08 5089224120.153259 274462962424591.8 149307851558968.8
22.791211950227677 1.6490835255868443e-08 4516106843.035816 243554623160957.25 132737269622721.39
22.749393212704323 1.3304553942763771e-08 3650223663.433205 196857355173435.25 107484115924701.55
22.707727657369702 1.4017930283335731e-08 3853001638.190975 207793215405269.7 113662888826676.17
22.666214444102113 1.543373818530149e-08 4249923476.2435074 229199296361993.5 125601214406373.33
22.624852738912146 1.6794369604933537e-08 4633049288.71032 249861354661717.88 137173883709284.16
22.583641713886806 2.4717721186154188e-08 6831301113.34154 368413553130308.75 202627454221675.8
22.542580547134285 3.736100436200553e-08 10344366220.09105 557873917544344.1 307388528566940.4
22.501668422729324 4.30108944357182e-08 11930337456.637955 643405690880698.6 355159941366129.94
22.46090453065916 4.632147555170919e-08 12871943303.144802 694186698744978.4 383885244405970.8
22.420288066770084 4.211719198211624e-08 11724847288.91571 632323561493071.1 350307253067152.3
22.37981823271454 2.704815491671713e-08 7543450851.888932 406819943243411.0 225785068500098.12
22.33949423589884 2.0768268677163908e-08 5802510458.818497 312930649628973.8 173989441193701.47
22.299315289431394 2.4991672711524273e-08 6995081382.741245 377246258640001.8 210126166062478.25
22.259280612071553 2.2958607295906935e-08 6437591130.402095 347180688217603.44 193726824025413.4
22.21938942817895 1.9618784197929407e-08 5510981387.098005 297208423456924.7 166139508712421.9
22.179640967663424 2.4883222596828176e-08 7002306036.627629 377635885793637.5 211476096044437.5
22.140034465935454 3.023873287289855e-08 8524605122.750966 459733806224989.56 257910665292221.22
22.100569163857138 3.529086430440029e-08 9966617960.054012 537501871815421.1 302076051960269.5
22.06124430769369 4.4218694854946765e-08 12510218376.073214 674678794843922.0 379844161497145.3
22.022059149065463 4.7250278117226454e-08 13391690980.050062 722216803874720.9 407330277385328.44
21.98301294490045 4.512521984602615e-08 12812122722.89128 690960561855993.1 390392717448628.8
21.944104957387353 4.196744804931913e-08 11936683109.585876 643747913322761.6 364361318940689.94
21.905334453929072 3.350395399661789e-08 9546301578.261566 514834118032381.5 291910944924345.7
21.866700707096744 2.5566480617666427e-08 7297543004.435791 393558079607228.44 223540989216902.75
21.82820299458425 2.3820981587248193e-08 6811309965.080403 367335426161544.8 209013857485907.16
21.789840599163185 2.0728751388455182e-08 5937560727.085431 320213939936035.9 182521945763546.22
21.75161280863834 2.0568687670478224e-08 5902066445.588153 318299725623819.25 181749143331210.16
21.713518915803597 2.1625119366665493e-08 6216089757.280479 335235071044382.4 191754460637374.12
21.675558218398344 1.7571415677882915e-08 5059707798.455496 272871140783064.0 156355163668691.72
21.637730019064314 1.394784813444771e-08 4023319176.940167 216978477271190.56 124545645953662.69
21.600033625302878 1.0971449565802926e-08 3170286845.5140543 170974258317650.62 98310198532653.78
21.562468349432788 1.3406076705851145e-08 3880540316.794066 209278382325062.47 120544348219231.27
21.525033508548354 1.7461094899210263e-08 5063101238.385513 273054149735708.5 157552244397512.25
21.48772842447808 2.4148601304542592e-08 7014398733.30694 378288047552669.2 218650491485444.44
