string
20190117an 17 2019_14.35   full spectra  index number  Nphoton via eV
eV x-axis E [J] Nphoton Nphoton/sr Nphoton/sr @ 0.1bw
43.81066890785845 5.720243275776696e-10 81493616.27152905 4394968429864.16 1248171034081.448
43.65640598916881 5.796408620063965e-10 82870505.6735662 4469224374442.754 1273728946716.119
43.50322561727698 5.79360470742947e-10 83122074.89979789 4482791557466.388 1282078385435.3867
43.35111643679699 5.776096847306683e-10 83161660.95751037 4484926442158.821 1287173888899.5708
43.20006725060606 5.737268655263242e-10 82891450.38616382 4470353927343.344 1287461931074.8364
43.05006701709701 5.731252774561576e-10 83093051.11701605 4481226298555.599 1295074400282.555
42.90110484748767 5.719498301631729e-10 83210557.80857112 4487563459959.279 1301393403388.2021
42.75317000318599 5.796848457200987e-10 84627712.15075682 4563990901507.569 1328121352338.6584
42.606251893209404 5.75447062194989e-10 84298727.98227678 4546248713830.227 1327504624438.3965
42.46034007165731 5.737666737822014e-10 84341403.96350881 4548550238769.35 1332725219959.372
42.31542423523527 5.924462259806092e-10 87385467.26843214 4712717234121.106 1385538866831.605
42.17149422082971 5.742516411974583e-10 84990861.35685468 4583575617085.935 1352154807040.3503
42.02854000313198 5.851241764838143e-10 86894585.13789855 4686243854178.176 1387128180836.7625
41.88655169231059 5.868585476354547e-10 87447581.07502821 4716067045204.944 1400671912425.8313
41.745519531730416 5.798011760684882e-10 86687842.93559523 4675094202293.589 1393178072283.4536
41.605433895717894 5.798160107851175e-10 86981946.64634363 4690955279307.749 1402595628512.98
41.46628528737101 5.840451150712561e-10 87910396.61388393 4741026787761.271 1422308036328.4023
41.32806433641311 5.842824113484122e-10 88240248.58134991 4758815776026.454 1432403548583.9304
41.19076179708947 6.082204053732456e-10 92161627.8630067 4970296612598.755 1501029577004.7798
41.05436854610573 6.108957552642958e-10 92874546.40058716 5008744464210.73 1517649572655.8496
40.91887558060703 6.094495270855841e-10 92961479.74084294 5013432798136.836 1524083570633.6016
40.78427401619714 5.983150580480974e-10 91564298.36961474 4938082503251.375 1506115163491.6592
40.65055508499649 6.004657260543559e-10 92195711.01383366 4972134724327.355 1521473225644.1865
40.51771013373833 6.025602168602493e-10 92820635.25109313 5005837024206.418 1536791966431.2463
40.38573062190204 6.166778240545198e-10 95305806.76801953 5139862864013.271 1583077762116.0317
40.254608119882874 5.992863944992697e-10 92919698.0412208 5011179501999.215 1548454466117.808
40.124334307197174 6.070888953763087e-10 94435095.45805886 5092905213906.637 1578800616311.0212
39.99490097072234 6.117394899089482e-10 95466470.31484675 5148527483997.528 1601192047523.1682
39.86630000297082 5.92983794051822e-10 92838019.83877717 5006774578796.988 1562113668584.6465
39.73852340039719 5.928024411960103e-10 93108050.32800782 5021337381744.832 1571678600486.166
39.61156326173778 5.961636599856272e-10 93936092.83263244 5065993893909.973 1590722082687.712
39.485411786381924 5.790132377547035e-10 91525223.11271372 4935975166157.675 1554832177339.6318
39.36006127277436 5.711029713107438e-10 90562338.57800484 4884046594015.902 1543358723709.0012
39.235504116847856 5.792629550298793e-10 92147910.80679646 4969556848777.331 1575349521062.4482
39.11173281048556 5.70380945498061e-10 91022115.75682807 4908842477155.6 1561011907735.4692
38.98873994001234 5.694896644989712e-10 91166571.33416465 4916632997824.073 1568405926305.7986
38.86651818471449 5.771340513348025e-10 92680856.16228017 4998298707579.981 1599455586425.5354
38.74506031538725 5.510651316203772e-10 88771910.30317298 4787488408186.919 1536783779028.0276
38.62435919290941 5.597081155218028e-10 90445984.76265848 4877771607476.617 1570642457607.4636
38.50440776684447 5.410641340458536e-10 87705589.78847924 4729981511173.284 1527784028108.9507
38.38519907406786 5.290045521571445e-10 86017058.44791159 4638918649146.094 1503009642323.3257
38.266726237419505 5.331924964016524e-10 86966440.39114776 4690119023596.329 1524288682668.8074
38.14898246438129 5.175144085474421e-10 84669785.98877934 4566259952732.589 1488600744590.8018
38.03196104577889 5.223670736883255e-10 85726688.8368236 4623258952937.847 1511805677610.6216
37.91565535450739 5.039808209818964e-10 82962994.1708118 4474212299192.168 1467541634135.0327
37.80005884428024 5.091968862152862e-10 84077974.01600118 4534343404470.583 1491798980070.8557
37.68516504840097 4.992830450807224e-10 82692357.10839899 4459616783620.833 1471673538594.7932
37.57096757855732 5.152550472187439e-10 85597060.29639812 4616268057591.135 1527984727062.693
37.45746012363721 4.979698523854105e-10 82976230.19298665 4474926120743.559 1485675472086.7505
37.34463644856601 4.909588615362477e-10 82055149.69998206 4425252049652.752 1473608932534.3809
37.23249039316491 4.75847764598964e-10 79769142.25672272 4301967171606.797 1436857035316.6592
37.121015871029684 4.72462692222467e-10 79439525.67871173 4284190877946.0596 1435203944111.8823
37.01020686842959 4.500858138103178e-10 75903672.11087945 4093501526875.0786 1375416513030.0352
36.90005744322593 4.767486950258708e-10 80640172.02635099 4348941996312.49 1465593452757.284
36.79056172380983 4.4491508344778004e-10 75479616.59802988 4070632120941.8086 1375873656878.3782
36.68171390805892 4.2175311339177703e-10 71762515.34573057 3870168042871.7896 1311986966533.527
36.57350826231243 4.226731944953415e-10 72131848.12683524 3890086239993.6426 1322629321597.7634
36.465939120364446 4.166561538789692e-10 71314751.44111401 3846020038219.9204 1311492833033.0234
36.35900088247482 4.4057714821921586e-10 75630853.54019396 4078788362088.6694 1394945619834.349
36.25268801439741 4.5330159910025395e-10 78043369.62987718 4208895878920.0386 1443651286469.4744
36.146995046425396 5.323325790985182e-10 91917842.35940164 4957149207427.375 1705259327354.9556
36.041916572453225 5.36620807980321e-10 92928431.43555391 5011650495852.914 1729019421069.1902
35.937447249054806 5.366376513469852e-10 93201497.52624129 5026377009446.798 1739126445268.574
35.83358179457777 5.577850333813701e-10 97155101.76480933 5239595744946.136 1818139723496.3848
35.73031498825334 6.095627681276071e-10 106480617.88761872 5742522855400.741 1998397953679.43
35.62764166932158 5.773511834405978e-10 101144427.26495261 5454740935842.605 1903704586609.0828
35.52555673617166 6.1075146882446e-10 107303182.35341075 5786883935741.546 2025409377509.4814
35.42405514549688 5.984537922524281e-10 105443866.57602514 5686610631934.153 1996000331808.8667
35.323131911464124 5.243636521635408e-10 92653611.32704508 4996829387696.861 1758883944469.2517
35.22278210489746 4.855310775068945e-10 86036424.1312421 4639963044655.269 1637906954763.3032
35.123000852475656 4.626482446287811e-10 82214473.38680352 4433844410695.815 1569580921386.388
35.02378333594324 4.5204822517205895e-10 80558372.8733234 4344530550218.994 1542308345327.736
34.92512479133495 4.3784604684540903e-10 78247855.02451925 4219923820677.167 1502292880161.0615
34.827020508213224 4.482834491635883e-10 80338803.23740861 4332689112053.004 1546770013002.7756
34.7294658289185 4.5859476667116813e-10 82417600.38228698 4444799093691.211 1591238075541.4895
34.63245614783214 4.742662258484329e-10 85472789.9169891 4609566129032.092 1654834240322.495
34.535986910651545 4.758418349824977e-10 85996291.94691598 4637798707235.916 1669607534604.9373
34.44005361367751 5.147705581434311e-10 93290808.27493948 5031193557526.689 1816260874267.11
34.34465180311331 4.6323327414141984e-10 84184009.11817022 4540061900566.493 1643502408005.019
34.24977707437542 4.87055809855175e-10 88758499.963653 4786765185663.234 1737595762395.797
34.15542507141571 5.04059107813185e-10 92110840.80604568 4967557655583.451 1808190986632.3687
34.06159148605468 4.891256033246243e-10 89628150.65175495 4833665636202.61 1764287957213.9268
33.96827205732576 5.078215678898305e-10 93309671.76179373 5032210869470.798 1841789178226.302
33.87546257083034 4.766932387205103e-10 87829969.64995056 4736689344123.732 1738364989293.3945
33.78315885810328 4.2564759720536656e-10 78639167.1991342 4241027371266.0127 1560698072625.896
33.69135679598887 3.987056640180126e-10 73862308.87159455 3983410363897.9756 1469878424278.1565
33.600052306026825 3.8455307498954333e-10 71434055.98558292 3852454158221.825 1425408038542.073
33.509241353848374 3.765299402245343e-10 70133238.68167883 3782300798422.073 1403233596214.6038
33.41891994858194 3.835425627805385e-10 71632503.66193567 3863156484519.9277 1437094212241.4758
33.32908414226855 5.035227219310623e-10 94294132.28151233 5085303039171.488 1896818033610.8599
33.23973002928659 7.756816700272616e-10 145651518.20455575 7855018019300.333 2937776739218.307
33.150853745785824 7.168251735450574e-10 134960757.11927098 7278462951422.435 2729423606783.3916
33.062451469130394 6.722995797932565e-10 126916113.01713246 6844613547309.737 2573574693788.43
32.97451941735079 9.096934938433177e-10 172189073.32537046 9286194132201.678 3500895187840.0127
32.8870538486045 8.421572882329487e-10 159829601.60260725 8619645137120.201 3258225861831.436
32.80005106064523 8.473752682336795e-10 161246478.7600995 8696057630037.756 3295805841784.315
32.71350739030052 1.0558229669104829e-09 201443366.17129824 10863884500824.72 4128276110313.4805
32.627419212957626 1.2492572511761134e-09 238978114.76670894 12888141646931.398 4910381967480.762
32.54178294205747 1.3245592805395775e-09 254049901.45156047 13700966377163.812 5233769156076.04
32.45659502859658 1.1647609032190605e-09 223986994.66276434 12079667282931.965 4626512569363.182
32.3718519606368 9.797058744828724e-10 188893555.51916838 10187070485931.713 3911835066597.61
32.28755026282264 6.606556476867099e-10 127711213.50090675 6887493489133.825 2651684993316.5103
32.20368649590622 5.676495550608203e-10 110017985.00188789 5933293832359.879 2290251419291.024
32.12025725627952 6.031339636150297e-10 117198956.52975366 6320565186910.743 2446058727334.3345
32.03725917551394 5.407821867255124e-10 105355205.32377563 5681829111338.841 2204549695199.4453
31.954688919906943 4.878311236701564e-10 95284856.81769386 5138733028640.869 1998967148141.3152
31.872543190035717 4.856607572593735e-10 95105420.30991858 5129055978794.292 2000331831729.783
31.790818720317677 5.883617831172408e-10 115513227.31362365 6229653444063.231 2435794496628.696
31.709512278577733 6.746947619848629e-10 132802653.03145187 7162075929122.144 2807533764215.8022
31.628620665622176 9.7659655590641e-10 192718723.59312555 10393362631171.062 4084591514050.2437
31.548140714819066 1.9306290532624707e-09 381956621.3066075 20599003566449.824 8116007405180.587
31.468069291685 3.1226292484780536e-09 619354504.2029542 33401922965310.074 13193759571297.764
31.388403293478206 2.4559972364693408e-09 488368478.25924385 26337818129688.777 10429775979356.566
31.309139648797704 2.5051152877940727e-09 499396573.785033 26932565717228.375 10692228589739.781
31.230275317188642 2.9708954539030608e-09 593745773.5228568 32020838556282.047 12744293745399.787
31.151807288753492 3.5408416210623767e-09 709434376.4074159 38259950042985.85 15265720067151.863
31.07373258376915 3.3157256537677493e-09 665999863.782092 35917517341032.9 14367006936413.115
30.996048252309727 3.8215630244201575e-09 769526664.2624682 41500740181949.57 16641796812961.09
30.918751373875036 3.2997704898025557e-09 666117375.2800685 35923854761647.93 14441389614182.402
30.8418390570246 2.2573244695272238e-09 456817463.1384443 24636265029823.145 9928414807019.023
30.765308439017097 2.083595108001719e-09 422708548.2458505 22796763839565.55 9209892591184.498
30.689156685455174 1.4857148887356767e-09 302161756.12406504 16295649151865.31 6599737906505.175
30.61338098993553 1.3733095469154122e-09 279992319.0414845 15100046593731.67 6130618917054.647
30.537978573704155 1.4907874091085696e-09 304694352.68918985 16432232634824.51 6687918682373.68
30.462946685316677 1.497173875377501e-09 306753343.3222608 16543274446978.014 6749655974366.823
30.388282600303643 1.410009217962246e-09 289604142.8094203 15618414337687.762 6387931464114.243
30.313983620840798 1.5036487005226446e-09 309593865.38230836 16696464418774.654 6845550411697.851
30.240047075424116 1.563031558716516e-09 322607350.7556639 17398284512115.855 7150694934479.495
30.166470318549603 2.1222782408758472e-09 439103398.5928876 23680941680532.816 9756547972379.613
30.093250730397784 3.3867591947613073e-09 702431841.0622994 37882301790535.59 15645390639491.033
30.02038571652273 7.032763259993347e-09 1462172814.8912287 78855297561480.88 32646093190453.203
29.94787270754562 8.228885916137702e-09 1714999657.8098426 92490304126255.62 38383476212396.03
29.87570915885274 6.2832502272292425e-09 1312668632.7253458 70792504537761.9 29449681887708.19
29.803892550297803 6.955958012219258e-09 1456709450.2839592 78560657121304.77 32759794019584.4
29.7324203859086 7.807183291737092e-09 1638902379.3862233 88386361368873.88 36945499052189.29
29.661290193597814 7.501713329387834e-09 1578553847.1108167 85131751912651.81 35670204051398.52
29.590499524878005 6.352506497925828e-09 1339929029.3652966 72262663650826.27 30350318733345.695
29.520045954580674 7.95839835054595e-09 1682664836.679389 90746480198008.9 38204268163363.016
29.449927080579297 8.90542018770949e-09 1887379209.7856505 101786770813456.53 42954017283277.164
29.38014052351631 6.906668169197798e-09 1467248577.097301 79129034519954.5 33471581601941.75
29.310683926534004 5.333651513560711e-09 1135762850.3425279 61251937261395.58 25970821398830.61
29.241554955009157 4.4621237638999085e-09 952423546.3959292 51364408769423.65 21829873727005.832
29.17275129629149 3.0534642635107806e-09 653287617.8574648 35231943156605.34 15008807784713.635
29.104270659445735 3.0301786113275113e-09 649831085.7503839 35045531629145.125 14964442005644.586
29.036110774997383 2.962322036845879e-09 636770300.8246709 34341160660669.543 14698016762766.592
28.96826939468197 3.345622327732394e-09 720847402.8612571 38875457039100.84 16677571069773.998
28.90074429119786 3.493046621509612e-09 754369862.1904459 40683330553417.59 17493832137970.064
28.833533257962518 3.903996187909063e-09 845085199.5429806 45575628404582.59 19643095842373.137
28.76663410887211 3.562248974324964e-09 772901580.6681391 41682750156901.875 18006948067781.44
28.700044678064536 4.042996963939319e-09 879244817.6819009 47417864031929.766 20531935125826.05
28.633762819685636 4.787968823651429e-09 1043666792.974731 56285176879848.555 24427766765853.586
28.56778640765871 8.934270780546301e-09 1951962615.550438 105269767916979.5 45792349043887.23
28.502113335457196 1.3742383253653922e-08 3009358782.2127395 162295372902480.3 70760782585482.05
28.43674151588046 1.4857785103083988e-08 3261093246.8866396 175871467271200.47 76855831197511.58
28.371668880832676 1.269508142696488e-08 2792798374.294146 150616223056074.03 65969905698559.62
28.306893381104747 1.3767322594999778e-08 3035611955.7100453 163711212252644.44 71869222178910.55
28.242412986159177 1.4291892112022606e-08 3158471078.972782 170337031461125.94 74948293842897.7
28.17822568391791 1.2201060348726754e-08 2702544830.920302 145748829854503.7 64275233965834.91
28.114329480553014 1.2254164143649124e-08 2720476245.2361197 146715874924123.06 64848416716460.766
28.050722400280268 1.46884296259992e-08 3268287789.6135044 176259470523461.66 78082945441897.45
27.987402485155485 1.3375926042906075e-08 2982979304.3880777 160872721932502.5 71427488538023.34
27.924367794873596 1.1900019305439083e-08 2659826393.9401836 143445015267662.8 63833031794108.76
27.86161640657051 1.405817252821308e-08 3149281884.957312 169841456231535.88 75749289479265.28
27.799146414627526 8.959158577122372e-09 2011521772.110445 108481806169379.62 48491367357714.46
27.736955930478473 7.803108522285234e-09 1755892101.6392565 94695642505785.31 42423647842590.87
27.675043082419368 6.871694044780914e-09 1549760130.5540817 83578900523364.3 37526926334990.89
27.61340601542066 5.461399613212896e-09 1234448429.3908646 66574071978735.766 29958332390430.59
27.552042890941948 4.686832948574408e-09 1061731355.6137204 57259402667462.79 25823990603026.01
27.490951886749173 5.045612807694741e-09 1145547541.2041364 61779627765268.5 27924391749901.29
27.43013119673424 5.20198928002399e-09 1183669733.7829473 63835565893021.09 28917511349537.344
27.369579030737032 6.622400230954457e-09 1510206313.187462 81445754559787.28 36976372570144.13
27.30929361436977 7.56970047743128e-09 1730044218.5376408 93301660554709.36 42452255552393.055
27.249273188843684 7.918303039148156e-09 1813702995.9051332 97813396592856.16 44602908846338.96
27.18951601079797 7.769908317361694e-09 1783624347.8388321 96191248568108.7 43959400595625.71
27.130020352131016 8.303693592572126e-09 1910337806.066849 103024932898615.05 47185419267564.2
27.070784499833785 1.3227846533648998e-08 3049841578.853289 164478618920119.44 75495686084335.02
27.011806755825432 2.189353287831989e-08 5058842849.546288 272824493900481.8 125499267194226.33
26.95308543679103 2.380592911742702e-08 5512716046.364111 297301974007997.3 137056210017683.3
26.89461887402142 1.8325942019005056e-08 4252946198.918088 229362312452514.66 105965388353064.27
26.83640541325514 2.0323317808752942e-08 4726713065.70284 254912662503210.4 118024562738986.05
26.778443414522407 2.266710104778152e-08 5283231329.010076 284925813345954.8 132205577392521.25
26.720731251991108 1.9042096096702e-08 4447903826.68548 239876419672201.78 111542535147571.38
26.66326731381478 1.835972257041803e-08 4297755675.422853 231778897255194.3 108008966120918.03
26.60605000198256 2.0861759264875267e-08 4893949700.989678 263931770576085.88 123256136859035.5
26.549077732171035 2.18309470546443e-08 5132300918.929887 276786103540971.9 129535896457174.05
26.49234893359802 1.7236789376964995e-08 4060924199.8880663 219006524328393.94 102714059910005.84
26.43586204887819 1.7666401157950935e-08 4171032615.599152 224944695108546.75 105724006701021.83
26.37961553388058 1.927318478227707e-08 4560096134.232268 245926975191775.78 115831605315326.2
26.323607857587838 1.858524062369591e-08 4406682396.287134 237653338975537.88 112172375996447.6
26.267837501957352 1.6424984729554475e-08 3902740078.313459 210475620286661.3 99554968395594.28
26.212302961784083 1.26401185273157e-08 3009781319.224888 162318160415340.88 76938808036872.7
26.15700274456513 1.1118557982703399e-08 2653074602.114433 143080889667685.53 67963422592147.49
26.101935370366043 8.098051585061494e-09 1936407712.722511 104430888628194.92 49709102987022.64
26.047099371688805 8.175263670815953e-09 1958986199.3178024 105648551315414.33 50394358977450.28
25.992493293341447 6.702844149582633e-09 1609534002.2781565 86802518411209.06 41491603800558.76
25.938115692309353 7.980669181256111e-09 1920391877.563376 103567151158651.58 49608665404995.49
25.883965137628124 8.190455219037036e-09 1974995947.406229 106511960507911.97 51125741043794.57
25.830040210258062 9.489476051891921e-09 2293010939.811142 123662578136490.28 59481700083649.97
25.776339502960226 1.132553179610605e-08 2742371805.635082 147896707253209.94 71286212896045.98
25.722861620174 1.3903333132810748e-08 3373561426.7885365 181936900646818.25 87875523012414.22
25.66960517789621 1.5473569274120603e-08 3762359489.174619 202904864616974.84 98205954474615.69
25.616568803561712 1.629835915193681e-08 3971109847.9617476 214162816817002.22 103868966156241.19
25.5637511359255 2.5209942734638888e-08 6155116154.182983 331946751382929.56 161326121172108.66
25.51115082494623 3.5135693660279887e-08 8596218707.867685 463595942428255.94 225771223962561.75
25.458766531671188 3.033557330970246e-08 7437103465.989445 401084605618074.56 195729287541620.8
25.40659692812268 2.3842697239197293e-08 5857305299.070841 315885747267862.56 154468130413985.47
25.354640697185825 2.4492701910836386e-08 6029318293.335265 325162445418054.56 159329598254846.3
25.30289653249769 2.848611483692321e-08 7026708800.958989 378951932175484.1 186065398698154.2
25.251363138337815 2.6146666016686098e-08 6462796287.435936 348540007812213.2 171481683843606.12
25.200039229520055 2.757888706213309e-08 6830688715.621576 368380526388228.75 181611599509400.7
25.148923531285735 3.59407123120099e-08 8919823372.016165 481048012268310.9 237637718060532.75
25.09801477919811 3.3278600861726283e-08 8275889113.373968 446320497806185.25 220928646414060.38
25.047311719038113 2.9127049254239532e-08 7258123345.115519 391432168816236.5 194150355732851.8
24.996813106701342 2.150094876044221e-08 5368611235.178741 289530370234261.0 143896594006425.6
24.94651770809631 2.3189319889668873e-08 5801857469.044452 312895433748598.75 155821926006805.28
24.896424299043908 2.5196379339898408e-08 6316698324.265596 340660912918918.8 169989795546538.28
24.846531665178087 1.847758202856082e-08 4641606715.390864 250322858541685.06 125161429270843.95
24.796838601847732 2.3141604552387053e-08 5824868529.932723 314136425261414.5 157382349055963.88
24.74734391401969 2.2845655668258422e-08 5761877329.092081 310739296115354.4 155991126649915.4
24.698046416183 1.594442694185272e-08 4029352730.1967797 217303868109098.22 109303845658874.23
24.648944932254206 1.5048538324544637e-08 3810526260.2838573 205502509047039.88 103573264559704.75
24.60003829548386 1.4309203317974611e-08 3630518434.0113187 195794647869787.5 98876297174240.4
24.551325348364088 9.806836168011699e-09 2493118683.986791 134454432252928.19 68033942719981.34
24.50280494253728 9.337083154349394e-09 2378397275.1095605 128267481749160.75 65031613246820.8
24.454475938705844 8.80673470108645e-09 2247737173.9473877 121220954107814.34 61580244686772.17
24.40633720654304 8.125446420178949e-09 2077942847.481057 112063909193975.1 57040529779733.81
24.35838762460484 9.694785565168529e-09 2484154741.173309 133971004869596.73 68325212483492.03
24.31062608024287 1.0287154840239335e-08 2641119842.9617887 142436166909433.66 72784881290720.8
24.263051469518324 1.1217872640563073e-08 2885719142.7070074 155627460283448.34 79681259665122.45
24.21566269711692 1.3115828425566614e-08 3380557622.6464553 182314207009346.7 93527188195798.17
24.16845867626484 1.6682533676005614e-08 4308261247.997843 232345465066480.1 119425569044171.67
24.12143832864565 1.8774065955836084e-08 4857850144.209462 261984913636365.44 134922230522723.2
24.07460058431818 2.4614192527332477e-08 6381392792.843156 344149899664062.75 177581348226658.6
24.027944381635393 3.4995889056934596e-08 9090533841.746418 490254464987403.9 253461558398482.47
23.981468667164144 3.918556426925487e-08 10198570520.471628 550011123790016.94 284905762123218.7
23.93517239560591 3.2418288814783576e-08 8453615720.545954 455905332341754.1 236614867485363.94
23.889054529718422 2.6046069902149126e-08 6805064013.396931 366998580630333.44 190839261927776.9
23.843114040238195 2.734744052330096e-08 7158840482.75423 386077822480070.06 201146545512109.9
23.797349905803955 2.8579636761178854e-08 7495784343.675706 404249278100009.06 211018123168208.7
23.75176111288096 2.5167965816323542e-08 6613651000.278594 356675635248731.0 186541357235082.16
23.706346655686158 3.190610327490519e-08 8400364108.509944 453033461335835.8 237389533739982.22
23.66110553611424 3.611239879994975e-08 9525993481.828749 513738897979862.44 269712921439423.9
23.616036763664496 3.360508812079401e-08 8881513846.076412 478981971211704.8 251944516857367.78
23.571139355368558 2.521759686978756e-08 6677472331.303775 360117533495987.6 189781940152383.88
23.526412335718902 2.193416600987221e-08 5819080920.500836 313824298227405.2 165699229464070.9
23.481854736598223 2.4534337368150388e-08 6521250914.845514 351692478567573.75 186045321162240.3
23.437465597209567 2.3630254430504855e-08 6292840512.822164 339374255964708.1 179868355661288.88
23.393243964007283 2.278023603857707e-08 6077944702.903989 327784878250095.3 174053770350788.47
23.349188890628735 2.037977781651159e-08 5447743124.507821 293797970217038.0 156300520155473.4
23.305299437826804 2.27693069319256e-08 6097953368.70667 328863949943680.3 175284485319982.75
23.261574673403114 2.3736198706690843e-08 6368850187.825094 343473474250580.44 183414835249797.66
23.218013672142057 2.5619768965247105e-08 6887143329.941763 371425136003179.2 198712447761699.28
23.17461551574553 2.2012376342248767e-08 5928480101.290078 319724219814143.0 171372181820386.53
23.131379292768393 1.7696032104907312e-08 4774889684.909931 257510838043332.16 138283320029271.84
23.088304098554673 1.5947817797182007e-08 4311200353.0541935 232503971640684.34 125087136742686.33
23.04538903517446 1.3238032357744959e-08 3585323677.32015 193357284822953.7 104219576519572.84
23.00263321136152 9.647182581852207e-09 2617652054.500006 141170543979355.16 76232093748852.33
22.96003574245159 1.0445011084529615e-08 2839391776.884515 153129015380104.97 82842797320632.88
22.917595750321365 9.825245385815723e-09 2675859620.863978 144309690678852.56 78215852347939.67
22.875312363328153 8.562483529449214e-09 2336262784.097862 125995159495257.95 68415371605921.53
22.833184716250198 9.86319583716642e-09 2696125730.2780733 145402646362330.3 79099039621102.84
22.791211950227677 1.0093951983603155e-08 2764284823.6085014 149078481073079.94 81247772184828.38
22.749393212704323 1.027355210101362e-08 2818641132.048638 152009928596066.1 82997421013456.64
22.707727657369702 1.2322974558941905e-08 3387122078.8872643 182668229560529.75 99919521569604.19
22.666214444102113 1.4155644957273238e-08 3897980327.447699 210218925888423.62 115199971386856.95
22.624852738912146 1.4044976585041562e-08 3874576438.8896475 208956749094035.5 114717255252626.36
22.583641713886806 2.0075782730617838e-08 5548396467.700854 299226226882194.8 164574424785212.03
22.542580547134285 3.1872320042722395e-08 8824681146.451126 475916971374112.06 262230251227141.53
22.501668422729324 4.156718870448557e-08 11529883181.328022 621809104815267.6 343238625858012.56
22.46090453065916 4.018379705441312e-08 11166387754.899515 602205717499254.9 333019761777086.0
22.420288066770084 3.1422832110499765e-08 8747684509.387241 471764526009876.75 261357547409464.9
22.37981823271454 2.3500529911501702e-08 6554054904.173662 353461604838648.06 196171190685454.06
22.33949423589884 2.1287269020788148e-08 5947515561.01661 320750806292614.0 178337448298685.22
22.299315289431394 2.0388620360565226e-08 5706703202.711329 307763743493161.4 171424405125688.62
22.259280612071553 1.9336916713426344e-08 5422069462.631139 292413384054471.94 163166668302387.5
22.21938942817895 2.488535705031162e-08 6990379125.02395 376992664859751.1 210738899656602.16
22.179640967663424 2.8104423789336e-08 7908773696.422017 426521883614806.9 238852254824292.4
22.140034465935454 3.0433328593807575e-08 8579463627.778245 462692337319021.56 259570401235973.2
22.100569163857138 2.936204500069747e-08 8292239105.387318 447202256427471.4 251327668112241.25
22.06124430769369 2.5371023763051967e-08 7177892715.77326 387105313545849.56 217940291526323.2
22.022059149065463 2.4181917351562753e-08 6853647795.972972 369618714579398.2 208464955022773.34
21.98301294490045 1.8629234702796404e-08 5289282624.221749 285252161011353.3 161167470971411.6
21.944104957387353 2.1608292292270205e-08 6145985748.979109 331454346646720.56 187603160202047.38
21.905334453929072 1.8540189580806727e-08 5282667265.911076 284895393300484.06 161535688001366.38
21.866700707096744 1.6112818258103434e-08 4599146277.486371 248032957901042.47 140882720087790.22
21.82820299458425 1.677954579753772e-08 4797899997.600165 258751789205665.25 147229768058015.2
21.789840599163185 1.7600408240106997e-08 5041475522.994262 271887870206510.8 154976086017716.06
21.75161280863834 1.4049802143109919e-08 4031509794.1332884 217420199035812.34 124146933649455.25
21.713518915803597 1.4652487346033801e-08 4211823064.004058 227144532852674.4 129926672791721.22
21.675558218398344 2.3121729601398322e-08 6657926585.00637 359063427151890.56 205743343758028.1
21.637730019064314 1.8500247691997965e-08 5336479190.186262 287797482067188.0 165195754706565.0
21.600033625302878 1.1507342915828783e-08 3325137453.7218223 179325385259309.84 103112096524108.06
21.562468349432788 1.1459908427418912e-08 3317199927.6982913 178897312756447.66 103044852147709.81
21.525033508548354 1.2139396336444783e-08 3519996482.4133697 189834175009416.22 109534318980439.03
21.48772842447808 8.533381526547747e-09 2478675258.073094 133675495155594.36 77264436199934.12
