string
20190117an 17 2019_15.49.   full spectra  index number  Nphoton via eV
eV x-axis E [J] Nphoton Nphoton/sr Nphoton/sr @ 0.1bw
43.81066890785845 6.324366270427986e-10 90100272.51557392 4859127270885.987 1379992144931.6497
43.65640598916881 6.481831144474717e-10 92669903.0109721 4997708001750.385 1424346780498.786
43.50322561727698 6.508854039792518e-10 93383908.69395919 5036214483350.32 1440357342238.1917
43.35111643679699 6.657262906965126e-10 95848296.07422414 5169119430151.706 1483537276453.527
43.20006725060606 6.543401848576004e-10 94538377.45429476 5098475234401.466 1468360867507.569
43.05006701709701 6.472823830202365e-10 93844522.75106438 5061055499517.573 1462645039360.5637
42.90110484748767 6.38587338591293e-10 92905366.60971248 5010406604784.494 1453017915387.5156
42.75317000318599 6.501596972130664e-10 94916277.54978055 5118855468649.126 1489586941376.8462
42.606251893209404 6.471273278055305e-10 94799355.4237509 5112549832991.228 1492864551233.4053
42.46034007165731 6.40274924046089e-10 94117850.48563984 5075796123623.184 1487208264221.5398
42.31542423523527 6.652198990751248e-10 98119540.92664212 5291608158466.439 1555732798589.1328
42.17149422082971 6.773131377004143e-10 100244253.30580479 5406194358664.601 1594827335806.0566
42.02854000313198 6.935317788337304e-10 102993789.39330639 5554477437195.299 1644125321409.835
41.88655169231059 7.024369781720645e-10 104669881.4327509 5644869445010.502 1676526225168.0745
41.745519531730416 7.084745135803026e-10 105926186.23779197 5712622236076.312 1702361426350.697
41.605433895717894 7.008731621698815e-10 105142512.21722138 5670358525895.178 1695437199242.6135
41.46628528737101 7.012372069442261e-10 105550135.41266932 5692341733381.086 1707702520014.351
41.32806433641311 6.86365745343553e-10 103657208.92926759 5590255796896.379 1682666994865.772
41.19076179708947 7.181503290843213e-10 108818945.88549495 5868629392323.7295 1772326076481.714
41.05436854610573 6.943210667552978e-10 105557705.34593354 5692749981526.58 1724903244402.5518
40.91887558060703 6.922738743234625e-10 105594968.71017863 5694759602855.716 1731206919268.1414
40.78427401619714 7.056636371349859e-10 107992595.12205228 5824064116128.06 1776339555419.0461
40.65055508499649 7.592750977986282e-10 116579355.75544545 6287149982545.155 1923867894658.8374
40.51771013373833 7.711137132052806e-10 118785247.86037065 6406114222989.838 1966677066457.7214
40.38573062190204 7.962200586055848e-10 123053549.3417973 6636304649163.946 2043981831942.4233
40.254608119882874 7.75745175623022e-10 120279732.92477752 6486712127187.475 2004394047300.9954
40.124334307197174 7.729788467424816e-10 120239938.06366555 6484565981682.345 2010215454321.4807
39.99490097072234 7.707424772498435e-10 120280062.08282442 6486729878752.453 2017372992291.9333
39.86630000297082 7.207421310881059e-10 112839967.86386462 6085483981176.951 1898671002127.192
39.73852340039719 7.25768451919068e-10 113992252.48031199 6147626940873.705 1924207232493.5107
39.61156326173778 7.561671627223278e-10 119147464.96991335 6425648670398.486 2017653682505.0999
39.485411786381924 7.044064352719156e-10 111346255.91687465 6004927771369.566 1891552247981.3699
39.36006127277436 7.000525116494938e-10 111010440.79122524 5986817188688.065 1891834231625.3994
39.235504116847856 7.246741182650456e-10 115279607.35972978 6217054269196.224 1970806203335.2456
39.11173281048556 7.87662257581489e-10 125696143.52082269 6778820327337.587 2155664864093.337
38.98873994001234 7.584540650294747e-10 121416877.13337187 6548038561399.489 2088824301086.3293
38.86651818471449 8.167979135897284e-10 131168018.53568815 7073919735644.222 2263654315406.068
38.74506031538725 7.861371076213252e-10 126640008.2301552 6829723156164.788 2192341133128.9348
38.62435919290941 7.627989360507404e-10 123264428.42926736 6647677404164.307 2140552124140.8972
38.50440776684447 7.438749890162142e-10 120580889.64927866 6502953574765.574 2100454004649.253
38.38519907406786 7.1385383555718e-10 116073872.79750183 6259889176807.998 2028204093285.7798
38.266726237419505 6.991458725985529e-10 114034290.17548831 6149894042907.177 1998715563944.833
38.14898246438129 6.920350921719292e-10 113222863.33125527 6106133616916.677 1990599559114.807
38.03196104577889 6.950240127150399e-10 114061759.00683375 6151375442949.19 2011499769844.313
37.91565535450739 6.48903793027684e-10 106819544.23084533 5760801226722.086 1889542802364.8464
37.80005884428024 6.633678367645193e-10 109534494.91236065 5907219106794.328 1943475086135.3782
37.68516504840097 6.724201206772397e-10 111367700.73360929 6006084294994.913 1982007817348.2112
37.57096757855732 7.622786761513017e-10 126634011.94686618 6829399775304.33 2260531325625.774
37.45746012363721 7.301225397062753e-10 121659605.7643808 6561128969202.155 2178294817774.953
37.34463644856601 7.631917464941677e-10 127554094.47629687 6879020026002.791 2290713668658.9517
37.23249039316491 7.777284333617589e-10 130375163.34707883 7031160883076.167 2348407734947.422
37.121015871029684 7.313908732619935e-10 122975517.46226244 6632096372948.347 2221752284937.622
37.01020686842959 7.103185241257145e-10 119790010.47174546 6460301288904.14 2170661233071.8047
36.90005744322593 6.706646833325515e-10 113440300.93884237 6117860074331.775 2061718845049.7727
36.79056172380983 6.44666992495566e-10 109367425.91394182 5898209039414.163 1993594655322.055
36.68171390805892 6.141201353930827e-10 104494322.011868 5635401487302.321 1910401104195.473
36.57350826231243 6.2830946502817e-10 107224975.46166147 5782666221079.202 1966106515166.8174
36.465939120364446 6.170401892547915e-10 105612427.21658148 5695701143898.851 1942234090069.5532
36.35900088247482 5.937211182687534e-10 101920027.22111627 5496569209976.198 1879826669811.8923
36.25268801439741 6.061559462250399e-10 104359774.28380144 5628145299097.441 1930453837590.2903
36.146995046425396 7.136623107953878e-10 123228038.93127221 6645714910631.875 2286125929257.2827
36.041916572453225 7.596907298139545e-10 131558200.59130265 7094962338669.856 2447762006841.0083
35.937447249054806 7.962185805133673e-10 138284676.58912215 7457722650546.995 2580372037089.234
35.83358179457777 8.034110641481187e-10 139938289.8875954 7546902374978.152 2618775124117.528
35.73031498825334 8.678961629775379e-10 151607224.9294522 8176210576840.503 2845321280740.455
35.62764166932158 8.14125711391553e-10 142624248.74520576 7691756719688.779 2684423095171.403
35.52555673617166 7.99339830860831e-10 140436350.97315902 7573762917525.468 2650817021133.836
35.42405514549688 8.014423564738848e-10 141209199.43767744 7615442803116.877 2673020423893.9956
35.323131911464124 6.802562889121055e-10 120199410.34353541 6482380312931.152 2281797870151.7095
35.22278210489746 6.437118789250459e-10 114066165.48191516 6151613085107.63 2171519419042.9846
35.123000852475656 6.787710768378254e-10 120620379.04670303 6505083246547.671 2302799469277.977
35.02378333594324 7.029201776455623e-10 125265630.1203281 6755602646120.656 2398238939372.8223
34.92512479133495 6.544922240104279e-10 116964885.32446395 6307941675957.924 2245627236641.0063
34.827020508213224 6.048424450683084e-10 108396413.64105673 5845842136586.812 2086965642761.2937
34.7294658289185 6.139935458819556e-10 110345512.81324919 5950957478381.417 2130442777260.5955
34.63245614783214 6.371130052158146e-10 114821218.71692382 6192333270105.595 2223047643967.8735
34.535986910651545 8.538980829425642e-10 154320329.64554617 8322528903596.538 2996110405294.767
34.44005361367751 7.400225019972398e-10 134112754.23745109 7232729971778.797 2611015519812.11
34.34465180311331 8.451006783265163e-10 153581288.69708923 8282672264690.947 2998327359818.029
34.24977707437542 8.138844237264839e-10 148318034.87823096 7998823842807.558 2903573054939.2153
34.15542507141571 8.876604301850665e-10 162209445.89082962 8747990656600.896 3184268599002.713
34.06159148605468 9.470794025715004e-10 173544330.52754304 9359283447542.018 3416138458352.786
33.96827205732576 1.0027500326448662e-09 184250300.3447053 9936658725634.14 3636817093582.0757
33.87546257083034 7.961499038823104e-10 146689351.16948986 7910988576566.5625 2903332807599.903
33.78315885810328 6.796844347180766e-10 125572934.64211747 6772175645742.108 2492160637633.101
33.69135679598887 7.361659333341609e-10 136378588.15624183 7354926887267.499 2713968021401.344
33.600052306026825 7.202654288649551e-10 133795526.06988814 7215621787784.883 2669780061480.4023
33.509241353848374 6.79774857341475e-10 126616258.6999168 6828442338839.488 2533352107709.4766
33.41891994858194 6.947669822767241e-10 129758475.93375558 6997902796901.42 2603219840447.442
33.32908414226855 6.693603989737747e-10 125350367.0356317 6760172526371.921 2521544352336.5864
33.23973002928659 8.047879520746755e-10 151116871.23957956 8149765695817.22 3048012370235.622
33.150853745785824 6.964441310371452e-10 131123502.19399463 7071518959665.596 2651819609874.5776
33.062451469130394 9.250955366041851e-10 174638707.511028 9418303436012.78 3541282091940.7627
32.97451941735079 1.0226944881666678e-09 193578185.84411338 10439713617083.455 3935772033640.44
32.8870538486045 7.926719234725972e-10 150437975.78006977 8113152716197.047 3066771726722.4834
32.80005106064523 1.1350934668240888e-09 215996184.2767687 11648721142826.13 4414865313131.111
32.71350739030052 1.1365515779051748e-09 216845799.7750018 11694541091223.27 4443925614664.936
32.627419212957626 1.3217271809254174e-09 252841334.02956274 13635788073536.39 5195235256017.258
32.54178294205747 1.2763279971253229e-09 244799161.99557918 13202071988596.344 5043191499643.287
32.45659502859658 1.3945907457575928e-09 268183958.66777986 14463219153432.867 5539412935765.074
32.3718519606368 1.0199237007574157e-09 196647809.52347416 10605259088981.568 4072419490168.7476
32.28755026282264 9.595604429390716e-10 185492440.76594856 10003647628404.547 3851404336935.733
32.20368649590622 8.770961436887927e-10 169992823.0741382 9167749879021.33 3538751453302.405
32.12025725627952 8.919610394487859e-10 173322859.2567145 9347339453792.002 3617420368617.3228
32.03725917551394 7.501902436910224e-10 146152090.61255172 7882013998012.006 3058221431228.624
31.954688919906943 7.187392558371821e-10 140386629.22213906 7571081412691.002 2945150669536.825
31.872543190035717 8.51160200775653e-10 166680028.05631417 8989090124011.36 3505745148364.4463
31.790818720317677 7.480713846325804e-10 146869056.3857738 7920680117921.389 3096985926107.228
31.709512278577733 8.707586434920418e-10 171394628.38812694 9243349544144.41 3623393021304.508
31.628620665622176 9.351794988121423e-10 184545602.0211549 9952584409198.82 3911365672815.152
31.548140714819066 1.1262460935340068e-09 222817092.65644813 12016574213572.238 4734530240147.087
31.468069291685 1.210852492505982e-09 240165221.51147863 12952162571573.62 5116104215771.689
31.388403293478206 1.3781164699169932e-09 274034772.2234763 14778754799570.229 5852386900629.704
31.309139648797704 1.26752337692803e-09 252681716.77148265 13627179880131.572 5409990412412.293
31.230275317188642 1.9929523817371505e-09 398299796.08813095 21480394532942.52 8549197024110.81
31.151807288753492 2.033562233128418e-09 407439560.7427019 21973304026360.855 8767348306518.273
31.07373258376915 2.1457935147040484e-09 431006162.06695795 23244255955579.457 9297702382231.754
30.996048252309727 2.2536457003874756e-09 453803966.3788517 24473746494901.6 9813972344455.137
30.918751373875036 2.0010903912604546e-09 403955694.26537246 21785418350374.793 8757738176850.627
30.8418390570246 1.4334176013430208e-09 290082441.0062133 15644209063350.227 6304616252530.329
30.765308439017097 1.9926212330108746e-09 404252258.6922816 21801412134346.086 8807770502275.834
30.689156685455174 1.5527037677226337e-09 315785821.8643677 17030397977043.451 6897311180702.309
30.61338098993553 1.8551854050603784e-09 378237859.76109976 20398449948406.38 8281770679052.436
30.537978573704155 1.5535929626065356e-09 317530855.9702257 17124508045477.871 6969674774509.603
30.462946685316677 1.5515233507470215e-09 317888912.5113822 17143818112529.578 6994677789911.8545
30.388282600303643 1.6413343321859487e-09 337116393.48240876 18180760338432.473 7435930978418.821
30.313983620840798 1.945825629760055e-09 400635918.39502776 21606382116471.805 8858616667753.754
30.240047075424116 1.6334964693413564e-09 337151201.78102714 18182637557539.0 7473064036148.401
30.166470318549603 1.3436966808089025e-09 278013395.16051126 14993322798913.154 6177248993152.279
30.093250730397784 1.6524553758137756e-09 342728019.6660013 18483396557629.246 7633642778300.798
30.02038571652273 1.4644763458760083e-09 304477404.0912575 16420532549806.33 6798100475619.846
29.94787270754562 2.3059613337063685e-09 480590317.8793045 25918340250607.39 10756111204002.053
29.87570915885274 2.2259965182639205e-09 465045271.22253555 25079992507274.594 10433276883025.96
29.803892550297803 3.060978271257177e-09 641026867.4740868 34570718224803.94 14415989499743.38
29.7324203859086 3.1140152239550824e-09 653701439.9785365 35254260673496.84 14736280961521.686
29.661290193597814 3.0785144443992834e-09 647798790.2517287 34935929491390.133 14638154456891.404
29.590499524878005 3.2950565875055077e-09 695023606.2633828 37482774078404.42 15742765112929.164
29.520045954580674 3.6034416182486898e-09 761885021.9577403 41088624752322.63 17298311020728.402
29.449927080579297 4.399958810562438e-09 932509708.4615686 50290451163378.336 21222570390944.92
29.38014052351631 2.896175114754518e-09 615261760.3810179 33181200401851.867 14035647769983.758
29.310683926534004 5.113036502964448e-09 1088784465.5294034 58718382762454.73 24896594291279.734
29.241554955009157 4.783468025205008e-09 1021013271.1907184 55063467528600.164 23401973699655.906
29.17275129629149 2.2734686458374013e-09 486407826.56649834 26232079757950.98 11174865976886.938
29.104270659445735 2.625764221953007e-09 563103181.0790548 30368276888740.07 12967254231491.678
29.036110774997383 2.9638951014840143e-09 637108441.2531534 34359396647438.004 14705821765103.494
28.96826939468197 3.0120116567981433e-09 648967685.9797791 34998968291944.375 15014557397243.898
28.90074429119786 2.6891015854293213e-09 580747242.2282538 31319824939656.715 13467524724052.771
28.833533257962518 3.185102761652986e-09 689468706.765835 37183197141709.81 16025957968075.328
28.76663410887211 3.0228418949865978e-09 655866362.9590203 35371015440159.93 15280278670148.945
28.700044678064536 2.71641362675259e-09 590748057.7664264 31859171094289.434 13795021083827.637
28.633762819685636 1.9881448764596913e-09 433369736.4389707 23371724034944.355 10143328231165.566
28.56778640765871 2.226843805078179e-09 486521616.02795124 26238216448327.69 11413624155022.83
28.502113335457196 1.7501912027237257e-09 383263453.5983929 20669481315852.76 9011893853711.885
28.43674151588046 2.5583518543051795e-09 561525415.6221976 30283187654885.074 13233753005184.258
28.371668880832676 3.628744708918626e-09 798289666.9154588 43051935163735.6 18856747601715.96
28.306893381104747 3.9252554225097375e-09 865495248.4453232 46676346775932.11 20490916234634.094
28.242412986159177 5.04131819594279e-09 1114118242.4956832 60084638857963.375 26437241097504.695
28.17822568391791 4.647610109384902e-09 1029449434.578188 55518431652827.62 24483628358896.516
28.114329480553014 5.1703289070192156e-09 1147834875.2895694 61902984189415.086 27361119011720.78
28.050722400280268 5.496462052516214e-09 1223004791.5071585 65956914101557.88 29218912946991.617
27.987402485155485 8.067993715862438e-09 1799251745.6475081 97034037526954.48 43083112661963.11
27.924367794873596 8.846801208287297e-09 1977387998.4370515 106640964339672.98 47455229131153.59
27.86161640657051 6.059484009604349e-09 1357432709.3609157 73206640915632.78 32650161848372.34
27.799146414627526 6.10897527877612e-09 1371594963.1611032 73970414339800.9 33064775209892.21
27.736955930478473 6.629513589714017e-09 1491804261.9353235 80453327937947.12 36043090916199.5
27.675043082419368 5.3050918044730955e-09 1196447297.263762 64524662667443.96 28971573537682.586
27.61340601542066 4.894061907628262e-09 1106212228.1982625 59658265789336.18 26846219605200.83
27.552042890941948 4.371810259678853e-09 990367714.0672703 53410745975240.805 24088246434833.88
27.490951886749173 4.6496027580868e-09 1055638078.0902258 56930790886867.21 25732717480863.914
27.43013119673424 3.990327240861423e-09 907966035.4231836 48966805544349.7 22181962911589.484
27.369579030737032 4.876354347093978e-09 1112029002.0977886 59971965669421.22 27227272413917.75
27.30929361436977 4.915844164282107e-09 1123509153.5001185 60591092728590.984 27568947191509.09
27.249273188843684 5.176080348822316e-09 1185591456.8173258 63939204833755.98 29156277404190.473
27.18951601079797 4.791544401500571e-09 1099924852.2882445 59319186240587.875 27108868111948.676
27.130020352131016 4.64631199219708e-09 1068924973.9917787 57647356069392.04 26402489079780.72
27.070784499833785 3.627838560638454e-09 836442489.3694507 45109525167310.99 20705272051795.8
27.011806755825432 3.287261437508446e-09 759573117.3289297 40963943233433.78 18843413887380.246
26.95308543679103 3.71332930042349e-09 859892084.8207195 46374166944380.08 21378490961358.676
26.89461887402142 3.971942448669051e-09 921778401.4524325 49711709445018.61 22966809763599.14
26.83640541325514 5.4290014389265925e-09 1262654664.7832224 68095240381199.195 31528096296495.125
26.778443414522407 6.6377444152507e-09 1547120612.1457877 83436550722174.4 38714559535088.41
26.720731251991108 6.6433652032547805e-09 1551775044.0690114 83687565246960.77 38914717839835.9
26.66326731381478 6.4117551701825356e-09 1500902699.7212625 80944008664361.95 37719908037591.79
26.60605000198256 7.467504800943314e-09 1751798226.779798 94474858945227.81 44119759127422.6
26.549077732171035 7.434119667087379e-09 1747708842.1003895 94254317541055.89 44111020609213.88
26.49234893359802 9.515922199363345e-09 2241916281.421251 120907032109301.42 56705398059256.34
26.43586204887819 1.1503937290985817e-08 2716076535.3114295 146478597612055.5 68844940877669.25
26.37961553388058 7.188276481989058e-09 1700768822.9842346 91722832112487.48 43201453924981.53
26.323607857587838 7.283100389906493e-09 1726870850.2849908 93130520115435.44 43957605494483.06
26.267837501957352 9.841066371752864e-09 2338335455.0871787 126106939091995.83 59648582190516.11
26.212302961784083 7.913007135556377e-09 1884192858.1621113 101614930178169.95 48165476904453.266
26.15700274456513 5.91558597992528e-09 1411558130.5038962 76125636636523.48 36159677402346.984
26.101935370366043 5.969843845326005e-09 1427510252.8567684 76985938060583.58 36645306516839.16
26.047099371688805 5.5178534308915015e-09 1322207962.485934 71306962664152.55 34013421190799.176
25.992493293341447 6.2741293365707115e-09 1506587991.0888653 81250617662936.03 38837795242884.2
25.938115692309353 7.568016486939801e-09 1821095081.2144065 98212053359502.42 47043573559202.98
25.883965137628124 7.731011028816288e-09 1864208403.9207034 100537164219344.31 48257838825282.27
25.830040210258062 6.507183161180388e-09 1572377873.5883594 84798680318866.62 40788165233373.57
25.776339502960226 6.883746317516719e-09 1666834914.0825987 89892769033341.98 43328314674070.1
25.722861620174 8.132774518615855e-09 1973369561.5782537 106424249166879.88 51402912347603.56
25.66960517789621 9.536923652606143e-09 2318879023.078908 125057649486915.16 60527902351666.85
25.616568803561712 9.107036051507533e-09 2218937514.675308 119667782226597.27 58038874379896.945
25.5637511359255 8.256416679198651e-09 2015839711.0507908 108714673554496.89 52835331347487.086
25.51115082494623 5.477663254282788e-09 1340152603.7066998 72274721063629.27 35197789157987.625
25.458766531671188 5.780435564853481e-09 1417138121.485601 76426566762409.77 37296164580056.05
25.40659692812268 5.418779314292441e-09 1331201938.8444464 71792009763092.2 35106292774152.24
25.354640697185825 6.3598459609674315e-09 1565590261.737926 84432622937176.36 41371985239216.305
25.30289653249769 7.713156282392719e-09 1902614780.6723852 102608428461278.33 50380738374485.35
25.251363138337815 8.136272312600093e-09 2011081277.5090554 108458050199830.03 53361360698315.52
25.200039229520055 8.760535820664832e-09 2169793619.2348113 117017441269068.95 57689598545652.24
25.148923531285735 7.473269335220957e-09 1854727916.9923546 100025879499679.84 49412784472839.18
25.09801477919811 9.070192231837799e-09 2255620825.513929 121646121149506.94 60214829969005.57
25.047311719038113 1.2067132712297854e-08 3006989718.843146 162167608800283.4 80435133964939.95
24.996813106701342 1.2576416590877839e-08 3140228469.001126 169353203542180.53 84168542160462.48
24.94651770809631 1.2356793520128014e-08 3091610927.7588015 166731248980909.16 83032161992494.4
24.896424299043908 1.2110315226148126e-08 3036039696.949825 163734280430631.75 81703405934884.19
24.846531665178087 1.0697325448843532e-08 2687190215.8694453 144920752129048.7 72460376064525.17
24.796838601847732 1.0379550390426956e-08 2612589645.0776787 140897527139409.75 70589661096842.14
24.74734391401969 1.138242998758192e-08 2870749968.7368684 154820169479212.8 77719725078568.58
24.698046416183 1.1228115452415866e-08 2837482828.210034 153026065363374.56 76972110877775.88
24.648944932254206 8.786087350020574e-09 2224775313.7455816 119982615998708.39 60471238463347.07
24.60003829548386 9.133903714263075e-09 2317445987.189333 124980365550065.94 63115084602781.84
24.551325348364088 1.0428160787868328e-08 2651073399.661379 142972964384634.72 72344319978624.83
24.50280494253728 9.913404154477595e-09 2525201183.100336 136184648399986.52 69045616738789.23
24.454475938705844 8.54005507901916e-09 2179672707.331749 117550222636350.8 59715513099268.62
24.40633720654304 7.88232810556053e-09 2015769529.631296 108710888655296.75 55333842325546.52
24.35838762460484 1.0991137259200185e-08 2816326936.7633624 151885123541576.47 77461413006201.39
24.31062608024287 1.0218597649001615e-08 2623518498.2782807 141486922566791.8 72299817431630.81
24.263051469518324 8.199875740674652e-09 2109360584.7441607 113758274590020.83 58244236590088.4
24.21566269711692 9.710315912141629e-09 2502799015.814163 134976494651412.94 69242941756177.3
24.16845867626484 8.623770657933786e-09 2227087183.443518 120107295633767.61 61735149955757.016
24.12143832864565 8.96898268570442e-09 2320753210.0747347 125158724798763.83 64456743271360.984
24.07460058431818 1.0892509614312434e-08 2823955418.060635 152296529195212.12 78585009064730.44
24.027944381635393 1.0654417923026764e-08 2767592117.3430586 149256844142688.2 77165788421768.17
23.981468667164144 9.42802408104301e-09 2453770163.893323 132332358015892.7 68548161452229.99
23.93517239560591 7.971548228097886e-09 2078715684.3209963 112105588452650.44 58182800406923.984
23.889054529718422 7.701499772565903e-09 2012173012.986825 108516927731323.7 56428802420289.37
23.843114040238195 7.882874864346856e-09 2063529259.7597866 111286581276841.16 57980308845232.336
23.797349905803955 7.698086253354043e-09 2019031763.6415007 108886821644181.52 56838920898263.82
23.75176111288096 6.926126111183592e-09 1820050981.377898 98155744828490.72 51335454545299.51
23.706346655686158 8.464727781286211e-09 2228626756.127586 120190325123088.77 62979730364499.64
23.66110553611424 8.229166066537525e-09 2170749795.5198665 117069008063849.55 61461229233520.125
23.616036763664496 6.478394974610538e-09 1712179847.9008377 92338231165264.39 48569909592931.2
23.571139355368558 1.1136007836658676e-08 2948749819.2010217 159026718360070.9 83807080575756.67
23.526412335718902 1.5257160841074163e-08 4047687681.0063143 218292675989491.28 115258532922452.08
23.481854736598223 1.3936927271909677e-08 3704448926.3468614 199781735382708.94 105684538017449.52
23.437465597209567 1.3465795287044451e-08 3586000411.840367 193393781262648.34 102498704069199.95
23.393243964007283 1.6213323361985576e-08 4325841166.771558 233293553905152.06 123878877123627.11
23.349188890628735 1.3867454631494133e-08 3706926115.845044 199915330750510.88 106354955959278.05
23.305299437826804 1.3000233066279867e-08 3481652527.1280575 187766277170724.47 100079425731996.8
23.261574673403114 1.2101739027911143e-08 3247114832.216004 175117608331227.8 93512802848869.38
23.218013672142057 1.3504903643839919e-08 3630407720.629545 195788677073056.2 104746942234084.23
23.17461551574553 1.3869248862116516e-08 3735333460.6170893 201447345025511.47 107975776933677.86
23.131379292768393 1.358171134515223e-08 3664729642.2686534 197639665763428.62 106132500514963.06
23.088304098554673 1.1287843702261943e-08 3051461734.3453255 164565994257780.8 88536504910684.77
23.04538903517446 9.866646796603429e-09 2672234167.4078884 144114169186342.47 77677537191439.19
23.00263321136152 8.003497670609362e-09 2171657055.612007 117117936797719.3 63243685870768.87
22.96003574245159 9.920278207136077e-09 2696747388.5660644 145436172528855.8 78680969338107.28
22.917595750321365 1.1729352510797541e-08 3194434289.4309177 172276535214075.56 93373882086030.84
22.875312363328153 1.1547570766929346e-08 3150740055.350369 169920095677618.3 92266611952941.97
22.833184716250198 8.308100702416904e-09 2271037140.834336 122477526383903.08 66627774352839.195
22.791211950227677 8.251243101035604e-09 2259648759.6877995 121863348514565.19 66415524940437.87
22.749393212704323 9.443015617314315e-09 2590776001.117834 139721112581680.69 76287727469601.84
22.707727657369702 9.996513916886976e-09 2747665576.8328533 148182201483967.97 81055664211725.95
22.666214444102113 1.0534465229242729e-08 2900831318.3689685 156442463199990.72 85730469833595.52
22.624852738912146 1.1077743743923454e-08 3056008292.1018267 164811191105320.38 90481343916821.58
22.583641713886806 9.338703356065918e-09 2580961818.972009 139191831606443.05 76555507383545.94
22.542580547134285 1.057638852919308e-08 2928348370.184726 157926463782444.22 87017481544128.69
22.501668422729324 1.4485448344865813e-08 4017965430.2058034 216689748546714.56 119612741197781.14
22.46090453065916 1.1712836465735235e-08 3254796292.869557 175531871173057.34 97069124758700.14
22.420288066770084 9.228993106804946e-09 2569224815.6926312 138558852469743.48 76761604268235.89
22.37981823271454 8.58060044329703e-09 2393040779.417555 129057209117765.69 71626751060361.55
22.33949423589884 9.754470328368406e-09 2725331465.0550666 146977717983746.56 81719611198959.34
22.299315289431394 1.0655501847653883e-08 2982437528.638017 160843503848601.94 89589831643670.11
22.259280612071553 7.80455457718071e-09 2188396302.756346 118020688032784.64 65855543922290.664
22.21938942817895 5.72670796160125e-09 1608651212.395787 86754909361068.38 48495994332837.516
22.179640967663424 8.840713368434593e-09 2487836145.297961 134169543793817.62 75134944524538.05
22.140034465935454 1.109760747931096e-08 3128527969.9402113 168722193085913.16 94653150321198.03
22.100569163857138 7.309908977260103e-09 2064417280.0844822 111334472405872.8 62569973492101.09
22.06124430769369 6.613212423620033e-09 1870989902.7603633 100902891925035.52 56808328153797.57
22.022059149065463 1.1449947413298852e-08 3245148253.229421 175011550299245.66 98706514368771.12
21.98301294490045 1.5581945601013732e-08 4424084801.864616 238591854488972.6 134804397786266.98
21.944104957387353 1.1827001603867147e-08 3363920772.9767222 181416978092332.5 102682009600262.12
21.905334453929072 1.1532046470118046e-08 3285832873.021097 177205680683270.75 100475620947409.48
21.866700707096744 1.3346271838255376e-08 3809479847.658775 205446075786837.94 116693371046922.38
21.82820299458425 1.1980273847172145e-08 3425608568.679574 184743814316149.25 105119230345882.97
21.789840599163185 1.1445602377007937e-08 3278487830.6470275 176809560952340.0 100781449742837.0
21.75161280863834 1.079180439425834e-08 3096646107.08837 167002797296036.38 95358597256041.69
21.713518915803597 1.1586319824220033e-08 3330460413.315876 179612453626620.5 102738323474420.17
21.675558218398344 1.0338816279890644e-08 2977073123.5961547 160554200319287.03 91997556782949.14
21.637730019064314 9.412966786202054e-09 2715212369.51919 146431992963141.56 84051963960842.8
21.600033625302878 8.640223425200492e-09 2496660673.954515 134645452541378.44 77421135211296.28
21.562468349432788 7.848153801848613e-09 2271736758.5389023 122515256918701.03 70568787985169.03
21.525033508548354 6.838944324783696e-09 1983052476.372945 106946450865353.3 61708102149312.164
21.48772842447808 6.2041047146748135e-09 1802094610.081307 97187353823476.4 56174290509969.79
