string
20190117an 17 2019_15.14.   full spectra  index number  Nphoton via eV
eV x-axis E [J] Nphoton Nphoton/sr Nphoton/sr @ 0.1bw
43.81066890785845 5.699639829053953e-10 81200088.65388307 4379138421676.169 1243675311756.0583
43.65640598916881 5.123326172440672e-10 73247532.82077785 3950255357918.4473 1125822777006.6992
43.50322561727698 5.307136442554038e-10 76142611.57923399 4106387584312.606 1174426849113.4053
43.35111643679699 5.996436879167835e-10 86334018.26200195 4656012360778.933 1336275547543.5422
43.20006725060606 7.895741079157249e-10 114076831.54675782 6152188308301.777 1771830232790.848
43.05006701709701 1.0183795079461912e-09 147647057.00276446 7962637860214.921 2301202341602.089
42.90110484748767 8.322303606900851e-10 121077669.55450223 6529745022978.816 1893626056663.873
42.75317000318599 1.0145749619969731e-09 148116961.26467833 7987979899145.785 2324502150651.346
42.606251893209404 9.97832650191162e-10 146175084.86262208 7883254082913.76 2301910192210.7666
42.46034007165731 6.51054335213196e-10 95702380.77168924 5161250186186.163 1512246304552.492
42.31542423523527 6.320422643205344e-10 93225859.46029054 5027690853842.66 1478141111029.7417
42.17149422082971 5.987909693214416e-10 88622751.0803682 4779444218896.486 1409936044574.463
42.02854000313198 5.718831032198643e-10 84928203.27522178 4580196453131.118 1355738150126.8328
41.88655169231059 6.152176964022734e-10 91673367.63125582 4943964632226.778 1468357495771.3142
41.745519531730416 7.731072999940904e-10 115589631.34344055 6233773929989.895 1857664631136.941
41.605433895717894 1.2621894990627473e-09 189349203.2349878 10211643666234.496 3053281456204.034
41.46628528737101 1.4878678220163772e-09 223953675.78160006 12077870388432.309 3623361116529.746
41.32806433641311 9.074584951113063e-10 137047362.08143428 7390994010343.052 2224689197113.2085
41.19076179708947 1.3145444930432258e-09 199188582.47261253 10742283526106.924 3244169624884.1953
41.05436854610573 1.2690981879795562e-09 192941131.98644644 10405357164140.68 3152823220734.622
40.91887558060703 7.029730444274525e-10 107226950.75407676 5782772749028.287 1757962915704.6033
40.78427401619714 7.185365774154502e-10 109962630.35496116 5930308544225.423 1808744105988.7417
40.65055508499649 6.766328695683481e-10 103890440.0341034 5602834001049.21 1714467204321.076
40.51771013373833 6.563103857657099e-10 101100512.81860855 5452372620210.937 1673878394404.6223
40.38573062190204 7.63643774435453e-10 118018977.1174778 6364789075354.694 1960355035209.1768
40.254608119882874 8.58282547754867e-10 133077199.65521279 7176882288186.327 2217656627049.6475
40.124334307197174 1.256944654983844e-09 195522746.96989682 10544584221049.34 3268821108525.22
39.99490097072234 2.4914095827810403e-09 388802885.70563287 20968224092827.81 6521117692869.191
39.86630000297082 1.7286528935688514e-09 270639287.6792169 14595635580435.451 4553838301095.82
39.73852340039719 1.1748328857329032e-09 184524205.45219916 9951430487586.672 3114797742614.695
39.61156326173778 1.9563198390715657e-09 308252673.4651649 16624133647311.592 5219977965255.775
39.485411786381924 1.3344032570540714e-09 210930507.04299492 11375528069099.502 3583291341766.2607
39.36006127277436 8.284299657113994e-10 131367824.73873517 7084695327582.083 2238763723515.904
39.235504116847856 9.677167341304697e-10 153942306.38881302 8302142027236.052 2631779022633.8857
39.11173281048556 6.964955165222426e-10 111147639.18637048 5994216327944.351 1906160792286.2896
38.98873994001234 7.373740394495562e-10 118042287.960716 6366046234194.769 2030768748708.0266
38.86651818471449 8.42273674423537e-10 135259122.3615706 7294553853758.962 2334257233202.782
38.74506031538725 1.0379205330519757e-09 167200178.66306317 9017141959235.111 2894502568914.521
38.62435919290941 1.2789317457654033e-09 206668865.39984772 11145696809450.64 3588914372643.0903
38.50440776684447 2.9373772123004904e-09 476143925.69258815 25678545354007.12 8294170149344.191
38.38519907406786 3.0452509526969995e-09 495163090.9763592 26704253069640.12 8652177994563.35
38.266726237419505 1.5268148339482636e-09 249031357.60721168 13430315217368.52 4364852445644.77
38.14898246438129 1.9820237623169382e-09 324276049.1463033 17488277778844.742 5701178555903.301
38.03196104577889 2.710353296289067e-09 444801415.2734773 23988236958000.83 7844153485265.989
37.91565535450739 1.3508068012845855e-09 222363574.39659712 11992115875292.453 3933414007095.929
37.80005884428024 1.0836593706773716e-09 178932524.6806135 9649869928792.531 3174807206572.815
37.68516504840097 1.1842777368364372e-09 196142685.98720816 10578017666933.568 3490745830087.884
37.57096757855732 6.840634855835372e-10 113640465.50950162 6128654993112.819 2028584802720.38
37.45746012363721 7.224009719380016e-10 120372968.46792224 6491740340284.522 2155257792974.3005
37.34463644856601 8.806138598192102e-10 147179138.1242019 7937402893439.512 2643155163515.3833
37.23249039316491 1.0892352763865826e-09 182594876.29693738 9847381347100.137 3289025369931.421
37.121015871029684 1.3705339632783387e-09 230440561.25839183 12427709531459.814 4163282693038.8994
37.01020686842959 3.6241995102622978e-09 611194671.8838202 32961861435630.38 11075185442371.879
36.90005744322593 5.375436909867405e-09 909234071.6422548 49035191013122.79 16524859371422.094
36.79056172380983 2.7346778101434954e-09 463936693.33307225 25020206660859.3 8456829851370.731
36.68171390805892 1.3013469339160273e-09 221427954.76774096 11941657705446.57 4048221962146.358
36.57350826231243 3.23739155689952e-09 552481300.3298903 29795436552353.26 10130448427799.535
36.465939120364446 3.4249563520377315e-09 586214576.859905 31614679484110.215 10780605704081.834
36.35900088247482 1.4301497619574431e-09 245503988.63022345 13240083442125.02 4528108537206.835
36.25268801439741 1.1222663989297495e-09 193216727.1607063 10420220071761.066 3574135484613.801
36.146995046425396 1.517308161174376e-09 261993531.57314223 14129368075359.98 4860502617923.658
36.041916572453225 9.961325408332144e-10 172503624.80341643 9303157961748.436 3209589496803.0894
35.937447249054806 7.48975980773421e-10 130079734.14473 7015228322012.035 2427268999416.139
35.83358179457777 9.73020873430563e-10 169480958.2902434 9140144900024.186 3171630280308.5244
35.73031498825334 1.1554742732395085e-09 201842404.09846276 10885404702926.97 3788120836618.5327
35.62764166932158 1.3767979061621097e-09 241197107.88239893 13007812427732.797 4539726537278.778
35.52555673617166 3.2161597326479735e-09 565048455.6905926 30473185971147.695 10665615089901.379
35.42405514549688 7.652215710789569e-09 1348273204.8243363 72712666846089.28 25522146062977.066
35.323131911464124 8.599797757231756e-09 1519560548.4898005 81950230501833.08 28846481136644.53
35.22278210489746 2.6467148580221636e-09 468999601.9379862 25293250421830.04 8928517398905.969
35.123000852475656 2.01881766966165e-09 358752104.8704767 19347578953910.105 6849042949684.4795
35.02378333594324 4.357146119135807e-09 776476008.9375346 41875519850008.445 14865809546752.932
34.92512479133495 3.5782869691769876e-09 639478835.1238557 34487232503848.754 12277454771370.076
34.827020508213224 1.527692764307299e-09 273784384.9196159 14765251357876.85 5271194734761.535
34.7294658289185 1.1540756937485685e-09 207407838.5776313 11185549793469.094 4004426826062.026
34.63245614783214 1.5551338397652217e-09 280267960.76668715 15114912011854.516 5426253412255.687
34.535986910651545 1.4505806067461366e-09 262155498.27573195 14138102974817.617 5089717070934.365
34.44005361367751 9.032141096875433e-10 163687633.26709694 8827709622936.523 3186803173880.0415
34.34465180311331 9.056061648218371e-10 164577032.55046883 8875675119509.154 3212994393262.213
34.24977707437542 1.1369150396927606e-09 207185442.54559264 11173555927146.115 4056000801554.14
34.15542507141571 1.7217674911589726e-09 314632646.8957424 16968207000460.314 6176427348167.528
34.06159148605468 1.96209304621018e-09 359537039.0410178 19389910624252.914 7077317377852.21
33.96827205732576 5.826371885706618e-09 1070566676.5523664 57735893445141.44 21131337000921.65
33.87546257083034 1.3245423538929833e-08 2440448181.1981983 131613900594968.0 48302301518352.836
33.78315885810328 1.3196785573843216e-08 2438130119.954297 131488887048489.8 48387910433844.34
33.69135679598887 4.8987669660465634e-09 907522193.4137071 48942869048354.766 18059918678840.492
33.600052306026825 2.296125537863256e-09 426525155.79575217 23002594313882.83 8510959896136.633
33.509241353848374 4.041222109424005e-09 752726315.9920257 40594693749879.36 15060631381205.398
33.41891994858194 5.3467479802450895e-09 998587852.9301718 53854059849927.37 20033710264173.855
33.32908414226855 2.9347169333467448e-09 549581130.4413766 29639029760209.062 11055358100557.367
33.23973002928659 1.3905180212007301e-09 261100743.64856777 14081219828631.12 5266376215908.007
33.150853745785824 2.0507623953167453e-09 386108713.4745843 20822926799103.32 7808597549663.685
33.062451469130394 1.8289010137103386e-09 345258296.6429778 18619854944695.68 7001065459205.491
32.97451941735079 1.0926997341226312e-09 206828954.9335405 11154330472781.854 4205182588238.735
32.8870538486045 1.0408316127058318e-09 197535192.43801492 10653115842345.084 4026877788406.4414
32.80005106064523 1.211637982281587e-09 230561789.44441432 12434247393868.611 4712579762276.212
32.71350739030052 1.4908134080933297e-09 284436388.1744274 15339716207537.256 5829092158864.279
32.627419212957626 2.4038869206231147e-09 459854336.53638625 24800044271929.402 9448816867604.906
32.54178294205747 2.3752170379898337e-09 455565608.34451413 24568752228823.3 9385263351409.54
32.45659502859658 6.183618724201155e-09 1189128318.3925025 64129948546882.03 24561770293457.086
32.3718519606368 1.7751613103125025e-08 3422624486.170278 184582882098136.38 70879826725681.33
32.28755026282264 2.254199082825293e-08 4357587819.740672 235005657796679.28 90477178251721.11
32.20368649590622 1.2450522719259273e-08 2413075830.9964094 130137703801992.0 50233153667571.34
32.12025725627952 3.93908832412431e-09 765430350.6618195 41279825099549.87 15975292313524.994
32.03725917551394 3.653873489081696e-09 711847766.2887515 38390104683590.86 14895360617233.086
31.954688919906943 6.985032338803938e-09 1364340596.5214994 73579184770929.05 28622302875891.645
31.872543190035717 7.734008776341324e-09 1514526640.9937925 81678750776966.08 31854712803016.918
31.790818720317677 3.5600025573055315e-09 698936260.7142204 37693784382955.19 14738269693735.312
31.709512278577733 2.324530316973441e-09 457545857.0894325 24675547473842.203 9672814609745.875
31.628620665622176 3.366632664120437e-09 664361496.9889284 35829159863945.37 14080859826530.586
31.548140714819066 3.0408544404197973e-09 601604169.369162 32444643551495.555 12783189559288.234
31.468069291685 1.802216181943913e-09 357458609.7207814 19277820479477.56 7614739089393.8
31.388403293478206 1.1639624466793946e-09 231450817.7757139 12482192884915.393 4942948382426.405
31.309139648797704 1.6290496208403638e-09 324752239.20327616 17513958812068.717 6953041648391.355
31.230275317188642 2.286777137718741e-09 457021891.7415671 24647289908801.3 9809621383702.559
31.151807288753492 2.3063949939955487e-09 462103666.1401109 24921351106121.055 9943619091342.633
31.07373258376915 2.456694986410682e-09 493454132.56505436 26612088571250.33 10644835428500.1
30.996048252309727 3.971121980310851e-09 799642510.501745 43124894312246.836 17293082619210.266
30.918751373875036 1.0687959881321693e-08 2157554837.6004405 116357401116674.17 46775675248902.805
30.8418390570246 2.400502170373445e-08 4857925063.639602 261988954057509.0 105581548485179.27
30.765308439017097 3.003576054858602e-08 6093493255.092779 328623415047531.56 132763859679202.97
30.689156685455174 2.1494252014836753e-08 4371458470.678202 235753705015114.06 95480250531117.2
30.61338098993553 8.26490131527018e-09 1685059927.7557116 90875647980084.19 36895513079911.71
30.537978573704155 5.528378509300134e-09 1129916781.5746946 60936657502698.47 24801219603598.664
30.462946685316677 1.024921532641348e-08 2099943847.2130437 113250427889198.5 46206174578791.58
30.388282600303643 1.43514521930118e-08 2947668680.0914545 158968412293016.4 65018080627843.19
30.313983620840798 5.851245296530637e-09 1204742602.4598155 64972030278807.164 26638532414311.88
30.240047075424116 3.490539083655334e-09 720441989.931301 38853593031713.086 15968826736033.807
30.166470318549603 3.6664871256462362e-09 758603149.558707 40911632660861.93 16855592656275.277
30.093250730397784 3.480172420193886e-09 721806240.0516548 38927167337084.63 16076920110215.783
30.02038571652273 2.831016266443004e-09 588592971.2514936 31742946810350.46 13141579979485.139
29.94787270754562 3.0210032646113957e-09 629613731.172338 33955205304567.43 14091410201395.465
29.87570915885274 3.7535427434427895e-09 784173420.2401716 42290642913808.33 17592907452143.81
29.803892550297803 3.110694330337573e-09 651438352.5586816 35132211877292.426 14650132352831.082
29.7324203859086 3.6165228096041496e-09 759189020.710952 40943228819381.95 17114269646501.662
29.661290193597814 3.1395413580475104e-09 660640425.9003905 35628481691744.56 14928333828839.889
29.590499524878005 3.640845552856545e-09 767960591.5083927 41416281538095.805 17394838245999.473
29.520045954580674 5.055052172038081e-09 1068802812.1744792 57640767856045.65 24266763267396.023
29.449927080579297 6.315280248282054e-09 1338435289.2216768 72182105920368.5 30460848698394.45
29.38014052351631 1.468991414945869e-08 3120716835.5937123 168300936913651.7 71191296314476.78
29.310683926534004 2.7803018015121788e-08 5920453353.33473 319291335553114.6 135379526274514.78
29.241554955009157 4.177512478901876e-08 8916743373.320345 480881907269521.1 204374810589553.8
29.17275129629149 3.9960442391796477e-08 8549522760.306248 461077619831657.5 196419066048282.94
29.104270659445735 2.0498009026828394e-08 4395860828.741547 237069729486838.38 101228774490877.39
29.036110774997383 1.4169383768233468e-08 3045800778.029204 164260697653819.88 70303578595835.04
28.96826939468197 1.479278398422418e-08 3187251539.9378715 171889167973476.25 73740453060620.14
28.90074429119786 1.528172977875406e-08 3300292734.784104 177985504169528.5 76533766792899.44
28.833533257962518 1.0760706576535915e-08 2329334719.285627 125621527454824.58 54142878333023.984
28.76663410887211 1.0468208029225785e-08 2271288332.4177856 122491073200569.45 52916143622645.51
28.700044678064536 7.5309640484554e-09 1637785328.7580407 88326118585818.75 38245209347660.38
28.633762819685636 4.1914380928604056e-09 913636849.6634574 49272633788301.8 21384323064122.38
28.56778640765871 5.7555917024649636e-09 1257483695.0371616 67816368859410.32 29500120453844.227
28.502113335457196 6.341760036029162e-09 1388742469.6903124 74895183092185.9 32654299828193.348
28.43674151588046 5.110867478110103e-09 1121769853.5118725 60497291902365.1 26437316561332.51
28.371668880832676 5.9004195495436226e-09 1298036741.2703173 70003403452840.28 30661490712343.668
28.306893381104747 5.892251880595224e-09 1299206155.1086323 70066470195193.65 30759180415689.855
28.242412986159177 6.229436458213054e-09 1376689296.0948942 74245152821654.86 32667867241529.137
28.17822568391791 5.714096154378562e-09 1265676964.462263 68258233659478.99 30101881043829.664
28.114329480553014 6.293115854590545e-09 1397098324.3116732 75345816147210.17 33302850737066.06
28.050722400280268 8.973187839205255e-09 1996602836.0766928 107677224707967.52 47701010545632.016
27.987402485155485 8.824976838060218e-09 1968067346.155752 106138299537247.66 47125404994532.836
27.924367794873596 1.096693762559292e-08 2451269145.7496276 132197477564061.55 58827877516006.29
27.86161640657051 1.4704983341777966e-08 3294179066.583615 177655792715292.78 79234483551020.88
27.799146414627526 3.832390854240463e-08 8604533088.884897 464044338802798.4 207427819444858.44
27.736955930478473 6.796963710758429e-08 15294846740.583517 824854407497433.6 369534774558841.94
27.675043082419368 6.612369255397144e-08 14912751024.3259 804247902510057.6 361107308227019.0
27.61340601542066 4.9434189765828205e-08 11173684812.772142 602599249415598.4 271169662237014.72
27.552042890941948 2.454916321563004e-08 5561242874.688211 299919036401881.7 135263485417250.19
27.490951886749173 1.6493266430538214e-08 3744603782.738544 201947295511482.22 91280177571189.73
27.43013119673424 1.3062234221848889e-08 2972203607.4467025 160291586255453.5 72612088573717.39
27.369579030737032 1.647294782682142e-08 3756576005.2662807 202592960073346.75 91977203873301.17
27.30929361436977 2.5085455982776332e-08 5733245089.653768 309195153222143.94 140683794716076.47
27.249273188843684 3.032597750458521e-08 6946225217.939496 374611435058330.1 170822814386585.34
27.18951601079797 1.3233777743588256e-08 3037885034.577412 163833799889783.8 74872046549631.25
27.130020352131016 7.447916915539223e-09 1713458848.3523438 92407207937474.66 42322501235362.055
27.070784499833785 1.3702681674396864e-08 3159320620.03128 170382847394972.0 78205726954292.36
27.011806755825432 1.541334099424058e-08 3561493264.2299223 192072105467883.62 88353168515229.78
26.95308543679103 1.1202501149469365e-08 2594152387.057383 139903201808914.3 64495376033907.87
26.89461887402142 6.18906157431914e-09 1436310661.1421893 77460545991289.1 35786772247976.41
26.83640541325514 5.915205120805628e-09 1375733902.9940567 74193628264169.27 34351649886310.258
26.778443414522407 8.664808747932629e-09 2019587283.8109865 108916780967607.64 50537386368969.266
26.720731251991108 9.341272204509148e-09 2181959390.055964 117673543932445.4 54718197928585.91
26.66326731381478 9.265830716590064e-09 2169002085.7883606 116974753698342.66 54510235223426.41
26.60605000198256 1.0497837077300596e-08 2462682364.089719 132812994908643.69 62023668622338.305
26.549077732171035 1.2663060522276341e-08 2976995775.4131227 160550028914972.34 75137413532206.6
26.49234893359802 1.2551093683370455e-08 2956991523.1415224 159471195244077.34 74791990569464.33
26.43586204887819 1.500458573850406e-08 3542578702.889214 191052039065625.03 89794458360847.89
26.37961553388058 1.712483313257989e-08 4051789377.2833953 218513881360800.34 102920038120936.8
26.323607857587838 2.913119531009573e-08 6907197391.468199 372506655898008.44 175823141583850.12
26.267837501957352 5.716633385166166e-08 13583290695.648584 732549818161640.5 346496063990468.06
26.212302961784083 7.230864685904684e-08 17217656152.865673 928551936828674.0 440133618056797.94
26.15700274456513 7.603527334734053e-08 18143292763.007122 978471720306480.1 464774067145556.6
26.101935370366043 6.002735218139105e-08 14353752444.94363 774100987682542.5 368472070136904.0
26.047099371688805 3.903202411502053e-08 9352994551.811598 504409028100333.1 240603106403847.7
25.992493293341447 2.7738296746866892e-08 6660714583.69561 359213784526889.0 171704189003856.38
25.938115692309353 2.061228451584506e-08 4959942940.025983 267490800294225.47 128128093340937.58
25.883965137628124 2.984857968183592e-08 7197502743.246643 388162886587732.06 186318185562099.8
25.830040210258062 3.9542956832064e-08 9555051523.663952 515306004488841.94 247862188159125.22
25.776339502960226 5.2476337347631637e-08 12706655245.50638 685272677888007.0 330301430742013.75
25.722861620174 3.0713621065004876e-08 7452478215.988288 401913769225648.8 194124350535990.56
25.66960517789621 1.4467556652172343e-08 3517750047.916175 189713024308948.7 91821103765531.03
25.616568803561712 1.5749707758396542e-08 3837430443.079644 206953457470101.66 100372426872994.58
25.5637511359255 2.177125325115684e-08 5315545298.676132 286668512750196.7 139320897196599.8
25.51115082494623 1.7984581233593e-08 4400066643.003248 237296549963677.47 115563419832311.48
25.458766531671188 1.4451546291489668e-08 3542957435.3542657 191072464189744.2 93243362524595.38
25.40659692812268 1.1663336188796715e-08 2865268143.873124 154524533473394.56 75562496868490.27
25.354640697185825 1.4243442482001098e-08 3506279079.761408 189094392504315.03 92656252327114.12
25.30289653249769 1.3102866702019284e-08 3232102001.2715745 174307963096884.38 85585209880566.31
25.251363138337815 1.514984281553429e-08 3744658987.917972 201950272738802.0 99359534187488.98
25.200039229520055 1.3616368316728187e-08 3372477402.7059155 181878438992540.22 89666070423324.27
25.148923531285735 1.3105995861311008e-08 3252666980.620883 175417036900897.12 86656016229038.5
25.09801477919811 1.1370976659725558e-08 2827791418.8057804 152503405548762.03 75489185746636.75
25.047311719038113 1.2594981610286041e-08 3138523551.046349 169261256946489.06 83953583445457.92
24.996813106701342 1.3911170591208656e-08 3473505637.4747095 187326913641822.38 93101476079984.34
24.94651770809631 1.3107900997361695e-08 3279534443.73845 176866005023735.22 88079270501821.89
24.896424299043908 1.4072734954116751e-08 3528015676.5119405 190266651889307.53 94943059292763.23
24.846531665178087 1.810023979967582e-08 4546817569.230619 245210859296492.66 122605429648247.72
24.796838601847732 3.863751100756326e-08 9725273000.556465 524486085717962.9 262767528944691.4
24.74734391401969 4.743141102675289e-08 11962623259.773987 645146871257857.1 323863729371459.9
24.698046416183 6.123792014248485e-08 15475575360.44138 834601141229333.6 419804374038346.5
24.648944932254206 8.532885519076479e-08 21606606332.9248 1165248973530743.8 587285482659475.9
24.60003829548386 9.431117038514526e-08 23928546894.4554 1290471732451472.0 651688224887978.2
24.551325348364088 9.477370493419545e-08 24093610872.46542 1299373668645403.0 657483076334570.9
24.50280494253728 5.9186949868378455e-08 15076451388.721333 813076298725511.2 412229683453810.7
24.454475938705844 4.5354996673129046e-08 11575926323.053154 624292221451293.1 317140448497269.7
24.40633720654304 3.713537818850163e-08 9496732795.34118 512160862800756.75 260689879165587.44
24.35838762460484 3.986923890996882e-08 10215941157.172848 550947926001053.06 280983442260527.6
24.31062608024287 4.972535034350594e-08 12766465706.994732 688498269069788.2 351822615494662.75
24.263051469518324 4.396110834442297e-08 11308687123.564144 609879953365618.6 312258536123184.6
24.21566269711692 1.9247349087583897e-08 4960935029.230386 267544303880548.5 137250227890726.25
24.16845867626484 1.670946674406659e-08 4315216707.862053 232720574528018.0 119618375307402.16
24.12143832864565 2.159592991069947e-08 5588016547.817482 301362946410275.25 155201917401286.0
24.07460058431818 2.4777353952020435e-08 6423693475.200197 346431184653324.6 178758491281117.75
24.027944381635393 1.6664193996718725e-08 4328691842.237434 233447291452330.88 120692249680852.52
23.981468667164144 1.203462660739309e-08 3132173555.0288286 168918800281739.06 87499938545937.73
23.93517239560591 1.3805504779196858e-08 3600018276.667019 194149767758105.44 100763729466453.97
23.889054529718422 1.9887588717695576e-08 5196035901.173022 280223344979653.7 145716139389422.6
23.843114040238195 1.6344150418993416e-08 4278468603.8908153 230738741297390.1 120214884215936.3
23.797349905803955 1.6317425647248977e-08 4279687132.4090323 230804456805100.66 120479926452264.81
23.75176111288096 1.676310421425411e-08 4405017146.140215 237563531673341.94 124245727065155.06
23.706346655686158 1.5309969692167508e-08 4030868915.465865 217385636310048.5 113910073426467.45
23.66110553611424 1.8012741310427868e-08 4751533047.238115 256251209499503.88 134531884987237.6
23.616036763664496 1.3827410632361655e-08 3654456686.5966177 197085643032254.72 103667048234970.53
23.571139355368558 1.4172924700468603e-08 3752907663.236358 202395125590732.34 106662231186315.05
23.526412335718902 1.5252957681378734e-08 4046572592.9569902 218232539048740.38 115226780617735.6
23.481854736598223 1.4756351638014914e-08 3922252725.851447 211527941607472.38 111898281110349.16
23.437465597209567 1.667284950072078e-08 4440053030.782407 239453024543577.84 126910103008091.72
23.393243964007283 1.797372538857897e-08 4795530161.845864 258623983448593.28 137329335211193.45
23.349188890628735 1.855303857066942e-08 4959435241.251971 267463419989046.38 142290539434181.03
23.305299437826804 2.6379437723626363e-08 7064799188.324316 381006155041163.9 203076280636941.7
23.261574673403114 2.727046004531335e-08 7317156244.26049 394615825891915.3 210724851026268.66
23.218013672142057 3.950231828372244e-08 10619070306.762678 572688768617510.6 306388491210365.75
23.17461551574553 6.821222381779179e-08 18371247396.509445 990765363213991.9 531050234682717.9
23.131379292768393 8.886048700276764e-08 23977071259.26412 1293088661987436.8 694388611487266.0
23.088304098554673 1.1788821431865105e-07 31868918848.65297 1718697716972779.0 924659371731341.4
23.04538903517446 1.299591476442016e-07 35197497372.82505 1898208679909037.5 1023134478470979.1
23.00263321136152 1.0490320852811988e-07 28464279285.419495 1535084765675816.2 828945773464946.6
22.96003574245159 7.235195167410948e-08 19668292830.180748 1060715305232657.5 573846980130840.6
22.917595750321365 3.7869036861395845e-08 10313455047.617191 556206871297432.7 301464124243214.6
22.875312363328153 2.9163621047697683e-08 7957257058.531467 429136601866292.1 233021174813384.56
22.833184716250198 3.734450296245831e-08 10208199957.069426 550530441397713.8 299488560120338.0
22.791211950227677 4.063370240583329e-08 11127765128.06178 600122790843200.1 327066921009543.3
22.749393212704323 2.064016514871786e-08 5662814369.210529 305396809167693.56 166746657805569.84
22.707727657369702 1.8749130441053453e-08 5153430559.56794 277925629650958.25 152025319419065.66
22.666214444102113 1.896459531495548e-08 5222200731.851567 281634419982409.75 154335662150361.62
22.624852738912146 2.9794536882209664e-08 8219395020.877962 443273759124636.4 243357293759427.22
22.583641713886806 3.157176001702875e-08 8725569712.926975 470571870232375.1 258814528627813.97
22.542580547134285 1.620252504728722e-08 4486090661.678884 241935843979416.8 133306650032661.61
22.501668422729324 1.1874440055435481e-08 3293725434.6498322 177631328246553.16 98052493192093.0
22.46090453065916 1.195709217748494e-08 3322670764.389829 179192356167751.7 99093372960766.11
22.420288066770084 1.6256775270596665e-08 4525662763.531414 244069976029291.25 135214766720223.83
22.37981823271454 1.572806328679643e-08 4386394294.348693 236559197230444.3 131290354462899.52
22.33949423589884 1.3638408804243247e-08 3810476980.937756 205499851401198.78 114257917379061.3
22.299315289431394 1.4724217419978983e-08 4121256721.741351 222260270339072.72 123798970578861.88
22.259280612071553 1.4170913884546791e-08 3973522799.404048 214292947812494.78 119575464879366.34
22.21938942817895 1.1420436163897817e-08 3208038301.2941427 173010202529306.22 96712703213882.77
22.179640967663424 1.1076545638984656e-08 3117014369.462351 168101262110833.28 94136706782066.86
22.140034465935454 1.4539277898187192e-08 4098769725.998308 221047541773391.3 124007670934873.52
22.100569163857138 1.3989552809192385e-08 3950839148.5848656 213069613595834.22 119745122840859.95
22.06124430769369 1.3977754978363206e-08 3954543836.2707815 213269408207572.34 120070676820868.67
22.022059149065463 1.578540533225265e-08 4473905310.77726 241278685358046.8 136081178541933.69
21.98301294490045 1.5376269556273084e-08 4365688483.01304 235442528326812.5 133025028504646.56
21.944104957387353 1.495634355957847e-08 4253990696.288722 229418642422628.1 129850951611209.94
21.905334453929072 1.6538181320828132e-08 4712233859.338956 254131795758424.78 144092728195019.62
21.866700707096744 1.4140169735817113e-08 4036085305.610802 217666957363816.25 123634831782645.97
21.82820299458425 1.4259523555720296e-08 4077331344.9169426 219891365224223.78 125118186812576.25
21.789840599163185 1.7556471831926273e-08 5028890341.821779 271209148651771.0 154589214731514.38
21.75161280863834 1.5169746669566953e-08 4352871424.803064 234751301593065.84 134042993209647.52
21.713518915803597 1.957863664386722e-08 5627833106.487279 303510262069412.7 173607869903692.66
21.675558218398344 3.367456769660407e-08 9696627517.530434 522941228595189.6 299645323985036.06
21.637730019064314 4.984038995515442e-08 14376683396.595425 775337658886831.5 445043816201038.8
21.600033625302878 7.821913537066382e-08 22602035806.28234 1218932701284166.8 700886303238429.2
21.562468349432788 1.0058035929186802e-07 29114120997.03827 1570130870360352.2 904395381327527.5
21.525033508548354 9.225676401731881e-08 26751205399.304794 1442698318835450.0 832436929968099.4
21.48772842447808 7.50503300743831e-08 21799728007.807777 1175664067412516.8 679533830964439.8
