string
integrated and resized binned spectra ROIsize spatial in px50:1600
converted file:an 17 2019_15.10.51_18 binning:0.1
nm muJ
28.1 2.0557102253768725e-05
28.200000000000003 0.0003294319648995223
28.300000000000004 0.000352149654274481
28.400000000000006 0.0003559373809535895
28.500000000000007 0.0003316793870264839
28.60000000000001 0.00032412089243299996
28.70000000000001 0.0003192113727956771
28.80000000000001 0.00032446325933655303
28.900000000000013 0.0003223968197466189
29.000000000000014 0.000324999815451053
29.100000000000016 0.0003368967727471772
29.200000000000017 0.00036416074115701823
29.30000000000002 0.00036684822920375897
29.40000000000002 0.000364129005331194
29.50000000000002 0.00034875336732463673
29.600000000000023 0.00033871794613357425
29.700000000000024 0.0003321588549191848
29.800000000000026 0.0003266798278083018
29.900000000000027 0.0003346079572993731
30.00000000000003 0.00034629365828290547
30.10000000000003 0.0003446941208258404
30.20000000000003 0.00037754418497832563
30.300000000000033 0.00040410540646874677
30.400000000000034 0.00040924659281296304
30.500000000000036 0.0004024015277141194
30.600000000000037 0.00040816889732183417
30.70000000000004 0.0003881081298718557
30.80000000000004 0.0003537839395152287
30.90000000000004 0.0003379989461258966
31.000000000000043 0.00032661923199830354
31.100000000000044 0.000327388618409131
31.200000000000045 0.0003558321965463733
31.300000000000047 0.00034316135031973603
31.40000000000005 0.0004014678713168381
31.50000000000005 0.000396456129155229
31.60000000000005 0.0004453845243126781
31.700000000000053 0.00043200654438780157
31.800000000000054 0.00042975874291463484
31.900000000000055 0.0003947644212662266
32.00000000000006 0.00033135415899684245
32.10000000000006 0.0002893929132698925
32.20000000000006 0.00027890974628223467
32.30000000000006 0.0002739378848444929
32.40000000000006 0.00029601312765992926
32.500000000000064 0.0002876279412137619
32.600000000000065 0.00030829064539481253
32.70000000000007 0.00038161831407367957
32.80000000000007 0.00045315415940750596
32.90000000000007 0.00043382205644986957
33.00000000000007 0.00045954166806525676
33.10000000000007 0.00046904214024220584
33.200000000000074 0.0003771138271943001
33.300000000000075 0.00028295277871849555
33.40000000000008 0.00023683279803593204
33.50000000000008 0.0002190695796456152
33.60000000000008 0.00021320223249715047
33.70000000000008 0.00021432601875364155
33.80000000000008 0.00023958664858296521
33.900000000000084 0.0002572980876324916
34.000000000000085 0.0002372654217962083
34.10000000000009 0.0003797014096944583
34.20000000000009 0.0007581961266315172
34.30000000000009 0.0006415778605119975
34.40000000000009 0.0007002271622791044
34.50000000000009 0.0006184918305674576
34.600000000000094 0.0005604038687934263
34.700000000000095 0.00046506613137457136
34.8000000000001 0.0003319183502082189
34.9000000000001 0.00027930298298829394
35.0000000000001 0.0002492987185973974
35.1000000000001 0.00023242921094491047
35.2000000000001 0.00024920949168056656
35.300000000000104 0.0002625194606831357
35.400000000000105 0.0003559743359087765
35.50000000000011 0.00033149776948371507
35.60000000000011 0.00042694366286789745
35.70000000000011 0.0011893283020545883
35.80000000000011 0.001084853489089221
35.90000000000011 0.0009650305933751901
36.000000000000114 0.0008454001286302581
36.100000000000115 0.0006904549386662581
36.20000000000012 0.000536190691568358
36.30000000000012 0.0004905464945477471
36.40000000000012 0.0003466549061662527
36.50000000000012 0.0003387575082330831
36.60000000000012 0.0003147027421907668
36.700000000000124 0.000292205020901638
36.800000000000125 0.00025340213715808064
36.90000000000013 0.00023123566152187676
37.00000000000013 0.00040882373139302313
37.10000000000013 0.0006207769450857142
37.20000000000013 0.0006544811876934315
37.30000000000013 0.0014407774145460523
37.400000000000134 0.0025695858943718315
37.500000000000135 0.0016689674475827093
37.600000000000136 0.0011385568225177117
37.70000000000014 0.0010208824111440716
37.80000000000014 0.0008380518570603714
37.90000000000014 0.0009488823007814997
38.00000000000014 0.0009202995745341482
38.10000000000014 0.0009190714022933943
38.200000000000145 0.0008681888498289317
38.300000000000146 0.0006697028820892941
38.40000000000015 0.0006428863963927271
38.50000000000015 0.0005011135812798337
38.60000000000015 0.00036598240722399985
38.70000000000015 0.0005900092730911912
38.80000000000015 0.0014068977518233244
38.900000000000155 0.0014689149044977501
39.000000000000156 0.00213981737770486
39.10000000000016 0.003361959567293304
39.20000000000016 0.0038783077176641864
39.30000000000016 0.003395968826540856
39.40000000000016 0.0022667217295285133
39.50000000000016 0.0018739473719170433
39.600000000000165 0.0024828798890553856
39.700000000000166 0.0028722016223513076
39.80000000000017 0.0034080345502070612
39.90000000000017 0.0028668341342933117
40.00000000000017 0.002481183981395023
40.10000000000017 0.0019947017755302604
40.20000000000017 0.001157999109547633
40.300000000000175 0.0009962486017723192
40.400000000000176 0.0008482630538444712
40.50000000000018 0.0006649931543755108
40.60000000000018 0.0009711380148954142
40.70000000000018 0.0025558703536228476
40.80000000000018 0.0034511153618143426
40.90000000000018 0.0031784395508547675
41.000000000000185 0.005396966120242931
41.100000000000186 0.0067909657833282455
41.20000000000019 0.005400295227687074
41.30000000000019 0.005971123669689364
41.40000000000019 0.008716114413042274
41.50000000000019 0.005461711423600359
41.60000000000019 0.005696448248664482
41.700000000000195 0.0057218585998115796
41.800000000000196 0.0065872467061288235
41.9000000000002 0.005932611775347551
42.0000000000002 0.004514700736865744
42.1000000000002 0.003787258519378006
42.2000000000002 0.002788216142996474
42.3000000000002 0.002014185772162946
42.400000000000205 0.0017355497771254706
42.500000000000206 0.0017063510477835103
42.60000000000021 0.001581833544286354
42.70000000000021 0.0017601814367635483
42.80000000000021 0.003978941121598299
42.90000000000021 0.006126545313512071
43.00000000000021 0.004029541413800087
43.100000000000215 0.004790117321272693
43.200000000000216 0.007661479236331109
43.30000000000022 0.009523380900426802
43.40000000000022 0.009390478706558503
43.50000000000022 0.010180972329121398
43.60000000000022 0.018586448673300053
43.70000000000022 0.017706706944960255
43.800000000000225 0.009024017745103701
43.900000000000226 0.0067750609798090215
44.00000000000023 0.00819671778029478
44.10000000000023 0.008799165673495554
44.20000000000023 0.0068825275995029805
44.30000000000023 0.006211267678570859
44.40000000000023 0.005404425918841564
44.500000000000234 0.004463268592380315
44.600000000000236 0.0038382464786866468
44.70000000000024 0.003225836945828903
44.80000000000024 0.0031228904910940293
44.90000000000024 0.003081197263883051
45.00000000000024 0.0028936985749396945
45.10000000000024 0.004651827292855018
45.200000000000244 0.007965824065120364
45.300000000000246 0.009674863651162685
45.40000000000025 0.005775585478124128
45.50000000000025 0.005867777185326562
45.60000000000025 0.007534146039148601
45.70000000000025 0.010057968020844405
45.80000000000025 0.014219310442578778
45.900000000000254 0.015209035942531274
46.000000000000256 0.019418275453342567
46.10000000000026 0.03023642188187711
46.20000000000026 0.028696593572862084
46.30000000000026 0.012834651687654875
46.40000000000026 0.011391985729287882
46.50000000000026 0.012768177308938198
46.600000000000264 0.014143015139502628
46.700000000000266 0.012534061999812725
46.80000000000027 0.011019602227242629
46.90000000000027 0.009627668243168575
47.00000000000027 0.009142439496354194
47.10000000000027 0.007442060953303085
47.20000000000027 0.006225342835313469
47.300000000000274 0.005621782129315858
47.400000000000276 0.005482316466608123
47.50000000000028 0.004523794102894269
47.60000000000028 0.003969943017954722
47.70000000000028 0.0050426943457311905
47.80000000000028 0.008035506809091979
47.90000000000028 0.011384314754617032
48.000000000000284 0.012736376624032012
48.100000000000286 0.010700849861707112
48.20000000000029 0.008376955227052387
48.30000000000029 0.010721348414606367
48.40000000000029 0.011284583061866872
48.50000000000029 0.015272009117102124
48.60000000000029 0.017388205249328565
48.700000000000294 0.0249385357425316
48.800000000000296 0.0281828891695456
48.9000000000003 0.03645041547782152
49.0000000000003 0.033007492741789365
49.1000000000003 0.020380087811501517
49.2000000000003 0.02255524708290531
49.3000000000003 0.021482977674310188
49.400000000000304 0.017807101042748987
49.500000000000306 0.01814547084274851
49.60000000000031 0.018477933063348558
49.70000000000031 0.016022772477826228
49.80000000000031 0.014538512136836176
49.90000000000031 0.012345003903874113
50.00000000000031 0.01039216003885947
50.100000000000314 0.008192744991397166
50.200000000000315 0.0073290038841095
50.30000000000032 0.007038465160110191
50.40000000000032 0.006258850973563477
50.50000000000032 0.005374012285731714
50.60000000000032 0.005772618596904495
50.70000000000032 0.006243287892509111
50.800000000000324 0.008281244354636324
50.900000000000325 0.012084490821352612
51.00000000000033 0.0137659143051041
51.10000000000033 0.014879364621410932
51.20000000000033 0.011589396558182178
51.30000000000033 0.013007908502619698
51.40000000000033 0.012975123764931368
51.500000000000334 0.01487328133063854
51.600000000000335 0.014599136810413173
51.70000000000034 0.016060303022203792
51.80000000000034 0.01912102561798711
51.90000000000034 0.025076541148029343
52.00000000000034 0.03095620946558638
52.10000000000034 0.03649439056250587
52.200000000000344 0.03177848921540017
52.300000000000345 0.0287297986193534
52.40000000000035 0.03642643420731657
52.50000000000035 0.0425648227511964
52.60000000000035 0.023137190485011665
52.70000000000035 0.0163226593078512
52.80000000000035 0.018561168223126933
52.900000000000354 0.01703013987089078
53.000000000000355 0.013695986901567756
53.10000000000036 0.012398349317467888
53.20000000000036 0.012093118873361702
53.30000000000036 0.00995300095843718
53.40000000000036 0.0077146348533921535
53.50000000000036 0.006515925036356558
53.600000000000364 0.006603755662108409
53.700000000000365 0.0067762838030945675
53.80000000000037 0.006634592761431699
53.90000000000037 0.0059754728691109316
54.00000000000037 0.006160631672331496
54.10000000000037 0.006890686739318192
54.20000000000037 0.009727734911214089
54.300000000000374 0.012668926573891981
54.400000000000375 0.014726304134113535
54.50000000000038 0.012765346545272348
54.60000000000038 0.008817194401102213
54.70000000000038 0.012086036914696459
54.80000000000038 0.012461021755734202
54.90000000000038 0.0174550776479219
55.000000000000384 0.011822195349720113
55.100000000000385 0.013291299823849228
55.20000000000039 0.014428420064066408
55.30000000000039 0.01255125217844334
55.40000000000039 0.012749042820866476
55.50000000000039 0.016142325866478145
55.60000000000039 0.02187685441796058
55.700000000000394 0.027627305331627983
55.800000000000395 0.02727837444293847
55.9000000000004 0.024313732791079117
56.0000000000004 0.027777668945908815
56.1000000000004 0.04266974012772489
56.2000000000004 0.043657335967723025
56.3000000000004 0.03543718007104815
56.400000000000404 0.016148830948246415
56.500000000000405 0.013926607816710328
56.600000000000406 0.011341362045051534
56.70000000000041 0.01007201486962477
56.80000000000041 0.007848454773835214
56.90000000000041 0.008699241884503318
57.00000000000041 0.008058246403722852
57.10000000000041 0.006240482016863789
57.200000000000415 0.0049707378392873786
57.300000000000416 0.004589080816375605
57.40000000000042 0.0053862480734455705
57.50000000000042 0.006022468522113254
57.60000000000042 0.005275078853177781
57.70000000000042 0.0043110067567314145
57.80000000000042 0.00479589745922629
