string
20190117an 17 2019_14.41   full spectra  index number  Nphoton via eV
eV x-axis E [J] Nphoton Nphoton/sr Nphoton/sr @ 0.1bw
43.81066890785845 9.999918619878327e-10 142464138.5805801 7683121943726.873 2182006632018.4783
43.65640598916881 1.011844798863105e-09 144662144.51255867 7801660881151.287 2223473351128.002
43.50322561727698 1.0173216504816367e-09 145957293.7727044 7871508562119.778 2251251448766.2563
43.35111643679699 1.017630442851345e-09 146513883.17338464 7901525549416.504 2267737832682.5176
43.20006725060606 1.0189414469460974e-09 147215581.96242958 7939368317552.489 2286538075455.034
43.05006701709701 1.0214183037929894e-09 148087628.77400604 7986397991551.398 2308069019558.3306
42.90110484748767 1.0209314371479498e-09 148530989.76382393 8010308546051.649 2322989478354.998
42.75317000318599 1.0345697684211412e-09 151035986.55068976 8145403566973.341 2370312437989.163
42.606251893209404 1.0325067961684614e-09 151254590.1582242 8157192907018.911 2381900328849.4688
42.46034007165731 1.0386235155653907e-09 152673498.64511716 8233714949972.349 2412478480341.8125
42.31542423523527 1.0597006981235813e-09 156305225.0302356 8429574742907.768 2478294974414.8833
42.17149422082971 1.0436295052767606e-09 154460108.12601328 8330067187414.751 2457369820287.3506
42.02854000313198 1.0484310173976018e-09 155698537.10358453 8396855931221.622 2485469355641.64
41.88655169231059 1.0620862928138236e-09 158261096.43240014 8535055312536.022 2534911427823.1313
41.745519531730416 1.0655317544342066e-09 159310903.77845457 8591671650777.483 2560318151931.6245
41.605433895717894 1.0591433746057694e-09 158888941.98702946 8568915159695.492 2562105632748.885
41.46628528737101 1.061477364041478e-09 159773438.14982778 8616616229910.3955 2584984868973.1567
41.32806433641311 1.0695758917448703e-09 161530863.72457486 8711394572954.03 2622129766459.104
41.19076179708947 1.1103872161273726e-09 168253305.0395951 9073937293511.277 2740329062640.3247
41.05436854610573 1.108229174958199e-09 168484198.89185515 9086389449124.934 2753176003084.8516
40.91887558060703 1.103469184671493e-09 168316035.5313202 9077320362558.098 2759505390217.668
40.78427401619714 1.093314541545189e-09 167317498.6109654 9023469049513.025 2752158060101.454
40.65055508499649 1.1027364267661083e-09 169314524.56847206 9131169093251.633 2794137742535.0283
40.51771013373833 1.123314781022914e-09 173039621.0104788 9332064353639.514 2864943756567.0996
40.38573062190204 1.1485071157683597e-09 177498513.77408627 9572533409067.246 2948340289992.608
40.254608119882874 1.1284117871676293e-09 174960892.641954 9435678950117.756 2915624795586.482
40.124334307197174 1.1496382215735853e-09 178830803.89608997 9644384104784.523 2989759072483.134
39.99490097072234 1.1450493242770184e-09 178693413.01049188 9636974584476.297 2997099095772.0103
39.86630000297082 1.1224985604339871e-09 175739277.64619845 9477657422499.393 2957029115819.784
39.73852340039719 1.1123464627189163e-09 174709824.446842 9422138787811.256 2949129440584.986
39.61156326173778 1.1406172048654082e-09 179724345.5686612 9692573001306.6 3043467922410.235
39.485411786381924 1.1051082504253414e-09 174685607.49336419 9420832762249.107 2967562320108.4004
39.36006127277436 1.081589394670342e-09 171512441.50893828 9249703231344.453 2922906221104.8022
39.235504116847856 1.1061727587454512e-09 175967594.37952667 9489970593529.18 3008320678148.8154
39.11173281048556 1.0748186893361774e-09 171520931.63443932 9250161105657.188 2941551231598.9644
38.98873994001234 1.0813913760508074e-09 173114193.5852718 9336086068798.857 2978211455946.682
38.86651818471449 1.1123115502656928e-09 178623989.62492302 9633230566210.463 3082633781187.235
38.74506031538725 1.0524418049022757e-09 169539432.1708878 9143298409110.684 2934998789324.58
38.62435919290941 1.0591075049765513e-09 171146386.12631464 9229961785034.69 2972047694781.1567
38.50440776684447 1.0507052537630203e-09 170317561.59119162 9185263097794.877 2966839980587.7065
38.38519907406786 1.0291352216611036e-09 167339173.45598033 9024637978613.502 2923982705070.758
38.266726237419505 1.03753635243919e-09 169227519.06111044 9126476867337.832 2966104981884.796
38.14898246438129 1.0044401691210813e-09 164335007.39954546 8862622650540.332 2889214984076.105
38.03196104577889 1.0347816630790857e-09 169820055.88231274 9158432506832.824 2994807429734.226
37.91565535450739 9.980713301853647e-10 164297890.91358536 8860620950389.014 2906283671727.5996
37.80005884428024 1.0006918595170392e-09 165233029.58087045 8911053181872.88 2931736496836.2446
37.68516504840097 9.820142755582651e-10 162643366.24305123 8771392075464.619 2894559384903.1636
37.57096757855732 9.895674995732598e-10 164392506.94495067 8865723613515.707 2934554516073.752
37.45746012363721 9.71458572308048e-10 161873193.1916134 8729856475481.876 2898312349859.7666
37.34463644856601 9.937215768963654e-10 166083106.2243967 8956897999935.863 2982647033978.672
37.23249039316491 9.47642268502807e-10 158858812.730563 8567290282348.73 2861474954304.454
37.121015871029684 9.445335159610438e-10 158813162.8819922 8564828376097.959 2869217505992.7207
37.01020686842959 9.178928087119719e-10 154795891.46697643 8348176055941.217 2804987154796.2666
36.90005744322593 9.202975344029991e-10 155664718.67459932 8395032095999.457 2829125816351.768
36.79056172380983 9.118146536806018e-10 154688890.14718035 8342405451518.771 2819733042613.441
36.68171390805892 8.777198981465651e-10 149346586.09499198 8054293833378.369 2730405609515.247
36.57350826231243 8.784656289754065e-10 149915703.57224816 8084986462566.536 2748895397272.4663
36.465939120364446 8.741894384152472e-10 149626021.1991007 8069363829249.723 2751653065774.2197
36.35900088247482 8.789119329309193e-10 150876775.9356247 8136817303914.663 2782791517938.863
36.25268801439741 8.997609376437741e-10 154908730.90771455 8354261511494.388 2865511698442.379
36.146995046425396 9.521510871089326e-10 164407885.15221533 8866552963574.377 3050094219469.476
36.041916572453225 9.560714343057002e-10 165566108.15141392 8929016181543.008 3080510582632.2217
35.937447249054806 9.417026509180274e-10 163551880.99398062 8820388473355.426 3051854411780.946
35.83358179457777 9.918397879438875e-10 172758840.350939 9316921791671.443 3232971861710.1255
35.73031498825334 9.70210000583602e-10 169479774.26544863 9140081045309.777 3180748203767.758
35.62764166932158 9.073401979235498e-10 158954215.88390738 8572435395134.754 2991779952902.0503
35.52555673617166 9.250767335649333e-10 162527120.2763912 8765122905228.418 3067793016829.856
35.42405514549688 9.222225369934514e-10 162489922.2012514 8763116804954.913 3075853998539.142
35.323131911464124 9.124216284950598e-10 161222385.617614 8694758281629.321 3060554915133.446
35.22278210489746 8.889790903803567e-10 157527675.58464697 8495501766882.343 2998912123709.455
35.123000852475656 8.859746252072727e-10 157441291.71814266 8490843066195.027 3005758445433.1724
35.02378333594324 8.746819174820632e-10 155874856.11132276 8406364853613.931 2984259523032.932
34.92512479133495 8.570516919691056e-10 153164467.33935076 8260192998314.427 2940628707399.9165
34.827020508213224 8.77315776860125e-10 157227530.27297083 8479314865017.623 3027115406811.0044
34.7294658289185 8.630587419765754e-10 155106939.00628138 8364950917310.447 2994652428397.208
34.63245614783214 8.509751489978263e-10 153363693.57685316 8270937312584.47 2969266495217.7783
34.535986910651545 8.396695912680892e-10 151748892.17610335 8183850722229.353 2946186260002.58
34.44005361367751 8.522898256317619e-10 154458730.1271805 8329992871638.331 3007127426661.3965
34.34465180311331 9.005661763525129e-10 163661108.63277647 8826279143645.193 3195113049999.46
34.24977707437542 8.17022953293745e-10 148889984.06936064 8029669186940.107 2914769914859.331
34.15542507141571 8.145354685344013e-10 148846723.94582912 8027336159079.869 2921950361905.06
34.06159148605468 7.704981214632349e-10 141187296.75569278 7614261586719.126 2779205479152.44
33.96827205732576 7.838043135017763e-10 144020120.14226905 7767036367382.936 2842735310462.1387
33.87546257083034 7.843137754050386e-10 144508563.35776845 7793378216108.223 2860169805311.693
33.78315885810328 7.85126130193387e-10 145053479.52169418 7822765663210.788 2878777764061.576
33.69135679598887 7.812409127127615e-10 144728963.75836155 7805264457593.797 2880142584851.7256
33.600052306026825 7.590859038875996e-10 141006764.69079873 7604525453239.125 2813674417698.4717
33.509241353848374 7.493137198671573e-10 139568709.81245744 7526970841235.361 2792506182098.348
33.41891994858194 7.587008370538542e-10 141699111.8132341 7641863883963.224 2842773364834.4434
33.32908414226855 8.566402689668803e-10 160422057.0818499 8651596389825.638 3227045453404.7837
33.23973002928659 1.0834398408427724e-09 203439972.60694057 10971561919658.045 4103364157952.084
33.150853745785824 9.934250573180365e-10 187037792.2329899 10086988768746.895 3782620788280.056
33.062451469130394 9.705114654534567e-10 183212285.91544223 9880678381957.227 3715135071615.8726
32.97451941735079 9.76551231771038e-10 184844074.1760058 9968681077352.465 3758192766161.858
32.8870538486045 1.2654761851262833e-09 240169570.85381648 12952397132550.787 4896006116104.197
32.80005106064523 1.0491671738181762e-09 199645326.87094328 10766915850735.795 4080661107428.8735
32.71350739030052 9.42695559569809e-10 179859477.15283826 9699860676998.361 3685947057259.4546
32.627419212957626 9.62646186850598e-10 184150518.80174005 9931277485344.664 3783816721916.239
32.54178294205747 8.624220996472215e-10 165412188.52490452 8920715262646.596 3407713230330.6504
32.45659502859658 8.537461916562692e-10 164177938.27503088 8854151878532.277 3391140169478.037
32.3718519606368 8.766325380355003e-10 169020357.3401286 9115304590719.771 3500276962836.242
32.28755026282264 8.274664109714866e-10 159957369.3896909 8626535681634.943 3321216237429.438
32.20368649590622 8.93919934902592e-10 173253496.13013372 9343598685306.486 3606629092528.478
32.12025725627952 9.47372040996981e-10 184090138.09273455 9928021140590.396 3842144181408.29
32.03725917551394 9.41035644998105e-10 183332598.64953634 9887166873844.645 3836220747051.6787
31.954688919906943 8.442959500947822e-10 164910795.5869886 8893675032578.082 3459639587672.904
31.872543190035717 7.966740761211977e-10 156010181.44247067 8413662978121.92 3281328561467.564
31.790818720317677 8.664123433443834e-10 170102968.6765466 9173690055288.148 3586912811617.6255
31.709512278577733 1.0139934045168226e-09 199588053.5370888 10763827087398.496 4219420218260.0933
31.628620665622176 1.2335771708627721e-09 243430530.63672182 13128261402080.48 5159406731017.649
31.548140714819066 1.6392110138728389e-09 324302330.0666802 17489695114590.152 6890939875147.974
31.468069291685 2.0691194478155812e-09 410397247.8843309 22132812736461.086 8742461030902.317
31.388403293478206 2.825037740788756e-09 561751194.9961674 30295363985573.426 11996964138286.857
31.309139648797704 2.293878144792792e-09 457286294.0765606 24661549184168.43 9790635026114.973
31.230275317188642 1.7582565778377341e-09 351394866.6515347 18950801498415.88 7542418996369.243
31.151807288753492 1.974418219963521e-09 395589610.7623688 21334233649541.31 8512359226167.267
31.07373258376915 1.5506269736951304e-09 311460434.63646924 16797128904160.342 6718851561664.116
30.996048252309727 1.6797954462783212e-09 338250966.465213 18241948105879.03 7315021190457.189
30.918751373875036 2.0843907325137363e-09 420771350.0350833 22692290319206.07 9122300708320.799
30.8418390570246 1.9777634326038353e-09 400242360.4433308 21585157450637.04 8698818452606.985
30.765308439017097 1.8425975057142897e-09 373816253.28776205 20159991750713.277 8144636667288.178
30.689156685455174 2.168081845304774e-09 440940198.3953226 23780000692919.57 9630900280632.023
30.61338098993553 2.026769023128215e-09 413220573.77502996 22285075315108.92 9047740577933.617
30.537978573704155 1.961079321296441e-09 400814891.99849993 21616034201788.75 8797725920128.158
30.462946685316677 1.4461648977389607e-09 296302202.88533103 15979642172723.053 6519694006470.807
30.388282600303643 1.4538831225383863e-09 298615477.1784525 16104397557905.746 6586698601183.397
30.313983620840798 1.438833795918582e-09 296248795.59055275 15976761905713.021 6550472381342.57
30.240047075424116 1.679345663750153e-09 346614406.1930028 18692990227340.875 7682818983436.969
30.166470318549603 2.2286584131553733e-09 461113658.2709774 24867959766661.266 10245599423864.54
30.093250730397784 3.1914491866770952e-09 661923508.267722 35697678602562.07 14743141262857.979
30.02038571652273 4.1734000324530455e-09 867686263.2121059 46794508678298.69 19372926592815.727
29.94787270754562 6.292332520900158e-09 1311398435.9664724 70724002550607.9 29350461058502.242
29.87570915885274 7.776479796005467e-09 1624627498.8383238 87616513959733.69 36448469807248.27
29.803892550297803 3.729041429703139e-09 780931955.2542669 42115830002916.086 17562301111216.176
29.7324203859086 4.699630083750897e-09 986557461.0815473 53205258203950.195 22239797929251.188
29.661290193597814 3.8237074754595e-09 804606611.9278828 43392609380600.5 18181503330470.293
29.590499524878005 3.1976654406562972e-09 674480970.8628452 36374905288403.08 15277460221128.621
29.520045954580674 3.110320756828578e-09 657623197.2543123 35465761895374.1 14931085757952.992
29.449927080579297 4.3302937376053825e-09 917745170.9579021 49494196448236.56 20886550901155.105
29.38014052351631 4.4419140807913045e-09 943637649.1483439 50890583422141.1 21526716787566.324
29.310683926534004 4.855126183851169e-09 1033864312.1552857 55756526959684.664 23640767430905.28
29.241554955009157 4.2302744743211625e-09 902936186.9469458 48695544723300.72 20695606507403.547
29.17275129629149 4.735659233719541e-09 1013192647.0376468 54641699569008.57 23277364016397.273
29.104270659445735 3.5442576292535153e-09 760076905.95766 40991112663628.375 17503205107368.87
29.036110774997383 3.558132994235307e-09 764843723.5830759 41248188173749.555 17654224538364.844
28.96826939468197 3.1698514181644526e-09 682975822.8534535 36833034501747.805 15801371801249.557
28.90074429119786 3.499206437590818e-09 755700156.3753799 40755073607815.086 17524681651360.988
28.833533257962518 2.9626868897385777e-09 641323075.3534788 34586692780090.176 14906864588217.377
28.76663410887211 2.7301910544029848e-09 592369875.5149341 31946636077803.42 13800946785610.947
28.700044678064536 3.231117239160347e-09 702682468.7709624 37895818197312.2 16408889279436.555
28.633762819685636 4.673100389826057e-09 1018628123.2673686 54934835982924.836 23841718816588.71
28.56778640765871 6.665861333898011e-09 1456359723.5650923 78541796283378.78 34165681383270.625
28.502113335457196 8.72277658262422e-09 1910146430.1849027 103014611955725.62 44914370812696.77
28.43674151588046 1.3812610716372615e-08 3031690875.6263456 163499747551882.97 71449389680170.05
28.371668880832676 1.2265934806767452e-08 2698390158.7882967 145524767483829.66 63739848157916.61
28.306893381104747 8.736749128412513e-09 1926400716.2787607 103891209135981.61 45608240810695.695
28.242412986159177 7.333379169098065e-09 1620657771.216532 87402425686674.33 38457067302137.88
28.17822568391791 8.100693967252847e-09 1794310328.9666994 96767545851844.64 42674487720662.68
28.114329480553014 6.835727666389375e-09 1517560440.4608426 81842364241311.53 36174324994658.79
28.050722400280268 7.049845581275266e-09 1568644492.203521 84597338249711.94 37476620844624.28
27.987402485155485 6.454564177017061e-09 1439439130.9525692 77629265047817.3 34467393681227.133
27.924367794873596 7.3433227962570105e-09 1641338832.4319487 88517759810944.84 39390403115869.72
27.86161640657051 7.823931715956639e-09 1752700528.660901 94523520281699.16 42157490045637.98
27.799146414627526 9.09955656724383e-09 2043044108.8855765 110181812639833.06 49251270250007.18
27.736955930478473 8.25192702946753e-09 1856887348.5437706 100142338112380.3 44863767474345.36
27.675043082419368 6.496387924770384e-09 1465118052.8138745 79014134882496.77 35477346562241.35
27.61340601542066 6.537813624296294e-09 1477751919.2401476 79695482043550.28 35862966919597.02
27.552042890941948 5.764401159172136e-09 1305838190.5612247 70424137307949.66 31761285925885.656
27.490951886749173 4.98844362219385e-09 1132567944.3981123 61079635289725.71 27607995150955.95
27.43013119673424 5.357077584980473e-09 1218958797.7849865 65738712781136.336 29779636889853.51
27.369579030737032 5.789994067133334e-09 1320380117.2618744 71208386574122.94 32328607504652.43
27.30929361436977 5.267742275262966e-09 1203934963.508303 64928474134693.99 29542455731285.973
27.249273188843684 5.748046047018061e-09 1316601332.9541445 71004595915473.02 32378095737453.195
27.18951601079797 5.105022511739432e-09 1171885442.6966512 63200036514621.24 28882416687181.926
27.130020352131016 6.688664388611534e-09 1538786121.0446794 82987069806438.53 38008077971347.65
27.070784499833785 9.452441123399567e-09 2179375749.9735794 117534207661511.27 53948201316633.81
27.011806755825432 1.085987313960683e-08 2509343370.2370915 135329433107190.61 62251539229310.01
26.95308543679103 1.720351109606294e-08 3983800472.7840433 214847224970683.88 99044570711482.77
26.89461887402142 1.951561338522695e-08 4529036143.417966 244251903139433.7 112844379250421.03
26.83640541325514 1.4795898121971574e-08 3441168692.5355663 185582975176111.62 85924917506539.4
26.778443414522407 1.0722739312604825e-08 2499248234.2468014 134785000230084.23 62540240106758.24
26.720731251991108 1.430484642085712e-08 3341364354.657274 180200505552023.6 83793235081689.12
26.66326731381478 1.1542908212874505e-08 2702034254.193904 145721294340727.2 67906123162777.29
26.60605000198256 1.1318164897798282e-08 2655122658.355676 143191341785712.3 66870356613929.49
26.549077732171035 1.1779184392475128e-08 2769202762.043421 149343706561288.38 69892854670682.52
26.49234893359802 9.871998559357913e-09 2325806562.5917344 125431253197837.31 58827257749779.45
26.43586204887819 1.0178278995230288e-08 2403088964.198376 129599109905945.34 60911581655797.11
26.37961553388058 1.2125287967799674e-08 2868881267.5765615 154719390019665.5 72872832699262.33
26.323607857587838 1.3600628532456077e-08 3224798190.452277 173914066992660.0 82087439620530.92
26.267837501957352 1.3037337894610688e-08 3097801425.9129295 167065103891235.78 79021794140557.28
26.212302961784083 1.2731100399516942e-08 3031445320.1397243 163486504691143.0 77492603223602.92
26.15700274456513 7.993425653115546e-09 1907365560.998267 102864639076351.56 48860703561264.734
26.101935370366043 9.112555819924441e-09 2178996168.024792 117513736724549.69 55936538680887.74
26.047099371688805 8.791710620473338e-09 2106701443.2066696 113614866509210.25 54194291324890.76
25.992493293341447 6.783583510641354e-09 1628921704.5797706 87848101408278.34 41991392473157.89
25.938115692309353 8.37020312258964e-09 2014125598.3808093 108622231085816.9 52030048690107.76
25.883965137628124 7.555901128103787e-09 1821983480.5179043 98259964926943.19 47164783164929.805
25.830040210258062 8.005554809178051e-09 1934440284.8293362 104324784814495.86 50180221495770.94
25.776339502960226 9.386170237703172e-09 2272773507.3436794 122571169006974.47 59079303461360.69
25.722861620174 1.1032852676224774e-08 2677056347.597422 144374230411573.94 69732753288791.0
25.66960517789621 1.1474532413945746e-08 2790003724.8454456 150465507004173.06 72825305390019.66
25.616568803561712 1.4033811097182088e-08 3419350680.208321 184406325031379.62 89437067640214.9
25.5637511359255 1.2523068717027635e-08 3057561192.0851307 164894939338784.66 80138940518651.77
25.51115082494623 1.535765086193067e-08 3757367847.2006884 202635664280895.56 98683568504796.62
25.458766531671188 2.5902688591477052e-08 6350332434.314185 342474807780788.7 167127706197025.25
25.40659692812268 2.720171783768467e-08 6682497556.214588 360388544967148.8 176229998488936.53
25.354640697185825 1.9698972667531824e-08 4849255778.175809 261521417609060.06 128145494628439.1
25.30289653249769 1.5981457929533023e-08 3942168025.667299 212601978053104.1 104387571224069.33
25.251363138337815 1.8894542792311526e-08 4670254361.799781 251867832336167.22 123918973509392.28
25.200039229520055 1.9242458876327557e-08 4765937305.998624 257028034303757.25 126714820911755.06
25.148923531285735 1.637658244901691e-08 4064366382.456981 219192161982143.44 108280928019173.02
25.09801477919811 1.5270828019408506e-08 3797625984.4318833 204806794367781.34 101379363212051.16
25.047311719038113 1.546688214131954e-08 3854167903.043656 207856112322143.7 103096631711782.47
24.996813106701342 1.4222219693066712e-08 3551172056.8282466 191515480510447.62 95183193813691.06
24.94651770809631 1.5538162191425716e-08 3887574227.8974915 209657722678974.66 104409545894131.45
24.896424299043908 1.509147326766504e-08 3783411997.9931674 204040230991178.56 101816075264596.78
24.846531665178087 2.247341392343615e-08 5645367928.744327 304455918843143.6 152227959421573.53
24.796838601847732 1.7632582278022937e-08 4438217470.193137 239354032362226.3 119916370213471.73
24.74734391401969 1.701713163920597e-08 4291871786.124625 231461577827076.56 116193712069198.03
24.698046416183 1.7152558757091246e-08 4334662494.286882 233769290014470.97 117585952877276.56
24.648944932254206 1.2378321183275912e-08 3134385340.9449377 169038082376701.3 85195193517854.7
24.60003829548386 1.2253947184732312e-08 3109060662.216436 167672316951132.6 84674520060320.0
24.551325348364088 1.1987891056346911e-08 3047591971.778209 164357297121837.3 83164792343649.3
24.50280494253728 9.092328993464774e-09 2316052041.6253176 124905189762966.42 63326931209820.37
24.454475938705844 1.0040854390041187e-08 2562720740.0609145 138208086257926.34 70209707819029.414
24.40633720654304 8.780159122881977e-09 2245374334.6124177 121093525669156.84 61636604565601.37
24.35838762460484 9.025767901332351e-09 2312728216.019584 124725935125954.12 63610226914234.46
24.31062608024287 9.18597271213475e-09 2358402802.689821 127189175507801.25 64993668684486.61
24.263051469518324 1.0003581392631884e-08 2573351226.681111 138781390710807.5 71056072043930.67
24.21566269711692 1.0293828531130033e-08 2653197295.5131016 143087506549330.66 73403890859809.23
24.16845867626484 1.1791450887999117e-08 3045140019.1987987 164225062786547.44 84411682272286.02
24.12143832864565 1.482535566233562e-08 3836108614.492526 206882170967233.53 106544318048121.31
24.07460058431818 1.6472859865971452e-08 4270698261.155499 230319685025581.6 118844957473201.6
24.027944381635393 1.7126238260955383e-08 4448712482.764522 239920030670223.56 124038655856502.97
23.981468667164144 1.8823740909054427e-08 4899131930.344633 264211249331028.53 136861427153467.94
23.93517239560591 2.533145679709067e-08 6605604713.675137 356241697264165.4 184889440880096.78
23.889054529718422 2.847922270279508e-08 7440774530.376136 401282586917980.94 208666945197353.94
23.843114040238195 1.9834966233078302e-08 5192272348.940267 280020375790116.28 145890615786645.78
23.797349905803955 1.4180481755484044e-08 3719215678.518368 200578109535368.44 104701773177464.3
23.75176111288096 1.744459889319031e-08 4584100668.341587 247221544931232.9 129296867999031.94
23.706346655686158 1.932002284346526e-08 5086651449.457519 274324217735062.47 143745890093175.3
23.66110553611424 1.4881289156167106e-08 3925495625.1494975 211702831871130.22 111143986732341.77
23.616036763664496 1.768100968749466e-08 4672927259.932585 252011982313151.62 132558302696723.58
23.571139355368558 1.674223302649911e-08 4433245498.2111025 239085892833083.28 125998265523033.83
23.526412335718902 1.8255454247203098e-08 4843127632.806424 261190925397960.66 137908808610124.05
23.481854736598223 1.8599813628508702e-08 4943848689.320141 266622833857212.6 141043479110460.78
23.437465597209567 2.0267605980825427e-08 5397352465.63446 291080391036718.25 154272607249455.16
23.393243964007283 2.305269455565517e-08 6150638760.938841 331705284592567.4 176135506118641.0
23.349188890628735 2.1233004524298505e-08 5675820190.550548 306098215938051.9 162844250879053.2
23.305299437826804 1.7883606215232898e-08 4789491269.578154 258298304676657.22 137672996392659.2
23.261574673403114 1.8352400062598682e-08 4924279916.513141 265567485688450.6 141813037357623.1
23.218013672142057 1.8200646443492444e-08 4892724088.338328 263865673019536.44 141168135065450.88
23.17461551574553 1.4761817370679296e-08 3975724346.170703 214411677707902.56 114924659251439.72
23.131379292768393 1.59687820627181e-08 4308828798.445874 232376073185441.75 124785951300584.45
23.088304098554673 1.3782729721912532e-08 3725908459.6300955 200939052674718.5 108105210338996.95
23.04538903517446 1.0619809052719293e-08 2876216934.388831 155115004124511.53 83606987223112.36
23.00263321136152 1.0382868995835547e-08 2817272102.8086066 151936096551732.1 82045492137935.9
22.96003574245159 1.248223939072409e-08 3393195813.417566 182995787383256.72 99000720974337.2
22.917595750321365 1.057788322713757e-08 2880837016.3023467 155364166145811.88 84207378051031.75
22.875312363328153 9.073953732923052e-09 2475816781.1877403 133521336876168.31 72502085923755.64
22.833184716250198 9.575164199466782e-09 2617391664.529337 141156501091667.72 76789136593862.55
22.791211950227677 9.626450720628827e-09 2636257005.7273593 142173913040938.28 77484782607311.19
22.749393212704323 1.0079777356841086e-08 2765477293.5917306 149142791238337.44 81431964016136.7
22.707727657369702 9.018305652175848e-09 2478792928.000772 133681841120357.62 73123967092831.53
22.666214444102113 8.998541935295558e-09 2477890590.3169703 133633177853038.97 73230981463465.88
22.624852738912146 1.2833838237838782e-08 3540460673.3065643 190937813270094.62 104824859485282.75
22.583641713886806 1.6705404203153232e-08 4616916157.940403 248991291414402.75 136945210277925.56
22.542580547134285 1.4726717652444116e-08 4077474982.757235 219899111644155.8 121164410515932.53
22.501668422729324 1.8076006632095095e-08 5013912447.499168 270401387557032.16 149261565931475.16
22.46090453065916 2.731861652722501e-08 7591374818.495387 409404493173892.06 226400684725161.0
22.420288066770084 3.045545747617205e-08 8478380709.089271 457240913554044.1 253311466108933.84
22.37981823271454 1.969327106819676e-08 5492249762.443274 296198222869883.44 164390013692788.97
22.33949423589884 1.3858113576271466e-08 3871860972.8998713 208810303423276.78 116098528703336.58
22.299315289431394 1.3474228165411106e-08 3771389121.2736807 203391834637748.47 113289251893224.4
22.259280612071553 1.2103697357394875e-08 3393875497.2705975 183032442881110.8 102132103127654.92
22.21938942817895 1.1283196850320862e-08 3169487324.074029 170931139952695.47 95550507233557.34
22.179640967663424 1.2599397646286754e-08 3545555156.81926 191212559872701.62 107079033528713.16
22.140034465935454 1.4274777268981682e-08 4024204319.1681504 217026213183841.25 121751705596135.92
22.100569163857138 1.4964417120583612e-08 4226154030.9499326 227917405013442.03 128089581617555.62
22.06124430769369 1.6984794344233965e-08 4805286248.634937 259150131328620.2 145901523938019.78
22.022059149065463 1.6486839663473687e-08 4672706083.615157 252000054226302.6 142128030583629.75
21.98301294490045 1.7568504892411004e-08 4988116213.224558 269010191038417.22 151990757936702.88
21.944104957387353 1.75799505518498e-08 5000215847.602031 269662726949018.0 152629103453147.06
21.905334453929072 1.7206431540226977e-08 4902638792.5825 264400375173376.2 149915012723296.78
21.866700707096744 1.5544464498025554e-08 4436918786.423908 239283994064415.1 135913308628585.95
21.82820299458425 1.587804420486285e-08 4540126960.026882 244850033288612.34 139319668941212.55
21.789840599163185 1.1505669603651616e-08 3295693536.8287845 177737468424630.7 101310357002042.7
21.75161280863834 1.0475118849706075e-08 3005775014.277358 162102099519158.1 92560298825444.05
21.713518915803597 1.3489497880662564e-08 3877524474.4359035 209115737291500.47 119614201730730.4
21.675558218398344 1.0801193594817077e-08 3110215162.2940893 167734579391133.5 96111913991117.06
21.637730019064314 1.0182963218625278e-08 2937321284.3053155 158410374990316.94 90927555244441.42
21.600033625302878 1.2859511320442854e-08 3715857174.0611644 200396984660362.47 115228266179713.89
21.562468349432788 1.1291477267479847e-08 3268445626.116333 176267982680348.9 101530358023877.0
21.525033508548354 6.981124877626797e-09 2024279818.4914968 109169850382372.22 62991003670632.15
21.48772842447808 8.199762588318497e-09 2381769593.508486 128449351613044.86 74243725232340.48
