string
integrated and resized binned spectra ROIsize spatial in px50:1600
converted file:an 17 2019_15.20.40_22 binning:0.1
nm muJ
28.1 2.088143848192619e-05
28.200000000000003 0.0003568088260016059
28.300000000000004 0.0003746669367097178
28.400000000000006 0.0003724385304345478
28.500000000000007 0.0003742086205444291
28.60000000000001 0.00039244937828514286
28.70000000000001 0.0004001396233003013
28.80000000000001 0.0004232365345347581
28.900000000000013 0.00042276888650763115
29.000000000000014 0.0004078272435940783
29.100000000000016 0.0003786511691171783
29.200000000000017 0.0003762988741620817
29.30000000000002 0.00038819356119504454
29.40000000000002 0.0003775884261521055
29.50000000000002 0.00038768888892069884
29.600000000000023 0.00038842986705752965
29.700000000000024 0.0004063256907451857
29.800000000000026 0.000408307463026283
29.900000000000027 0.0004412246554709453
30.00000000000003 0.0004450989321120115
30.10000000000003 0.0004314994922670594
30.20000000000003 0.00040691695214058865
30.300000000000033 0.0003939843405242897
30.400000000000034 0.00038795581312369
30.500000000000036 0.0003859398627681254
30.600000000000037 0.00040335638014977635
30.70000000000004 0.0004194853538481823
30.80000000000004 0.0004203195385222822
30.90000000000004 0.00043249276923934635
31.000000000000043 0.0004397999334640118
31.100000000000044 0.0004560614245754753
31.200000000000045 0.000448864072014681
31.300000000000047 0.0004305667392827833
31.40000000000005 0.0004030605565828112
31.50000000000005 0.0003976798889974277
31.60000000000005 0.000386481966684877
31.700000000000053 0.000358426790172971
31.800000000000054 0.00037720820688456853
31.900000000000055 0.00039532307566007835
32.00000000000006 0.00040556043210822313
32.10000000000006 0.00041150611769606347
32.20000000000006 0.00040708076000772346
32.30000000000006 0.0004223877974459457
32.40000000000006 0.0004404712173960194
32.500000000000064 0.00039717305836829383
32.600000000000065 0.00038857199137448255
32.70000000000007 0.00037571682783220394
32.80000000000007 0.00036965770786743287
32.90000000000007 0.00032487081136433075
33.00000000000007 0.000309288100506898
33.10000000000007 0.00032148368989998535
33.200000000000074 0.00034137184727454787
33.300000000000075 0.0003510292054120095
33.40000000000008 0.0004038198146556441
33.50000000000008 0.00038097190914519144
33.60000000000008 0.0003648112087673719
33.70000000000008 0.0003634481639805579
33.80000000000008 0.0003649185743055585
33.900000000000084 0.00034874044930166765
34.000000000000085 0.00031588241527237467
34.10000000000009 0.00029233902855154575
34.20000000000009 0.0002850432223042996
34.30000000000009 0.00029323555445894255
34.40000000000009 0.0002753665326556465
34.50000000000009 0.0002800611886127121
34.600000000000094 0.0003193454916070289
34.700000000000095 0.00033116950716147837
34.8000000000001 0.0003386633079235709
34.9000000000001 0.00036789862796140165
35.0000000000001 0.00036180886890889045
35.1000000000001 0.0003509916497561473
35.2000000000001 0.0003886093022748096
35.300000000000104 0.00038468939091240435
35.400000000000105 0.0003432169801324999
35.50000000000011 0.0003284581207771999
35.60000000000011 0.00029898966862816715
35.70000000000011 0.0002518788892316719
35.80000000000011 0.0002227670296212243
35.90000000000011 0.00020256864946077097
36.000000000000114 0.00021724131080756468
36.100000000000115 0.0002077849708524263
36.20000000000012 0.00023741710757895602
36.30000000000012 0.00034280404415607554
36.40000000000012 0.0003559719669214769
36.50000000000012 0.0003621768978273248
36.60000000000012 0.0003825584013571045
36.700000000000124 0.00034240804439764506
36.800000000000125 0.00038068481576356217
36.90000000000013 0.00037666051082731915
37.00000000000013 0.0003352399486704633
37.10000000000013 0.00032948274275885824
37.20000000000013 0.0003181079699190122
37.30000000000013 0.00031649905244946196
37.400000000000134 0.00023212010711994117
37.500000000000135 0.00017272722706586659
37.600000000000136 0.0001298905241511435
37.70000000000014 0.0001433229359323244
37.80000000000014 0.00012060654141639435
37.90000000000014 0.0001345597630523304
38.00000000000014 0.0002557848465335404
38.10000000000014 0.0003379182209514736
38.200000000000145 0.0004198653902023811
38.300000000000146 0.0005442115475668046
38.40000000000015 0.0006073254964585959
38.50000000000015 0.0005433949366465868
38.60000000000015 0.0005335393765909487
38.70000000000015 0.0005587099305744485
38.80000000000015 0.0004546662094640311
38.900000000000155 0.00048104279667690104
39.000000000000156 0.00037803396820097377
39.10000000000016 0.00022000061798267687
39.20000000000016 0.00018694571793973755
39.30000000000016 0.00016932425915658543
39.40000000000016 0.0001461577763530965
39.50000000000016 0.00011958356708783785
39.600000000000165 7.722756055663319e-05
39.700000000000166 8.108474034884566e-05
39.80000000000017 0.00012862656187978306
39.90000000000017 0.0002937272595560416
40.00000000000017 0.0004523759633049861
40.10000000000017 0.0007020847848377738
40.20000000000017 0.0010672924322511494
40.300000000000175 0.0012631948877261465
40.400000000000176 0.0011080967641761135
40.50000000000018 0.0010805111207853723
40.60000000000018 0.0011903704713698015
40.70000000000018 0.0009854261562518654
40.80000000000018 0.0009150503669983858
40.90000000000018 0.0007301641929856086
41.000000000000185 0.0004722993742693062
41.100000000000186 0.0003731806144727619
41.20000000000019 0.00040779378061933934
41.30000000000019 0.0004180485128420957
41.40000000000019 0.0002535407078126519
41.50000000000019 0.00030737985592936903
41.60000000000019 0.0003552241415091229
41.700000000000195 0.0002887614814720998
41.800000000000196 0.00021695692783844478
41.9000000000002 0.00033636927293178426
42.0000000000002 0.0006564440738487385
42.1000000000002 0.0011416574376733816
42.2000000000002 0.0016149068712030471
42.3000000000002 0.0021404297296482
42.400000000000205 0.0025105158687851055
42.500000000000206 0.0027463232268941083
42.60000000000021 0.002589361205946017
42.70000000000021 0.002393932376885354
42.80000000000021 0.002168923515641318
42.90000000000021 0.0018795353959865414
43.00000000000021 0.0014222211271075805
43.100000000000215 0.001177029518554881
43.200000000000216 0.0010671036641711753
43.30000000000022 0.0008819581209124226
43.40000000000022 0.0007518107077394697
43.50000000000022 0.0007412306985008796
43.60000000000022 0.0005575433761540135
43.70000000000022 0.0005762180679081016
43.800000000000225 0.0006797179981408024
43.900000000000226 0.0007487095162145317
44.00000000000023 0.0007939571702067841
44.10000000000023 0.0006115894903546725
44.20000000000023 0.0006229085198913759
44.30000000000023 0.0013021884163825566
44.40000000000023 0.0018997730471023329
44.500000000000234 0.002522017354039666
44.600000000000236 0.003735347016849218
44.70000000000024 0.00564016317433017
44.80000000000024 0.006333181865366919
44.90000000000024 0.006218443994242467
45.00000000000024 0.004961134482968643
45.10000000000024 0.004387917279789065
45.200000000000244 0.0039042040144209853
45.300000000000246 0.0033272129661558267
45.40000000000025 0.0027754337668547966
45.50000000000025 0.002814268890508343
45.60000000000025 0.002414459058967365
45.70000000000025 0.0019663258219973184
45.80000000000025 0.0015580684481267012
45.900000000000254 0.0013227064885824595
46.000000000000256 0.0013075298690570399
46.10000000000026 0.0011261858509923604
46.20000000000026 0.0011414875761319129
46.30000000000026 0.0011437848977236896
46.40000000000026 0.001397803046072502
46.50000000000026 0.0018821195263559183
46.600000000000264 0.0019016458561867224
46.700000000000266 0.0018830940395221307
46.80000000000027 0.002174035530797811
46.90000000000027 0.003153638895420448
47.00000000000027 0.004591973868192073
47.10000000000027 0.0058974948366753155
47.20000000000027 0.00771712464838754
47.300000000000274 0.009698571609038028
47.400000000000276 0.010254793460455294
47.50000000000028 0.010503634464293768
47.60000000000028 0.010068943299782666
47.70000000000028 0.00823728871557887
47.80000000000028 0.006932983386726533
47.90000000000028 0.006435744415766057
48.000000000000284 0.006178638369138323
48.100000000000286 0.0057479809414529475
48.20000000000029 0.004819980814198376
48.30000000000029 0.00452512293335382
48.40000000000029 0.004342825770659252
48.50000000000029 0.003729541384528729
48.60000000000029 0.0031991825206915472
48.700000000000294 0.002974549463598948
48.800000000000296 0.0026942219036973714
48.9000000000003 0.0025569362219054433
49.0000000000003 0.0026607160812654237
49.1000000000003 0.0027422616528121717
49.2000000000003 0.0030864137471863233
49.3000000000003 0.0036003108539495476
49.400000000000304 0.0037902120977714067
49.500000000000306 0.0037315042412289783
49.60000000000031 0.0038324535311481138
49.70000000000031 0.004396455313046865
49.80000000000031 0.005751046811851648
49.90000000000031 0.007547321204579592
50.00000000000031 0.008134439589190998
50.100000000000314 0.009436523089950322
50.200000000000315 0.011400499292998674
50.30000000000032 0.014028781070871316
50.40000000000032 0.016956190262929466
50.50000000000032 0.018646339304460326
50.60000000000032 0.016044210424099172
50.70000000000032 0.012786039932119995
50.800000000000324 0.009970247577822545
50.900000000000325 0.00959596186246042
51.00000000000033 0.009712910705415925
51.10000000000033 0.007929038412713448
51.20000000000033 0.007043386405099926
51.30000000000033 0.006918405850312271
51.40000000000033 0.00637650668848826
51.500000000000334 0.005627916026325418
51.600000000000335 0.005154812507006655
51.70000000000034 0.004747967474068477
51.80000000000034 0.00447391099555675
51.90000000000034 0.004294396424486502
52.00000000000034 0.004031394735043604
52.10000000000034 0.003900872375556392
52.200000000000344 0.0038929858832093896
52.300000000000345 0.003818689907419693
52.40000000000035 0.0039283674237049985
52.50000000000035 0.004429616274225045
52.60000000000035 0.004447302042960744
52.70000000000035 0.004580666543919654
52.80000000000035 0.004901669001421488
52.900000000000354 0.004972346694095551
53.000000000000355 0.005374310442584427
53.10000000000036 0.007064150650010001
53.20000000000036 0.00865345821527058
53.30000000000036 0.009560586364822212
53.40000000000036 0.011811013044889126
53.50000000000036 0.01474407020381816
53.600000000000364 0.017880552909068852
53.700000000000365 0.020396986218478696
53.80000000000037 0.021816467461732957
53.90000000000037 0.02132493886336819
54.00000000000037 0.019026445197200408
54.10000000000037 0.01463312930176219
54.20000000000037 0.011709956302547632
54.300000000000374 0.011195869472639064
54.400000000000375 0.010043712905476699
54.50000000000038 0.00903201960012301
54.60000000000038 0.008547091709303541
54.70000000000038 0.007866658294000616
54.80000000000038 0.00687262718046984
54.90000000000038 0.006068328032575077
55.000000000000384 0.005376051145563467
55.100000000000385 0.004919419874228933
55.20000000000039 0.004876317563944984
55.30000000000039 0.004771539524214836
55.40000000000039 0.004473589330098217
55.50000000000039 0.004244983469619098
55.60000000000039 0.004096190856841519
55.700000000000394 0.0036704454567231958
55.800000000000395 0.0037920678236474203
55.9000000000004 0.004030675672954151
56.0000000000004 0.003929564957006686
56.1000000000004 0.0038564541040319936
56.2000000000004 0.004151500642678994
56.3000000000004 0.004591759799423995
56.400000000000404 0.004580910253537409
56.500000000000405 0.004464516385347025
56.600000000000406 0.0045934751910004885
56.70000000000041 0.004784353552600522
56.80000000000041 0.005598614386767514
56.90000000000041 0.0066957549045313855
57.00000000000041 0.008250409067792203
57.10000000000041 0.00894535061095116
57.200000000000415 0.010224540966674292
57.300000000000416 0.011985097206918583
57.40000000000042 0.012295049390688298
57.50000000000042 0.012947669103128398
57.60000000000042 0.013806611814351036
57.70000000000042 0.015269842137726905
57.80000000000042 0.015120068544407967
