string
20190117an 17 2019_16.06.   full spectra  index number  Nphoton via eV
eV x-axis E [J] Nphoton Nphoton/sr Nphoton/sr @ 0.1bw
43.81066890785845 7.315239318827024e-10 104216774.92413053 5620433312564.037 1596203060768.2205
43.65640598916881 7.366653543171797e-10 105320094.60676672 5679935582742.811 1618781641081.6172
43.50322561727698 7.374410075772625e-10 105802224.62781106 5705936959519.606 1631897970422.6074
43.35111643679699 7.439843369870589e-10 107115539.82870895 5776764333619.379 1657931363748.7478
43.20006725060606 7.500021235611889e-10 108359513.12417199 5843852083694.647 1683029400103.9978
43.05006701709701 7.539495011885163e-10 109309372.4987527 5895078206121.015 1703677601568.9558
42.90110484748767 7.572008560017959e-10 110161944.76893458 5941057613871.705 1722906708022.8093
42.75317000318599 7.656357168126171e-10 111774526.33640586 6028024488135.857 1754155126047.476
42.606251893209404 7.628024395066125e-10 111744901.61945778 6026426820714.932 1759716631648.721
42.46034007165731 7.683663533492774e-10 112946777.77747546 6091244263022.244 1784734569065.454
42.31542423523527 7.942415906704325e-10 117150163.98303497 6317933794266.112 1857472535514.2366
42.17149422082971 7.863563954504012e-10 116382962.77819476 6276558466616.007 1851584747651.7214
42.02854000313198 7.866119120644361e-10 116816769.00468849 6299953730654.431 1864786304273.7415
41.88655169231059 7.976189183654949e-10 118852908.10157917 6409763154497.278 1903699656885.641
41.745519531730416 8.020475437856653e-10 119916575.49580206 6467126968147.534 1927203836507.9158
41.605433895717894 8.115409633586226e-10 121744504.22746742 6565707561760.454 1963146560966.3242
41.46628528737101 8.161404318320413e-10 122845354.2432724 6625076642270.49 1987522992681.1763
41.32806433641311 8.215995367915873e-10 124080660.22987023 6691696962495.7 2014200785711.1602
41.19076179708947 8.459538063351862e-10 128184584.40392695 6913022484772.677 2087732790401.2869
41.05436854610573 8.497006089907442e-10 129180073.6153033 6966709434210.432 2110912958565.7583
40.91887558060703 8.446778248000075e-10 128841679.26617882 6948459753446.589 2112331765047.7678
40.78427401619714 8.488670045268411e-10 129907998.52536646 7005966582750.507 2136819807738.8901
40.65055508499649 8.571952416520648e-10 131614047.81766522 7097974191720.299 2171980102666.4338
40.51771013373833 8.811675768645242e-10 135738357.69214267 7320399119249.722 2247362529609.483
40.38573062190204 8.840042370356005e-10 136620344.8716472 7367964879450.52 2269333182870.68
40.254608119882874 8.867892901835169e-10 137497186.3642757 7415253131640.2 2291313217676.897
40.124334307197174 9.1308020970839e-10 142033263.03840208 7659884732130.281 2374564266960.3325
39.99490097072234 9.098040927920523e-10 141981655.34447715 7657101517985.232 2381358572093.3135
39.86630000297082 8.976700782813904e-10 140539949.61096916 7579350014569.186 2364757204545.565
39.73852340039719 8.911139554067934e-10 139962114.2595326 7548187228532.528 2362582602530.732
39.61156326173778 9.038776152830583e-10 142421850.37010607 7680841331348.973 2411784178043.548
39.485411786381924 8.90148336749979e-10 140706670.95692158 7588341332976.311 2390327519887.483
39.36006127277436 8.779190991678877e-10 139215536.77170223 7507924142421.229 2372504029005.072
39.235504116847856 9.048107785383505e-10 143935361.64155242 7762465323025.657 2460701507399.1865
39.11173281048556 8.75963090517429e-10 139787302.5967999 7538759597583.837 2397325552031.6426
38.98873994001234 8.70349913649971e-10 139329688.37680715 7514080363283.767 2396991635887.398
38.86651818471449 9.028051599546271e-10 144979758.13210082 7818789852654.18 2502012752849.2456
38.74506031538725 8.821013920325048e-10 142099039.0401939 7663432046196.631 2459961686829.161
38.62435919290941 8.970950586513924e-10 144965998.80420953 7818047809111.813 2517411394533.9927
38.50440776684447 8.827615884497851e-10 143094174.76753652 7717099932163.654 2492623278088.8276
38.38519907406786 8.75052907589468e-10 142285121.72571802 7673467525853.074 2486203478376.382
38.266726237419505 8.877414262413485e-10 144795195.63571164 7808836357128.043 2537871816066.6147
38.14898246438129 8.616287049845454e-10 140969829.7243499 7602533542474.484 2478425934846.645
38.03196104577889 8.70259001582882e-10 142819918.01162764 7702309205735.705 2518655110275.4854
37.91565535450739 8.49500507618893e-10 139840848.55526578 7541647342756.664 2473660328424.1885
37.80005884428024 8.681816134162547e-10 143353098.00602335 7731063718665.854 2543519963441.1235
37.68516504840097 8.486128660890876e-10 140549131.12075603 7579845175386.658 2501348907877.4585
37.57096757855732 8.568487674026168e-10 142344526.2771375 7676671226216.657 2540978175877.7593
37.45746012363721 8.372635953129549e-10 139512415.22775123 7523934862052.258 2497946374201.163
37.34463644856601 8.535917878364712e-10 142662873.45223072 7693839758529.783 2562048639590.443
37.23249039316491 8.443832553826385e-10 141548900.78043875 7633762970331.496 2549676832090.7
37.121015871029684 8.55946339587852e-10 143918180.9328374 7761538763672.179 2600115485830.0933
37.01020686842959 8.427878241929086e-10 142129986.55749586 7665101052528.019 2575473953649.4307
36.90005744322593 8.566191371073073e-10 144893767.50920963 7814152359680.351 2633369345212.2324
36.79056172380983 8.407726496638266e-10 142636650.46137688 7692425546936.138 2600039834864.503
36.68171390805892 8.199298304169327e-10 139513438.47711974 7523990046113.001 2550632625632.2886
36.57350826231243 8.221128162009172e-10 140298740.4302568 7566341551051.111 2572556127357.232
36.465939120364446 8.029305391619021e-10 137429367.81738713 7411595662673.044 2527354120971.567
36.35900088247482 8.209904022086979e-10 140933784.51043957 7600589616257.544 2599401648760.125
36.25268801439741 8.157992483437173e-10 140453337.0467632 7574678980165.136 2598114890196.464
36.146995046425396 8.283955615196581e-10 143039024.14527965 7714125647123.969 2653659222610.55
36.041916572453225 8.372392812152208e-10 144987544.2444906 7819209759386.879 2697627366988.3716
35.937447249054806 8.258813707811277e-10 143436414.38989475 7735556989348.372 2676502718314.5093
35.83358179457777 8.469028870496025e-10 147513703.76041916 7955446090884.488 2760539793537.032
35.73031498825334 8.562485739690652e-10 149572582.16684905 8066481850630.858 2807135684019.4995
35.62764166932158 8.228153931520313e-10 144146568.1064316 7773855733560.813 2713075651012.743
35.52555673617166 8.600327685127856e-10 151099518.70809194 8148829870024.287 2852090454508.4165
35.42405514549688 8.650979376902199e-10 152424920.18251884 8220309059481.2 2885328479877.8706
35.323131911464124 8.625309080083877e-10 152406832.8886528 8219333607793.572 2893205429943.266
35.22278210489746 8.421892079940566e-10 149236477.85800612 8048355672236.906 2841069552299.6167
35.123000852475656 8.328472955362348e-10 148000349.31306309 7981690991261.44 2825518610906.6743
35.02378333594324 8.041737146187067e-10 143309767.29865846 7728726884204.147 2743698043892.46
34.92512479133495 7.866415567719957e-10 140581409.6850573 7581585965371.886 2699044603672.3735
34.827020508213224 8.030860050229196e-10 143924493.89026743 7761879222837.858 2770990882552.8525
34.7294658289185 7.982958129872689e-10 143467893.84278876 7737254683081.8 2769937176543.3467
34.63245614783214 7.882952698922995e-10 142067455.62690246 7661728745856.385 2750560619762.399
34.535986910651545 7.86805006119111e-10 142194964.875257 7668605347321.298 2760697925035.6797
34.44005361367751 7.804804552910873e-10 141444865.80487514 7628152341497.939 2753762995280.7183
34.34465180311331 7.958273667400229e-10 144626783.17378035 7799753836468.786 2823510888801.612
34.24977707437542 8.030532651286638e-10 146344221.26065645 7892375645604.329 2864932359354.4424
34.15542507141571 8.181287584369496e-10 149503355.1802483 8062748424204.042 2934840426410.259
34.06159148605468 8.182811629394238e-10 149943136.99573958 8086465953055.29 2951560072865.1377
33.96827205732576 8.215590589135253e-10 150957365.67214906 8141163525913.397 2979665850484.287
33.87546257083034 8.444123611743444e-10 155581632.02199146 8390551214773.891 3079332295821.9907
33.78315885810328 8.665889560462178e-10 160103884.6568696 8634437281824.066 3177472919711.263
33.69135679598887 8.488887581634511e-10 157261080.82141635 8481124253384.086 3129534849498.309
33.600052306026825 7.838478081200368e-10 145606502.32986885 7852590303398.852 2905458412257.5703
33.509241353848374 7.517148153236607e-10 140015942.77525458 7551090212079.562 2801454468681.5464
33.41891994858194 7.603470301129781e-10 142006563.81929323 7658444837443.385 2848941479529.0635
33.32908414226855 7.610481559249973e-10 142520629.87778684 7686168531657.865 2866940862308.2246
33.23973002928659 8.219752939647955e-10 154344177.6681416 8323815032636.05 3113106822205.864
33.150853745785824 7.828748185045146e-10 147396299.8710729 7949114473626.261 2980917927609.8247
33.062451469130394 7.530322210348339e-10 142156748.78123417 7666544345068.2705 2882620673745.6353
32.97451941735079 7.524974694628039e-10 142434614.32164916 7681529694028.637 2895936694648.7793
32.8870538486045 7.747537888480823e-10 147037365.99076647 7929757091483.6 2997448180580.801
32.80005106064523 7.798101186476729e-10 148389551.17906162 8002680732448.142 3033015997597.851
32.71350739030052 7.866818279978847e-10 150093188.44559672 8094558260344.492 3075932138930.9717
32.627419212957626 7.935541426048098e-10 151803860.08283803 8186815153381.231 3119176573438.1846
32.54178294205747 8.174223276790662e-10 156781251.577186 8455246958000.708 3229904337955.9395
32.45659502859658 8.664440391726408e-10 166619772.21366817 8985840513326.988 3441576916604.414
32.3718519606368 8.997461926638808e-10 173476817.71003446 9355642466626.742 3592566707184.5146
32.28755026282264 9.292639007561377e-10 179635822.14683595 9687798913936.012 3729802581865.347
32.20368649590622 9.815285512081355e-10 190233203.67822954 10259318002186.02 3960096748843.995
32.12025725627952 8.445408038614159e-10 164108319.0973044 8850397301152.848 3425103755545.9795
32.03725917551394 7.468424258026129e-10 145499868.60953844 7846839523695.449 3044573735193.8
31.954688919906943 7.372615860918853e-10 144004474.62111932 7766192601028.37 3021048921800.062
31.872543190035717 7.315254350476324e-10 143252327.73634467 7725629156129.924 3012995370890.684
31.790818720317677 7.223881819758238e-10 141826666.2921932 7648742924724.468 2990658483567.233
31.709512278577733 7.275093715727435e-10 143198347.0063938 7722717963636.457 3027305441745.4067
31.628620665622176 7.41824824217284e-10 146389552.9717087 7894820394629.608 3102664415089.448
31.548140714819066 7.537355237587117e-10 149119414.48676842 8042042419194.252 3168564713162.284
31.468069291685 8.227270761571889e-10 163182907.67180812 8800489661931.877 3476193416463.166
31.388403293478206 8.757738891159747e-10 174145294.29259297 9391693553949.451 3719110647363.915
31.309139648797704 8.447576239856342e-10 168403053.20586497 9082013244650.729 3605559258126.3784
31.230275317188642 8.67065436274252e-10 173286622.21325928 9345385182166.03 3719463302501.9434
31.151807288753492 9.036893809471846e-10 181060996.52260485 9764658877637.781 3896098892177.6045
31.07373258376915 9.627582878860425e-10 193380561.46429816 10429055691346.48 4171622276538.5796
30.996048252309727 1.0413009228843445e-09 209680913.42735377 11308137213936.023 4534563022788.158
30.918751373875036 1.1697276941102221e-09 236130344.156066 12734560759226.416 5119293425208.996
30.8418390570246 1.2003075968537276e-09 242907689.5158822 13100064466847.312 5279325980139.624
30.765308439017097 1.3522739277811245e-09 274342047.8613456 14795326241475.596 5977311801556.15
30.689156685455174 1.4393214737423705e-09 292726355.12401223 15786795926108.678 6393652350073.747
30.61338098993553 1.1001082391374198e-09 224291644.78218147 12096097130056.816 4911015434802.738
30.537978573704155 8.682685499467574e-10 177460932.50452313 9570506643035.242 3895196203715.4043
30.462946685316677 9.019206111048279e-10 184792940.49791175 9965923426984.154 4066096758209.411
30.388282600303643 9.339224473545322e-10 191819887.67950538 10344888215079.053 4231059279967.2983
30.313983620840798 8.725799154289117e-10 179659909.11221898 9689097929211.967 3972530150977.047
30.240047075424116 8.689443875107624e-10 179348807.9274876 9672320174733.234 3975323591815.2915
30.166470318549603 8.799816747494915e-10 182069879.735702 9819068168498.162 4045456085421.2817
30.093250730397784 9.697739791948472e-10 201136272.8929295 10847322893606.836 4479944355059.575
30.02038571652273 1.0746360689175742e-09 223426210.6918043 12049424081548.787 4988461569761.216
29.94787270754562 1.1747576710305673e-09 244833750.80894688 13203937370815.621 5479634008888.476
29.87570915885274 1.1992523515889611e-09 250542456.16876057 13511809091076.277 5620912581887.586
29.803892550297803 1.1301713153435922e-09 236679294.58585256 12764165775163.293 5322657128243.144
29.7324203859086 1.1241891378123673e-09 235992442.34355554 12727123684518.809 5319937700128.864
29.661290193597814 1.1691457294710118e-09 246018397.13865095 13267825604738.832 5559218928385.168
29.590499524878005 1.3301031845991055e-09 280557583.0071947 15130531402204.996 6354823188925.818
29.520045954580674 1.4060049424658852e-09 297275277.34553206 16032120289760.36 6749522641989.335
29.449927080579297 1.7785417926443823e-09 376937048.72058225 20328296926392.426 8578541302937.306
29.38014052351631 1.7768003563466384e-09 377462436.412141 20356631198737.715 8610854997066.31
29.310683926534004 1.7095145269814173e-09 364028862.20254225 19632155623194.38 8324033984234.059
29.241554955009157 2.1841033521575213e-09 466188651.50862837 25141655254500.88 10685203483163.256
29.17275129629149 2.091700983323741e-09 447518698.3503595 24134780624661.914 10281416546105.809
29.104270659445735 1.4610636925054896e-09 313329584.6330849 16897932569547.277 7215417207196.503
29.036110774997383 1.3080465170129336e-09 281173067.53652036 15163724616584.428 6490074135898.147
28.96826939468197 1.3355773010717798e-09 287763332.0466789 15519139013340.312 6657710636722.889
28.90074429119786 1.2911401138480382e-09 278838874.85336876 15037841098082.928 6466271672175.844
28.833533257962518 1.2317722948464606e-09 266637692.6303708 14379828690111.898 6197706165437.609
28.76663410887211 1.2426942428314217e-09 269627516.6318521 14541070548045.637 6281742476755.656
28.700044678064536 1.2232602537317644e-09 266026724.32430834 14346879036634.191 6212198622862.745
28.633762819685636 1.3708901460982838e-09 298822439.1168711 16115559060206.768 6994152632129.541
28.56778640765871 1.6869312806905612e-09 368561338.2214113 19876593039564.195 8646317972210.641
28.502113335457196 1.7304137391507998e-09 378932510.22456056 20435912598812.375 8910057893082.275
28.43674151588046 1.822909452210769e-09 400105242.0024868 21577762623333.586 9429482266396.406
28.371668880832676 1.7324568849481003e-09 381124201.4990771 20554110985388.016 9002700611599.84
28.306893381104747 1.681261693239818e-09 370708106.92920995 19992368742357.39 8776649877894.851
28.242412986159177 1.6706786169434021e-09 369215640.06455445 19911879680110.797 8761227059249.019
28.17822568391791 1.7321237437093805e-09 383666823.7252519 20691235154425.7 9124834703101.56
28.114329480553014 1.9823618667973776e-09 440092715.00408036 23734295729515.64 10490558712445.65
28.050722400280268 2.2966172552896743e-09 511014882.0533506 27559143606195.184 12208700617545.082
27.987402485155485 2.3740094855214826e-09 529430346.8048337 28552293620969.043 12677218367708.877
27.924367794873596 2.8744853460182675e-09 642489041.0756828 34649573564792.58 15419060236332.41
27.86161640657051 2.8507400906054617e-09 638616726.8930582 34440738819670.39 15360569513573.05
27.799146414627526 2.653136053964411e-09 595685508.9660403 32125448910136.94 14360075662831.736
27.736955930478473 3.6256998111169682e-09 815871987.820409 44000153549866.95 19712068790339.953
27.675043082419368 3.4565622731598182e-09 779551936.511059 42041405292288.32 18876590976237.617
27.61340601542066 2.8036066583730664e-09 633703460.8647468 34175765315365.41 15379094391914.176
27.552042890941948 2.1904780041088595e-09 496219772.76829195 26761240148241.26 12069319306856.947
27.490951886749173 2.3576719682308746e-09 535281922.95174515 28867870393816.3 13048277418004.936
27.43013119673424 2.348481279125727e-09 534377535.3655024 28819096574813.664 13055050748390.043
27.369579030737032 2.0264846873180396e-09 462130022.5951973 24922772515469.758 11314938722023.486
27.30929361436977 2.003598751669004e-09 457919629.3075075 24695705090764.33 11236545816297.848
27.249273188843684 2.082650014015578e-09 477035111.07959324 25726607175536.72 11731332872043.838
27.18951601079797 2.1397471908127466e-09 491190504.6840075 26490010627856.414 12105934856930.389
27.130020352131016 2.5032367163777178e-09 575891641.8964018 31057961358889.55 14224546302370.965
27.070784499833785 2.851084578891492e-09 657352371.8627553 35451156223171.11 16272080706435.582
27.011806755825432 2.62217982101736e-09 605895618.1948195 32676082318972.75 15030997866728.027
26.95308543679103 3.0418323456257762e-09 704394182.6158386 37988131296833.12 17512528527839.625
26.89461887402142 3.129004263195223e-09 726155674.494331 39161733281484.92 18092720776046.46
26.83640541325514 2.4232926238944886e-09 563599359.8668345 30395035918558.973 14072901630292.76
26.778443414522407 2.324614020047177e-09 541819335.1095207 29220434451726.09 13558281585600.723
26.720731251991108 2.688337286403622e-09 627949026.351511 33865427411926.12 15747423746545.299
26.66326731381478 2.9135773473258394e-09 682027930.009619 36781914434751.805 17140372126593.941
26.60605000198256 3.2606590063515823e-09 764916370.0221156 41252106011989.27 19264733507599.52
26.549077732171035 3.5487534088613394e-09 834286773.5314279 44993266943841.055 21056848929717.484
26.49234893359802 3.4497196702407467e-09 812741270.159745 43831313266284.6 20556885921885.293
26.43586204887819 4.228551485163979e-09 998359881.204288 53841765285224.01 25305629684056.445
26.37961553388058 4.08975588070018e-09 967649103.7788502 52185526386809.35 24579382928187.164
26.323607857587838 3.890981155099729e-09 922577141.0568476 49754785645409.445 23484258824631.94
26.267837501957352 5.18604207473541e-09 1232255285.8433475 66455795270761.7 31433591163071.383
26.212302961784083 5.6833578300414034e-09 1353283530.5589285 72982874801440.03 34593882655883.086
26.15700274456513 5.520412396375159e-09 1317263078.971642 71040284021959.78 33744134910429.34
26.101935370366043 4.511834047404913e-09 1078870658.7193904 58183729007434.14 27695455007539.688
26.047099371688805 4.20781437978718e-09 1008291674.8875165 54377389076224.72 25938014589357.98
25.992493293341447 4.335315272787884e-09 1041026344.4037247 56142776914781.516 26836247365266.1
25.938115692309353 4.133985691886965e-09 994762765.4218098 53647772049608.07 25697282811762.984
25.883965137628124 3.4983312537931726e-09 843566061.2449318 45493700946138.78 21836976454145.258
25.830040210258062 3.3649104767713095e-09 813087729.2412198 43849997879816.14 21091848980190.906
25.776339502960226 3.331666930490298e-09 806732047.5922148 43507234587724.98 20970487071283.082
25.722861620174 3.728365902137607e-09 904665900.7775848 48788828565964.28 23565004197361.016
25.66960517789621 4.044263842889969e-09 983352591.5362954 53032418893122.66 25667690744271.33
25.616568803561712 4.6565339286976295e-09 1134568674.6276984 61187535105662.31 29675954526244.824
25.5637511359255 4.100560876589823e-09 1001169608.2922611 53993294477486.52 26240741116059.242
25.51115082494623 4.078445167517172e-09 997823096.563974 53812816372956.38 26206841573629.887
25.458766531671188 5.111270983405558e-09 1253084975.7877746 67579144974677.08 32978622747642.49
25.40659692812268 5.252305522302686e-09 1290305230.9680002 69586441422579.7 34027769855641.62
25.354640697185825 4.323306946004874e-09 1064259621.1779264 57395752578601.53 28123918763514.676
25.30289653249769 3.5651530993716537e-09 879421177.7750037 47427375170064.71 23286841208500.707
25.251363138337815 3.781262954826293e-09 934632819.7512842 50404951016474.79 24799235900105.2
25.200039229520055 4.808508775487071e-09 1190962730.2105653 64228878774752.805 31664837235953.816
25.148923531285735 5.160836325124819e-09 1280824600.0348692 69075148936706.05 34123123574730.945
25.09801477919811 5.206599856001607e-09 1294803325.5669444 69829024641503.67 34565367197544.11
25.047311719038113 5.101463277002362e-09 1271225567.061894 68557471003100.95 34004505617537.812
24.996813106701342 5.083171376172366e-09 1269226361.3346095 68449653403904.68 34019477741740.125
24.94651770809631 5.7502280233313464e-09 1438679683.7770507 77588307896653.06 38638977332533.99
24.896424299043908 5.918447971226247e-09 1483746925.6108084 80018794039524.3 39929378225722.11
24.846531665178087 5.645727159122192e-09 1418218306.6237063 76484821381576.05 38242410690788.45
24.796838601847732 5.849930201049968e-09 1472459450.824214 79410058072099.81 39784439094120.8
24.74734391401969 7.352425473735747e-09 1854347026.240836 100005337978702.61 50202679665311.125
24.698046416183 8.488107820607356e-09 2145049210.3540418 115682969922451.02 58188533870991.71
24.648944932254206 8.239634903445772e-09 2086404971.539429 112520273382824.23 56710217784941.58
24.60003829548386 6.97334286476674e-09 1769270395.7469807 95417136813425.05 48185654090778.54
24.551325348364088 6.784299691288326e-09 1724721819.3863242 93014622412197.28 47065398940571.6
24.50280494253728 6.7373784019704824e-09 1716185040.631692 92554232079360.23 46924995664232.96
24.454475938705844 6.380990333589706e-09 1628616015.6089542 87831615535671.84 44618460692123.09
24.40633720654304 5.159606365603119e-09 1319480381.6067271 71159863634774.9 36220370590100.74
24.35838762460484 5.100536291638095e-09 1306941894.3026454 70483660290502.11 35946666748154.87
24.31062608024287 4.847560793070388e-09 1244560736.1193292 67119430877482.19 34298029178393.49
24.263051469518324 4.655198589871002e-09 1197517222.2332458 64582363953487.49 33066170344184.31
24.21566269711692 5.163800054868067e-09 1330950899.2416005 71778471142772.81 36822355696243.76
24.16845867626484 5.539042434652088e-09 1430456688.155837 77144839956370.1 39652447737574.53
24.12143832864565 5.735889620050698e-09 1484179947.1398492 80042146984658.62 41221705697097.664
24.07460058431818 4.834935712028562e-09 1253489175.9028087 67600943574692.62 34882086884541.83
24.027944381635393 5.081708393702545e-09 1320024819.2490478 71189225275103.34 36804829467227.66
23.981468667164144 6.192576247190951e-09 1611701317.5162168 86919402192842.97 45024250335891.06
23.93517239560591 6.039186635608792e-09 1574819799.211982 84930373898252.52 44078864053191.85
23.889054529718422 5.5495173105852666e-09 1449923949.51958 78194713590944.03 40661251067291.65
23.843114040238195 5.281920766174875e-09 1382667901.7868397 74567580325462.73 38849709349564.805
23.797349905803955 4.643339810858542e-09 1217841715.3250031 65678468281385.29 34284160442883.766
23.75176111288096 4.533451330508816e-09 1191302672.0374708 64247211911329.56 33601291829624.613
23.706346655686158 4.932114261071942e-09 1298546402.2604592 70030889580761.56 36696186140319.72
23.66110553611424 6.718817053033527e-09 1772338852.5739887 95582619356722.28 50180875162278.48
23.616036763664496 5.68476480363945e-09 1502430737.0874016 81026416051481.19 42619894843080.98
23.571139355368558 5.15172124776205e-09 1364145690.3347924 73568673437936.92 38770690901792.43
23.526412335718902 5.1296971696426036e-09 1360896188.8215566 73393427115379.8 38751729516920.766
23.481854736598223 5.185570943854458e-09 1378329838.4698367 74333627628340.38 39322489015390.75
23.437465597209567 5.582530146939226e-09 1486652290.4366238 80175480995765.78 42493004927754.34
23.393243964007283 6.453298185374516e-09 1721790303.4733856 92856525122145.98 49306814839856.08
23.349188890628735 6.637656968728232e-09 1774320134.3899739 95689470315488.25 50906798207842.74
23.305299437826804 5.992159107620128e-09 1604787836.7744563 86546556674498.66 46129314707508.086
23.261574673403114 6.678786112059114e-09 1792038763.6559968 96645039841145.0 51608451275167.97
23.218013672142057 8.052943791438667e-09 2164803991.5908666 116748349566243.44 62460367017939.74
23.17461551574553 8.607128372284508e-09 2318113614.40339 125016370830760.83 67008774765290.11
23.131379292768393 8.105438229351542e-09 2187076354.945843 117949502960607.94 63338883089847.59
23.088304098554673 7.988088640950672e-09 2159433410.0794654 116458712938584.47 62654787560957.516
23.04538903517446 8.49937324669608e-09 2301928513.2606997 124143504809951.62 66913349092564.44
23.00263321136152 8.474320860727221e-09 2299409513.955305 124007654630163.66 66964133500288.85
22.96003574245159 7.746915727456814e-09 2105936378.1181471 113573606382777.22 61443321053079.57
22.917595750321365 6.534933280573148e-09 1779758510.2322679 95982763106140.47 52022657603529.19
22.875312363328153 6.083425555700912e-09 1659854956.4191828 89516338400170.8 48607371751290.23
22.833184716250198 5.501585688184482e-09 1503870244.0998192 81104048977391.17 44120602643698.1
22.791211950227677 4.878384937772201e-09 1335972815.1183739 72049304157009.34 39266870765570.0
22.749393212704323 5.582759113511141e-09 1531680018.0639908 82603836128901.98 45101694526382.95
22.707727657369702 5.785857686419932e-09 1590314596.6289523 85766011689166.4 46914008393971.41
22.666214444102113 5.83016669769326e-09 1605428446.5274312 86581104897647.9 47446445483911.39
22.624852738912146 5.341818051995262e-09 1473643066.599316 79473890727989.44 43631166009666.53
22.583641713886806 4.734259566271549e-09 1308419671.9572513 70563357160459.53 38809846438253.89
22.542580547134285 5.023231654283765e-09 1390812391.8935177 75006814446291.62 41328754759907.59
22.501668422729324 5.829321410016052e-09 1616933860.062722 87201594349136.39 48135280080721.16
22.46090453065916 5.879262106089727e-09 1633746066.8634136 88108280314319.17 48723879013818.22
22.420288066770084 5.3949570278048715e-09 1501881875.4140592 80996815822198.62 44872235965496.87
22.37981823271454 4.871012076985474e-09 1358474924.2539847 73262847791235.3 40660880524136.5
22.33949423589884 4.6124658053756845e-09 1288691007.068093 69499385976970.49 38641658603193.83
22.299315289431394 4.450628099253345e-09 1245715167.5260282 67181689614043.59 37420201115021.79
22.259280612071553 4.609688903712363e-09 1292556295.6835878 69707841831731.08 38896975742104.07
22.21938942817895 4.2873864971980205e-09 1204341051.2587883 64950374535299.5 36307259365232.64
22.179640967663424 4.690832349113903e-09 1320031742.1584837 71189598629113.22 39866175232303.49
22.140034465935454 5.088117079651797e-09 1434391748.6446824 77357058623418.28 43397309887738.0
22.100569163857138 4.521073769700951e-09 1276812453.3071365 68858772992047.805 38698630421531.23
22.06124430769369 4.13741755175327e-09 1170545563.482211 63127776537500.15 35540938190614.195
22.022059149065463 3.995296643567788e-09 1132348425.3690495 61067796580798.24 34442237271569.016
21.98301294490045 3.862206463620935e-09 1096572235.2577736 59138378875784.6 33413184064817.67
21.944104957387353 4.062098878503863e-09 1155371349.1352367 62309427861197.23 35267136169438.29
21.905334453929072 4.67113231702905e-09 1330948514.758122 71778342547060.8 40698320224181.44
21.866700707096744 5.251097344436792e-09 1498841755.522146 80832861495967.2 45913065329708.76
21.82820299458425 4.362108195172256e-09 1247289953.5945604 67266618168838.96 38274705738067.2
21.789840599163185 4.243171643983935e-09 1215417602.3179724 65547735340281.96 37362209143961.9
21.75161280863834 5.154454879280777e-09 1479041136.4923944 79765009810044.08 45545820601537.516
21.713518915803597 6.1190242965857735e-09 1758899158.4106238 94857813730742.78 54258669453981.305
21.675558218398344 6.005155419531452e-09 1729190878.1934536 93255639724560.7 53435481562171.93
21.637730019064314 5.3459380893715485e-09 1542059751.896997 83163617429494.39 47735916404529.516
21.600033625302878 5.31742929416836e-09 1536513114.529304 82864486071257.78 47647079490975.49
21.562468349432788 5.997142152322389e-09 1735940530.4219189 93619649935591.56 53924918362898.625
21.525033508548354 6.929217323013638e-09 2009228459.7101336 108358127333412.86 62522639471382.58
21.48772842447808 6.993976214216734e-09 2031527096.7081778 109560697671055.9 63326083253870.79
