string
integrated and resized binned spectra ROIsize spatial in px50:1600
converted file:an 17 2019_14.54.07_14 binning:0.1
nm muJ
28.1 5.178193475628506e-06
28.200000000000003 0.00022338614022561305
28.300000000000004 0.00024932922941353397
28.400000000000006 0.0002670948112661921
28.500000000000007 0.0002676673668549773
28.60000000000001 0.00026151131794788246
28.70000000000001 0.0002521129539777161
28.80000000000001 0.0002621712487758873
28.900000000000013 0.00025087831091601874
29.000000000000014 0.00024164738208117047
29.100000000000016 0.00022390893359792917
29.200000000000017 0.00022578410671193454
29.30000000000002 0.0002461100404297457
29.40000000000002 0.0002716745677791385
29.50000000000002 0.0002486855531602383
29.600000000000023 0.00026193490023559057
29.700000000000024 0.00022728896859541947
29.800000000000026 0.00024499657577804263
29.900000000000027 0.00024337186333375885
30.00000000000003 0.0002284173485881804
30.10000000000003 0.00023566061193355364
30.20000000000003 0.00022240766503210576
30.300000000000033 0.00022432142747655246
30.400000000000034 0.00022969965087292192
30.500000000000036 0.0002638143338472298
30.600000000000037 0.0002696379995119836
30.70000000000004 0.00027462471423595896
30.80000000000004 0.00023561181916721682
30.90000000000004 0.0002204378412552428
31.000000000000043 0.00024305163925994347
31.100000000000044 0.00020087717740890034
31.200000000000045 0.00020309784893688323
31.300000000000047 0.0002061862189844578
31.40000000000005 0.00017148485678561466
31.50000000000005 0.0001648866457583054
31.60000000000005 0.00018437512265163272
31.700000000000053 0.000185970372989635
31.800000000000054 0.00028606579926169926
31.900000000000055 0.00029417784883644006
32.00000000000006 0.00020451668786959515
32.10000000000006 0.00017050896161354944
32.20000000000006 0.00020346816513599925
32.30000000000006 0.00020414542889864165
32.40000000000006 0.00016746546072565215
32.500000000000064 0.00016419593730553547
32.600000000000065 0.00015411588845837916
32.70000000000007 0.00012097839497227698
32.80000000000007 0.00011147506083035995
32.90000000000007 0.00013732506422520105
33.00000000000007 0.00014962531765839025
33.10000000000007 0.00023510940807675227
33.200000000000074 0.0002278761030996915
33.300000000000075 0.00012340436676619925
33.40000000000008 9.205382785891001e-05
33.50000000000008 0.00012298665352122846
33.60000000000008 0.0002044047735903061
33.70000000000008 0.00015818559885139453
33.80000000000008 0.00010530187371865019
33.900000000000084 0.00011025682263649763
34.000000000000085 8.62293488815767e-05
34.10000000000009 4.3036109554452084e-05
34.20000000000009 9.399587071046781e-05
34.30000000000009 0.00017717204551625756
34.40000000000009 0.0002778546242289082
34.50000000000009 0.0003842711511532209
34.600000000000094 0.0003141859881248199
34.700000000000095 0.00021471358347925997
34.8000000000001 0.00013357314349564232
34.9000000000001 0.0001702528865892135
35.0000000000001 0.0002750500738941666
35.1000000000001 0.00040727241902969866
35.2000000000001 0.00026440258707031896
35.300000000000104 0.00019119265508019776
35.400000000000105 0.00014833631436882592
35.50000000000011 0.00014325500403705008
35.60000000000011 0.00010362492068001927
35.70000000000011 0.00018577471781527948
35.80000000000011 0.00019024724555095007
35.90000000000011 0.00046784622086224365
36.000000000000114 0.000661351240161193
36.100000000000115 0.0004672322006884499
36.20000000000012 0.00022742179304634333
36.30000000000012 0.00013487324258206553
36.40000000000012 0.00021316089816398844
36.50000000000012 0.0003565842129409733
36.60000000000012 0.0005486367539285215
36.700000000000124 0.0010177646703003796
36.800000000000125 0.0009899652979874856
36.90000000000013 0.0005607777566699379
37.00000000000013 0.00023736904469829896
37.10000000000013 0.00018114787139238034
37.20000000000013 0.00027916587717232604
37.30000000000013 0.0006269092140822773
37.400000000000134 0.0005792171048673238
37.500000000000135 0.0012723536425048834
37.600000000000136 0.0016362841032277454
37.70000000000014 0.0017775193142128053
37.80000000000014 0.0011616259782600542
37.90000000000014 0.0009252845880599311
38.00000000000014 0.0010035343848216098
38.10000000000014 0.001679898475828053
38.200000000000145 0.001991729895416278
38.300000000000146 0.002277883044409646
38.40000000000015 0.006281911129057254
38.50000000000015 0.00661367808554998
38.60000000000015 0.003282141559965725
38.70000000000015 0.0013753492084327159
38.80000000000015 0.0008434249663274063
38.900000000000155 0.0007661782479691525
39.000000000000156 0.0009299639550662613
39.10000000000016 0.0013260620430161762
39.20000000000016 0.0017354515674927388
39.30000000000016 0.004348999332459743
39.40000000000016 0.004768391142938578
39.50000000000016 0.0054119578575474725
39.600000000000165 0.0036212848339429414
39.700000000000166 0.004323538682620196
39.80000000000017 0.0029096530772390987
39.90000000000017 0.004524743425526532
40.00000000000017 0.005706266764829209
40.10000000000017 0.007808054841791769
40.20000000000017 0.010867613380675264
40.300000000000175 0.017424940999882104
40.400000000000176 0.01086644805165536
40.50000000000018 0.004664444609061554
40.60000000000018 0.00373016350597537
40.70000000000018 0.002665629448553535
40.80000000000018 0.0021714637735275955
40.90000000000018 0.002600165552569096
41.000000000000185 0.002318173138215988
41.100000000000186 0.003634396583822588
41.20000000000019 0.00650942023956232
41.30000000000019 0.009909216079005223
41.40000000000019 0.010045602652338016
41.50000000000019 0.011436251153049649
41.60000000000019 0.007658051824312902
41.700000000000195 0.008463563074598716
41.800000000000196 0.007542304440406275
41.9000000000002 0.00805599413410751
42.0000000000002 0.00929410894313408
42.1000000000002 0.016466415192597398
42.2000000000002 0.024213541600778526
42.3000000000002 0.023755480214664965
42.400000000000205 0.020588801044414042
42.500000000000206 0.011323394823900216
42.60000000000021 0.006226400416301708
42.70000000000021 0.005943265109543685
42.80000000000021 0.00658883866311726
42.90000000000021 0.0066552888336379986
43.00000000000021 0.0053522968915345375
43.100000000000215 0.004447173360865976
43.200000000000216 0.006166702878347226
43.30000000000022 0.008051461517559755
43.40000000000022 0.01430287317717232
43.50000000000022 0.017375913217800288
43.60000000000022 0.019916647649608682
43.70000000000022 0.01815382765303267
43.800000000000225 0.013781775944680157
43.900000000000226 0.015452190152021114
44.00000000000023 0.016304612925111643
44.10000000000023 0.01569218148868444
44.20000000000023 0.012550472576896303
44.30000000000023 0.022582487924304184
44.40000000000023 0.038011465734255574
44.500000000000234 0.04546213392072159
44.600000000000236 0.032555431926554725
44.70000000000024 0.018943622184950985
44.80000000000024 0.018031736008610848
44.90000000000024 0.012845824656364226
45.00000000000024 0.008308234867934467
45.10000000000024 0.007040236110166945
45.200000000000244 0.007574209665894732
45.300000000000246 0.009119190805204099
45.40000000000025 0.01112575762849708
45.50000000000025 0.00836161059393727
45.60000000000025 0.008626478903158801
45.70000000000025 0.010586327767618016
45.80000000000025 0.01834792189609651
45.900000000000254 0.023045241542246072
46.000000000000256 0.024438669852739594
46.10000000000026 0.0246555002511653
46.20000000000026 0.015123818076100526
46.30000000000026 0.01789407458438079
46.40000000000026 0.021161002464323606
46.50000000000026 0.020637714888655533
46.600000000000264 0.020898944054323035
46.700000000000266 0.02465529554511566
46.80000000000027 0.0350417642423769
46.90000000000027 0.04751545111057509
47.00000000000027 0.05202969554684268
47.10000000000027 0.043435969028813415
47.20000000000027 0.02832470661931055
47.300000000000274 0.016823292586369835
47.400000000000276 0.02084642794513176
47.50000000000028 0.01952933142245428
47.60000000000028 0.01467374089364343
47.70000000000028 0.008983219352950697
47.80000000000028 0.010430696426224972
47.90000000000028 0.00943324922110371
48.000000000000284 0.013162185033170161
48.100000000000286 0.01816170325143
48.20000000000029 0.022969559970151574
48.30000000000029 0.025162792909005856
48.40000000000029 0.021142834669313017
48.50000000000029 0.024490976360227734
48.60000000000029 0.0294046541327021
48.700000000000294 0.034954572332959837
48.800000000000296 0.03278855997869933
48.9000000000003 0.02224176351364794
49.0000000000003 0.02621326867275548
49.1000000000003 0.030775418868400243
49.2000000000003 0.03122354552030571
49.3000000000003 0.030500303007970946
49.400000000000304 0.03403580876213576
49.500000000000306 0.04757791433464147
49.60000000000031 0.05489476106398741
49.70000000000031 0.06264739649188374
49.80000000000031 0.05347137425448438
49.90000000000031 0.04547497888050929
50.00000000000031 0.031260792334552506
50.100000000000314 0.02803469651306628
50.200000000000315 0.022341251872563313
50.30000000000032 0.01855993644833866
50.40000000000032 0.027011515270766274
50.50000000000032 0.02889897433994969
50.60000000000032 0.016351842509297915
50.70000000000032 0.016548993476039654
50.800000000000324 0.014809396238146753
50.900000000000325 0.014750866103882267
51.00000000000033 0.015855479662995442
51.10000000000033 0.01185008539887992
51.20000000000033 0.01503964021228998
51.30000000000033 0.02183673786700656
51.40000000000033 0.026261808587319083
51.500000000000334 0.03183581980526634
51.600000000000335 0.030326521309518243
51.70000000000034 0.031207991221940602
51.80000000000034 0.035419304264810166
51.90000000000034 0.02711116582451883
52.00000000000034 0.020705989621156645
52.10000000000034 0.026002883227892206
52.200000000000344 0.02834725225582528
52.300000000000345 0.020026889842184824
52.40000000000035 0.018266885436319907
52.50000000000035 0.02948735676094297
52.60000000000035 0.04364266438458711
52.70000000000035 0.05883790895452426
52.80000000000035 0.06324775235724155
52.900000000000354 0.057258829646046554
53.000000000000355 0.049539984813032754
53.10000000000036 0.03494275833155382
53.20000000000036 0.02549577731578582
53.30000000000036 0.029835068939600164
53.40000000000036 0.030817840415424527
53.50000000000036 0.024351705368274044
53.600000000000364 0.017418834835674503
53.700000000000365 0.0239917751852196
53.80000000000037 0.029541957884676177
53.90000000000037 0.025829147559929693
54.00000000000037 0.02306262417796762
54.10000000000037 0.01948807116378291
54.20000000000037 0.018175990604289496
54.300000000000374 0.01861783135429869
54.400000000000375 0.016490835255868443
54.50000000000038 0.013304553942763772
54.60000000000038 0.014017930283335731
54.70000000000038 0.01543373818530149
54.80000000000038 0.016794369604933537
54.90000000000038 0.02471772118615419
55.000000000000384 0.03736100436200553
55.100000000000385 0.043010894435718205
55.20000000000039 0.04632147555170919
55.30000000000039 0.04211719198211624
55.40000000000039 0.027048154916717134
55.50000000000039 0.020768268677163908
55.60000000000039 0.024991672711524273
55.700000000000394 0.022958607295906937
55.800000000000395 0.01961878419792941
55.9000000000004 0.024883222596828177
56.0000000000004 0.030238732872898556
56.1000000000004 0.035290864304400295
56.2000000000004 0.04421869485494677
56.3000000000004 0.04725027811722646
56.400000000000404 0.04512521984602615
56.500000000000405 0.04196744804931913
56.600000000000406 0.03350395399661789
56.70000000000041 0.025566480617666427
56.80000000000041 0.023820981587248193
56.90000000000041 0.020728751388455185
57.00000000000041 0.020568687670478224
57.10000000000041 0.021625119366665495
57.200000000000415 0.017571415677882916
57.300000000000416 0.01394784813444771
57.40000000000042 0.010971449565802927
57.50000000000042 0.013406076705851146
57.60000000000042 0.017461094899210265
57.70000000000042 0.02414860130454259
57.80000000000042 0.022210639844923292
