string
integrated and resized binned spectra ROIsize spatial in px50:1600
converted file:an 17 2019_14.39.14_4 binning:0.1
nm muJ
28.1 3.926107009639478e-05
28.200000000000003 0.0006667032045217197
28.300000000000004 0.0007122237363670431
28.400000000000006 0.000716659121331301
28.500000000000007 0.0007184137196112103
28.60000000000001 0.0007185807306388672
28.70000000000001 0.000729719988454934
28.80000000000001 0.0007158933189962002
28.900000000000013 0.0007205865369462337
29.000000000000014 0.000721009157559169
29.100000000000016 0.0007196866631233662
29.200000000000017 0.0007209106157140738
29.30000000000002 0.0007399831951290545
29.40000000000002 0.0007295217076797087
29.50000000000002 0.0007342256239763514
29.600000000000023 0.00073307401207286
29.700000000000024 0.0007343171698635958
29.800000000000026 0.000737628526497346
29.900000000000027 0.0007385347516600273
30.00000000000003 0.0007462009862941276
30.10000000000003 0.0007673196903092382
30.20000000000003 0.0007696955216014469
30.300000000000033 0.0007575206690822571
30.400000000000034 0.0007536669278352054
30.500000000000036 0.000746607455724003
30.600000000000037 0.0007616226906957019
30.70000000000004 0.0007864015262756908
30.80000000000004 0.0007674192865652018
30.90000000000004 0.0007924283821368625
31.000000000000043 0.0007825025330263148
31.100000000000044 0.0007546792071638729
31.200000000000045 0.0007633158978796555
31.300000000000047 0.0007645736856523154
31.40000000000005 0.0007451451311654766
31.50000000000005 0.0007323496025989859
31.60000000000005 0.000746211918129817
31.700000000000053 0.0007172976235833029
31.800000000000054 0.0007175265076594873
31.900000000000055 0.0007439451707370115
32.00000000000006 0.0007002808645492701
32.10000000000006 0.0007085083057714158
32.20000000000006 0.0007012263080279505
32.30000000000006 0.0006822160780712212
32.40000000000006 0.000695269451250294
32.500000000000064 0.0006659222948322791
32.600000000000065 0.0006837722012860617
32.70000000000007 0.0006642165920711402
32.80000000000007 0.0006690579626791687
32.90000000000007 0.0006461353756792367
33.00000000000007 0.0006456575716643872
33.10000000000007 0.0006424990841514839
33.200000000000074 0.000650170739604641
33.300000000000075 0.0006120381527411781
33.40000000000008 0.0006083784361166284
33.50000000000008 0.0005943395305985735
33.60000000000008 0.0006009412775982811
33.70000000000008 0.0005866982859292163
33.80000000000008 0.0005721124912499999
33.900000000000084 0.0005790964335988524
34.000000000000085 0.000572816384563055
34.10000000000009 0.0005909699358439606
34.20000000000009 0.0005985048043970166
34.30000000000009 0.0006611890361610283
34.40000000000009 0.0006660196398717368
34.50000000000009 0.0006632144746265541
34.600000000000094 0.0006909504768783381
34.700000000000095 0.0006820703466064367
34.8000000000001 0.0006251761535484391
34.9000000000001 0.0006401494534709168
35.0000000000001 0.0006382215794488973
35.1000000000001 0.0006340352325204217
35.2000000000001 0.00059670117048182
35.300000000000104 0.0005961966489964362
35.400000000000105 0.000593892472308525
35.50000000000011 0.0005951111317995803
35.60000000000011 0.0006147028785303544
35.70000000000011 0.0005961748152430944
35.80000000000011 0.0005872526938420706
35.90000000000011 0.0005916446219706093
36.000000000000114 0.0006434985796820203
36.100000000000115 0.0006579824899234125
36.20000000000012 0.0005756793522818105
36.30000000000012 0.0005833142008851166
36.40000000000012 0.0005537063329245613
36.50000000000012 0.0005344386670583943
36.60000000000012 0.0005479597482330608
36.700000000000124 0.0005573607402363513
36.800000000000125 0.0005654119682005324
36.90000000000013 0.0005191897382677665
37.00000000000013 0.0005040883142343923
37.10000000000013 0.0005052213804576804
37.20000000000013 0.0006236166110945218
37.30000000000013 0.000907816224360445
37.400000000000134 0.0007951808030387125
37.500000000000135 0.0007342794842123888
37.600000000000136 0.0007839130469444666
37.70000000000014 0.0011011731128138468
37.80000000000014 0.0008374241713049481
37.90000000000014 0.0008078133728684007
38.00000000000014 0.0007932799870221283
38.10000000000014 0.000691464143495779
38.200000000000145 0.0006474447481027666
38.300000000000146 0.0006919998613845226
38.40000000000015 0.000847557654468175
38.50000000000015 0.0009756268130131551
38.60000000000015 0.0008535256968350784
38.70000000000015 0.0006860941676965654
38.80000000000015 0.0005587544839902225
38.900000000000155 0.0005908171146446123
39.000000000000156 0.0006756374460496665
39.10000000000016 0.0009066722632299858
39.20000000000016 0.0011047067845459232
39.30000000000016 0.0015384129197901328
39.40000000000016 0.0020592425781358033
39.50000000000016 0.003478954534996386
39.600000000000165 0.0016141005269062639
39.700000000000166 0.001949555130095245
39.80000000000017 0.0015915127263526473
39.90000000000017 0.0015718612505594754
40.00000000000017 0.0017713019695264833
40.10000000000017 0.0014615759124326545
40.20000000000017 0.0017459131180563572
40.300000000000175 0.00224250886585478
40.400000000000176 0.0016568364239523277
40.50000000000018 0.0019364537093375972
40.60000000000018 0.0014789752064976085
40.70000000000018 0.00126587554227363
40.80000000000018 0.0012055996303400388
40.90000000000018 0.001137966557896387
41.000000000000185 0.0018258002176522424
41.100000000000186 0.002276093785745687
41.20000000000019 0.0032461231245802576
41.30000000000019 0.003915050089783389
41.40000000000019 0.007761403500303986
41.50000000000019 0.0075600697471201956
41.60000000000019 0.0035662740815379564
41.700000000000195 0.004687210251768983
41.800000000000196 0.0032413262226495382
41.9000000000002 0.0034470087388127632
42.0000000000002 0.004047891036018943
42.1000000000002 0.003504380832818399
42.2000000000002 0.003843851370554713
42.3000000000002 0.003481432371033965
42.400000000000205 0.0039003893880173407
42.500000000000206 0.0036702284380960228
42.60000000000021 0.0030184732757143375
42.70000000000021 0.0028301504604563684
42.80000000000021 0.0029282695831154854
42.90000000000021 0.0029557190936869023
43.00000000000021 0.002659505520958539
43.100000000000215 0.003065839174728044
43.200000000000216 0.0033344129329757172
43.30000000000022 0.004152989861127775
43.40000000000022 0.005855721910876278
43.50000000000022 0.008576217307542947
43.60000000000022 0.01611603042765649
43.70000000000022 0.012282153245296116
43.800000000000225 0.007753916495003905
43.900000000000226 0.007489930239288006
44.00000000000023 0.007052854756176383
44.10000000000023 0.006963987183652707
44.20000000000023 0.006104843999434022
44.30000000000023 0.0064401482961535285
44.40000000000023 0.006589489147925817
44.500000000000234 0.0066135622924275135
44.600000000000236 0.0063734703345439256
44.70000000000024 0.006886394800247874
44.80000000000024 0.006028325668035306
44.90000000000024 0.0051697086097705945
45.00000000000024 0.004158571971471413
45.10000000000024 0.0042161313703231625
45.200000000000244 0.0042718884972373404
45.300000000000246 0.005446612647333161
45.40000000000025 0.005794092419416131
45.50000000000025 0.006878377109093075
45.60000000000025 0.005668444363239808
45.70000000000025 0.007261440966851924
45.80000000000025 0.008075340148297845
45.900000000000254 0.010606064965103822
46.000000000000256 0.02367677102264814
46.10000000000026 0.02377239719355187
46.20000000000026 0.014932152747163087
46.30000000000026 0.013115371543587146
46.40000000000026 0.012216494361194659
46.50000000000026 0.010761060588047756
46.600000000000264 0.008683883975023435
46.700000000000266 0.010443647170885181
46.80000000000027 0.00971047903286602
46.90000000000027 0.012557214605451247
47.00000000000027 0.012181443758206165
47.10000000000027 0.011095714901189978
47.20000000000027 0.010778454895754349
47.300000000000274 0.009432559277215806
47.400000000000276 0.009089718041215764
47.50000000000028 0.006593703312951321
47.60000000000028 0.006626426631496708
47.70000000000028 0.005919810554748048
47.80000000000028 0.006341772960433228
47.90000000000028 0.0070343999341420755
48.000000000000284 0.008013780657207422
48.100000000000286 0.011571470817971139
48.20000000000029 0.011496182528230491
48.30000000000029 0.011068242133996877
48.40000000000029 0.011717860094070102
48.50000000000029 0.010560029704433302
48.60000000000029 0.015878514585284154
48.700000000000294 0.027735085036746127
48.800000000000296 0.03062434515070354
48.9000000000003 0.020110870259214944
49.0000000000003 0.015940679584481747
49.1000000000003 0.020279896596084323
49.2000000000003 0.018907996775976852
49.3000000000003 0.013335016967660592
49.400000000000304 0.016655186150328648
49.500000000000306 0.01692464455556276
49.60000000000031 0.016340991843413213
49.70000000000031 0.01844693713131682
49.80000000000031 0.0164305305348467
49.90000000000031 0.015291766620925856
50.00000000000031 0.01459980908547596
50.100000000000314 0.011340997007357603
50.200000000000315 0.011516459121760738
50.30000000000032 0.011055652389842302
50.40000000000032 0.008266864955267024
50.50000000000032 0.010092491145652645
50.60000000000032 0.008210537950810197
50.70000000000032 0.0073813849183399635
50.800000000000324 0.007993455145798972
50.900000000000325 0.007658317919097316
51.00000000000033 0.009436746712754658
51.10000000000033 0.010563847865701713
51.20000000000033 0.010659946414064553
51.30000000000033 0.012773247695842845
51.40000000000033 0.01610454723533163
51.500000000000334 0.01725877800780175
51.600000000000335 0.016017372130560332
51.70000000000034 0.027327932522121016
51.80000000000034 0.04018848273996152
51.90000000000034 0.032275871617576626
52.00000000000034 0.016966224178002327
52.10000000000034 0.01799928243386569
52.200000000000344 0.023538302975487157
52.300000000000345 0.020436323629121476
52.40000000000035 0.018276209845197955
52.50000000000035 0.019572550052323945
52.60000000000035 0.01749649924856792
52.70000000000035 0.017029524097491422
52.80000000000035 0.01751816617423726
52.900000000000354 0.019472162159550544
53.000000000000355 0.01669900521566451
53.10000000000036 0.015021395237709055
53.20000000000036 0.014887933921525005
53.30000000000036 0.011763155632495696
53.40000000000036 0.011048046591817906
53.50000000000036 0.013965797133250777
53.600000000000364 0.012432659460230117
53.700000000000365 0.012194990649800883
53.80000000000037 0.012272597424853718
53.90000000000037 0.009267129391488441
54.00000000000037 0.00807346301132059
54.10000000000037 0.008955223868169247
54.20000000000037 0.008102731823852388
54.300000000000374 0.009079572027894217
54.400000000000375 0.010136601242224893
54.50000000000038 0.010417099622988854
54.60000000000038 0.010249477086048802
54.70000000000038 0.010614789050292296
54.80000000000038 0.012439606368327477
54.90000000000038 0.01240128253406996
55.000000000000384 0.01426960835810586
55.100000000000385 0.022309122945645576
55.20000000000039 0.030616046857667275
55.30000000000039 0.029124844777220642
55.40000000000039 0.021057386807336403
55.50000000000039 0.01377559188562057
55.60000000000039 0.013271875853034808
55.700000000000394 0.015920288160084485
55.800000000000395 0.014618817627359363
55.9000000000004 0.014867197505765118
56.0000000000004 0.015457658547916269
56.1000000000004 0.015104302338154582
56.2000000000004 0.01694178648047167
56.3000000000004 0.01687349709319351
56.400000000000404 0.01320003321327319
56.500000000000405 0.0136612417138193
56.600000000000406 0.011380055466063401
56.70000000000041 0.01209319811705481
56.80000000000041 0.012637702310963849
56.90000000000041 0.012096424547205822
57.00000000000041 0.009983165553949796
57.10000000000041 0.009142496721189351
57.200000000000415 0.009798389510669591
57.300000000000416 0.008527091804518949
57.40000000000042 0.008081636597843627
57.50000000000042 0.009729242339802031
57.60000000000042 0.0076413449985618855
57.70000000000042 0.005411533015639234
57.80000000000042 0.005310959642239191
