string
20190117an 17 2019_14.50.   full spectra  index number  Nphoton via eV
eV x-axis E [J] Nphoton Nphoton/sr Nphoton/sr @ 0.1bw
43.81066890785845 2.778215812410147e-10 39579934.352583155 2134554458303.892 606213466158.3182
43.65640598916881 2.7560126072701187e-10 39402356.42059997 2124977641853.5544 605618627928.2317
43.50322561727698 2.753092162399572e-10 39499196.87057104 2130200268358.9067 609237276750.6473
43.35111643679699 2.6154346059959817e-10 37655858.56854126 2030788633268.5317 582836337748.0637
43.20006725060606 2.60813647004147e-10 37682079.71374271 2032202745325.7424 585274390653.7927
43.05006701709701 2.840687477813764e-10 41184955.381679684 2221113591090.9805 641901827825.2869
42.90110484748767 2.790149385512945e-10 40592701.403816804 2189173205398.731 634860229565.6375
42.75317000318599 2.6164861571079755e-10 38197865.44102448 2060019181651.5637 599465581860.5851
42.606251893209404 2.4530837748656784e-10 35935858.47260221 1938028654427.632 565904367092.856
42.46034007165731 2.5511382475263995e-10 37500710.88706313 2022421485100.8635 592569495134.532
42.31542423523527 2.7700343138178567e-10 40857841.98589644 2203472294591.597 647820854609.9294
42.17149422082971 2.759116913944164e-10 40835707.95050592 2202278601254.407 649672187370.0499
42.02854000313198 2.558857864310954e-10 38000633.28135273 2049382408432.1365 606617192895.9222
41.88655169231059 2.4093500232097787e-10 35901638.02532463 1936183138271.6216 575046392066.6564
41.745519531730416 2.535706319346793e-10 37912118.88062223 2044608807571.1475 609293424656.1863
41.605433895717894 2.665981438444065e-10 39994110.36009222 2156891060367.8438 644910427049.9684
41.46628528737101 2.717996662040992e-10 40911251.269704476 2206352668870.435 661905800661.1403
41.32806433641311 2.586529973494673e-10 39062625.092129186 2106655857503.1091 634103413108.4215
41.19076179708947 2.513249744072963e-10 38082442.74506182 2053794410582.9258 620245911996.0253
41.05436854610573 2.4135162921213484e-10 36692713.76164988 1978846024591.4138 599590345451.1976
40.91887558060703 2.3661275859761103e-10 36091376.212862216 1946415759945.8015 591710391023.525
40.78427401619714 2.685226203101754e-10 41093876.87029458 2216201707185.3403 675941520691.5242
40.65055508499649 2.849316367575952e-10 43748500.04148926 2359366111519.9473 721966030125.1113
40.51771013373833 2.644997630771492e-10 40744535.310532615 2197361640973.5562 674590023778.8273
40.38573062190204 2.645078063063814e-10 40878930.444951445 2204609599769.8633 679019756729.094
40.254608119882874 2.4679933991889217e-10 38266378.73398946 2063714118425.554 637687662593.5171
40.124334307197174 2.447830023731457e-10 38076970.887911834 2053499312138.076 636584786762.789
39.99490097072234 2.910679111393136e-10 45423299.552758336 2449688413009.8506 761853096446.0334
39.86630000297082 2.438156384539805e-10 38171972.500510894 2058622769744.4714 642290304160.2694
39.73852340039719 2.2534400233774688e-10 35393478.927729584 1908778007741.677 597447516423.1576
39.61156326173778 2.092176837119212e-10 32965933.817343332 1777859972558.766 558248031383.4457
39.485411786381924 1.861838830801274e-10 29430279.530360606 1587181368747.2947 499962131155.3863
39.36006127277436 1.98176079561783e-10 31425662.47579631 1694792804487.9746 535554526218.1917
39.235504116847856 2.1536450837756567e-10 34259724.94288338 1847634409032.9207 585700107663.4486
39.11173281048556 2.030518515507968e-10 32403272.378526058 1747515518926.1716 555709935018.5186
38.98873994001234 2.339543075609718e-10 37452500.71914336 2019821500271.3784 644323058586.5365
38.86651818471449 2.7733495910059523e-10 44536691.94137208 2401873471913.891 768599511012.417
38.74506031538725 2.0950984537191836e-10 33750255.88409021 1820158632010.974 584270920875.5328
38.62435919290941 2.0731200477503559e-10 33500565.57160755 1806692779214.0159 581755074906.9105
38.50440776684447 2.6848437037416503e-10 43520866.69758646 2347089795830.3374 758110004053.1891
38.38519907406786 2.522985531646343e-10 41024182.69444145 2212443085140.6475 716831559585.5657
38.266726237419505 1.9135890528980294e-10 31211622.33623167 1683249573261.421 547056111309.9619
38.14898246438129 2.009253627609558e-10 32873108.813410774 1772853899930.6191 577950371377.3732
38.03196104577889 1.5650819645163767e-10 25684868.234300926 1385190523866.973 452957301304.4839
37.91565535450739 1.3596141295062525e-10 22381339.607530903 1207030507339.652 395906006407.4064
37.80005884428024 1.3302871031505882e-10 21965539.758864086 1184606331169.2864 389735482954.7041
37.68516504840097 1.5745093795062385e-10 26077370.97493533 1406358281939.896 464098233040.1399
37.57096757855732 1.3104780906821112e-10 21770397.544034917 1174082269129.2563 388621231081.79083
37.45746012363721 1.937522615625314e-10 32284750.128571 1741123588237.351 578053031294.7574
37.34463644856601 2.0934291252766185e-10 34987990.5871081 1886909933440.3523 628341007835.6434
37.23249039316491 1.271619353391689e-10 21316898.52165048 1149624968330.222 383974739422.2912
37.121015871029684 1.066843262531716e-10 17937823.270317208 967390705927.8378 324075886485.8149
37.01020686842959 1.97548339515829e-10 33315078.87733039 1796689441495.0002 603687652342.324
36.90005744322593 2.2937614950285763e-10 38798076.10936136 2092388673389.6526 705134982932.3007
36.79056172380983 1.985117614470193e-10 33677418.90903822 1816230518122.7197 613885915125.5001
36.68171390805892 1.350256329511247e-10 22975003.026761275 1239046904511.049 420036900629.24255
36.57350826231243 1.204064913491244e-10 20548127.632862855 1108164987283.8215 376776095676.47797
36.465939120364446 7.112854119207809e-11 12174341.33219489 656564872898.8844 223888621658.5248
36.35900088247482 8.36355514772249e-11 14357140.787020655 774283721706.8677 264805032823.75333
36.25268801439741 1.1550949287222797e-10 19886870.1674119 1072503228515.0645 367868607380.6419
36.146995046425396 1.7213797511935936e-10 29723056.379308343 1602970887816.2866 551421985408.7827
36.041916572453225 2.3034262653784933e-10 39889207.90729552 2151233648298.6497 742175608663.0061
35.937447249054806 3.266519036032439e-10 56731849.71125821 3059560979819.7974 1058608099017.6389
35.83358179457777 2.789228730305164e-10 48582838.35537187 2620083027038.8833 909168810382.5304
35.73031498825334 2.238412701988899e-10 39101398.58564589 2108746920431.9363 733843928310.3036
35.62764166932158 1.285123730521009e-10 22513698.320239156 1214168641470.699 423744855873.277
35.52555673617166 2.2881812417031646e-10 40201152.44400626 2168056884932.8455 758819909726.4736
35.42405514549688 3.8881960485371575e-10 68507615.90469591 3694630608895.7793 1296815343722.4048
35.323131911464124 5.456197342759544e-10 96409502.41952127 5199385410274.643 1830183664416.6292
35.22278210489746 2.91315868160837e-10 51621362.15449745 2783951275639.52 982734800300.7466
35.123000852475656 1.7753384073438633e-10 31548485.03969925 1701416652042.2397 602301494822.9795
35.02378333594324 1.3561784199897156e-10 24168113.21374012 1303391596095.8464 462704016614.0234
34.92512479133495 1.7403469583531355e-10 31101894.71178665 1677331938636.9731 597130170154.7585
34.827020508213224 2.0066147956760065e-10 35961406.013064496 1939406438834.92 692368098664.0007
34.7294658289185 2.465091201421035e-10 44302054.081286505 2389219401144.8257 855340545609.867
34.63245614783214 1.8871664713031122e-10 34010725.31604341 1834205805062.7227 658479884017.5071
34.535986910651545 3.8351207734147265e-10 69310039.89894791 3737905509230.9497 1345645983323.148
34.44005361367751 5.847670950695577e-10 105976136.53037854 5715316066207.116 2063229099900.7407
34.34465180311331 4.762162269015475e-10 86543418.6738959 4667305370484.234 1689564544115.2397
34.24977707437542 3.4567460570471797e-10 62993929.765463784 3397276317568.659 1233211303277.4539
34.15542507141571 1.7935038693722266e-10 32774162.16393399 1767517685628.3557 643376437568.7188
34.06159148605468 2.3825313199232185e-10 43657881.45685735 2354479031564.0254 859384846520.8567
33.96827205732576 6.493566301441735e-10 119316031.15415989 6434739481335.601 2355114650168.817
33.87546257083034 9.127049802017046e-10 168164438.25727236 9069144688634.465 3328376100728.8193
33.78315885810328 2.1308589463909724e-09 393680063.18654704 21231251333931.49 7813100490886.804
33.69135679598887 1.6421885578652769e-09 304224016.4437785 16406867298929.78 6054134033304.279
33.600052306026825 7.031894399982963e-10 130623513.61167738 7044554466799.611 2606485152715.852
33.509241353848374 4.255914695483779e-10 79271539.72649202 4275131359048.2065 1586073734206.9011
33.41891994858194 4.0589867041566977e-10 75807852.41705285 4088333949970.355 1520860229389.0386
33.32908414226855 6.988147385961902e-10 130866247.99919403 7057645185051.991 2632501654024.2466
33.23973002928659 1.020109982225054e-09 191548380.4606077 10330245771779.45 3863511918645.4907
33.150853745785824 7.851761388278584e-10 147829582.55236664 7972481502758.312 2989680563534.3438
33.062451469130394 1.501856035090547e-09 283519038.2591494 15290243327313.703 5749131491069.884
32.97451941735079 2.1723696899936477e-09 411191600.65637994 22175652354029.39 8360220937469.032
32.8870538486045 2.544763259241881e-09 482960254.0767625 26046151424600.645 9845445238499.043
32.80005106064523 2.2586928360012737e-09 429805164.32234555 23179485886297.92 8785025150906.928
32.71350739030052 2.1448486702637074e-09 409221573.6983362 22069408372197.3 8386375181435.15
32.627419212957626 1.5235516695777735e-09 291449583.6646859 15717939363930.92 5988534897657.557
32.54178294205747 2.64797121405076e-09 507879742.2355638 27390064834718.49 10463004766861.39
32.45659502859658 3.2542072880980204e-09 625793764.5883135 33749193676810.16 12925941178218.959
32.3718519606368 5.381461830304948e-09 1037580242.696365 55956927901044.25 21487460314000.07
32.28755026282264 1.1203133754474283e-08 2165675585.7710686 116795354829733.98 44966211609447.375
32.20368649590622 1.0631215873247376e-08 2060470122.9254797 111121601362775.05 42892938126033.24
32.12025725627952 5.225305595687424e-09 1015363750.5224855 54758787651614.23 21191650821173.637
32.03725917551394 3.026092614423462e-09 589543473.4117217 31794207598346.438 12336152548158.28
31.954688919906943 1.7775745510830165e-09 347201989.3040773 18724678712172.492 7283900019035.162
31.872543190035717 1.5217977111895124e-09 298008864.8011868 16071682820614.365 6267956300039.631
31.790818720317677 2.3530292662028426e-09 461970869.4579441 24914189352201.96 9741448036710.857
31.709512278577733 2.941703336608962e-09 579026293.8811862 31227013821426.45 12240989417998.828
31.628620665622176 2.620928339648639e-09 517206374.7217851 27893052150894.426 10961969495301.553
31.548140714819066 6.192515012500485e-09 1225130279.464187 66071542128838.836 26032187598760.438
31.468069291685 7.865765843793826e-09 1560126776.732744 84137976003914.67 33234500521547.01
31.388403293478206 8.104975818302926e-09 1611652752.6727865 86916783080286.16 34419046099792.69
31.309139648797704 6.364562196942931e-09 1268780151.6687398 68425589219686.086 27164958920215.67
31.230275317188642 6.5021793410786455e-09 1299487498.754324 70081643119127.195 27892493961411.6
31.151807288753492 4.116260165316592e-09 824723830.1033909 44477535327234.88 17746536595567.31
31.07373258376915 6.3327495951307334e-09 1272002212.526414 68599355661727.336 27439742264690.85
30.996048252309727 6.500922317595272e-09 1309054183.7780025 70597576520799.19 28309628184839.305
30.918751373875036 1.4077903104585521e-08 2841875183.2751703 153262946026268.56 61611704302559.68
30.8418390570246 2.1348227644856906e-08 4320266460.084073 232992908762401.1 93896142231250.44
30.765308439017097 2.285124613985318e-08 4635937684.961182 250017126499025.66 101006919105606.53
30.689156685455174 1.6875892350494746e-08 3432185614.7820935 185098515841309.47 74964898915727.2
30.61338098993553 8.664272195141958e-09 1766484235.2354763 95266878571751.28 38678352700128.43
30.537978573704155 7.614072040334405e-09 1556200929.444256 83926254206763.3 34157985462153.195
30.462946685316677 4.693771993478129e-09 961698754.8816043 51864622778078.35 21160766093455.32
30.388282600303643 3.7514800226324705e-09 770522733.0295591 41554458386952.914 16995773480263.605
30.313983620840798 4.8912505555440145e-09 1007084411.0847749 54312281077066.984 22268035241598.25
30.240047075424116 5.829343635338726e-09 1203167713.6354582 64887096182367.83 26668596530952.723
30.166470318549603 6.621802932526181e-09 1370063602.633286 73887827733850.42 30441785026346.664
30.093250730397784 9.837364355187735e-09 2040321604.767111 110034987401265.12 45444449796722.016
30.02038571652273 1.169185989336101e-08 2430839637.221871 131095709730885.88 54273623828586.95
29.94787270754562 1.5841443128282844e-08 3301548936.4045925 178053251395828.97 73892099329268.92
29.87570915885274 1.506836445469609e-08 3148015541.452581 169773162051214.88 70625635413303.56
29.803892550297803 1.1971422568936138e-08 2507042791.0688567 135205362372851.05 56380636109479.42
29.7324203859086 1.0010477241683873e-08 2101423055.8095393 113330201930162.9 47372024406808.11
29.661290193597814 9.989541752187467e-09 2102057073.0175397 113364394615929.45 47499681344071.0
29.590499524878005 8.801169529137096e-09 1856423531.1379273 100117324338919.69 42049276222344.42
29.520045954580674 9.68523155439385e-09 2047773666.7401438 110436878722417.75 46493925942139.414
29.449927080579297 2.2585983981656965e-08 4786783296.128248 258152263080201.5 108940255019841.25
29.38014052351631 3.592239673781099e-08 7631333112.909603 411559452672517.9 174089648480480.25
29.310683926534004 3.5517692355166025e-08 7563237943.898189 407887065414180.1 172944115735604.94
29.241554955009157 2.4269506632055856e-08 5180234973.038875 279371197492656.1 118732758934383.1
29.17275129629149 1.8973698515756087e-08 4059416202.583059 218925197706125.2 93262134222807.83
29.104270659445735 1.1762831040964133e-08 2522575150.6111035 136043025897341.4 58090372058163.3
29.036110774997383 8.401914554845293e-09 1806045930.2016015 97400449375981.03 41687392332919.96
28.96826939468197 1.0887825085061674e-08 2345889543.573768 126514332725189.66 54274648739105.5
28.90074429119786 1.1667110000569405e-08 2519667532.947669 135886217445077.7 58431073501385.086
28.833533257962518 9.516266911348435e-09 2059954962.7092206 111093818660394.56 47881435842625.27
28.76663410887211 7.795095970894883e-09 1691302893.4217572 91212332474727.02 39403727629081.695
28.700044678064536 1.0205534260484117e-08 2219433551.4570093 119694533597997.5 51827733047934.086
28.633762819685636 1.3248636195088448e-08 2887897176.922708 155744922141875.06 67593296209571.88
28.56778640765871 1.7972851199009687e-08 3926714837.399701 211768584252655.38 92119334149907.39
28.502113335457196 1.8400883378283752e-08 4029494664.266999 217311522644340.03 94747823872933.1
28.43674151588046 2.9659758106389215e-08 6509936453.782776 351082287224414.06 153422959517062.9
28.371668880832676 2.1908610933124283e-08 4819688109.058531 259926826790042.7 113847950134037.3
28.306893381104747 1.8624981553320048e-08 4106696584.4667416 221475038972689.56 97227542109010.23
28.242412986159177 1.5374766824796233e-08 3397783581.168996 183243206694775.6 80627010945703.73
28.17822568391791 1.783877054316602e-08 3951302242.8774114 213094588371637.6 93974713471890.39
28.114329480553014 1.385234380240113e-08 3075278885.8966584 165850458415177.25 73305902619506.5
28.050722400280268 1.4533646418548671e-08 3233847343.6415024 174402089790067.06 77260125777003.61
27.987402485155485 3.1539133578412146e-08 7033575278.52288 379322242802234.56 168419075804173.84
27.924367794873596 4.718726091371557e-08 10547035161.419989 568803897579674.4 253117734422950.38
27.86161640657051 5.496916811665662e-08 12314076031.827162 664100795607163.2 296188954840795.9
27.799146414627526 4.3847545301576784e-08 9844707097.041937 530927192488265.56 237324455042263.38
27.736955930478473 2.826466689689659e-08 6360247998.34395 343009556303052.25 153668281223763.94
27.675043082419368 2.1352459216010096e-08 4815579646.970377 259705256537072.6 116607660185146.6
27.61340601542066 2.1763421868094137e-08 4919219219.601231 265294561204564.06 119382552542051.81
27.552042890941948 1.1476635259333894e-08 2599858720.2650642 140210945598495.1 63235136464922.01
27.490951886749173 8.77495334370996e-09 1992250814.7549698 107442519252618.25 48564018702183.33
27.43013119673424 1.0775655767169537e-08 2451911548.9610205 132232122508812.89 59901151496489.73
27.369579030737032 1.947580143607298e-08 4441362233.841274 239523630148964.56 108743728087631.98
27.30929361436977 2.044127864007795e-08 4671824999.710482 251952537179909.56 114638404416859.66
27.249273188843684 1.4098394990970912e-08 3229265299.1629753 174154979135899.22 79414670485963.9
27.18951601079797 1.3792282995550626e-08 3166092926.4993854 170748079354068.22 78031872264809.23
27.130020352131016 1.8633760548063096e-08 4286860641.871964 231191325728868.5 105885627183818.42
27.070784499833785 2.5832228771938033e-08 5955935849.625681 321204914286593.6 147433055657546.88
27.011806755825432 2.5163718306422357e-08 5814470288.0959015 313575645820155.5 144244797077276.94
26.95308543679103 3.539604232497703e-08 8196627383.883173 442045895515279.44 203783157832538.7
26.89461887402142 3.226242969006225e-08 7487220988.471822 403787454493490.2 186549803975996.88
26.83640541325514 2.7741078301848167e-08 6451905072.780889 347952642239769.8 161102073357012.9
26.778443414522407 2.9962423827898466e-08 6983619825.355843 376628134360204.5 174755454343132.53
26.720731251991108 2.7390895832629787e-08 6398038838.3502655 345047624514584.44 160447145399278.22
26.66326731381478 2.3422879594910555e-08 5482970307.839512 295697779867157.9 137795165418092.36
26.60605000198256 1.778890839719544e-08 4173091148.5478654 225055712237683.4 105101017615001.05
26.549077732171035 2.9191565675656994e-08 6862730186.059608 370108529849903.3 173210791969753.7
26.49234893359802 4.539689174784123e-08 10695340777.608767 576802051679861.9 270520162237826.47
26.43586204887819 5.8114276418393786e-08 13720765208.819695 739963848523047.6 347783008805848.4
26.37961553388058 5.855977407561783e-08 13855426718.54102 747226172997287.9 351943527481722.0
26.323607857587838 4.3538001562830834e-08 10323145604.681171 556729485145149.1 262776316988495.66
26.267837501957352 3.8972358305521854e-08 9260220767.917767 499405717780002.25 236218904509949.3
26.212302961784083 2.852397968389061e-08 6791941152.845803 366290861909893.44 173621868545292.06
26.15700274456513 2.149422514778235e-08 5128882982.885276 276601773507545.6 131385842416078.1
26.101935370366043 2.612630521836127e-08 6247327322.920847 336919719745672.0 160373786598945.88
26.047099371688805 2.5902537419009334e-08 6206859542.92747 334737283579077.25 159669684267212.4
25.992493293341447 1.3156293249884433e-08 3159181514.1562147 170375345384909.22 81439415093988.23
25.938115692309353 1.2673411680407618e-08 3049608535.2382636 164466050827332.8 78779238346294.62
25.883965137628124 1.0721898842528377e-08 2585412678.0736785 139431867404737.16 66927296354269.68
25.830040210258062 1.5020165490425566e-08 3629431551.223843 195736032044935.62 94149031413611.1
25.776339502960226 2.3814887514947733e-08 5766552710.382945 310991440444088.75 149897874294048.22
25.722861620174 3.393024205567732e-08 8232972245.37483 444005981791379.9 214454889205238.9
25.66960517789621 3.199574173041726e-08 7779684207.311449 419560059422616.1 203067068760545.9
25.616568803561712 2.7723945908987524e-08 6754964324.76493 364296693538343.0 176683896366088.03
25.5637511359255 2.8733071175277384e-08 7015303144.946734 378336822668885.06 183871695817083.7
25.51115082494623 2.820706596018153e-08 6901076450.7854805 372176552237226.2 181249980939530.03
25.458766531671188 3.9375673469825465e-08 9653384646.745611 520609131179328.8 254057256015513.03
25.40659692812268 3.501299680288561e-08 8601451826.211115 463878165637402.56 226836422996690.84
25.354640697185825 3.402733764188862e-08 8376440054.045829 451743231881128.56 221354183621752.4
25.30289653249769 4.284140557075593e-08 10567747946.423672 569920942574738.1 279831182804183.62
25.251363138337815 3.847730938645042e-08 9510620286.906963 512909818237931.8 252351630573058.4
25.200039229520055 3.235555990336387e-08 8013766379.390346 432184161816759.1 213066791775666.84
25.148923531285735 2.9943098252168515e-08 7431325937.60585 400773022257189.75 197981872995041.06
25.09801477919811 3.917710768114698e-08 9742759327.50453 525429127129144.9 260087417928925.16
25.047311719038113 5.1178140125282256e-08 12752999809.921963 687772050315212.1 341134936956342.56
24.996813106701342 6.232747910210491e-08 15562662294.398525 839297758497121.2 417130985973063.1
24.94651770809631 6.675941211097774e-08 16702887175.128086 900790334026657.5 448593586345284.3
24.896424299043908 5.885744286602849e-08 14755481559.752516 795766326119108.6 397087396733430.06
24.846531665178087 4.2794510306812886e-08 10750069252.293695 579753570209282.1 289876785104644.4
24.796838601847732 3.2456028000742906e-08 8169359893.786704 440575353850564.06 220728252279125.88
24.74734391401969 3.2068313770744525e-08 8087913640.166931 436182939698798.5 218963835728807.38
24.698046416183 3.0827501541047066e-08 7790488673.726508 420142746643631.0 211331801561742.22
24.648944932254206 2.2098551680177473e-08 5595700371.39167 301777336684928.0 152095777689198.78
24.60003829548386 2.0985090334658047e-08 5324318594.56957 287141658503712.4 145006537544371.4
24.551325348364088 3.581863793788658e-08 9105904692.196812 491083418291483.06 248488209655489.28
24.50280494253728 2.7063358446803786e-08 6893739396.034815 371780863280560.9 188492897683233.62
24.454475938705844 2.0677417641974084e-08 5277483865.77002 284615851404792.6 144584852513640.5
24.40633720654304 1.804890696968174e-08 4615696812.591276 248925531854823.78 126703095714106.39
24.35838762460484 1.4519337724227982e-08 3720379517.82283 200640875641900.1 102326846577365.6
24.31062608024287 1.4886770445915311e-08 3822023235.0861845 206122543395826.34 105328619675267.55
24.263051469518324 1.1675855494587617e-08 3003532023.2090883 161981134523560.56 82934340876059.78
24.21566269711692 1.7775407804691146e-08 4581547455.489985 247083849607465.16 126754014848634.12
24.16845867626484 3.0805723101364247e-08 7955572314.836598 429045743272820.4 220529512042231.34
24.12143832864565 4.376620037608007e-08 11324645567.379036 610740595707498.8 314531406789350.2
24.07460058431818 4.438142870496947e-08 11506179979.679697 620530786000895.8 320193885576466.25
24.027944381635393 3.268552463970285e-08 8490393468.474485 457888764277439.0 236728491131430.97
23.981468667164144 3.438567703084374e-08 8949335262.434126 482639594929956.25 250007310173708.5
23.93517239560591 3.902696423338934e-08 10176939327.473486 548844548852289.6 284850320854330.56
23.889054529718422 3.30110219593496e-08 8624798997.505955 465137283657464.0 241871387501885.75
23.843114040238195 3.473034494575552e-08 9091490633.862167 490306064994067.6 255449459861900.84
23.797349905803955 4.5787593054553606e-08 12009037274.368792 647649989148315.6 338073294335427.1
23.75176111288096 4.3747575053617215e-08 11496010270.542517 619982331377776.8 324250759310570.0
23.706346655686158 3.4738879188877033e-08 9146188470.392984 493255931201180.56 258466107949423.25
23.66110553611424 3.6819687141244436e-08 9712567189.27673 523800858555332.25 274995450741545.47
23.616036763664496 5.163695207133637e-08 13647168641.315918 735994769648847.9 387133248835311.0
23.571139355368558 5.710480997636849e-08 15121020078.578672 815479897851984.8 429757906167992.4
23.526412335718902 6.245605913233753e-08 16569440657.241327 893593534326010.1 471817386124136.1
23.481854736598223 6.44354927600994e-08 17127017119.109503 923663754047037.8 488618125890866.7
23.437465597209567 5.965961768959837e-08 15887618149.889107 856822698379799.6 454116030141277.56
23.393243964007283 4.46715722552888e-08 11918723998.277979 642779374548342.4 341315847885146.0
23.349188890628735 3.0258747970329685e-08 8088502617.434057 436214703370768.9 232066222193262.7
23.305299437826804 2.535186520490015e-08 6789600240.860043 366164616017942.5 195165740337564.62
23.261574673403114 2.2456879085070945e-08 6025585661.220611 324961143757203.7 173529250766335.12
23.218013672142057 2.360365653791729e-08 6345169072.674556 342196346565832.5 183075045412718.94
23.17461551574553 2.906733934500779e-08 7828557000.162585 422195779758603.6 226296937950619.3
23.131379292768393 2.2087751713247963e-08 5959899778.278108 321418689819975.4 172601836433329.88
23.088304098554673 1.9895255728475472e-08 5378317874.678942 290053851411256.7 156048972059253.78
23.04538903517446 2.55842222906523e-08 6929105131.763183 373688145091533.8 201417910204338.28
23.00263321136152 2.8862171530379076e-08 7831418340.309151 422350092454328.9 228069049925339.22
22.96003574245159 3.2303538120412716e-08 8781455544.765081 473585805284499.94 256209920658902.38
22.917595750321365 2.388517790981809e-08 6505016475.039234 350816951701918.4 190142787822443.62
22.875312363328153 1.7758081756135253e-08 4845270111.310183 261306469729117.94 141889413062903.72
22.833184716250198 1.9401430639405297e-08 5303422664.892931 286014736476648.4 155592016643287.2
22.791211950227677 1.5700436079678343e-08 4299651637.890781 231881146922984.06 126375225073026.02
22.749393212704323 1.2976562911291357e-08 3560236383.166238 192004321599063.97 104834359593094.67
22.707727657369702 1.3194187128334121e-08 3626585636.576039 195582551249709.75 106983655533585.25
22.666214444102113 1.2541618229388159e-08 3453532585.768628 186249762624204.1 102064869918064.56
22.624852738912146 1.5658151286549637e-08 4319601651.458026 232957055488769.9 127893423463335.66
22.583641713886806 2.7530233859762162e-08 7608602581.134926 410333590155742.7 225683474585665.16
22.542580547134285 4.075428488808323e-08 11283884229.54123 608542327902579.0 335306822674328.44
22.501668422729324 4.884887633340368e-08 13549673557.8489 730736838616841.2 403366734916478.5
22.46090453065916 5.11580996053588e-08 14215958144.116484 766669711103372.1 423968350240162.3
22.420288066770084 4.32294175156188e-08 12034475588.368526 649021882948749.0 359558123153597.56
22.37981823271454 2.7927201790182287e-08 7788607939.568606 420041318241909.3 233122931624264.88
22.33949423589884 2.629277138232955e-08 7346018260.301361 396172360687220.2 220271832542084.34
22.299315289431394 3.188811339720719e-08 8925370899.75123 481347191644253.3 268110385745845.6
22.259280612071553 2.94670310285557e-08 8262552477.324383 445601250126671.1 248645497570670.53
22.21938942817895 2.84812977078922e-08 8000490752.38601 431468204368309.4 241190726241886.4
22.179640967663424 3.229763862230831e-08 9088772525.896029 490159476840949.7 274489307030932.47
22.140034465935454 3.8752637158957045e-08 10924760988.957693 589174733519035.0 330527025504181.25
22.100569163857138 4.1124443908212156e-08 11614099833.812107 626350927179649.6 352009221074966.4
22.06124430769369 4.938585648875968e-08 13972095996.738342 753518172516659.0 424230731126898.25
22.022059149065463 5.105669016468473e-08 14470505664.607798 780397514183456.8 440144197999454.4
21.98301294490045 4.702919108491415e-08 13352705422.692497 720114304296885.6 406864581927732.75
21.944104957387353 3.9883142757889135e-08 11343850022.899385 611776296165844.4 346265383629874.44
21.905334453929072 2.89290596423318e-08 8242774203.578869 444534603526781.4 252051120199672.44
21.866700707096744 2.1547606011177598e-08 6150419522.370699 331693461008958.3 188401885853085.78
21.82820299458425 1.6444010514735918e-08 4701957905.247118 253577611321819.53 144285660842107.16
21.789840599163185 1.6674361845656347e-08 4776218026.287944 257582475782428.12 146822011195988.7
21.75161280863834 1.4435203788312263e-08 4142098576.2016754 223384276077973.16 127552421640529.25
21.713518915803597 1.7019589323862545e-08 4892240966.413466 263839618149171.28 150916261581316.06
21.675558218398344 1.7320603820505208e-08 4987486257.858945 268976217408693.06 154123372575177.22
21.637730019064314 1.3916701800317663e-08 4014334877.5565715 216493952053610.47 124267528478771.72
21.600033625302878 1.3780622161671938e-08 3982019413.2160444 214751172041249.72 123481923923724.45
21.562468349432788 1.4126802356782142e-08 4089162496.6570754 220529421807865.44 127024946961325.52
21.525033508548354 1.2501654290266485e-08 3625038503.271559 195499114014487.22 112802988786365.17
21.48772842447808 1.7821094434818356e-08 5176459731.695462 279167597906841.5 161358871590155.6
