string
integrated and resized binned spectra ROIsize spatial in px50:1600
converted file:an 17 2019_15.36.56_25 binning:0.1
nm muJ
28.1 3.376425916741261e-06
28.200000000000003 0.00029281190001089033
28.300000000000004 0.00033007009279617083
28.400000000000006 0.00032785166221314927
28.500000000000007 0.0003319725090368136
28.60000000000001 0.00032621084184959265
28.70000000000001 0.0003440025885515287
28.80000000000001 0.000365166548977201
28.900000000000013 0.00035461813813395096
29.000000000000014 0.00034786050833640505
29.100000000000016 0.00032994188132842104
29.200000000000017 0.00031609852227029457
29.30000000000002 0.0003172483485894166
29.40000000000002 0.00031282542325341395
29.50000000000002 0.0003098085084890984
29.600000000000023 0.0003046009129535731
29.700000000000024 0.0003146194146547393
29.800000000000026 0.00034075969730682876
29.900000000000027 0.0003699076424395638
30.00000000000003 0.00035466836892224273
30.10000000000003 0.0003412967224847057
30.20000000000003 0.0003138282705297441
30.300000000000033 0.000298055775850291
30.400000000000034 0.00028803776362458587
30.500000000000036 0.00028545119750574195
30.600000000000037 0.0002812724699627686
30.70000000000004 0.00028307124728031843
30.80000000000004 0.00028790760533063615
30.90000000000004 0.0003075082597841294
31.000000000000043 0.00036363538366261986
31.100000000000044 0.0003827630655825366
31.200000000000045 0.00034838092090657536
31.300000000000047 0.00030954644430845256
31.40000000000005 0.00026191987322815856
31.50000000000005 0.00024365376431574292
31.60000000000005 0.00023806641807763368
31.700000000000053 0.00021992885810580493
31.800000000000054 0.00022568963661843248
31.900000000000055 0.00023622356303156024
32.00000000000006 0.0002136888045093856
32.10000000000006 0.00024023780631922333
32.20000000000006 0.0003059715284055748
32.30000000000006 0.0003565057080648247
32.40000000000006 0.00037734736234717596
32.500000000000064 0.0002691117842393444
32.600000000000065 0.0002269041605059795
32.70000000000007 0.00017076472401177673
32.80000000000007 0.000159397307079328
32.90000000000007 0.00015551777261484543
33.00000000000007 0.000145913297439946
33.10000000000007 0.0001417126841667137
33.200000000000074 0.0001370248686497809
33.300000000000075 0.00013709661404023794
33.40000000000008 0.00014771404346959057
33.50000000000008 0.00022748472439531342
33.60000000000008 0.00032661135984482243
33.70000000000008 0.0003869179999526547
33.80000000000008 0.00031276645758137277
33.900000000000084 0.00018204763177666748
34.000000000000085 9.777615063460938e-05
34.10000000000009 6.0441715086402865e-05
34.20000000000009 6.0884757872015824e-05
34.30000000000009 0.00011233043603504132
34.40000000000009 0.00010989626138085624
34.50000000000009 0.00010033629862314114
34.600000000000094 0.00010917275332696956
34.700000000000095 0.00013086052364276107
34.8000000000001 0.00014844338255404324
34.9000000000001 0.00023045510572475264
35.0000000000001 0.00044721665364089505
35.1000000000001 0.000517599243045125
35.2000000000001 0.0006273565473805001
35.300000000000104 0.00037406529055749747
35.400000000000105 0.00019702222544320738
35.50000000000011 6.082552825221446e-05
35.60000000000011 2.803435792128432e-05
35.70000000000011 1.7706527283442613e-05
35.80000000000011 1.9542614002572517e-05
35.90000000000011 1.3027260782690992e-05
36.000000000000114 6.669314736208837e-05
36.100000000000115 6.273185442651591e-05
36.20000000000012 5.244311534817934e-05
36.30000000000012 0.0001272727763567522
36.40000000000012 0.00024668223303713746
36.50000000000012 0.0003847160590125071
36.60000000000012 0.0007732826226811192
36.700000000000124 0.0009248690237782429
36.800000000000125 0.001099306322822516
36.90000000000013 0.0005622144006038933
37.00000000000013 0.0002524255581304615
37.10000000000013 -1.1788362103377032e-05
37.20000000000013 2.518222777529354e-05
37.30000000000013 0.00014708301825681425
37.400000000000134 0.00015836700441112435
37.500000000000135 9.396144151097302e-05
37.600000000000136 0.00023204521955714168
37.70000000000014 0.0002328727024250947
37.80000000000014 0.00023535611605831168
37.90000000000014 0.00021494519325514414
38.00000000000014 0.0006285027097881696
38.10000000000014 0.0007470652728199992
38.200000000000145 0.0006750295136267692
38.300000000000146 0.0015393258152415917
38.40000000000015 0.0014838649991029045
38.50000000000015 0.00243213661781062
38.60000000000015 0.0015349949044001312
38.70000000000015 0.0009426036042210391
38.80000000000015 0.00033805013847379765
38.900000000000155 0.00030602594439428285
39.000000000000156 0.00020500861622377425
39.10000000000016 0.00023154567270753756
39.20000000000016 0.0004400297782953912
39.30000000000016 0.0006399681635944524
39.40000000000016 0.0009547681017709778
39.50000000000016 0.0008445363311776809
39.600000000000165 0.000849674131384354
39.700000000000166 0.0007598233207272783
39.80000000000017 0.0018541906292511318
39.90000000000017 0.002295766023121998
40.00000000000017 0.0017640215477208597
40.10000000000017 0.0025005616504130395
40.20000000000017 0.0021607058042133597
40.300000000000175 0.0033423749995347227
40.400000000000176 0.004597232898350608
40.50000000000018 0.0037743592356652166
40.60000000000018 0.0028788601295617173
40.70000000000018 0.0013269973417388463
40.80000000000018 0.001751941073671768
40.90000000000018 0.0011350782961737922
41.000000000000185 0.0009149344946630804
41.100000000000186 0.00124471012272537
41.20000000000019 0.0014600308034881434
41.30000000000019 0.00206206396791797
41.40000000000019 0.002040667042045766
41.50000000000019 0.002635763277844432
41.60000000000019 0.001677125335399884
41.700000000000195 0.001892770578164611
41.800000000000196 0.004639589846611587
41.9000000000002 0.004659463595591833
42.0000000000002 0.004299296402459509
42.1000000000002 0.004508644119971934
42.2000000000002 0.003605262292564898
42.3000000000002 0.0039316697587714515
42.400000000000205 0.0061263292550837465
42.500000000000206 0.00716754574144254
42.60000000000021 0.006875372559994673
42.70000000000021 0.006360510243071985
42.80000000000021 0.0033493455303225408
42.90000000000021 0.004543504963357676
43.00000000000021 0.002985349160554716
43.100000000000215 0.002857944456696796
43.200000000000216 0.0027628875703244763
43.30000000000022 0.002762721908903416
43.40000000000022 0.0030302591648945993
43.50000000000022 0.0036329433734586885
43.60000000000022 0.004758002628853028
43.70000000000022 0.004660552947778685
43.800000000000225 0.002903220968616954
43.900000000000226 0.003472449555073289
44.00000000000023 0.007603242695053084
44.10000000000023 0.008521946009865514
44.20000000000023 0.0065971644768335206
44.30000000000023 0.007983372568108023
44.40000000000023 0.007267313106872156
44.500000000000234 0.004843955612098248
44.600000000000236 0.007845449088908186
44.70000000000024 0.009805248461522238
44.80000000000024 0.010281491582878397
44.90000000000024 0.01218808795442173
45.00000000000024 0.009080913533517568
45.10000000000024 0.006725175096723416
45.200000000000244 0.008857339868918328
45.300000000000246 0.007722297610409704
45.40000000000025 0.00602268049889156
45.50000000000025 0.006629691182683791
45.60000000000025 0.00457495998118955
45.70000000000025 0.004407348214822734
45.80000000000025 0.005135785780456078
45.900000000000254 0.005701096172546515
46.000000000000256 0.007895346626334832
46.10000000000026 0.008585354746359061
46.20000000000026 0.0056948634923144805
46.30000000000026 0.004697132816349307
46.40000000000026 0.007801079464066167
46.50000000000026 0.01223621285327842
46.600000000000264 0.009200361233136136
46.700000000000266 0.009048200620536241
46.80000000000027 0.012949338856405845
46.90000000000027 0.011879819621467044
47.00000000000027 0.008096429007196206
47.10000000000027 0.010524917400112093
47.20000000000027 0.012803237102095098
47.300000000000274 0.01363290314383708
47.400000000000276 0.016457681298665105
47.50000000000028 0.01627231808292162
47.60000000000028 0.014847198473692112
47.70000000000028 0.009393106963944912
47.80000000000028 0.009978251829787819
47.90000000000028 0.012002164497194543
48.000000000000284 0.011628011220699884
48.100000000000286 0.01392221979703504
48.20000000000029 0.011471178542818471
48.30000000000029 0.009325699990509483
48.40000000000029 0.01008729659531814
48.50000000000029 0.008259103665689481
48.60000000000029 0.010339587346768524
48.700000000000294 0.013389697890535335
48.800000000000296 0.014195107214787405
48.9000000000003 0.01051168936655753
49.0000000000003 0.009076566051477874
49.1000000000003 0.010272473594583728
49.2000000000003 0.016058241122374535
49.3000000000003 0.015019636047361347
49.400000000000304 0.01112380062625768
49.500000000000306 0.013374042957406455
49.60000000000031 0.01599666856434288
49.70000000000031 0.017074306776946897
49.80000000000031 0.01394038768961034
49.90000000000031 0.013467563078381605
50.00000000000031 0.017897886991701143
50.100000000000314 0.017590883016156963
50.200000000000315 0.017867714601415844
50.30000000000032 0.02051608000407306
50.40000000000032 0.022131548986970284
50.50000000000032 0.019130853996476658
50.60000000000032 0.014056939040902555
50.70000000000032 0.01265135344125404
50.800000000000324 0.011766854757299793
50.900000000000325 0.012150960383941601
51.00000000000033 0.01240870744702622
51.10000000000033 0.014081229179890822
51.20000000000033 0.013972810194693383
51.30000000000033 0.015269490538946103
51.40000000000033 0.01484250846020377
51.500000000000334 0.013698093600001392
51.600000000000335 0.01332521360542597
51.70000000000034 0.013168446765524786
51.80000000000034 0.015698950670845084
51.90000000000034 0.014673610224628117
52.00000000000034 0.014218966574347265
52.10000000000034 0.009890966585052103
52.200000000000344 0.012328723758960065
52.300000000000345 0.017933696861245345
52.40000000000035 0.015185145992608525
52.50000000000035 0.01221162077095159
52.60000000000035 0.01201885174258384
52.70000000000035 0.014153762986200271
52.80000000000035 0.01676066797906149
52.900000000000354 0.014986792652679945
53.000000000000355 0.013867476313111275
53.10000000000036 0.01785107648435765
53.20000000000036 0.019134761926259822
53.30000000000036 0.018186871656133134
53.40000000000036 0.018905938904210003
53.50000000000036 0.021981479547926838
53.600000000000364 0.023536303829341937
53.700000000000365 0.023378160989456546
53.80000000000037 0.022245451766770497
53.90000000000037 0.018431846987088198
54.00000000000037 0.015294614181220864
54.10000000000037 0.013228632852823885
54.20000000000037 0.012418545126948304
54.300000000000374 0.011635236471433824
54.400000000000375 0.011109033426683672
54.50000000000038 0.01211536091743156
54.60000000000038 0.013431190509992632
54.70000000000038 0.012847889269835978
54.80000000000038 0.012104402284906009
54.90000000000038 0.013329244400416737
55.000000000000384 0.021778948892969923
55.100000000000385 0.01598320589563903
55.20000000000039 0.01772253914251609
55.30000000000039 0.01416533443529122
55.40000000000039 0.016135541829812774
55.50000000000039 0.0132384504767585
55.60000000000039 0.009717424522900092
55.700000000000394 0.01031089777246528
55.800000000000395 0.013560129571153788
55.9000000000004 0.013504309958362545
56.0000000000004 0.01236163693528216
56.1000000000004 0.009097436138906241
56.2000000000004 0.009160304492225251
56.3000000000004 0.012874193388305125
56.400000000000404 0.013092736667597494
56.500000000000405 0.009090355073760912
56.600000000000406 0.010103852951078301
56.70000000000041 0.01284099315586008
56.80000000000041 0.01226681987570399
56.90000000000041 0.01315964466069933
57.00000000000041 0.011975350289992371
57.10000000000041 0.01273559410248455
57.200000000000415 0.013091666325936903
57.300000000000416 0.015483252408964946
57.40000000000042 0.01733311564671931
57.50000000000042 0.017272216895050194
57.60000000000042 0.017244375830243217
57.70000000000042 0.014414871340169427
57.80000000000042 0.011980652596015069
