string
integrated and resized binned spectra ROIsize spatial in px50:1600
converted file:an 23 2019_16.09.04_41 binning:0.1
nm muJ
23.8 3.3162181451892674e-05
23.900000000000002 0.000567733829226772
24.000000000000004 0.0005275860413665588
24.100000000000005 0.000510306845552856
24.200000000000006 0.0005164519340850071
24.300000000000008 0.0005136958987923284
24.40000000000001 0.0005240320647523237
24.50000000000001 0.0005254968959880834
24.600000000000012 0.0005295015255149032
24.700000000000014 0.0005197493378913704
24.800000000000015 0.0005136813178715562
24.900000000000016 0.0005120530610257798
25.000000000000018 0.0005246447938087689
25.10000000000002 0.0005147866265550821
25.20000000000002 0.0005320049251582521
25.300000000000022 0.000514970082358876
25.400000000000023 0.0005289755518845326
25.500000000000025 0.0005199633059797225
25.600000000000026 0.0005081298278144745
25.700000000000028 0.0005126430139491219
25.80000000000003 0.0005082658253867387
25.90000000000003 0.0005023526774350926
26.000000000000032 0.0005141912787532575
26.100000000000033 0.0005112857917689073
26.200000000000035 0.0005112318344504744
26.300000000000036 0.0005170478000638942
26.400000000000038 0.0005139127123508703
26.50000000000004 0.0005072504865809448
26.60000000000004 0.0004921026127466302
26.700000000000042 0.0005099854151827234
26.800000000000043 0.0005249532129331365
26.900000000000045 0.000534093920482921
27.000000000000046 0.0005249374648611702
27.100000000000048 0.0005154072621993406
27.20000000000005 0.000522932217022576
27.30000000000005 0.000517749648767597
27.400000000000052 0.0005113752293867084
27.500000000000053 0.0005078985244085696
27.600000000000055 0.0005193390141652566
27.700000000000056 0.0005368304488992062
27.800000000000058 0.0005335554273250511
27.90000000000006 0.00053827377973518
28.00000000000006 0.0005562574873747683
28.100000000000062 0.0005750862628996902
28.200000000000063 0.0005540466576839284
28.300000000000065 0.0005581941250675871
28.400000000000066 0.000563326946414186
28.500000000000068 0.0005706345983138824
28.60000000000007 0.0005926354743503642
28.70000000000007 0.0006064332300761582
28.80000000000007 0.0005830382352553297
28.900000000000073 0.0005930169141719367
29.000000000000075 0.0006391650575650108
29.100000000000076 0.0006601471588503199
29.200000000000077 0.0006709575520948831
29.30000000000008 0.0006594901661221119
29.40000000000008 0.000668963232226101
29.50000000000008 0.0006778976466167321
29.600000000000083 0.0007174658166498689
29.700000000000085 0.0007296060027207093
29.800000000000086 0.0007275921236727642
29.900000000000087 0.0007263855889844947
30.00000000000009 0.0007456715612293958
30.10000000000009 0.0008062924234960088
30.20000000000009 0.0008428386753032071
30.300000000000093 0.0008946873451630246
30.400000000000095 0.000860050960854558
30.500000000000096 0.0008496995388412819
30.600000000000097 0.0008804747463608876
30.7000000000001 0.0009478381957396056
30.8000000000001 0.0009870945753838079
30.9000000000001 0.0009349737361477023
31.000000000000103 0.0009375233142532535
31.100000000000104 0.0009597417251407343
31.200000000000106 0.0009678556801630962
31.300000000000107 0.001047859576687912
31.40000000000011 0.0011104475730811295
31.50000000000011 0.0010948618649532622
31.60000000000011 0.0010698905231369836
31.700000000000113 0.0010679171572943076
31.800000000000114 0.0010815054304926161
31.900000000000116 0.0011667988394058347
32.000000000000114 0.001148916486898849
32.100000000000115 0.0010653171718609021
32.20000000000012 0.0010672013542393543
32.30000000000012 0.0010626606336671606
32.40000000000012 0.0010730135471034609
32.50000000000012 0.0011519876116630884
32.60000000000012 0.0012683061117084254
32.700000000000124 0.0013627033567595408
32.800000000000125 0.001328881956921591
32.90000000000013 0.0013405297760534834
33.00000000000013 0.0012824562477065221
33.10000000000013 0.001356179854996288
33.20000000000013 0.001476757097048598
33.30000000000013 0.0013212856021877937
33.400000000000134 0.001249748725713087
33.500000000000135 0.0012362337217650423
33.600000000000136 0.0012089767057178787
33.70000000000014 0.0012607467761495599
33.80000000000014 0.001260668060760257
33.90000000000014 0.0013822215912012352
34.00000000000014 0.0016252815262036901
34.10000000000014 0.0017823931037161545
34.200000000000145 0.0017411281069087037
34.300000000000146 0.0017723874183233025
34.40000000000015 0.0018148141257480785
34.50000000000015 0.0018737382388648068
34.60000000000015 0.0020568495477851574
34.70000000000015 0.001735083755151282
34.80000000000015 0.0016242244715338225
34.900000000000155 0.0014928287720705033
35.000000000000156 0.0015221890412498108
35.10000000000016 0.0015287900122670107
35.20000000000016 0.001546465329125834
35.30000000000016 0.0016045281133557777
35.40000000000016 0.001715899039419468
35.50000000000016 0.0021038950205811827
35.600000000000165 0.002867133601803477
35.700000000000166 0.0026156503464559184
35.80000000000017 0.0028685537878972308
35.90000000000017 0.002740592033086427
36.00000000000017 0.0028342370260814338
36.10000000000017 0.003377441779224112
36.20000000000017 0.0023042311852225243
36.300000000000175 0.0021648631173835924
36.400000000000176 0.0019051657157827177
36.50000000000018 0.0019280586341876398
36.60000000000018 0.0019309145099856504
36.70000000000018 0.0019426125758688747
36.80000000000018 0.001977808758442117
36.90000000000018 0.002112070858107483
37.000000000000185 0.0021642533639701306
37.100000000000186 0.002613383729931479
37.20000000000019 0.003724678363440438
37.30000000000019 0.005583311088721117
37.40000000000019 0.006087960670960089
37.50000000000019 0.006207331306970634
37.60000000000019 0.005802770210280593
37.700000000000195 0.008288486742565408
37.800000000000196 0.005990449750796111
37.9000000000002 0.003957759224319478
38.0000000000002 0.003326992451454266
38.1000000000002 0.0028810404481240948
38.2000000000002 0.0028683833627350256
38.3000000000002 0.0028003403282357863
38.400000000000205 0.0027874198900053634
38.500000000000206 0.0028286499606153836
38.60000000000021 0.0029536111899702614
38.70000000000021 0.003250137965865731
38.80000000000021 0.0036224078479726507
38.90000000000021 0.004027091661632121
39.00000000000021 0.0053750990748577055
39.100000000000215 0.012681930522764008
39.200000000000216 0.014200150129382166
39.30000000000022 0.015290811032165924
39.40000000000022 0.017887472109826275
39.50000000000022 0.023218279512282045
39.60000000000022 0.012562099008277934
39.70000000000022 0.008733075165322979
39.800000000000225 0.006171964872368524
39.900000000000226 0.004802447019836226
40.00000000000023 0.004563695923629616
40.10000000000023 0.00428724912458669
40.20000000000023 0.004184228606971494
40.30000000000023 0.004196547727307082
40.40000000000023 0.004413978341170588
40.500000000000234 0.004467954355237791
40.600000000000236 0.00491822076540764
40.70000000000024 0.0053556364736506625
40.80000000000024 0.0062407328000236946
40.90000000000024 0.007845084119317442
41.00000000000024 0.012210643603548758
41.10000000000024 0.023582890516427764
41.200000000000244 0.03458607505798329
41.300000000000246 0.029178427441135794
41.40000000000025 0.054088111727955676
41.50000000000025 0.04257619872077943
41.60000000000025 0.01779735208859143
41.70000000000025 0.01623518383770643
41.80000000000025 0.008559243728217494
41.900000000000254 0.007085149922175443
42.000000000000256 0.006293385526191906
42.10000000000026 0.005721183168559418
42.20000000000026 0.005368293968193302
42.30000000000026 0.0056863690577259405
42.40000000000026 0.005391364495789456
42.50000000000026 0.005502791645878653
42.600000000000264 0.006231001444066959
42.700000000000266 0.006686833462003308
42.80000000000027 0.006979524176477716
42.90000000000027 0.007729170715122129
43.00000000000027 0.01106551776840586
43.10000000000027 0.01652844948915547
43.20000000000027 0.021331079334733216
43.300000000000274 0.03890545022033194
43.400000000000276 0.03200653390292896
43.50000000000028 0.06324064357499957
43.60000000000028 0.10254824063358237
43.70000000000028 0.052245774328892935
43.80000000000028 0.027857336728641362
43.90000000000028 0.02385509398456661
44.000000000000284 0.012308621323522279
44.100000000000286 0.009592260463784376
44.20000000000029 0.008037399978184277
44.30000000000029 0.0070733315582058665
44.40000000000029 0.007331786939166769
44.50000000000029 0.00745979703247213
44.60000000000029 0.006962264610583287
44.700000000000294 0.006821319536664843
44.800000000000296 0.006884828540246088
44.9000000000003 0.007489292372979312
45.0000000000003 0.008745776954668879
45.1000000000003 0.008291894727539188
45.2000000000003 0.009569490852020423
45.3000000000003 0.010638607461529198
45.400000000000304 0.013491439801003627
45.500000000000306 0.02874623267537493
45.60000000000031 0.028643731569163545
45.70000000000031 0.04766619355494781
45.80000000000031 0.03746545007332836
45.90000000000031 0.07921541105831087
46.00000000000031 0.13454517797340743
46.100000000000314 0.08480763288368116
46.200000000000315 0.05144759908040026
46.30000000000032 0.0405207674745678
46.40000000000032 0.027690142423857037
46.50000000000032 0.014459898758506378
46.60000000000032 0.01129954622946794
46.70000000000032 0.008994336639882498
46.800000000000324 0.009415343295954129
46.900000000000325 0.008520929933078156
47.00000000000033 0.008538951523572572
47.10000000000033 0.008985677534810617
47.20000000000033 0.008364954195073479
47.30000000000033 0.008814848030913645
47.40000000000033 0.009221189838973855
47.500000000000334 0.008673259226626692
47.600000000000335 0.010140332117057125
47.70000000000034 0.009771236745567648
47.80000000000034 0.010846560219205206
47.90000000000034 0.011609083209826317
48.00000000000034 0.014220150553306641
48.10000000000034 0.027508238633430056
48.200000000000344 0.03273362634330455
48.300000000000345 0.0501021036773996
48.40000000000035 0.06568833944045559
48.50000000000035 0.030267450028535297
48.60000000000035 0.09605042141721122
48.70000000000035 0.15863180875789493
48.80000000000035 0.09020259936217641
48.900000000000354 0.056765925742071545
49.000000000000355 0.06532950410416336
49.10000000000036 0.05374568145270775
49.20000000000036 0.03700281118770807
49.30000000000036 0.022705894190104537
49.40000000000036 0.01566779922215697
49.50000000000036 0.012864400830741344
49.600000000000364 0.011602244115656453
49.700000000000365 0.010522915049798598
49.80000000000037 0.01044870360256265
49.90000000000037 0.00904954883303229
50.00000000000037 0.00989640102515345
50.10000000000037 0.009859358366194275
50.20000000000037 0.010088602602028287
50.300000000000374 0.0108142268636338
50.400000000000375 0.010012069455026426
50.50000000000038 0.010708440296182066
50.60000000000038 0.009777500502511256
50.70000000000038 0.010320012832961531
50.80000000000038 0.010884964914485123
50.90000000000038 0.011581096841531977
51.000000000000384 0.017901265757315803
51.100000000000385 0.027083264464237904
51.20000000000039 0.03515412682403585
51.30000000000039 0.054467319379864335
51.40000000000039 0.05625493639771351
51.50000000000039 0.032029869490986976
51.60000000000039 0.07768951784493046
