string
20190123an 23 2019_16.04.   full spectra  index number  Nphoton via eV
eV x-axis E [J] Nphoton Nphoton/sr Nphoton/sr @ 0.1bw
51.660080420516415 4.87438111374778e-10 58891603.48533705 3176036970058.467 765424909784.1017
51.4457232403483 5.075176211538888e-10 61573072.2189095 3320649161404.257 803597097059.8119
51.233137607123716 6.977753556325979e-10 85006796.10095352 4584434981296.9795 1114017700455.1628
51.02230164989275 7.3617869780275e-10 90055900.9247581 4856734301353.643 1185043169530.2996
50.813193856245654 6.652101516057669e-10 81709273.63852501 4406598878517.425 1079616725236.7393
50.605793064995666 5.211702642173819e-10 64278889.96690438 3466574500387.628 852777327095.335
50.400078459040394 4.798367334974903e-10 59422545.831124246 3204670806113.0337 791553689109.9111
50.1960295583965 4.701445455134745e-10 58458949.97349447 3152703872171.604 781870560298.5295
49.99362621340296 4.815902386616063e-10 60124573.91619591 3242531333255.279 807390301980.571
49.79284859808809 6.379442954562967e-10 79965887.3150584 4312577675345.3477 1078144418836.342
49.59367720369574 9.024578697957089e-10 113576792.68659204 6125221103940.5 1537430497089.0322
49.39609283236627 8.202217950249841e-10 103640066.25021961 5589331288491.106 1408511484699.6787
49.20007659096798 6.784533238510875e-10 86068289.2024996 4641681534870.814 1174345428322.306
49.005609885074826 4.86416572597893e-10 61951459.12864939 3341055649650.4004 848628135011.1991
48.81267441308634 4.687800058611244e-10 59941202.60285917 3232642078489.943 824323730014.9296
48.621252160486 4.6315390301672816e-10 59454969.94065925 3206419445384.3354 820843378018.3794
48.4313253942341 4.753684958140615e-10 61262260.37532099 3303887011156.2183 849098961867.171
48.24287665729156 6.659954082084141e-10 86164230.41814081 4646855665473.4 1198888761692.0835
48.05588876327104 1.046862430822487e-09 135966517.94675496 7332703851348.364 1899170297499.183
47.87034479121208 9.746544545452635e-10 127078795.95554993 6853387073521.165 1781880639115.5044
47.686228080476646 7.758415261411479e-10 101547450.49740098 5476476066324.613 1429360253310.7217
47.503522225762175 5.19863567447764e-10 68305007.80141169 3683703909869.4175 965130424385.7526
47.322211072228725 4.3804867056712467e-10 57775845.9589226 3115863924262.633 819472212081.0887
47.142278710737365 4.4981744199770143e-10 59554515.4160992 3211787954500.886 847912019988.2037
46.96370947319669 4.5659346147434974e-10 60681494.749017194 3272566194759.3735 867230041611.2086
46.78648792801481 5.248572619357315e-10 70018006.16904882 3776086283981.882 1004438951539.1802
46.61059887565385 9.816356012262897e-10 131448184.59421562 7089029152046.177 1892770783596.282
46.436027344284355 1.2599353891459933e-09 169348826.3552471 9133018996064.412 2447649090945.3076
46.26275858553703 1.0959944752400152e-09 147865145.2347488 7974399405945.11 2145113440199.1606
46.09077807034915 8.102255642583119e-10 109718756.57207678 5917156378133.331 1597632222096.0195
45.92007148490342 5.130550085491249e-10 69734927.06587188 3760819766449.127 1019182156707.6621
45.75062472665653 4.304960211955921e-10 58730147.01647879 3167329587616.8154 861513647831.7659
45.58242390045559 4.3469882600310393e-10 59522344.14789985 3210052951017.7456 876344455627.8347
45.41545531473963 4.5128916607726394e-10 62021206.449450105 3344817137813.662 916479895760.965
45.24970547782453 5.250042148404431e-10 72416246.07993282 3905423883389.1353 1073991567931.9912
45.0851610942688 1.0245210153183419e-09 141832650.9633411 7649065679339.632 2111142127497.7258
44.92180906131855 1.5394637267398517e-09 213895278.28968412 11535418826524.637 3195311014947.15
44.7596364654293 1.3361394267023854e-09 186317738.26411822 10048156101775.223 2793387396293.493
44.59863057886301 1.0715802569243955e-09 149965774.43710658 8087686795186.155 2256464615856.9795
44.43877885635813 6.5800671716674e-10 92418131.88592155 4984129930279.587 1395556380478.2349
44.28006893187113 4.757810679696649e-10 67063751.42056896 3616762683589.8677 1016310314088.7666
44.1224886153876 4.731613055231011e-10 66932677.21514018 3609693823215.4595 1017933658146.7241
43.96602588980112 4.622706435914768e-10 65624812.8772881 3539160415343.9375 1001582397542.3391
43.81066890785836 4.831001906913465e-10 68825012.61374687 3711747882368.758 1054136398592.6989
43.65640598916871 6.991016112942159e-10 99949654.76487993 5390306595351.522 1536237379675.172
43.50322561727689 1.5945716222064544e-09 228776570.90441215 12337970170170.799 3528659468668.8413
43.3511164367969 2.1168353337684003e-09 304772490.8071984 16436446640504.076 4717260185824.62
43.20006725060597 1.764327722158161e-09 254908202.20183098 13747254723090.186 3959209360250.01
43.05006701709692 1.340237310560189e-09 194310758.46035975 10479221417427.695 3028494989636.567
42.90110484748759 7.784245243638244e-10 113249686.36795701 6107580189113.258 1771198254842.7715
42.7531700031859 5.445608488468675e-10 79499988.83882633 4287451669306.5522 1247648435768.1626
42.60625189320931 5.300876315821557e-10 77653907.71318583 4187892113142.9775 1222864497037.779
42.46034007165723 5.292681731337195e-10 77800302.5185186 4195787216798.58 1229365654521.9377
42.315424235235184 5.534468580200101e-10 81633083.60395773 4402489933401.064 1294332040419.91
42.17149422082962 6.688927851558135e-10 98998017.3974466 5338984585384.349 1575000452688.3792
42.028540003131894 1.5031059901998073e-09 223220602.88396868 12038335607804.287 3563347339909.9414
41.8865516923105 3.131732769692532e-09 466658373.4469674 25166987460681.746 7474595275822.639
41.74551953173033 2.961084285525947e-09 442720746.45190424 23876026036431.86 7115055758856.496
41.60543389571781 2.3341285635719047e-09 350157709.352323 18884081336499.207 5646340319613.104
41.46628528737092 1.5347219227042248e-09 231006149.07204655 12458211805123.143 3737463541536.99
41.32806433641302 8.851091004706803e-10 133672083.10601537 7208964481925.463 2169898309059.511
41.19076179708939 6.753596801532178e-10 102335020.2756912 5518949875565.913 1666722862420.94
41.05436854610565 6.528732841245772e-10 99256394.56096536 5352918921944.886 1621934433349.2952
40.91887558060695 6.831740337346841e-10 104206938.02192162 5619902806290.861 1708450453112.4224
40.78427401619706 7.13677254234015e-10 109218974.46384795 5890203020459.792 1796511921240.1255
40.650555084996405 8.156642134014294e-10 125237359.66951242 6754078014566.463 2066747872457.244
40.51771013373824 1.7178666785411544e-09 264626624.72099027 14271371360858.145 4381311007783.559
40.38573062190196 4.38915317545896e-09 678331161.1000128 36582546884340.38 11267424440376.418
40.254608119882796 5.546691053214583e-09 860017618.4932046 46380937002609.164 14331709533806.674
40.124334307197095 4.069442951133421e-09 633018057.9455334 34138801387029.688 10583028429978.94
39.99490097072226 2.5900187635169924e-09 404191577.4294609 21798139580659.273 6779221409585.129
39.866300002970746 1.708972912895498e-09 267558174.07289878 14429470454280.36 4501994781735.425
39.73852340039712 9.173058362677934e-10 144075921.4774502 7770045745511.994 2432024318345.1655
39.6115632617377 8.155153500739827e-10 128498817.98034018 6929969169815.317 2176010319322.101
39.48541178638185 8.261682884181161e-10 130593278.34945133 7042923872539.205 2218521019849.7944
39.36006127277429 8.190444264933751e-10 129879518.0355693 7004430623748.411 2213400077104.46
39.235504116847785 8.714870188929451e-10 138634289.29627633 7476577339796.548 2370075016715.5527
39.11173281048549 1.0131639060337179e-09 161681983.00368157 8719544468506.645 2772815140984.9277
38.98873994001226 2.0264479365891734e-09 324403271.7056654 17495138919110.012 5580949315195.794
38.86651818471441 5.7923147356385515e-09 930176771.9627204 50164635391169.23 16052683325175.406
38.745060315387185 8.663302877465769e-09 1395584481.4681702 75264174273780.44 24159799941883.9
38.624359192909345 7.134102637227939e-09 1152834701.7452276 62172625916371.984 20019585545071.656
38.50440776684441 4.18948945164408e-09 679109222.2681268 36624507892169.16 11829716049170.463
38.3851990740678 2.3661681656138812e-09 384743051.01771045 20749276326116.418 6722765529661.267
38.266726237419434 1.309957534801178e-09 213660815.99806377 11522774224201.043 3744901622865.3335
38.14898246438122 1.0323953919050222e-09 168908721.08034647 9109284022976.947 2969626591490.435
38.03196104577882 9.267760310612625e-10 152095038.98329455 8202518494740.94 2682223547780.186
37.91565535450732 9.304731200043877e-10 153170185.8825183 8260501400589.795 2709444459393.45
37.800058844280166 9.596908717266233e-10 158462996.064571 8545943803561.326 2811615511371.735
37.6851650484009 1.0744419891073152e-09 177951447.6426015 9596960230995.334 3166996876228.475
37.57096757855726 1.2441779921395499e-09 206689830.96328342 11146827486841.459 3689599898144.5835
37.45746012363715 2.3000847351794662e-09 383260873.1942144 20669342154094.83 6862221595159.392
37.34463644856595 7.1000544921672645e-09 1186649391.3763537 63996259474358.72 21310754404960.28
37.232490393164845 1.226181337657965e-08 2055519450.3983994 110854610517864.95 37025439912968.91
37.12101587102963 1.2731318667438812e-08 2140634451.8937132 115444881039587.22 38674035148260.37
37.010206868429535 7.632369588325746e-09 1287143164.448801 69415910488246.07 23323745924050.793
36.900057443225876 3.736481861443572e-09 632011252.9386152 34084504174280.023 11486477906731.404
36.790561723809766 2.2079870453948728e-09 374583874.18187594 20201389712297.086 6828069722756.189
36.681713908058846 1.251942268972502e-09 213021607.751953 11488301584621.455 3894534237186.8926
36.573508262312366 1.1283838912920877e-09 192565832.2681862 10385117168801.72 3530939837392.3784
36.46593912036438 1.0881021739028223e-09 186239265.52386028 10043924049845.05 3424978100997.2363
36.35900088247475 1.0657971047353632e-09 182958070.0170492 9866968463328.945 3374503214458.5513
36.25268801439734 1.1310492217865802e-09 194728835.4170417 10501768398528.016 3602106560695.0986
36.14699504642534 1.2670849650325306e-09 218787503.61110947 11799257600936.2 4058944614721.9004
36.04191657245317 1.5022032651654136e-09 260141595.43047178 14029492756855.988 4840175001115.455
35.937447249054756 2.4612574959848854e-09 427463268.4599967 23053186933668.812 7976402679049.314
35.83358179457772 7.415297482487609e-09 1291597906.7420444 69656155707905.38 24170686030642.48
35.730314988253284 1.5529362968575554e-08 2712725006.7689 146297848949643.38 50911651434475.1
35.62764166932152 2.224541573070492e-08 3897107857.2049327 210171873378688.66 73349983809157.62
35.525556736171595 1.531275455246721e-08 2690304285.700652 145088694591571.7 50781043107052.06
35.42405514549682 8.586073059002892e-09 1512813108.9920974 81586339623852.94 28636805207972.035
35.32313191146407 4.2361057473444405e-09 748508203.8682244 40367210046665.53 14209257936425.893
35.222782104897405 1.9188141465656573e-09 340015120.33100754 18337089307120.562 6472992525413.521
35.1230008524756 1.5600724702070512e-09 277231218.4740615 14951139840286.45 5292703503461.249
35.02378333594318 1.3626291204911419e-09 242830695.18698612 13095912145963.068 4649048811816.86
34.92512479133489 1.3985917268402756e-09 249943566.85131642 13479510860078.895 4798705866188.047
34.82702050821316 1.3507218213071792e-09 242068661.76509732 13054815517970.225 4660569139915.598
34.72946582891845 1.4714861736303935e-09 264452122.5277976 14261960419668.979 5105781830241.229
34.63245614783208 1.5644173181730652e-09 281941039.63337904 15205141518608.564 5458645805180.381
34.53598691065149 1.73739605402335e-09 313990085.1607712 16933553506497.943 6096079262339.277
34.440053613677456 2.3166865836184944e-09 419848339.1998082 22642512144337.25 8173946884106.23
34.34465180311326 5.530102023661172e-09 1004992916.4677804 54199486317999.055 19620214047113.543
34.249777074375366 1.4116126506691383e-08 2572448965.1476398 138732731550292.72 50359981552757.42
34.15542507141566 2.8775014334115222e-08 5258293568.030721 283580914478654.8 103223452870229.72
34.061591486054624 3.3987161461963624e-08 6227861324.439165 335869914218601.94 122592518689787.7
33.968272057325706 2.3049801277650664e-08 4235285634.537603 228409874378749.44 83598014022621.7
33.87546257083028 1.2468502992919026e-08 2297301808.575619 123893985621142.02 45469092722958.64
33.78315885810322 5.146315677187613e-09 950791174.8004587 51276374614650.15 18869705858191.26
33.69135679598881 2.586762102806264e-09 479211204.2987685 25843964355599.152 9536422847216.28
33.60005230602678 2.269988287487086e-09 421669935.7283243 22740751240858.67 8414077959117.684
33.50924135384833 1.978436550832942e-09 368507648.43130857 19873697537519.945 7373141786419.388
33.41891994858189 2.02361059585967e-09 377940566.40642846 20382416853202.51 7582259069391.653
33.3290841422685 2.0651225850129857e-09 386733177.52562904 20856604281039.848 7779513396828.038
33.23973002928655 2.308379624276864e-09 433449712.5045781 23376037161537.22 8742637898414.157
33.150853745785774 2.4528219249105735e-09 461806750.49056625 24905338380636.727 9339501892738.686
33.062451469130345 2.68107044013607e-09 506130078.33775854 27295705080598.535 10263185110304.91
32.97451941735074 2.875150979514888e-09 544215811.3515863 29349676936090.816 11064828204906.156
32.88705384860445 3.3401552629587913e-09 633914462.8074355 34187144695974.402 12922740695078.3
32.80005106064518 8.849466360313092e-09 1683959094.6297662 90816279810447.95 34419370048159.78
32.71350739030047 1.8046470557634465e-08 3443135724.996345 185689057664055.7 70561841912342.52
32.62741921295758 4.533050726030812e-08 8671551961.206017 467658681146805.0 178177957516928.75
32.541782942057424 5.44536437848676e-08 10444185504.16903 563257193220228.4 215164247810122.84
32.45659502859654 4.229668663562405e-08 8133778956.284526 438656466161177.3 168005426539725.3
32.371851960636754 2.5694334035070118e-08 4954031856.901388 267172014297143.97 102594053490107.34
32.2875502628226 1.0500092694781984e-08 2029770856.5999 109465983260476.5 42144403555283.21
32.203686495906176 5.017502056250934e-09 972458202.5126619 52444882126291.81 20243724500747.863
32.12025725627947 4.41058679776958e-09 857050342.9855627 46220911189846.805 17887492630469.785
32.03725917551389 4.118864337205255e-09 802437300.2642863 43275617931303.7 16790939757345.625
31.954688919906893 4.1283020382319e-09 806354185.9602457 43486856427823.125 16916387150423.314
31.872543190035667 3.8885633022122795e-09 761485134.902747 41067058756572.11 16016152915063.172
31.790818720317628 3.944495366974553e-09 774423837.5728656 41764845802481.336 16330054708769.992
31.709512278577684 3.730380455451602e-09 734264513.6939183 39599044741149.305 15522825538530.754
31.62862066562213 4.571502795067577e-09 902127063.8724847 48651908540114.51 19120200056265.047
31.54814071481902 4.719151470796348e-09 933639296.5668429 50351370095296.75 19838439817547.074
31.468069291684962 4.916051248546734e-09 975068841.4783735 52585674452869.23 20771341408882.836
31.388403293478163 5.003598246706903e-09 994952121.801941 53657984080325.875 21248561695808.633
31.30913964879766 9.126254075185483e-09 1819325457.333595 98116617159162.67 38952297012187.95
31.2302753171886 1.629226006223657e-08 3256075719.6553493 175600870937568.28 69889146633152.69
31.151807288753453 4.0215316236724594e-08 8057442509.351133 434539624994104.56 173381310372637.5
31.073732583769104 8.174464243153035e-08 16419307991.43508 885496847043029.4 354198738817210.2
30.99604825230968 8.86042675338744e-08 17841743286.467766 962209091525634.9 385845845701780.8
30.918751373874994 7.111141789178997e-08 14355104751.954319 774173917893415.2 311217914993151.1
30.841839057024558 3.4115536994508865e-08 6904002182.150338 372334337565342.75 150050738038830.44
30.76530843901705 1.4849816001243979e-08 3012650653.4294825 162472904232352.34 65639053309870.34
30.689156685455128 9.258095657238293e-09 1882893187.2226794 101544838642055.22 41125659650032.51
30.613380989935486 7.306533426503695e-09 1489666508.7895904 80338038446374.75 32617243609227.46
30.537978573704116 9.076726737411642e-09 1855145382.1615243 100048393486946.72 40719696149187.91
30.462946685316638 8.840344103384782e-09 1811282680.2757015 97682868445151.72 39854610325620.63
30.388282600303604 8.6642595344826e-09 1779566703.2507083 95972418913955.25 39252719335807.33
30.31398362084076 7.70941681314637e-09 1587330970.4558885 85605104081465.69 35098092673402.13
30.240047075424076 6.661969975276434e-09 1375020531.4488504 74155155981757.61 30477769108501.82
30.166470318549564 7.053741063568201e-09 1459432422.2674832 78707507591936.95 32427493127875.145
30.093250730397738 7.35370668182646e-09 1525197814.812917 82254249499324.66 33971005043222.324
30.020385716522686 9.197161779946184e-09 1912170143.0351682 103123751229388.39 42693233008964.8
29.947872707545574 6.789030998217799e-09 1414916424.5879822 76306750166061.55 31667301318915.453
29.875709158852693 8.914880157789798e-09 1862457028.5173385 100442712163357.72 41784168259957.734
29.80389255029776 1.109761825982249e-08 2324051606.741887 125336608047594.06 52265365555847.16
29.732420385908558 1.9021096291495255e-08 3992953515.470745 215340850551259.66 90012475530426.44
29.66129019359777 3.864148376701717e-08 8131164199.455331 438515451757327.6 183737974286315.9
29.590499524877966 8.599616918926557e-08 18139102029.80984 978245713154721.6 410863199524985.25
29.520045954580638 1.2324461714262188e-07 26057929553.33501 1405309801849377.2 591635426578576.6
29.449927080579258 1.4072488464978953e-07 29824670368.05937 1608450952305084.5 678766301872755.9
29.380140523516275 9.43958311547821e-08 20053395581.31083 1081483980263978.2 457467723651652.44
29.310683926533965 4.1032486066492426e-08 8737573726.560846 471219249295500.0 199796961701283.16
29.241554955009118 1.884483337956009e-08 4022358856.0695143 216926686958008.28 92193841957151.94
29.172751296291448 1.405918168963902e-08 3007957035.8191447 162219776414946.88 69105624752766.15
29.104270659445692 1.0410623587217923e-08 2232590119.8466315 120404070189490.48 51412537970913.73
29.036110774997343 1.333938199852555e-08 2867386523.937961 154638778170505.44 66185397056976.37
28.96826939468193 1.378253571750194e-08 2969583564.304356 160150286759587.12 68704473019861.695
28.90074429119782 1.5049621506413948e-08 3250165867.212326 175282151311411.28 75371325063908.9
28.83353325796248 1.2520208210813298e-08 2710208244.291782 146162119402490.3 62995873462470.3
28.766634108872076 1.0210309536431853e-08 2215332065.9779525 119473339595071.67 51612482705073.17
28.700044678064504 1.0283975736984653e-08 2236492496.1753902 120614526192684.64 52226089841430.766
28.6337628196856 9.094626000857036e-09 1982418746.0728734 106912273652593.67 46399926765226.8
28.567786407658676 1.1827761692780902e-08 2584133525.504831 139362882428805.61 60622853856528.59
28.50211333545716 1.0254360897112638e-08 2245538525.0225677 121102380493646.31 52800637895227.33
28.43674151588042 1.095008997179403e-08 2403404290.213257 129616115506431.86 56642242476308.41
28.371668880832637 1.4403329543487888e-08 3168596874.6947174 170883117824220.7 74846805607011.73
28.30689338110471 1.1921940825141948e-08 2628716357.471916 141767244242330.06 62235820222382.5
28.24241298615914 1.7906172848437934e-08 3957217745.108984 213413612692118.47 93901989584529.67
28.17822568391787 3.0285009684457906e-08 6708154376.569757 361772222862800.9 159541550282491.9
28.114329480552975 7.001077205350875e-08 15542687371.371737 838220506558770.6 370493463898987.56
28.050722400280232 1.2307317343829e-07 27384721186.624874 1476863962875779.8 654250735553965.9
27.987402485155446 1.6787518974193536e-07 37438022243.40184 2019040672929215.8 896454058780574.2
27.924367794873564 1.968384282669226e-07 43996235082.304756 2372726516091116.0 1055863299660525.6
27.861616406570477 1.4232992006307008e-07 31884445723.118774 1719535084685905.0 766912647769915.6
27.799146414627494 7.053224476197366e-08 15835990037.81705 854038383079639.8 381755157236590.6
27.736955930478437 3.9047555809430965e-08 8786664268.257338 473866712874023.06 212292287367569.47
27.675043082419336 2.2886474860237628e-08 5161543287.024421 278363150805161.62 124985054711504.1
27.613406015420622 1.7268007927674595e-08 3903113995.4409294 210495785718578.62 94723103573364.14
27.552042890941912 1.568332530440394e-08 3552820938.7195373 191604405069061.53 86413586686147.61
27.490951886749137 1.8755449596553578e-08 4258206086.829393 229645979350272.44 103799982666322.73
27.430131196734205 2.1998350783968875e-08 5005543190.201322 269950031692753.28 122287364356811.97
27.369579030736997 1.920597449332958e-08 4379829505.798893 236205156757765.16 107237141168027.3
27.309293614369736 1.929409017544511e-08 4409636716.7357025 237812666119149.94 108204763084213.83
27.24927318884365 1.3442514948811768e-08 3079034676.3215485 166053009008730.25 75720172107979.55
27.189516010797938 1.5700853545042754e-08 3604215586.7160807 194376129600909.34 88829891227615.52
27.130020352130984 1.26967728659399e-08 2921004363.9550486 157530399931005.62 72148923168402.55
27.070784499833756 1.3505095706095775e-08 3113764761.7901297 167926010063099.03 77078038618957.94
27.0118067558254 1.0433006028907766e-08 2410709054.6760435 130010063040856.8 59804628998796.29
26.953085436791 1.535881174424589e-08 3556625222.9831514 191809570945872.12 88424212206039.33
26.894618874021383 1.631071764054625e-08 3785268147.1461725 204140333518245.2 94312834085431.38
26.836405413255104 1.6016775545133532e-08 3725115306.0750136 200896277731181.78 93014976589536.75
26.77844341452237 1.7430720013467585e-08 4062739468.4583244 219104422156751.75 101664451880731.3
26.720731251991072 1.9471379219219576e-08 4548176928.642371 245284169844886.78 114057138977869.7
26.663267313814746 3.355662635854364e-08 7855139467.785082 423629378012477.9 197411290153822.1
26.606050001982528 5.766533935426145e-08 13527683198.099825 729550893738207.8 340700267375730.75
26.549077732171 1.0888523347493455e-07 25598146632.049896 1380513609017463.8 646080369020168.2
26.492348933597984 1.6747808219675558e-07 39457220371.4774 2127936466643468.5 998002202855804.8
26.43586204887816 2.5217345870607667e-07 59538086543.34273 3210901941823987.0 1509123912657246.5
26.379615533880546 2.4622124693853163e-07 58256721398.87997 3141797641208852.5 1479786689009365.2
26.323607857587806 1.802420589701493e-07 42736573844.60352 2304792711882765.5 1087862160008672.5
26.267837501957324 9.54962955240076e-08 22690871620.80548 1223723636060819.5 578821279856787.2
26.212302961784054 7.222848592764175e-08 17198568762.71557 927522549731178.0 439645688572527.9
26.157002744565094 3.824033980994183e-08 9124787088.740292 492101750039239.4 233748331268642.66
26.10193537036601 3.1326883482911746e-08 7490890636.430685 403985359405136.06 192297031076839.28
26.04709937168877 1.9842500123960847e-08 4754731525.242843 256423704113162.38 122314106861980.55
25.992493293341415 2.4994084324053794e-08 6001755027.808162 323675952520108.4 154717105304614.7
25.93811569230932 2.6370765550697097e-08 6345608722.590361 342220056981305.0 163923407294038.72
25.88396513762809 2.5745872102777512e-08 6208201095.738732 334809633813638.5 160708624230546.88
25.83004021025803 2.5225727138659237e-08 6095475448.521139 328730315169750.94 158119281596655.5
25.776339502960198 2.0576840910880337e-08 4982489950.930017 268706765490577.38 129516660966455.92
25.722861620173973 1.8432039368514173e-08 4472425168.603894 241198860969079.0 116499049848066.36
25.66960517789618 1.8291042278006674e-08 4447420970.716124 239850379144874.8 116087583506119.12
25.616568803561684 1.7455917839316518e-08 4253150061.9609003 229373306830702.4 111246053812892.78
25.563751135925475 1.4965650873775317e-08 3653928151.311078 197057139009482.22 95769769558598.23
25.5111508249462 1.3258195726791412e-08 3243719940.217284 174934521068202.72 85193111760215.02
25.458766531671156 1.6178020666947917e-08 3966221846.103211 213899205814861.78 104382812437652.64
25.40659692812265 1.5026497846906608e-08 3691477712.532742 199082195003740.75 97351193356829.52
25.354640697185793 1.809847308863897e-08 4455264073.029367 240273359356527.8 117733946084698.17
25.30289653249766 2.1582492147289145e-08 5323782775.789907 287112761680519.56 140972365985138.2
25.251363138337787 2.560592488883401e-08 6329138720.872153 341331826210564.06 167935258495594.66
25.200039229520026 2.180146288874529e-08 5399746777.405928 291209516790713.4 143566291777824.62
25.148923531285707 2.7858368624655745e-08 6913934409.736524 372869984756824.25 184197772469861.03
25.09801477919808 4.8787954268401353e-08 12132832785.588017 654326307962719.1 323891522441543.7
25.047311719038085 8.297423296356428e-08 20676217905.191433 1115072923497881.6 553076170054983.4
24.996813106701318 1.0658498542383386e-07 26613400023.56197 1435266444983671.2 713327423156873.4
24.946517708096284 1.886377678813101e-07 47196271720.484764 2545305187190330.5 1267561983220718.8
24.89642429904388 2.6278263142292746e-07 65879251346.51526 3552882337265655.0 1772888286295537.0
24.84653166517806 2.8176904456947956e-07 70780965141.51057 3817232827118200.0 1908616413559119.5
24.796838601847703 2.044707782130156e-07 51466414033.98263 2775594889837957.0 1390573039808772.2
24.747343914019662 1.6420392649945732e-07 41413689113.75402 2233449250953738.8 1121191523978748.8
24.69804641618297 1.0256143335299509e-07 25918535234.96822 1397792235976692.8 703089494696312.5
24.648944932254178 7.601986965782832e-08 19249424986.48131 1038125671423666.2 523215338397510.25
24.60003829548383 4.775832838299043e-08 12117200917.413128 653483277916052.2 330009055347598.4
24.55132534836406 2.4365729712681714e-08 6194317408.279405 334060883532751.0 169034807067571.03
24.502804942537253 2.5807867520835817e-08 6573933290.864169 354533650551410.6 179748560829567.94
24.45447593870582 2.237453186604584e-08 5710637226.164811 307975906232667.06 156451760366201.0
24.406337206543014 2.532282127325732e-08 6475875000.803636 349245345665460.06 177765880943707.34
24.358387624604813 2.4295895481012935e-08 6225487252.348562 335741879994992.9 171228358797453.16
24.310626080242844 2.1927675273019642e-08 5629702203.670476 303611062886560.5 155145253135021.1
24.263051469518295 1.764126608128753e-08 4538092102.087196 244740292957855.9 125307029994426.6
24.215662697116894 1.9534095540618208e-08 5034842896.588765 271530171223536.28 139294977837668.44
24.168458676264812 1.788788349069638e-08 4619542615.550704 249132936843919.47 128054329537775.42
24.12143832864562 1.6182225034161118e-08 4187202942.652536 225816764359510.03 116295633645143.22
24.07460058431815 1.638442898496244e-08 4247771968.281625 229083265070197.94 118206964776223.48
