string
20190123an 23 2019_16.43.   full spectra  index number  Nphoton via eV
eV x-axis E [J] Nphoton Nphoton/sr Nphoton/sr @ 0.1bw
51.660080420516415 6.745122327666421e-10 81493642.02578825 4394969818796.954 1059187726330.0815
51.4457232403483 6.563077866762179e-10 79624598.36363806 4294171888050.8423 1039189596908.2803
51.233137607123716 6.659404318515994e-10 81128492.21289584 4375277210059.531 1063192362044.463
51.02230164989275 6.615270676410009e-10 80923852.10321036 4364240924486.499 1064874785574.7156
50.813193856245654 6.650422737904697e-10 81688652.82521535 4405486793575.801 1079344264426.0414
50.605793064995666 6.584149245729407e-10 81206053.750486 4379460120631.8716 1077347189675.4132
50.400078459040394 6.672381196245167e-10 82630163.50303741 4456262668972.234 1100696879236.1306
50.1960295583965 6.56509444494654e-10 81632028.14769161 4402433012415.337 1091803387078.9641
49.99362621340296 6.635895297417545e-10 82846441.90848419 4467926610364.071 1112513725980.6628
49.79284859808809 6.676446470880377e-10 83688806.36726603 4513355508628.33 1128338877157.088
49.59367720369574 6.768720041767356e-10 85186194.13351887 4594109956167.127 1153121598997.9238
49.39609283236627 6.507666193755799e-10 82228363.05326676 4434593483425.684 1117517557823.2087
49.20007659096798 6.612976888657781e-10 83891932.92055704 4524310167776.189 1144650472447.366
49.005609885074826 6.481865550901488e-10 82554964.48432755 4452207169556.361 1130860621067.3123
48.81267441308634 6.619406502018538e-10 84639955.05083907 4564651163768.753 1163986046761.0237
48.621252160486 6.540572060870868e-10 83961187.14339066 4528045063058.961 1159179536143.0793
48.4313253942341 6.433807750091556e-10 82914540.83760676 4471599200406.0205 1149200994504.3782
48.24287665729156 6.622038471825343e-10 85673691.09331693 4620400773116.868 1192063399464.0986
48.05588876327104 6.597027413627455e-10 85682208.07441594 4620860095757.836 1196802764801.2522
47.87034479121208 6.358766934699983e-10 82907787.68365131 4471235001346.093 1162521100349.985
47.686228080476646 6.49452100256515e-10 85004737.15199581 4584323941732.388 1196508548792.1511
47.503522225762175 6.401931777587222e-10 84115146.24096812 4536348110638.649 1188523204987.2832
47.322211072228725 6.386487112095969e-10 84233721.13637304 4542742880508.018 1194741377573.6326
47.142278710737365 6.479147411890099e-10 85782019.19225708 4626242931026.794 1221328133791.03
46.96370947319669 6.522189043903761e-10 86680211.96400274 4674682662337.791 1238790905519.4783
46.78648792801481 6.546784395708472e-10 87336657.6877578 4710084922831.547 1252882589473.191
46.61059887565385 6.64354295846874e-10 88961897.88486378 4797734479741.962 1280995106091.0718
46.436027344284355 6.609266369191245e-10 88835626.99595293 4790924663270.878 1283967809756.619
46.26275858553703 6.529467192458316e-10 88091741.01967464 4750806730962.309 1277967010628.817
46.09077807034915 6.637340013336148e-10 89881228.80027515 4847314195733.074 1308774832847.9465
45.92007148490342 6.514023351699566e-10 88539227.91256812 4774939796311.771 1294008684800.4248
45.75062472665653 6.373378920622085e-10 86948418.2363204 4689147084871.21 1275448007084.9573
45.58242390045559 6.485462920132586e-10 88804002.40322225 4789219142114.526 1307456825797.251
45.41545531473963 6.560941431197791e-10 90167797.85433663 4862768927075.219 1332398686018.641
45.24970547782453 6.63679058908902e-10 91544305.14934401 4937004264538.684 1357676172748.1116
45.0851610942688 6.937360968437914e-10 96039444.9827295 5179428132314.154 1429522164518.6982
44.92180906131855 6.769896133930465e-10 94061899.1150815 5072778654053.639 1405159687172.7812
44.7596364654293 6.600464675106966e-10 92040068.96146044 4963740914629.914 1379919974267.1067
44.59863057886301 6.660382905128492e-10 93210888.68154947 5026883476492.78 1402500489941.512
44.43877885635813 6.679855248356488e-10 93819671.92973812 5059715289324.652 1416720281010.8523
44.28006893187113 6.762687432237773e-10 95323504.74263011 5140817319628.873 1444569666815.733
44.1224886153876 6.821216637403419e-10 96491891.04783551 5203828646898.41 1467479678425.3005
43.96602588980112 6.734864060512344e-10 95609401.08402859 5156235771430.955 1459214723314.9673
43.81066890785836 6.888619355277632e-10 98138920.90164648 5292653324728.689 1503113544222.9072
43.65640598916871 7.18567063287245e-10 102732605.30470754 5540391722555.393 1579011640928.275
43.50322561727689 7.796850249588626e-10 111863063.35289526 6032799308669.638 1725380602279.5127
43.3511164367969 7.457073836302486e-10 107363616.38376512 5790143156127.74 1661771085808.644
43.20006725060597 7.288868468970962e-10 105308800.296935 5679326478159.918 1635646025710.0713
43.05006701709692 7.21514156862942e-10 104606819.9678202 5641468526506.801 1630384404160.4456
42.90110484748759 7.250705366395253e-10 105487440.7203204 5688960595002.401 1649798572550.6282
42.7531700031859 7.415081245862463e-10 108252159.06236137 5838062455818.725 1698876174643.1887
42.60625189320931 7.593367738401636e-10 111237207.2953631 5999046755520.832 1751721652612.1252
42.46034007165723 7.658631760358445e-10 112578820.73390457 6071400259724.465 1778920276099.2014
42.315424235235184 7.849020636926671e-10 115772589.28810439 6243640891692.897 1835630422157.7075
42.17149422082962 8.092147971312307e-10 119766070.65063146 6459010209150.578 1905408011699.4163
42.028540003131894 9.280096235883307e-10 137815209.9786227 7432404214251.989 2199991647418.5103
41.8865516923105 9.837673808205199e-10 146590823.5296076 7905674959542.761 2347985462984.2505
41.74551953173033 8.730301920501096e-10 130529407.82157515 7039479321095.086 2097764837686.2773
41.60543389571781 8.680105478684613e-10 130215871.5157303 7022570240005.679 2099748501761.6387
41.46628528737092 8.569599938647026e-10 128989509.54103331 6956432272285.352 2086929681685.632
41.32806433641302 8.683232663082442e-10 131137031.30508849 7072248587566.0625 2128746824857.3325
41.19076179708939 8.857335988319616e-10 134212284.88909201 7238097681444.6455 2185905499796.328
41.05436854610565 9.15588985843203e-10 139197090.5294178 7506929332567.417 2274599587767.92
40.91887558060695 9.50959672809984e-10 145053223.32602265 7822751846522.564 2378116561342.8604
40.78427401619706 9.523020146599875e-10 145737374.70819744 7859648279193.9 2397192725153.9917
40.650555084996405 1.002487471667524e-09 153922266.03868043 8301061246799.671 2540124741520.584
40.51771013373824 1.160778671573127e-09 178810699.19079444 9643299853660.223 2960493055073.7617
40.38573062190196 1.3709363808083983e-09 211874325.14035425 11426428384132.863 3519339942312.791
40.254608119882796 1.2547032561855644e-09 194542457.10602638 10491716975724.61 3241940545499.0044
40.124334307197095 1.0718822330812989e-09 166735550.21639115 8992084446166.4 2787546178311.5146
39.99490097072226 1.06575939891966e-09 166319633.9259977 8969653990268.42 2789562390973.5176
39.866300002970746 1.0902598223893204e-09 170691954.88259158 9205454209336.34 2872101713312.9077
39.73852340039712 1.0776225204525517e-09 169255935.69834018 9128009382757.094 2857066936802.866
39.6115632617377 1.0902743628394283e-09 171791943.4458535 9264776831523.58 2909139925098.5264
39.48541178638185 1.1197153164839945e-09 176994561.5774277 9545355157618.746 3006786874649.83
39.36006127277429 1.0911661579096446e-09 173031071.45577392 9331603274296.904 2948786634677.771
39.235504116847785 1.1124459266870518e-09 176965516.5061523 9543788750614.875 3025381033944.9756
39.11173281048549 1.166622085440091e-09 186171034.18957272 10040244319163.79 3192797693493.8716
38.98873994001226 1.354933989788307e-09 216904175.67418978 11697689316148.535 3731562891851.1826
38.86651818471441 1.6914490781117874e-09 271626580.25762373 14648880483676.455 4687641754776.832
38.745060315387185 1.6003579897779878e-09 257804073.9100987 13903429713439.951 4463000938014.294
38.624359192909345 1.205704278133128e-09 194835679.0693224 10507530499907.104 3383424820970.067
38.50440776684441 1.1534722409618022e-09 186975918.07040817 10083651881716.81 3257019557794.482
38.3851990740678 1.134474618852801e-09 184467542.29166958 9948374631029.342 3223273380453.2896
38.266726237419434 1.1398735805157855e-09 185919247.66828582 10026665417370.621 3258666260645.447
38.14898246438122 1.1886114535479358e-09 194467005.6205593 10487647860721.67 3418973202595.207
38.03196104577882 1.168008877159397e-09 191684236.2668414 10337572504924.06 3380386209110.04
37.91565535450732 1.1986869027436038e-09 197322299.54940784 10641634482611.908 3490456110296.7026
37.800058844280166 1.1856881856783083e-09 195779399.2172842 10558425532508.178 3473722000195.2627
37.6851650484009 1.2192008434723604e-09 201926727.79220426 10889952298049.62 3593684258356.391
37.57096757855726 1.2623033054433837e-09 209700909.73705563 11309215619262.406 3743350369975.918
37.45746012363715 1.5123839163509889e-09 252007055.00979683 13590795224754.809 4512144014618.536
37.34463644856595 2.108702674727904e-09 352432611.3722181 19006767296650.496 6329253509784.268
37.232490393164845 2.167839428897431e-09 363407595.1563869 19598650556426.08 6545949285846.666
37.12101587102963 1.5234158430625996e-09 256146006.82024604 13814009795072.123 4627693281349.0
37.010206868429535 1.306427690416681e-09 220319450.2187801 11881875814300.504 3992310273604.989
36.900057443225876 1.2344355919185813e-09 208799939.1007523 11260626077112.328 3794830987986.536
36.790561723809766 1.25954764585861e-09 213681614.6120108 11523895897969.668 3895076813513.619
36.681713908058846 1.2390628190032831e-09 210830131.98873305 11370114820616.861 3854468924189.333
36.573508262312366 1.2811115681408319e-09 218629774.18523014 11790751218732.094 4008855414368.6772
36.46593912036438 1.2709531174772543e-09 217535982.18191224 11731762778368.828 4000531107423.857
36.35900088247475 1.2650752714129616e-09 217166784.42420843 11711851863088.316 4005453337176.266
36.25268801439734 1.323724387124501e-09 227901052.71521944 12290753284022.895 4215728376419.8403
36.14699504642534 1.3305414029131155e-09 229744523.87027588 12390172083905.86 4262219196863.4556
36.04191657245317 1.4523745254530663e-09 251512584.86469302 13564128342406.617 4679624278130.418
35.937447249054756 1.6827300260809874e-09 292251126.9372571 15761166766754.51 5453363701296.996
35.83358179457772 2.567095792338351e-09 447137226.74255025 24114207777978.746 8367630098958.387
35.730314988253284 3.1772809394738627e-09 555018868.1584744 29932288136630.824 10416436271547.365
35.62764166932152 2.402826248416584e-09 420943944.8361251 22701598394322.164 7922857839617.926
35.525556736171595 1.5499007274796912e-09 272302710.47982955 14685344333448.082 5139870516707.028
35.42405514549682 1.3928594693509095e-09 245413246.51417953 13235189700093.21 4645551584732.661
35.32313191146407 1.3731026920257758e-09 242623459.14738744 13084735861325.857 4605827023186.58
35.222782104897405 1.3667032278480836e-09 242180704.84068197 13060858025377.66 4610482882958.287
35.1230008524756 1.4072111856561157e-09 250067146.9434987 13486175561297.836 4774106148699.295
35.02378333594318 1.4010342868112822e-09 249674782.91125998 13465015283798.826 4780080425748.554
34.92512479133489 1.402771507550674e-09 250690539.16594145 13519795239285.004 4813047105185.422
34.82702050821316 1.414454569385341e-09 253490481.4133224 13670796732968.643 4880474433670.044
34.72946582891845 1.4742577206053705e-09 264950218.59784755 14288822848937.242 5115398579919.267
34.63245614783208 1.514022520437937e-09 272858832.7947662 14715336130709.18 5282805670924.504
34.53598691065149 1.5078877925571258e-09 272512312.49287504 14696648215547.283 5290793357597.037
34.440053613677456 1.7260351655293063e-09 312805798.9251439 16869684692526.521 6089956174002.435
34.34465180311326 2.4379095893117116e-09 443044605.2829028 23893491813545.355 8649444036502.487
34.249777074375366 4.061415023194524e-09 740131003.2535717 39915425797585.65 14489299564523.926
34.15542507141566 4.331521528758761e-09 791534333.57131 42687618568901.72 15538293159080.13
34.061591486054624 2.75983128037389e-09 505715857.2143064 27273366045421.977 9954778606578.86
33.968272057325706 1.8497450443380323e-09 339881395.0486468 18329877473591.273 6708735155334.358
33.87546257083028 1.537892225949761e-09 283354192.0850638 15281353137332.736 5608256601401.056
33.78315885810322 1.5204604431701391e-09 280907830.3158784 15149420315652.9 5574986676160.27
33.69135679598881 1.5616088666213838e-09 289296207.3340362 15601807310601.871 5757066897612.206
33.60005230602678 1.573535914714573e-09 292297890.55802727 15763688738981.957 5832564833423.307
33.50924135384833 1.5295857811407148e-09 284903783.77048415 15364922953573.443 5700386415775.352
33.41891994858189 1.5785951162979094e-09 294827045.08502525 15900086592077.201 5914832212252.968
33.3290841422685 1.6541364603036702e-09 309768269.44644177 16705870067842.336 6231289535305.332
33.23973002928655 1.7767687116879527e-09 333627917.6825307 17992626080679.996 6729242154173.731
33.150853745785774 1.9041456410401386e-09 358504342.2920245 19334217064228.207 7250331399085.511
33.062451469130345 1.762570281793491e-09 332736440.4326017 17944548518919.504 6747150243113.643
32.97451941735074 1.8592428334733962e-09 351922161.41952604 18979238619807.49 7155172959667.37
32.88705384860445 2.1346122668400695e-09 405119367.78574216 21848175516134.297 8258610345098.749
32.80005106064518 3.0954310810805582e-09 589027530.9889799 31766382711400.418 12039459047620.762
32.71350739030047 5.761263922357369e-09 1099207380.6813915 59280492840960.88 22526587279565.566
32.62741921295758 6.5795033185372e-09 1258633718.3034413 67878389864001.26 25861666538183.906
32.541782942057424 4.97832046162892e-09 954839727.6382421 51494713948732.58 19670980728415.44
32.45659502859654 2.8646156577480956e-09 550874132.4246011 29708761638066.7 11378455707379.166
32.371851960636754 1.898011289929322e-09 365948710.0243382 19735693433307.297 7578506278390.303
32.2875502628226 1.769824963055986e-09 342124516.0130107 18450849474513.387 7103577047687.612
32.203686495906176 1.883230675216456e-09 364994990.8951491 19684259153476.375 7598124033241.59
32.12025725627947 1.9010703441474995e-09 369409574.09912777 19922338584727.152 7709945032289.008
32.03725917551389 1.8714347865663857e-09 364592993.3132845 19662579336553.17 7629080782582.534
31.954688919906893 1.8543852378783983e-09 362204917.44507796 19533789886175.633 7598644265722.375
31.872543190035667 1.9841766551294188e-09 388555080.7524502 20954859917867.492 8172395367968.347
31.790818720317628 2.2060356007320046e-09 433111563.53356224 23357800714068.082 9132900079200.502
31.709512278577684 2.36818238298728e-09 466138053.892455 25138926514068.406 9854459193514.959
31.62862066562213 2.3759303985816005e-09 468859193.6879954 25285678174404.594 9937271522541.03
31.54814071481902 2.29136130301062e-09 453324070.7279769 24447865618193.46 9632459053568.299
31.468069291684962 2.2720158998156997e-09 450640524.1215985 24303141366715.832 9599740839852.52
31.388403293478163 2.5567464463043394e-09 508402189.03152204 27418240503925.137 10857623239554.143
31.30913964879766 2.9889232704040007e-09 595844050.6985626 32133999100214.777 12757197642785.389
31.2302753171886 5.30414527377974e-09 1060055423.4651713 57169019282598.31 22753269674474.297
31.151807288753453 9.140802528935235e-09 1831428862.3936923 98769356423496.55 39408973212972.8
31.073732583769104 1.1201023879090417e-08 2249848496.728709 121334818204092.06 48533927281636.61
30.99604825230968 8.142275182756195e-09 1639564183.7790055 88422052623552.42 35457243102044.63
30.918751373874994 3.681823573524442e-09 743241586.8374943 40083180246035.234 16113438458906.07
30.841839057024558 2.27412538837542e-09 460217485.2576555 24819628961360.855 10002310471428.244
30.76530843901705 2.2945036588418554e-09 465496538.57847035 25104329453817.176 10142149099342.139
30.689156685455128 2.5100688009173535e-09 510492829.16108 27530989180299.98 11150050618021.531
30.613380989935486 2.4870161370080932e-09 507056415.10943496 27345662623940.03 11102339025319.418
30.537978573704116 2.341120040597891e-09 478489455.2900774 25805040274761.777 10502651391828.195
30.462946685316638 2.310146932785637e-09 473321974.72319746 25526356925164.145 10414753625466.64
30.388282600303604 2.6832719816924224e-09 551121703.5202223 29722113201037.926 12156344299224.398
30.31398362084076 3.0941958362872557e-09 637079690.8034773 34357846129440.984 14086716913071.283
30.240047075424076 3.35728278588785e-09 692938091.5266037 37370301815575.625 15359194046201.3
30.166470318549564 3.261815788617238e-09 674875881.3899363 36396202898922.7 14995235594354.822
30.093250730397738 3.1960513939147474e-09 662878030.4870455 35749156193218.414 14764401507799.744
30.020385716522686 2.8939055788840347e-09 601668207.7693468 32448097156329.75 13433512222719.889
29.947872707545574 2.6863363483860467e-09 559865085.6502073 30193645698791.953 12530362964998.625
29.875709158852693 3.042345662471278e-09 635593295.9230783 34277684530624.473 14259516764740.094
29.80389255029776 3.4491279238926953e-09 722312761.6852578 38954484158825.75 16244019894230.473
29.732420385908558 5.056531202626198e-09 1061478987.9719709 57245792425716.82 23928741233949.605
29.66129019359777 8.677809862523934e-09 1826034872.5030792 98478457376861.25 41262473640903.88
29.590499524877966 1.4649169984370425e-08 3089937511.2129025 166641001263042.12 69989220530478.06
29.520045954580638 1.7270761364214174e-08 3651601939.258367 196931685888114.16 82908239758894.5
29.449927080579258 1.128067787234833e-08 2390781842.9436064 128935384182975.8 54410732125216.6
29.380140523516275 4.554142497893285e-09 967479388.9378924 52176373628566.26 22070606044883.027
29.310683926533965 3.226422182342972e-09 687043471.9833907 37052403703014.72 15710219170077.545
29.241554955009118 3.130626141323412e-09 668220383.3255072 36037270442413.13 15315839938025.318
29.172751296291448 3.466622078868717e-09 741682588.8482333 39999103145784.91 17039617940104.068
29.104270659445692 3.009544069355868e-09 645405945.0133771 34806882827844.535 14862538967489.988
29.036110774997343 2.5791921059345795e-09 554414041.6716037 29899669712796.426 12797058637076.877
28.96826939468193 2.944723370542145e-09 634469759.543625 34217091969594.31 14679132454955.705
28.90074429119782 3.521259629612164e-09 760462836.4162252 41011925977101.49 17635128170154.12
28.83353325796248 4.169024418256826e-09 902454987.8695217 48669593552515.62 20976594821133.223
28.766634108872076 4.362234945877737e-09 946474631.3959165 51043582491081.945 22050827636148.344
28.700044678064504 4.229744701161532e-09 919857507.1375144 49608115197304.26 21480313880432.05
28.6337628196856 3.8562313646804814e-09 840569512.7888016 45332096436904.95 19674129853617.234
28.567786407658676 3.1812429319974717e-09 695039072.2166399 37483608160623.52 16305369549870.736
28.50211333545716 3.606510484867454e-09 789767233.2702891 42592318465768.32 18570250851074.12
28.43674151588042 3.013400506504752e-09 661402757.7964957 35669594416516.734 15587612760017.176
28.371668880832637 3.413266103471062e-09 750886402.7102455 40495466826875.12 17737014470172.027
28.30689338110471 3.916681314275767e-09 863604709.0695676 46574389576681.35 20446157024162.98
28.24241298615914 4.44623542898878e-09 982606494.8357489 52992181735974.02 23316559963827.96
28.17822568391787 6.584276580121354e-09 1458422639.3744152 78653049781140.28 34685994953482.152
28.114329480552975 1.0447057849062447e-08 2319291008.1681504 125079867932281.02 55285301626069.836
28.050722400280232 2.0986524175174032e-08 4669661934.911171 251835882625360.84 111563296003034.08
27.987402485155446 2.4501906437809794e-08 5464195868.577063 294685270279021.06 130840260003885.7
27.924367794873564 1.6703791113085107e-08 3733538857.4655733 201350561687675.94 89600999951014.02
27.861616406570477 8.965845221271187e-09 2008509561.3967052 108319356991190.31 48310433218071.01
27.799146414627494 4.37463202884949e-09 982197992.7303451 52970151128683.26 23677657554520.9
27.736955930478437 4.34450426917831e-09 977620740.5038298 52723298921707.53 23620037916925.766
27.675043082419336 4.415203869496558e-09 995752558.3390603 53701151796666.11 24111817156700.484
27.613406015420622 3.605668256371432e-09 814994659.1005313 43952839021405.875 19778777559633.43
27.552042890941912 3.509428797124028e-09 795008193.1837755 42874964572491.695 19336609022193.95
27.490951886749137 3.987302565107169e-09 905270543.6552022 48821437087711.76 22067289563645.63
27.430131196734205 4.856476432775762e-09 1105051136.5683439 59595647865489.62 26996828483065.633
27.369579030736997 5.851048843111054e-09 1334303363.353348 71959270260636.12 32669508698329.383
27.309293614369736 6.183050103133077e-09 1413127258.568081 76210260053915.2 34675668324531.61
27.24927318884365 5.870182805798968e-09 1344576999.4846992 72513329689128.73 33066078338242.07
27.189516010797938 5.109909565561485e-09 1173007292.2513938 63260538104828.29 28910065913906.51
27.130020352130984 4.576968900732583e-09 1052971985.3925046 56787007928475.3 26008449631242.4
27.070784499833756 3.951589658772512e-09 911087259.2325537 49135133822469.26 22553026424512.066
27.0118067558254 3.996399157118533e-09 923430467.4483122 49800805723084.74 22908370632619.812
26.953085436791 4.2847694785520985e-09 992219935.7509608 53510636693034.04 24668403515486.54
26.894618874021383 4.133154189504074e-09 959191204.5538648 51729390044142.59 23898978200394.406
26.836405413255104 4.4100945381631735e-09 1025681518.6712723 55315227129394.75 25610950160909.656
26.77844341452237 4.1700466812422844e-09 971951429.6659483 52417551756573.06 24321744015049.54
26.720731251991072 5.0527562879449e-09 1180236351.8348007 63650402858661.53 29597437329276.92
26.663267313814746 6.380320347166818e-09 1493544244.9023778 80547165597368.53 37534979168375.14
26.606050001982528 8.497325781939085e-09 1993383417.080734 107503600742102.52 50204181546560.07
26.549077732171 1.8514272294626293e-08 4352574190.812035 234735271699356.06 109856107155297.81
26.492348933597984 3.719708843788068e-08 8763497267.341078 472617311481620.2 221657519084883.88
26.43586204887816 3.29745901424935e-08 7785291964.144858 419862486966916.9 197335368874447.34
26.379615533880546 2.3419172630842162e-08 5541049898.459193 298830024806963.2 140748941684079.25
26.323607857587806 1.1280417516766145e-08 2674660947.3822975 144245045957575.9 68083661691976.28
26.267837501957324 7.774041913425915e-09 1847189841.9134161 99619349473039.53 47119952300749.29
26.212302961784054 6.4993016482996155e-09 1547570669.2770922 83460822401039.75 39560429818088.3
26.157002744565094 5.273095086434953e-09 1258249016.6547167 67857642820509.805 32232380339742.703
26.10193537036601 4.846397654916909e-09 1158871575.3815663 62498195823079.59 29749141211785.035
26.04709937168877 5.059524339153498e-09 1212381490.6296465 65383997177340.77 31188166653592.082
25.992493293341415 6.0221683160203824e-09 1446085341.650164 77987696634615.81 37278118991347.055
25.93811569230932 7.945395422177714e-09 1911903937.6567373 103109394715496.98 49389400068721.14
25.88396513762809 7.903205840408823e-09 1905730400.6797118 102776454525136.27 49332698172065.53
25.83004021025803 8.30783017790268e-09 2007481275.030566 108263901284071.08 52074936517639.93
25.776339502960198 7.762363662428974e-09 1879583902.6517515 101366368206209.0 48858589475391.84
25.722861620173973 6.795147373743612e-09 1648802258.4531522 88920263997684.14 42948487510881.88
25.66960517789618 6.136931390248076e-09 1492179447.5131326 80473561777666.77 38949203900390.62
25.616568803561684 5.048190449922461e-09 1229996137.8438077 66333958928350.7 32171970080250.703
25.563751135925475 5.503673433734372e-09 1343745585.4582462 72468491350058.94 35219686796124.92
25.5111508249462 4.657834102400178e-09 1139575072.4699821 61457531228927.54 29929817708487.812
25.458766531671156 5.933745331995358e-09 1454723717.410906 78453566116064.14 38285340264639.336
25.40659692812265 5.463034287146285e-09 1342073816.4850745 72378332486147.0 35393004585725.99
25.354640697185793 5.8619470847974125e-09 1443023514.5798779 77822571635538.9 38133060101413.914
25.30289653249766 6.211911133334049e-09 1532300592.1044765 82637303821723.97 40574916176467.35
25.251363138337787 4.842733912526704e-09 1197001664.7990394 64554559829056.81 31760843435895.406
25.200039229520026 6.013573704512874e-09 1489431025.6767006 80325338790938.31 39600392023933.39
25.148923531285707 9.288130551255038e-09 2305143071.5728364 124316866638082.12 61412532119209.19
25.09801477919808 7.3037424614622684e-09 1816331250.6692731 97955138943269.81 48487793776918.21
25.047311719038085 1.5863253148883738e-08 3952938967.6378508 213182857293543.6 105738697217604.14
24.996813106701318 3.989502003199648e-08 9961460545.662563 537223731336851.3 267000194474410.88
24.946517708096284 4.9929385286778976e-08 12492094564.616985 673701373754722.5 335503284129834.4
24.89642429904388 4.5571008732428087e-08 11424590438.65079 616130644328026.8 307449191519681.0
24.84653166517806 2.8532443097307237e-08 7167408553.903972 386539900418573.6 193269950209288.78
24.796838601847703 2.2882468360913264e-08 5759642532.173356 310618773032021.94 155620005289038.06
24.747343914019662 1.4851965558916265e-08 3745797664.510617 202011681814818.78 101409864271036.48
24.69804641618297 8.612099208399301e-09 2176383358.5640965 117372827342706.23 59038532153384.266
24.648944932254178 5.807493913093199e-09 1470548672.9024198 79307009403664.4 39970732739445.52
24.60003829548383 5.601206602818384e-09 1421133194.6547832 76642021926346.17 38704221072803.875
24.55132534836406 5.706997490780469e-09 1450847330.3694701 78244511720781.42 39591722930715.17
24.502804942537253 7.665824462767298e-09 1952684335.388079 105308690424615.81 53391506045281.04
24.45447593870582 8.823892583243429e-09 2252116369.058797 121457125051544.86 61700219526187.2
24.406337206543014 9.287980015089638e-09 2375240773.4758635 128097250930311.2 65201500723524.07
24.358387624604813 9.690128084448586e-09 2482961326.1426654 133906643737726.89 68292388306243.414
24.310626080242844 8.401865636642973e-09 2157091479.175236 116332412096139.14 59445862581122.76
24.263051469518295 7.490830555658475e-09 1926963678.5743752 103921569814886.64 53207843745223.82
24.215662697116894 6.7171059286671656e-09 1731309903.766031 93369919234044.28 47898768567062.766
24.168458676264812 5.297940191804089e-09 1368192078.3644974 73786896023449.39 37926464556053.23
24.12143832864562 5.7922460775516166e-09 1498762362.3631694 80828579805655.58 41626718599911.03
24.07460058431815 4.652619902788239e-09 1206222592.2106717 65051846447595.93 33566752766959.883
