string
20190123an 23 2019_16.53.   full spectra  index number  Nphoton via eV
eV x-axis E [J] Nphoton Nphoton/sr Nphoton/sr @ 0.1bw
51.660080420516415 4.3130825446607137e-10 52110071.225922294 2810307462032.623 677284098349.8721
51.4457232403483 4.159917977895914e-10 50468972.78076164 2721802666359.4424 658676245258.9701
51.233137607123716 4.225846097494454e-10 51481559.88370354 2776411708803.814 674668045239.325
51.02230164989275 4.231629780089673e-10 51765044.7321308 2791700108266.0664 681174826416.9265
50.813193856245654 4.3361768280353854e-10 53262244.74050903 2872444429981.896 703748885345.545
50.605793064995666 4.2525144485178565e-10 52448676.965372 2828568543122.6294 695827861608.1493
50.400078459040394 4.2753254351220233e-10 52945242.386874996 2855348424182.2246 705271060773.0022
50.1960295583965 4.2297230273646535e-10 52593435.19308386 2836375385791.593 703421095676.2896
49.99362621340296 4.2516259950565444e-10 53079813.68439154 2862605883492.663 712788864989.679
49.79284859808809 4.2509441678170997e-10 53285298.53270776 2873687726003.568 718421931500.8954
49.59367720369574 4.3513734133552017e-10 54763225.25532062 2953392635230.9844 741301551442.961
49.39609283236627 4.285307941769577e-10 54147500.30801888 2920186455057.871 735886986674.5416
49.20007659096798 4.531766860754165e-10 57489794.36871366 3100437099858.4746 784410586264.1874
49.005609885074826 4.2394621683884273e-10 53995049.109786145 2911964728817.433 739639041119.6257
48.81267441308634 4.321695723573476e-10 55259958.981990024 2980181593024.768 759946306221.3104
48.621252160486 4.27756976414076e-10 54911073.85461807 2961366142310.9365 758109732431.5901
48.4313253942341 4.17315832882945e-10 53780827.795577854 2900411726802.9873 745405813788.3878
48.24287665729156 4.278636179852109e-10 55355545.86898926 2985336614606.715 770216846568.4979
48.05588876327104 4.217254471299828e-10 54773711.31825928 2953958150883.344 765075161078.7688
47.87034479121208 4.2812316906661516e-10 55820169.488727435 3010393867357.835 782702405513.0378
47.686228080476646 4.550852647547557e-10 59564675.04985386 3212335865756.437 838419660962.4286
47.503522225762175 4.304353826887489e-10 56555015.61092339 3050024278371.8525 799106360933.3965
47.322211072228725 4.232236791550771e-10 55820523.462324455 3010412957230.8223 791738607751.722
47.142278710737365 4.2994591182597094e-10 56923582.865556054 3069901190484.7607 810453914287.9479
46.96370947319669 4.3260308110160037e-10 57493161.44280822 3100618686895.885 821663952027.3854
46.78648792801481 4.311808783553894e-10 57521211.17524014 3102131415059.692 825166956405.8778
46.61059887565385 4.2005315512844146e-10 56248188.84495377 3033477044225.5513 809938370808.2019
46.436027344284355 4.3062714439343806e-10 57880905.741659455 3121529821169.6787 836569992073.4893
46.26275858553703 4.695766476407462e-10 63352526.65123136 3416615525522.629 919069576365.5554
46.09077807034915 4.802812722516426e-10 65038510.65788525 3507541009278.4463 947036072505.1924
45.92007148490342 4.417121664778254e-10 60037939.7923567 3237859136135.524 877459825892.6827
45.75062472665653 4.241107199330317e-10 57859036.336168244 3120350399380.449 848735308631.4744
45.58242390045559 4.318661181883263e-10 59134467.76237579 3189134693280.99 870633771265.7006
45.41545531473963 4.4043064596700177e-10 60528907.125387065 3264337111067.6157 894428368432.5477
45.24970547782453 4.415572626373658e-10 60906024.15305749 3284675114297.8735 903285656431.8976
45.0851610942688 4.3607803402371656e-10 60369775.404995024 3255755102815.795 898588408377.154
44.92180906131855 4.389774605429026e-10 60992152.30265051 3289320024116.6094 911141646680.2511
44.7596364654293 4.780735549539614e-10 66664886.689814866 3595251822007.6587 999480006518.1223
44.59863057886301 5.363933563510749e-10 75067307.90186933 4048396223384.5522 1129502546324.3113
44.43877885635813 4.898215260555127e-10 68796243.58620438 3710196362463.372 1038854981489.7073
44.28006893187113 4.6548362833424717e-10 65612275.14614519 3538484252779.6006 994314075031.0813
44.1224886153876 4.758568480444114e-10 67313984.55238976 3630257810751.658 1023732702631.9319
43.96602588980112 4.70535033175309e-10 66798041.21766113 3602432874621.988 1019488503518.0275
43.81066890785836 4.849907518528981e-10 69094351.97294821 3726273412523.974 1058261649156.7802
43.65640598916871 4.978027292112549e-10 71170213.4880941 3838225075012.9487 1093894146378.682
43.50322561727689 4.996678957917547e-10 71688412.23455587 3866171645987.371 1105725090752.3857
43.3511164367969 5.180721498599406e-10 74589712.771645 4022639414254.8765 1154497511891.1375
43.20006725060597 6.040209833930267e-10 87268312.4768676 4706399050760.364 1355442926618.9973
43.05006701709692 6.989606240017573e-10 101336955.71192533 5465124036814.301 1579420846639.3135
42.90110484748759 5.685904413670705e-10 82721814.56418602 4461205430611.006 1293749574877.1382
42.7531700031859 5.427957656950066e-10 79242305.80639812 4273554767386.527 1243604437309.4353
42.60625189320931 5.534866002942046e-10 81081683.13878083 4372752786523.322 1276843813664.8408
42.46034007165723 5.659179831150697e-10 83187677.85777761 4486329539242.357 1314494554997.9614
42.315424235235184 5.787243978971788e-10 85361505.75722015 4603564550119.47 1353447977735.1208
42.17149422082962 6.233227700018444e-10 92253526.72101681 4975252737976.101 1467699557702.9463
42.028540003131894 6.322743079198e-10 93896673.36974725 5063867993712.768 1498904926138.9255
41.8865516923105 6.437472840063633e-10 95924551.21731418 5173231886584.844 1536449870315.7314
41.74551953173033 7.175620819568641e-10 107284896.31395248 5785897765660.952 1724197534166.9158
41.60543389571781 9.430528483147252e-10 141473451.94162664 7629693998063.234 2281278505420.843
41.46628528737092 8.647440110206212e-10 130161158.81566614 7019619572204.983 2105885871661.522
41.32806433641302 6.91166192125161e-10 104382188.16718984 5629354084697.953 1694435579494.0422
41.19076179708939 6.902026193452003e-10 104584121.79566611 5640244409151.395 1703353811563.756
41.05436854610565 7.035305956275211e-10 106957830.99617797 5768259062019.025 1747782495791.759
40.91887558060695 7.35863453191751e-10 112243840.47525157 6053334701601.454 1840213749286.8428
40.78427401619706 7.409917023862503e-10 113399093.69496314 6115637758717.169 1865269516408.6213
40.650555084996405 7.682785798754981e-10 117961753.44387293 6361702990205.444 1946681115002.7776
40.51771013373824 7.914253153540306e-10 121914123.21865183 6574855150804.448 2018480531297.0156
40.38573062190196 8.331787619717758e-10 128765412.0098207 6944346643742.272 2138858766272.5403
40.254608119882796 9.013719006958756e-10 139758228.4601728 7537191623079.233 2328992211531.5547
40.124334307197095 1.1950343055109524e-09 185892345.54624683 10025214580084.621 3107816519826.1553
39.99490097072226 1.3362074083319577e-09 208525045.36038372 11245800997974.084 3497444110369.9893
39.866300002970746 1.0483178077342354e-09 164125479.32679117 8851322756057.098 2761612699889.785
39.73852340039712 8.66232574576294e-10 136054139.70071948 7337429311575.338 2296615374522.997
39.6115632617377 8.647798686865744e-10 136261311.24244028 7348602117827.983 2307461064998.084
39.48541178638185 8.930837239095328e-10 141170670.6501623 7613364937235.876 2398209955229.241
39.36006127277429 9.047213229487591e-10 143465684.6200246 7737135539218.179 2444934830392.9023
39.235504116847785 9.061779284551599e-10 144152844.92354017 7774194243671.106 2464419575243.7896
39.11173281048549 9.407325321355293e-10 150123292.35767815 8096181770863.063 2574585803134.282
38.98873994001226 9.349437961263416e-10 149670179.45439982 8071745293551.306 2574886748642.7285
38.86651818471441 9.44303071371224e-10 151643828.55064854 8178184618083.691 2617019077786.986
38.745060315387185 1.0460899195081275e-09 168516197.40586615 9088115135937.166 2917284958635.8755
38.624359192909345 1.3126942644211516e-09 212124716.696626 11439932055159.71 3683658121761.405
38.50440776684441 1.7716277031414468e-09 287177883.0131467 15487565619774.178 5002483695186.986
38.3851990740678 1.5383645899917044e-09 250140752.68714508 13490145135043.4 4370807023753.7676
38.266726237419434 1.080368536279793e-09 176213668.69362637 9503241434747.775 3088553466293.0225
38.14898246438122 1.0365462117712003e-09 169587830.73206362 9145908554029.395 2981566188613.5327
38.03196104577882 1.0103849774768977e-09 165816267.77886063 8942507344597.934 2924199901683.414
37.91565535450732 1.0383896794766521e-09 170934911.28811693 9218556901068.162 3023686663550.3545
37.800058844280166 1.0322700967644039e-09 170447189.92361984 9192253981924.25 3024251560053.141
37.6851650484009 1.0787378901391548e-09 178662944.22901127 9635331396471.76 3179659360835.696
37.57096757855726 1.1032350054030477e-09 183275590.96862474 9884092437228.268 3271634596722.6104
37.45746012363715 1.1228939653238272e-09 187106724.84026748 10090706319232.857 3350114497985.264
37.34463644856595 1.1011316047992597e-09 184034805.6626615 9925037050615.688 3305037337854.8423
37.232490393164845 1.2230283087181912e-09 205023384.3682387 11056955659938.191 3693023190419.5566
37.12101587102963 1.5653863460324247e-09 263202895.97425768 14194589360244.363 4755187435681.696
37.010206868429535 2.3164253581955833e-09 390648150.7810938 21067739639227.914 7078760518780.614
36.900057443225876 2.2999870614532237e-09 389033791.2386003 20980676878384.555 7070488108015.002
36.790561723809766 1.5693331666995655e-09 266236569.95202404 14358196056925.482 4853070267240.652
36.681713908058846 1.1906229431125808e-09 202587946.62821215 10925611973524.121 3703782459024.8857
36.573508262312366 1.194538570186129e-09 203855545.7229559 10993973868087.26 3737951115149.4497
36.46593912036438 1.1936578428812736e-09 204306144.47504798 11018274756679.348 3757231692027.739
36.35900088247475 1.1740194958640317e-09 201535864.72634122 10868872967993.332 3717154555053.777
36.25268801439734 1.204260600328326e-09 207333385.42963207 11181534519022.686 3835266340024.7695
36.14699504642534 1.2268145623622925e-09 211834015.0031775 11424254449677.617 3929943530688.9526
36.04191657245317 1.307900322164402e-09 226493500.82088292 12214843704573.225 4214121078077.884
35.937447249054756 1.3152631528354707e-09 228430664.85860407 12319315381972.906 4262483122162.575
35.83358179457772 1.3347719949965782e-09 232490836.51558867 12538281321499.027 4350783618560.0386
35.730314988253284 1.478820831186758e-09 258325744.42421314 13931563517598.117 4848184104124.069
35.62764166932152 1.7902700788604419e-09 313632061.33369195 16914245203723.531 5903071576099.133
35.525556736171595 2.6781194765674255e-09 470519936.8762075 25375242415338.324 8881334845368.758
35.42405514549682 3.2970180065611243e-09 580914234.7884815 31328830884708.625 10996419640532.594
35.32313191146407 2.607236438390627e-09 460691488.82389164 24845192076664.387 8745507610985.634
35.222782104897405 1.584655870944284e-09 280802055.5855963 15143715861469.42 5345731699098.675
35.1230008524756 1.4375911857244905e-09 255465796.42744213 13777325900813.732 4877173368887.919
35.02378333594318 1.4240741045822037e-09 253780650.66511935 13686445623756.799 4858688196433.633
34.92512479133489 1.4220747673769455e-09 254140241.83487985 13705838453662.512 4879278489503.813
34.82702050821316 1.4156167409136711e-09 253698759.16686612 13682029197465.223 4884484423495.323
34.72946582891845 1.4564085530217366e-09 261742407.10941154 14115824878474.648 5053465306493.661
34.63245614783208 1.4579650354635057e-09 262756090.12545028 14170493023750.418 5087206995526.3125
34.53598691065149 1.4722952950128585e-09 266079875.1052517 14349745469797.379 5165908369127.071
34.440053613677456 1.478245931462206e-09 267899466.2643956 14447876416312.895 5215683386289.263
34.34465180311326 1.5592661331517226e-09 283367542.22630614 15282073113350.229 5532110467032.187
34.249777074375366 1.659439269289378e-09 302407521.5665779 16308903335572.127 5920131910812.819
34.15542507141566 1.8632167941435707e-09 340480834.1963666 18362205357054.87 6683842749967.932
34.061591486054624 2.6244064096355367e-09 480900389.297621 25935062469559.652 9466297801389.12
33.968272057325706 3.900512405634696e-09 716699634.844058 38651767008838.2 14146546725234.682
33.87546257083028 4.528165588312078e-09 834307294.2651517 44994373631468.88 16512935122748.906
33.78315885810322 3.4231030907158986e-09 632424517.5071486 34106791622242.008 12551299316985.064
33.69135679598881 2.11373972064731e-09 391581334.83038867 21118066457738.934 7792566522905.823
33.60005230602678 1.7758937730106432e-09 329887610.986182 17790910527971.05 6582636895349.27
33.50924135384833 1.7000038680491934e-09 316646206.0535573 17076798683283.352 6335492311497.684
33.41891994858189 1.7737673996242803e-09 331278486.6114363 17865920752606.227 6646122519969.796
33.3290841422685 1.8015383357220552e-09 337372052.4215964 18194548080564.305 6786566434050.639
33.23973002928655 1.8564736897331768e-09 348594303.39116776 18799766513366.992 7031112675998.642
33.150853745785774 1.9467867428939613e-09 366532625.3420339 19767184113245.17 7412694042466.871
33.062451469130345 1.86879652667859e-09 352789735.8777197 19026027098816.85 7153786189155.04
32.97451941735074 1.9031398559764743e-09 360231100.2848729 19427341497917.566 7324107744714.868
32.88705384860445 1.96716566242042e-09 373340358.7478258 20134326654787.285 7610775475509.579
32.80005106064518 2.1029117071578286e-09 400161676.45464057 21580806145598.52 8179125529181.841
32.71350739030047 2.223030595260573e-09 424138118.0800199 22873860851293.766 8692067123491.798
32.62741921295758 2.5444968705097513e-09 486752479.9809934 26250666991470.03 10001504123749.86
32.541782942057424 3.728434277762646e-09 715112094.0758222 38566150590316.89 14732269525500.75
32.45659502859654 6.0249425642004785e-09 1158614419.6988292 62484327361242.98 23931497379355.26
32.371851960636754 7.204491909712543e-09 1389072096.0033188 74912959910857.06 28766576605770.25
32.2875502628226 5.798470973440912e-09 1120901285.0505307 60450449816550.016 23273423179371.62
32.203686495906176 3.462952608816064e-09 671165976.9347556 36196126945684.77 13971705001033.787
32.12025725627947 2.521390218843911e-09 489948038.8762346 26423004176919.773 10225702616467.422
32.03725917551389 2.255033651574554e-09 439325738.1723827 23692932502357.86 9192857810914.732
31.954688919906893 2.33093665245964e-09 455286582.5980081 24553704309696.395 9551390976471.965
31.872543190035667 2.2246929448891953e-09 435654630.15411085 23494948849390.887 9163030051262.473
31.790818720317628 2.2448474101626237e-09 440731496.53032994 23768745356000.414 9293579434196.043
31.709512278577684 2.189163530091849e-09 430901114.2470071 23238590703828.055 9109527555900.73
31.62862066562213 2.3364460950234603e-09 461067476.07680047 24865469150896.31 9772129376302.273
31.54814071481902 2.3542476919986736e-09 465765545.5019424 25118837055641.29 9896821799922.746
31.468069291684962 2.5985480154629108e-09 515406181.68135846 27795967349135.54 10979407102908.27
31.388403293478163 2.808580802778819e-09 558478776.9114177 30118881767335.97 11927077179864.812
31.30913964879766 3.2955100551015173e-09 656962351.5574951 35430122343377.22 14065758570320.89
31.2302753171886 4.030129622334477e-09 805438113.5716817 43437452444892.805 17288106073067.463
31.151807288753453 4.374359887366114e-09 876436059.8382515 47266387111224.195 18859288457377.344
31.073732583769104 5.140487173502355e-09 1032523228.6440454 55684202034575.51 22273680813830.105
30.99604825230968 7.588917887931835e-09 1528137735.8804777 82412800081190.73 33047532832557.59
30.918751373874994 9.525714049077349e-09 1922934840.3620517 103704293694838.23 41689126065324.73
30.841839057024558 9.623965285721233e-09 1947613409.8153899 105035214306831.3 42329191365652.25
30.76530843901705 7.396729582665672e-09 1500608641.116644 80928150019931.19 32694972608052.2
30.689156685455128 5.146227453339818e-09 1046629562.9831877 56444959710061.05 22860208682574.805
30.613380989935486 3.828328070674987e-09 780525014.8937662 42093883620867.23 17090116750071.732
30.537978573704116 3.4717573990295865e-09 709574595.9001378 38267512110690.77 15574877429051.371
30.462946685316638 3.351841960603822e-09 686753051.6078603 37036741269069.07 15110990437779.701
30.388282600303604 3.2317917665805163e-09 663783096.1500524 35797966581048.25 14641368331648.598
30.31398362084076 3.1974709405504426e-09 658343526.3759003 35504609401391.54 14556889854571.027
30.240047075424076 3.1003436825845166e-09 639906249.040781 34510283029243.438 14183726325018.793
30.166470318549564 3.613963671367165e-09 747735947.117684 40325562072337.51 16614131573801.578
30.093250730397738 3.3532819623743474e-09 695488485.2974097 37507845105703.62 15490740028656.16
30.020385716522686 3.3798550912606747e-09 702701349.3864933 37896836433009.56 15689290283265.227
29.947872707545574 3.6053962926048122e-09 751408328.065423 40523614374667.18 16817299965486.832
29.875709158852693 4.383249745719976e-09 915729000.5216349 49385463938599.3 20544352998457.76
29.80389255029776 4.8536584609497755e-09 1016448077.4748789 54817265639724.87 22858799771765.457
29.732420385908558 5.751482376464747e-09 1207364781.8365378 65113444982257.52 27217420002583.613
29.66129019359777 6.292730308735944e-09 1324152657.0699518 71411840465550.0 29921561155064.74
29.590499524877966 6.808671936430577e-09 1436147634.3278022 77451753919771.92 32529736646304.38
29.520045954580638 7.426983656364584e-09 1570306447.4398808 84686967856665.6 35653213467655.54
29.449927080579258 7.90028584462903e-09 1674355048.9729164 90298331541712.52 38105895910603.25
29.380140523516275 9.146376489361244e-09 1943050912.6617308 104789157844140.2 44325813768070.305
29.310683926533965 1.2280836940441873e-08 2615116179.3389115 141033783681003.03 59798324280742.63
29.241554955009118 1.507858473681224e-08 3218467238.8187046 173572637395673.66 73768370893160.03
29.172751296291448 1.2163207482335925e-08 2602314013.167846 140343360078150.06 59786271393290.875
29.104270659445692 7.903769833653433e-09 1694987652.9799783 91411052358209.23 39032519356956.32
29.036110774997343 6.683379497841721e-09 1436635693.3621705 77478075049525.34 33160616121196.867
28.96826939468193 5.424910466775414e-09 1168850586.7248933 63036366072747.375 27042601045208.16
28.90074429119782 6.1595404180498735e-09 1330234651.810239 71739843763196.03 30848132818175.133
28.83353325796248 4.59402508841899e-09 994453483.4782627 53631092407201.625 23115000827502.79
28.766634108872076 5.134535300516474e-09 1114040730.5521266 60080458622008.04 25954758124708.582
28.700044678064504 4.677057414372057e-09 1017136181.467849 54854375237555.09 23751944477860.59
28.6337628196856 4.558118476814995e-09 993564717.7143576 53583161076471.48 23255091907189.19
28.567786407658676 4.1155832971156425e-09 899174083.0875436 48492653644852.91 21094304335510.37
28.50211333545716 4.294416690460677e-09 940407521.9982419 50716381963196.82 22112342535952.78
28.43674151588042 4.646619216992783e-09 1019873315.1850201 55001989453559.48 24035869391204.51
28.371668880832637 6.106098309027024e-09 1343284131.6408913 72443605045438.98 31730299009903.574
28.30689338110471 7.517880144654458e-09 1657647424.997281 89397285751005.44 39245408444691.13
28.24241298615914 9.159206367371347e-09 2024160845.249462 109163434129582.56 48031911017015.08
28.17822568391787 1.0026221120881075e-08 2220816165.9268236 119769098296725.08 52818172348854.67
28.114329480552975 9.85723670748351e-09 2188348221.227015 118018094985462.19 52163997983575.82
28.050722400280232 9.129870038953477e-09 2031465822.34042 109557393131090.98 48533925157072.97
27.987402485155446 7.72405764909195e-09 1722550202.4483302 92897506638951.42 41246492947694.55
27.924367794873564 9.782003726238132e-09 2186419284.612196 117914067014767.02 52471759821570.28
27.861616406570477 1.8531300670324168e-08 4151342529.665723 223882804496521.4 99851730805448.81
27.799146414627494 3.164707075155242e-08 7105440906.339471 383197971723060.9 171289493360204.47
27.736955930478437 3.656891476464042e-08 8228908827.471542 443786840781085.4 198816504669932.94
27.675043082419336 3.1755364023005937e-08 7161727046.253433 386233495476682.8 173418839469011.88
27.613406015420622 1.6058078003100113e-08 3629631701.369189 195746826185756.38 88086071783593.88
27.552042890941912 1.4421094942816732e-08 3266881677.0455284 176183638567195.3 79458820993805.88
27.490951886749137 1.1950024256898976e-08 2713113634.8678436 146318807747448.16 66136101101846.305
27.430131196734205 1.1932025454196643e-08 2715033928.8656077 146422369619927.97 66329333437824.51
27.369579030736997 9.900988580975538e-09 2257872514.544656 121767555228109.4 55282470073562.66
27.309293614369736 1.0398012744814431e-08 2376450942.4224105 128162515604505.5 58313944600050.33
27.24927318884365 8.636648218782804e-09 1978241382.2179604 106686987512373.47 48649266305641.375
27.189516010797938 7.705149739928372e-09 1768758667.225411 95389539183084.7 43593019406669.69
27.130020352130984 6.0690352348574416e-09 1396234979.8011622 75299255790198.3 34487059151911.76
27.070784499833756 7.2768619890030335e-09 1677769408.7380939 90482468705612.02 41531453135873.48
27.0118067558254 5.601465883730307e-09 1294306213.1807551 69802215262519.72 32109019020760.234
26.953085436791 5.365800435099859e-09 1242553231.770675 67011165731832.58 30892147402372.12
26.894618874021383 7.2978908394067175e-09 1693639381.4509652 91338339781740.0 42198312979164.81
26.836405413255104 7.26962797537651e-09 1690739959.752641 91181973339655.27 42217253656260.2
26.77844341452237 1.0332656235920287e-08 2408327956.1171894 129881649878288.44 60265085543524.94
26.720731251991072 1.400160832374532e-08 3270533187.453264 176380565316768.53 82016962872295.45
26.663267313814746 1.7000550282821393e-08 3979592348.5811005 214620279918211.8 100013050441890.45
26.606050001982528 1.676826063337024e-08 3933657898.6877713 212143025056288.5 99070792701283.17
26.549077732171 1.8564399132556608e-08 4364358655.119921 235370810419633.9 110153539276387.84
26.492348933597984 1.868154883163419e-08 4401304215.224564 237363292502433.34 111323384183643.25
26.43586204887816 1.8240021871786645e-08 4306464313.600377 232248556004044.03 109156821321898.72
26.379615533880546 2.9160865419398658e-08 6899552470.028084 372094363623897.7 175256445266855.3
26.323607857587806 3.850335835060633e-08 9129398692.057985 492350454808025.1 232389414669389.4
26.267837501957324 5.053308748436776e-08 12007165245.718437 647549030236507.1 306290691301878.25
26.212302961784054 4.4014613855786384e-08 10480468380.874878 565213936643364.0 267911405968923.75
26.157002744565094 2.7387556209659588e-08 6535130716.309159 352441019275869.9 167409484156041.03
26.10193537036601 1.9662262755376996e-08 4701644197.886337 253560693015700.28 120694889875469.89
26.04709937168877 1.6095253001421547e-08 3856802639.51246 207998204232298.03 99215143418807.86
25.992493293341415 1.596140050459133e-08 3832763564.660708 206701771703097.56 98803446874082.48
25.93811569230932 1.6397126860239966e-08 3945647729.859284 212789639256137.28 101926237203685.8
25.88396513762809 1.3783978543981882e-08 3323783725.7474627 179252378415557.7 86041141639467.9
25.83004021025803 1.4155541771835826e-08 3420506249.6892924 184468645144533.78 88729418314523.72
25.776339502960198 1.3179224210762805e-08 3191226120.4516406 172103517964054.25 82953895658672.62
25.722861620173973 9.819161114572593e-09 2382561279.5949235 128492047415678.81 62061658901773.5
25.66960517789618 9.871341886548368e-09 2400191976.3824434 129442874723666.72 62650351366254.54
25.616568803561684 8.529387888950574e-09 2078193020.974891 112077401104847.31 54357539535851.984
25.563751135925475 8.185302307377368e-09 1998476830.722218 107778289646322.64 52380248768107.266
25.5111508249462 6.832251788051143e-09 1671563146.160465 90147763616501.17 43901960881236.22
25.458766531671156 8.275899683198124e-09 2028928927.4255517 109420577837196.3 53397241984551.84
25.40659692812265 8.22148696942931e-09 2019727831.5102854 108924360735564.56 53264012399691.234
25.354640697185793 7.76327759689229e-09 1911070154.757956 103064428622627.88 50501570025087.46
25.30289653249766 1.0485394712544523e-08 2586446615.4810843 139487627873739.58 68488425286007.63
25.251363138337787 1.254677726619368e-08 3101246846.672325 167250916181301.44 82287450761198.89
25.200039229520026 1.7969006699065303e-08 4450530980.953248 240018102672607.03 118328924617597.67
25.148923531285707 2.5382291550009544e-08 6299417647.53083 339728962268417.1 167826107360588.8
25.09801477919808 3.1269882810670654e-08 7776351049.269598 419380301485296.56 207593249235220.3
25.047311719038085 3.4209364481456143e-08 8524577439.930086 459732313284445.44 228027227389099.0
24.996813106701318 3.288753220719283e-08 8211748089.446031 442861358451230.25 220102095150257.94
24.946517708096284 3.4638794913958136e-08 8666461627.440031 467384158340939.6 232757310853775.8
24.89642429904388 3.6827199517069784e-08 9232529259.01566 497912308688981.44 248458242035798.25
24.84653166517806 3.532195616150217e-08 8872948238.928215 478520026157339.94 239260013078672.4
24.796838601847703 4.0921766780053075e-08 10300232681.22048 555493786205122.9 278302386888757.72
24.747343914019662 3.0875767943258656e-08 7787142987.440999 419962313055409.25 210821081153810.16
24.69804641618297 2.780318215260532e-08 7026205979.262443 378924814892152.25 190599181890762.38
24.648944932254178 2.158677930890238e-08 5466111568.946275 294788584416115.06 148573446545717.03
24.60003829548383 2.29445806011137e-08 5821478735.183187 313953612894145.25 158546574511539.5
24.55132534836406 2.164602401150367e-08 5502906949.045934 296772967258619.4 150167121432860.53
24.502804942537253 1.9507472933671754e-08 4969059362.838175 267982450957013.34 135867102635207.86
24.45447593870582 1.5750582388801343e-08 4020010906.2286534 216800061513002.8 110134431248609.73
24.406337206543014 1.6217093540327448e-08 4147242106.645085 223661667792208.9 113843788906226.77
24.358387624604813 1.3167339728569239e-08 3373948726.9202304 181957787827060.75 92798471791804.66
24.310626080242844 1.0850231065947387e-08 2785683798.2937756 150232532426745.28 76768824070061.23
24.263051469518295 1.0689632730957822e-08 2749833126.888135 148299097929345.62 75929138139827.61
24.215662697116894 1.362791106714258e-08 3512545082.4724884 189432319391801.34 97178779847990.12
24.168458676264812 7.581944027643867e-09 1958035648.1323128 105597287883475.34 54277005972106.67
24.12143832864562 8.180656244390937e-09 2116771199.6978974 114157930664418.53 58791334292173.3
24.07460058431815 9.42053986641611e-09 2442337490.514236 131715791456830.94 67965348391725.54
