string
integrated and resized binned spectra ROIsize spatial in px50:1600
converted file:an 23 2019_14.31.59_7 binning:0.1
nm muJ
23.8 1.9857069238255045e-05
23.900000000000002 0.000345425171974831
24.000000000000004 0.00033823892792512556
24.100000000000005 0.00032439628226994436
24.200000000000006 0.00032782119813672074
24.300000000000008 0.0003266244398079068
24.40000000000001 0.00032977062810735596
24.50000000000001 0.0003250432754387667
24.600000000000012 0.0003269306553851974
24.700000000000014 0.00032503660079165857
24.800000000000015 0.00033541112474861295
24.900000000000016 0.0003357170266002437
25.000000000000018 0.0003463326908551873
25.10000000000002 0.0003361271772289256
25.20000000000002 0.0003432734731588674
25.300000000000022 0.00032744482565270894
25.400000000000023 0.0003363301262674499
25.500000000000025 0.0003336385026074338
25.600000000000026 0.0003415991147866581
25.700000000000028 0.00034708954216489644
25.80000000000003 0.0003450639429710318
25.90000000000003 0.00034190263704466707
26.000000000000032 0.00034423541503813946
26.100000000000033 0.0003354445603719881
26.200000000000035 0.00034235607377173285
26.300000000000036 0.00034364454961161457
26.400000000000038 0.0003590176004478732
26.50000000000004 0.0003613546974433142
26.60000000000004 0.0003516562206576557
26.700000000000042 0.00036800129085068795
26.800000000000043 0.0003811445491969804
26.900000000000045 0.00038826422659201564
27.000000000000046 0.00036886366082662425
27.100000000000048 0.0003604849403944548
27.20000000000005 0.00036547590822214287
27.30000000000005 0.0003865199563740564
27.400000000000052 0.0003913088096337908
27.500000000000053 0.0003870514809690358
27.600000000000055 0.0004016497083332842
27.700000000000056 0.0004215771206586994
27.800000000000058 0.00041559950532061776
27.90000000000006 0.0004102452749742056
28.00000000000006 0.0004147905521361535
28.100000000000062 0.00043446749164148665
28.200000000000063 0.0004254595621119528
28.300000000000065 0.0004452204689654359
28.400000000000066 0.0004468022633052648
28.500000000000068 0.0004744338967055141
28.60000000000007 0.0005072466733006962
28.70000000000007 0.0005347814091537788
28.80000000000007 0.0005121037022956612
28.900000000000073 0.0004949043061498103
29.000000000000075 0.0005100081236105025
29.100000000000076 0.0005376612372954239
29.200000000000077 0.0005370150083793487
29.30000000000008 0.0005634481396678116
29.40000000000008 0.0005767654313179899
29.50000000000008 0.0006123296357318297
29.600000000000083 0.0006781878761942326
29.700000000000085 0.0007369287172430544
29.800000000000086 0.0007539653622581014
29.900000000000087 0.0007161764180230175
30.00000000000009 0.0006878101790441271
30.10000000000009 0.0007071002763728583
30.20000000000009 0.0007462842356235252
30.300000000000093 0.0007871184201603917
30.400000000000095 0.000779771266461131
30.500000000000096 0.0007902656752717223
30.600000000000097 0.0008580521927351669
30.7000000000001 0.0009986248704779304
30.8000000000001 0.0011548908119817932
30.9000000000001 0.0011261978229565
31.000000000000103 0.0011040946653350131
31.100000000000104 0.001050419273722866
31.200000000000106 0.0009921684065560268
31.300000000000107 0.0009798439356005415
31.40000000000011 0.001026361862172305
31.50000000000011 0.0010433911772180027
31.60000000000011 0.001032332864870279
31.700000000000113 0.0010505162725556565
31.800000000000114 0.001149769244299301
31.900000000000116 0.001347505198221529
32.000000000000114 0.0015886936341399408
32.100000000000115 0.0015085954504620333
32.20000000000012 0.0014794986546871705
32.30000000000012 0.0014134657097820275
32.40000000000012 0.001302806746553934
32.50000000000012 0.001318306131205362
32.60000000000012 0.0012340277148386416
32.700000000000124 0.0012909076922386772
32.800000000000125 0.0012730708773781433
32.90000000000013 0.0013093967711016734
33.00000000000013 0.0013112498120528345
33.10000000000013 0.0015233624516832914
33.20000000000013 0.0018361541888619122
33.30000000000013 0.0021058626803959154
33.400000000000134 0.0019948475352683835
33.500000000000135 0.0019947951754759074
33.600000000000136 0.0018685425165506022
33.70000000000014 0.0017880215167704278
33.80000000000014 0.0016977167245984324
33.90000000000014 0.0016101114631045228
34.00000000000014 0.0015496900534810072
34.10000000000014 0.0015892767083075371
34.200000000000145 0.001606783606801394
34.300000000000146 0.0015456325925485301
34.40000000000015 0.001722445410638568
34.50000000000015 0.0020578916637648257
34.60000000000015 0.0026231052742094686
34.70000000000015 0.003035607390414403
34.80000000000015 0.0027586556631392376
34.900000000000155 0.0028655921172300175
35.000000000000156 0.0027209666764537893
35.10000000000016 0.0026319766664544574
35.20000000000016 0.002487865585111346
35.30000000000016 0.0023152304689032645
35.40000000000016 0.0020891469981574855
35.50000000000016 0.0019402395601539684
35.600000000000165 0.0019284758932265752
35.700000000000166 0.0021484840326485045
35.80000000000017 0.0020252411064843956
35.90000000000017 0.0020808370102086676
36.00000000000017 0.002612484028751031
36.10000000000017 0.0038405123531518935
36.20000000000017 0.00430044366813416
36.300000000000175 0.0042857707746746096
36.400000000000176 0.004076404941488534
36.50000000000018 0.003982753332549813
36.60000000000018 0.003934780911736789
36.70000000000018 0.0038526427677527415
36.80000000000018 0.003712673878582443
36.90000000000018 0.003123127919771992
37.000000000000185 0.0027208522667101216
37.100000000000186 0.00239437089933268
37.20000000000019 0.0023370588233285338
37.30000000000019 0.0028631802573524275
37.40000000000019 0.003130579505479693
37.50000000000019 0.002904783130805812
37.60000000000019 0.003160613108006914
37.700000000000195 0.004587593272459229
37.800000000000196 0.008091562231041335
37.9000000000002 0.00884233771854819
38.0000000000002 0.005947780615780483
38.1000000000002 0.0064719994145182955
38.2000000000002 0.0060453114294964595
38.3000000000002 0.006064195684245022
38.400000000000205 0.005954523335534956
38.500000000000206 0.0059029043628871175
38.60000000000021 0.004794525155702698
38.70000000000021 0.004083802965545721
38.80000000000021 0.0032894283918578717
38.90000000000021 0.0028754945753314493
39.00000000000021 0.0030096066613241857
39.100000000000215 0.0033404975617555115
39.200000000000216 0.004101829042654414
39.30000000000022 0.00433519202202229
39.40000000000022 0.0044363589915278265
39.50000000000022 0.007517516239069766
39.60000000000022 0.01800776233436785
39.70000000000022 0.015117753799015856
39.800000000000225 0.010277893821729328
39.900000000000226 0.008774482441812037
40.00000000000023 0.009039846889790449
40.10000000000023 0.008916358862017424
40.20000000000023 0.008796748854647264
40.30000000000023 0.009637630414587236
40.40000000000023 0.008304804829992619
40.500000000000234 0.0067642392997623
40.600000000000236 0.005606752662247336
40.70000000000024 0.004193582742079732
40.80000000000024 0.003753729564922257
40.90000000000024 0.0036134703349092667
41.00000000000024 0.004057307708372129
41.10000000000024 0.004490228716420094
41.200000000000244 0.005675818629571733
41.300000000000246 0.006649187687738385
41.40000000000025 0.007521776543313387
41.50000000000025 0.019419476720691903
41.60000000000025 0.033011734051729545
41.70000000000025 0.017150226058437988
41.80000000000025 0.012936824133883588
41.900000000000254 0.011963816342582876
42.000000000000256 0.011113631907465274
42.10000000000026 0.011159250820795875
42.20000000000026 0.011479409312497822
42.30000000000026 0.011311399139059774
42.40000000000026 0.012371671143528915
42.50000000000026 0.009320313811865384
42.600000000000264 0.007790313915108968
42.700000000000266 0.005600704587601494
42.80000000000027 0.0048891493721435085
42.90000000000027 0.004435958427412102
43.00000000000027 0.004739915030845091
43.10000000000027 0.004658819650155901
43.20000000000027 0.005531533785104199
43.300000000000274 0.005086655560085983
43.400000000000276 0.00658037906962013
43.50000000000028 0.009842621118819506
43.60000000000028 0.014305052647105345
43.70000000000028 0.0398581690523442
43.80000000000028 0.04006834631062235
43.90000000000028 0.017671657793967753
44.000000000000284 0.014860801497733828
44.100000000000286 0.015034344844308555
44.20000000000029 0.013402477486078082
44.30000000000029 0.0126758911504585
44.40000000000029 0.013975599070710496
44.50000000000029 0.012669654561631818
44.60000000000029 0.015365009457136005
44.700000000000294 0.013225447347329054
44.800000000000296 0.011338738864365107
44.9000000000003 0.008275162844352923
45.0000000000003 0.006740242262352744
45.1000000000003 0.005488161858757268
45.2000000000003 0.005383362651306333
45.3000000000003 0.0057919582581411316
45.400000000000304 0.006099297264123521
45.500000000000306 0.005750100532962391
45.60000000000031 0.006321759158576599
45.70000000000031 0.006532243316060806
45.80000000000031 0.0073916580477551815
45.90000000000031 0.01017935735536909
46.00000000000031 0.01981876181961838
46.100000000000314 0.05209256305131844
46.200000000000315 0.05112227205966956
46.30000000000032 0.024098400805140304
46.40000000000032 0.01691256620529031
46.50000000000032 0.01625852255042268
46.60000000000032 0.01800788442082158
46.70000000000032 0.01693126646672391
46.800000000000324 0.013816116331537644
46.900000000000325 0.016213251763471277
47.00000000000033 0.015608136655843144
47.10000000000033 0.017777453939983735
47.20000000000033 0.019547549917940138
47.30000000000033 0.015058935392679107
47.40000000000033 0.012898809425263126
47.500000000000334 0.010455571004844406
47.600000000000335 0.007647259995538836
47.70000000000034 0.007985059915650978
47.80000000000034 0.0075850682857328405
47.90000000000034 0.008089563040864734
48.00000000000034 0.008107763217000095
48.10000000000034 0.007341709446959375
48.200000000000344 0.007536750299928833
48.300000000000345 0.007200852553772117
48.40000000000035 0.008205870522669495
48.50000000000035 0.010454685727126338
48.60000000000035 0.012101450301080723
48.70000000000035 0.028791418542446958
48.80000000000035 0.056921683434132404
48.900000000000354 0.05639431164972522
49.000000000000355 0.026570111886113138
49.10000000000036 0.018430371292509146
49.20000000000036 0.02261577562824855
49.30000000000036 0.017985913157611486
49.40000000000036 0.014424036917161862
49.50000000000036 0.01787185713195721
49.600000000000364 0.013614939431971014
49.700000000000365 0.015555688257948896
49.80000000000037 0.016846811093589976
49.90000000000037 0.017507018681221138
50.00000000000037 0.02125028572650568
50.10000000000037 0.01914929980745416
50.20000000000037 0.016586742316106524
50.300000000000374 0.014595953150120237
50.400000000000375 0.011741330489210423
50.50000000000038 0.011491246686069698
50.60000000000038 0.009613647954833014
50.70000000000038 0.011541619152135842
50.80000000000038 0.010659136620678267
50.90000000000038 0.010710118612138319
51.000000000000384 0.008998447421323085
51.100000000000385 0.00898236723327516
51.20000000000039 0.006937296235575254
51.30000000000039 0.007694728336992118
51.40000000000039 0.008902402985224581
51.50000000000039 0.008175227019351427
51.60000000000039 0.01070496274806658
