string
integrated and resized binned spectra ROIsize spatial in px50:1600
converted file:an 23 2019_16.51.09_63 binning:0.1
nm muJ
23.8 4.284572670628048e-05
23.900000000000002 0.0006428797303058852
24.000000000000004 0.0005911557827525912
24.100000000000005 0.0006037247017918807
24.200000000000006 0.0006718276294793628
24.300000000000008 0.0008677983895356296
24.40000000000001 0.0010158627606725189
24.50000000000001 0.0008113774018640396
24.600000000000012 0.0006299826920812707
24.700000000000014 0.0005768807418422554
24.800000000000015 0.0005950840403172782
24.900000000000016 0.0006781324470577997
25.000000000000018 0.0008298476174308654
25.10000000000002 0.001137169563219894
25.20000000000002 0.001145888792389076
25.300000000000022 0.0007702414137625914
25.400000000000023 0.0006166903263248211
25.500000000000025 0.0005773942821227391
25.600000000000026 0.0005862314870995502
25.700000000000028 0.0006985007979035239
25.80000000000003 0.0009072205325682478
25.90000000000003 0.001327284453066998
26.000000000000032 0.0013689235050378462
26.100000000000033 0.0009280674489579265
26.200000000000035 0.0006113097718527462
26.300000000000036 0.0005727028669443026
26.400000000000038 0.0005807879495296426
26.50000000000004 0.0006466497255193781
26.60000000000004 0.0008341553469534561
26.700000000000042 0.001297501114044745
26.800000000000043 0.0017653703368988088
26.900000000000045 0.0015012069938911015
27.000000000000046 0.0008899199209919029
27.100000000000048 0.0005946046898562745
27.20000000000005 0.0005606282145336387
27.30000000000005 0.0005858882389077043
27.400000000000052 0.000666782822091243
27.500000000000053 0.000861514635136679
27.600000000000055 0.0014366265801072462
27.700000000000056 0.0022509261247342727
27.800000000000058 0.0020460310768930967
27.90000000000006 0.0012286468512796623
28.00000000000006 0.0007385051771279233
28.100000000000062 0.000613911279756522
28.200000000000063 0.000585296986805198
28.300000000000065 0.000634197397163953
28.400000000000066 0.0007773374214536672
28.500000000000068 0.0011472851533072005
28.60000000000007 0.002255280020283452
28.70000000000007 0.003289112523954267
28.80000000000007 0.0027770545006551247
28.900000000000073 0.0015268179442456521
29.000000000000075 0.000865477540466581
29.100000000000076 0.0006890481447320006
29.200000000000077 0.0006665264843235767
29.30000000000008 0.0007136285071590242
29.40000000000008 0.0008313248823649049
29.50000000000008 0.0011320833203553175
29.600000000000083 0.0021843602123851665
29.700000000000085 0.0042586994865835386
29.800000000000086 0.005006871819255047
29.900000000000087 0.0033240828348395034
30.00000000000009 0.0016519547427228198
30.10000000000009 0.001008316228966361
30.20000000000009 0.0008320023746150785
30.300000000000093 0.0008363658922199462
30.400000000000095 0.0009077558050344739
30.500000000000096 0.001006081190259481
30.600000000000097 0.0013256561401033661
30.7000000000001 0.0023839159011769247
30.8000000000001 0.005312185477486491
30.9000000000001 0.008089828677889764
31.000000000000103 0.006418224162600041
31.100000000000104 0.0036408890214284545
31.200000000000106 0.0016538632306344443
31.300000000000107 0.0011118312064205872
31.40000000000011 0.0010075172289269422
31.50000000000011 0.0009791985290418226
31.60000000000011 0.0010437849003020914
31.700000000000113 0.0011587129298954886
31.800000000000114 0.001430540316760188
31.900000000000116 0.0024638736625080563
32.000000000000114 0.006120593244684694
32.100000000000115 0.010707391035604174
32.20000000000012 0.010362009480810968
32.30000000000012 0.006053030496422132
32.40000000000012 0.0028412828764892827
32.50000000000012 0.001676053845183336
32.60000000000012 0.0011479157203472387
32.700000000000124 0.0010970559823626103
32.800000000000125 0.001104280472641181
32.90000000000013 0.0011855045189135293
33.00000000000013 0.00130104579487347
33.10000000000013 0.0014814477238517497
33.20000000000013 0.0024966868362764124
33.30000000000013 0.006668870991716771
33.400000000000134 0.01376349767822223
33.500000000000135 0.015449074709022704
33.600000000000136 0.010490867902839098
33.70000000000014 0.00590031097360687
33.80000000000014 0.002531364960147616
33.90000000000014 0.0016031159330944366
34.00000000000014 0.0012868907780789495
34.10000000000014 0.001204591922988135
34.200000000000145 0.0012334961088874984
34.300000000000146 0.001359094708736924
34.40000000000015 0.0015167569413493864
34.50000000000015 0.0016088486160592856
34.60000000000015 0.0023817290190716453
34.70000000000015 0.006470202328262245
34.80000000000015 0.015881107276950728
34.900000000000155 0.02287660909297106
35.000000000000156 0.020028490005823373
35.10000000000016 0.012529788098016435
35.20000000000016 0.005712951138198965
35.30000000000016 0.00288919039797133
35.40000000000016 0.00177872088274091
35.50000000000016 0.0015130231839117928
35.600000000000165 0.0014053031899399408
35.700000000000166 0.001438506030879022
35.80000000000017 0.0015102727482948072
35.90000000000017 0.0015960317911968528
36.00000000000017 0.0016824644663680332
36.10000000000017 0.0019228970984134432
36.20000000000017 0.004010873074745311
36.300000000000175 0.013054713090872269
36.400000000000176 0.028559204656439824
36.50000000000018 0.035174603499014606
36.60000000000018 0.028428767520145753
36.70000000000018 0.017236964353166566
36.80000000000018 0.008388241548935416
36.90000000000018 0.0035538481639393552
37.000000000000185 0.00221357151629204
37.100000000000186 0.0019027042583848871
37.20000000000019 0.0017502661465278158
37.30000000000019 0.001805181623508287
37.40000000000019 0.0019245858215539745
37.50000000000019 0.001897865131152129
37.60000000000019 0.0020888060933677783
37.700000000000195 0.001985631789509104
37.800000000000196 0.0022548825537731846
37.9000000000002 0.004965952294584829
38.0000000000002 0.01834348827829224
38.1000000000002 0.03958241974691418
38.2000000000002 0.055350452441930396
38.3000000000002 0.049418770715724716
38.400000000000205 0.03196662144176713
38.500000000000206 0.016995479476865978
38.60000000000021 0.00793388120645117
38.70000000000021 0.004689407162904985
38.80000000000021 0.0031536619104448743
38.90000000000021 0.002369848116317671
39.00000000000021 0.002238242566576044
39.100000000000215 0.00227088936792656
39.200000000000216 0.0021842350713766486
39.30000000000022 0.002333872773095811
39.40000000000022 0.0025564388457599077
39.50000000000022 0.0023868811657344526
39.60000000000022 0.0027477270156424627
39.70000000000022 0.003231827588116783
39.800000000000225 0.009417218380731026
39.900000000000226 0.030088715564938154
40.00000000000023 0.06578329891172162
40.10000000000023 0.08680151530956295
40.20000000000023 0.07582343094574667
40.30000000000023 0.05055717819244408
40.40000000000023 0.026670008028197082
40.500000000000234 0.014190920463699044
40.600000000000236 0.009232953922940582
40.70000000000024 0.005060949079528496
40.80000000000024 0.0032513077491572472
40.90000000000024 0.003445356521866564
41.00000000000024 0.0031030475989046063
41.10000000000024 0.0030026803706570807
41.200000000000244 0.0032427970065551405
41.300000000000246 0.003107376043673758
41.40000000000025 0.002803867075074303
41.50000000000025 0.0032379586166395202
41.60000000000025 0.0038771721010156615
41.70000000000025 0.003893074893681263
41.80000000000025 0.004730059539014057
41.900000000000254 0.01799794017311373
42.000000000000256 0.052293893130521095
42.10000000000026 0.08985853779663007
42.20000000000026 0.11427275087266658
42.30000000000026 0.10228910512410773
42.40000000000026 0.06792843413687051
42.50000000000026 0.041260071304572946
42.600000000000264 0.024187189557519678
42.700000000000266 0.012960364388933478
42.80000000000027 0.006398794306126451
42.90000000000027 0.004135895940423556
43.00000000000027 0.00514459719150726
43.10000000000027 0.004553203012499105
43.20000000000027 0.004049116784032756
43.300000000000274 0.004337380594385729
43.400000000000276 0.0038010659527100694
43.50000000000028 0.0039176267739238204
43.60000000000028 0.003394906717855419
43.70000000000028 0.004469025051830217
43.80000000000028 0.004546845769788272
43.90000000000028 0.003772340149957417
44.000000000000284 0.005194464571549447
44.100000000000286 0.008999234859817599
44.20000000000029 0.025759763407473726
44.30000000000029 0.05531267698965407
44.40000000000029 0.10635237953704167
44.50000000000029 0.14181927154972146
44.60000000000029 0.14797637354501858
44.700000000000294 0.11005192327889303
44.800000000000296 0.0751753780038091
44.9000000000003 0.042733612668409124
45.0000000000003 0.027564796555565065
45.1000000000003 0.00858584053876371
45.2000000000003 0.00660759020858731
45.3000000000003 0.00822920859684512
45.400000000000304 0.008103269205492793
45.500000000000306 0.005588577060279127
45.60000000000031 0.005761414915400899
45.70000000000031 0.004735714880535698
45.80000000000031 0.004565085352402227
45.90000000000031 0.004744294253932107
46.00000000000031 0.004208203447354837
46.100000000000314 0.005042824979379479
46.200000000000315 0.005663630875669052
46.30000000000032 0.005070465496564375
46.40000000000032 0.00537495445754074
46.50000000000032 0.006507216514289205
46.60000000000032 0.005904878047279405
46.70000000000032 0.013491883588737251
46.800000000000324 0.03230960319649587
46.900000000000325 0.08150779619211074
47.00000000000033 0.14659986529380356
47.10000000000033 0.1929397643549418
47.20000000000033 0.19198038814727675
47.30000000000033 0.15192681241498399
47.40000000000033 0.10292755163294288
47.500000000000334 0.06713895247547266
47.600000000000335 0.031432464498449234
47.70000000000034 0.013211821084299757
47.80000000000034 0.012552050128924665
47.90000000000034 0.015518487754674296
48.00000000000034 0.01506766232299503
48.10000000000034 0.012264444553389167
48.200000000000344 0.007229038517044243
48.300000000000345 0.005975712735052524
48.40000000000035 0.006538656987818114
48.50000000000035 0.0058344014726177725
48.60000000000035 0.004922625159559961
48.70000000000035 0.006286843915800042
48.80000000000035 0.006752359765387417
48.900000000000354 0.005201339424582993
49.000000000000355 0.005215146259342822
49.10000000000036 0.006892339863871576
49.20000000000036 0.008469995598698103
49.30000000000036 0.009761696234660262
49.40000000000036 0.009706775480872573
49.50000000000036 0.011214177671551119
49.600000000000364 0.017826084038678046
49.700000000000365 0.036613552282905915
49.80000000000037 0.1019537965047529
49.90000000000037 0.1719347407341041
50.00000000000037 0.2288722024256596
50.10000000000037 0.23634459084785758
50.20000000000037 0.21474095588713016
50.300000000000374 0.13640523387480874
50.400000000000375 0.09594300788142693
50.50000000000038 0.04345722809686454
50.60000000000038 0.021841836670853557
50.70000000000038 0.017112305411124972
50.80000000000038 0.02089771726173304
50.90000000000038 0.018153077106077397
51.000000000000384 0.01787026922149323
51.100000000000385 0.009406462070576738
51.20000000000039 0.005301720138967574
51.30000000000039 0.005839557130615432
51.40000000000039 0.0075857507418318655
51.50000000000039 0.0059954746704674235
51.60000000000039 0.0034251796963986306
