string
20190123an 23 2019_16.49.   full spectra  index number  Nphoton via eV
eV x-axis E [J] Nphoton Nphoton/sr Nphoton/sr @ 0.1bw
51.660080420516415 8.45352258993916e-10 102134299.47381765 5508124959114.642 1327458115146.6482
51.4457232403483 9.114728990827278e-10 110581749.87737484 5963697794571.788 1443214866286.34
51.233137607123716 1.180047972180736e-09 143759874.22136644 7753001248330.703 1883979303344.3557
51.02230164989275 1.3972223795058842e-09 170920620.9772057 9217786221496.176 2249139838045.0874
50.813193856245654 1.1290733179732214e-09 138686639.81379852 7479400614579.574 1832453150571.945
50.605793064995666 9.369057473192724e-10 115553909.30012172 6231847432433.161 1533034468378.519
50.400078459040394 8.797800217122788e-10 108951159.86733602 5875759721087.667 1451312651108.6387
50.1960295583965 8.213394797279033e-10 102127407.44281028 5507753270385.134 1365922811055.4639
49.99362621340296 8.676384596709283e-10 108321117.23442608 5841781385019.213 1454603564869.796
49.79284859808809 1.1348250326772903e-09 142249552.71442884 7671549281346.945 1917887320336.7456
49.59367720369574 1.5936066208500229e-09 200559754.48608598 10816231130678.186 2714874013800.166
49.39609283236627 1.538712615707504e-09 194425798.48431957 10485425550912.086 2642327238829.6953
49.20007659096798 1.1246415954236787e-09 142671536.39198813 7694306952752.908 1946659659046.469
49.005609885074826 9.156657612016778e-10 116621910.46990468 6289444967540.876 1597519021755.3777
48.81267441308634 8.614610596003061e-10 110151907.63761605 5940516309199.148 1514831658845.7722
48.621252160486 8.145929619242334e-10 104569128.6408713 5639435825056.074 1443695571214.3367
48.4313253942341 8.666732501575238e-10 111690957.18165466 6023517585464.878 1548044019464.5154
48.24287665729156 1.228828281722606e-09 158981641.4733308 8573914463130.519 2212069931487.5747
48.05588876327104 1.89886406829506e-09 246624511.31945097 13300513474186.586 3444832989814.2476
47.87034479121208 1.886803024754942e-09 246007859.98871407 13267257333953.559 3449486906827.928
47.686228080476646 1.2389560141372942e-09 162163045.25465053 8745488260211.304 2282572435915.1465
47.503522225762175 9.340821034900324e-10 122729287.76155598 6618817151696.291 1734130093744.3657
47.322211072228725 8.257831848393048e-10 108915573.28772503 5873840529118.127 1544820059158.0981
47.142278710737365 7.925746583106582e-10 104934569.67151764 5659144139230.233 1494014052756.7283
46.96370947319669 8.04208060418949e-10 106879645.27098522 5764042488873.673 1527471259551.4785
46.78648792801481 1.0293462762442248e-09 137318808.64969498 7405633182740.627 1969898426609.006
46.61059887565385 1.820466896124516e-09 243773828.40485495 13146775525296.719 3510189065254.136
46.436027344284355 2.5963693350044075e-09 348979879.0125111 18820560690391.645 5043910265025.054
46.26275858553703 2.057855710747789e-09 277633820.6223555 14972852261608.533 4027697258372.5566
46.09077807034915 1.1879904173246919e-09 160874745.45156652 8676009971950.184 2342522692426.579
45.92007148490342 9.132514349444986e-10 124130007.79147364 6694358287213.641 1814171095834.8052
45.75062472665653 7.9033871960228e-10 107821459.22312367 5814834719919.875 1581635043818.1914
45.58242390045559 7.592209826425251e-10 103958441.82204533 5606501352246.184 1530574869163.191
45.41545531473963 7.893848745480583e-10 108486101.49005069 5850679021767.579 1603086051964.3542
45.24970547782453 1.0406162228189314e-09 143536981.86847562 7740980615316.341 2128769669211.9521
45.0851610942688 2.008796957317127e-09 278093854.0483259 14997661964212.545 4139354702122.6377
44.92180906131855 3.33001366422856e-09 462676831.57888603 24952262042753.35 6911776585842.302
44.7596364654293 3.0262994788615264e-09 422001823.270015 22758650008084.02 6326904702247.314
44.59863057886301 1.5845347676978867e-09 221752857.07704103 11959179757571.56 3336611152362.528
44.43877885635813 1.0026302547982966e-09 140821077.8147476 7594511319673.551 2126463169508.5188
44.28006893187113 8.680033584035551e-10 122349469.91187662 6598333492548.343 1854131711406.1094
44.1224886153876 8.04522844379128e-10 113806575.53030944 6137613342622.086 1730806962619.368
43.96602588980112 7.678825182181073e-10 109010051.29440406 5878935748543.502 1663738816837.819
43.81066890785836 8.584189056631733e-10 122294905.17401479 6595390804381.363 1873090988444.2568
43.65640598916871 1.4897765535807676e-09 212991430.43248525 11486674115226.59 3273702122839.553
43.50322561727689 3.228767329372002e-09 463238093.2753648 24982531007977.54 7145003868281.562
43.3511164367969 5.036515574637844e-09 725135003.2687829 39106688260552.13 11223619530778.344
43.20006725060597 4.312138330968286e-09 623013182.748252 33599236294099.277 9676580052700.682
43.05006701709692 1.9781686168818236e-09 286799540.1113897 15467161504888.113 4470009674912.61
42.90110484748759 1.097738069604665e-09 159705261.33987808 8612939439738.52 2497752437524.0674
42.7531700031859 9.57186643818167e-10 139738888.0624734 7536148591229.638 2193019240047.747
42.60625189320931 8.86367592402043e-10 129846280.34974128 7002638108130.879 2044770327574.266
42.46034007165723 8.447186184297499e-10 124170255.06700106 6696528831526.482 1962082947637.1858
42.315424235235184 9.063464100162874e-10 133685558.40700334 7209691207835.2295 2119649215103.5522
42.17149422082962 1.3169721725019263e-09 194915593.25898284 10511840289516.703 3100992885407.4204
42.028540003131894 3.149127271581037e-09 467665016.7745148 25221275954027.812 7465497682391.965
41.8865516923105 6.5986486904906785e-09 983262267.6661724 53027547707184.23 15749181669034.053
41.74551953173033 7.840194213670895e-09 1172211359.052131 63217613254477.0 18838848749833.62
41.60543389571781 5.2772092778121295e-09 791668265.9774996 42694841572664.1 12765757630226.205
41.46628528737092 2.087039561093742e-09 314140929.92154044 16941688597216.979 5082506579165.158
41.32806433641302 1.255554505659309e-09 189617964.76318428 10226138033838.088 3078067548185.189
41.19076179708939 1.1114088978176676e-09 168408117.08947667 9082286340994.027 2742850474980.2524
41.05436854610565 1.0322817595263045e-09 156937905.27669924 8463695326048.19 2564499683792.5933
40.91887558060695 1.0344165020061077e-09 157783186.99282682 8509281552634.873 2586821592001.0024
40.78427401619706 1.0694721734803301e-09 163668735.8496691 8826690481109.21 2692140596738.143
40.650555084996405 1.4050504861735429e-09 215731927.67271516 11634469726760.254 3560147736388.476
40.51771013373824 3.5683929377003657e-09 549688628.6797167 29644827163556.543 9100961939212.084
40.38573062190196 8.567125095176311e-09 1324024858.7342432 71404948273541.27 21992724068249.89
40.254608119882796 1.2909826267066706e-08 2001675942.4394429 107950818436233.81 33356802896797.277
40.124334307197095 1.0587827092821207e-08 1646978671.194804 88821917540670.39 27534794437607.137
39.99490097072226 4.783944402959736e-09 746569894.3205552 40262676591665.49 12521692420008.143
39.866300002970746 2.2269569480942224e-09 348654171.3300288 18802995204315.97 5866534503746.5205
39.73852340039712 1.3674938356676994e-09 214784346.39659134 11583366462678.578 3625593702818.2627
39.6115632617377 1.2519377066319086e-09 197264852.79844695 10638536366852.385 3340500419191.789
39.48541178638185 1.1939179121947942e-09 188723842.85311866 10177917844981.883 3206044121169.2134
39.36006127277429 1.1345918281889435e-09 179917273.16084406 9702977628266.191 3066140930532.0635
39.235504116847785 1.1811921813811792e-09 187901523.5317164 10133569985331.275 3212341685350.078
39.11173281048549 1.506154658914023e-09 240354073.5247517 12962347401677.193 4122026473733.072
38.98873994001226 3.992450007933804e-09 639130086.3495156 34468424406683.55 10995427385731.463
38.86651818471441 1.0569065509799173e-08 1697266064.9946065 91533927613139.02 29290856836206.773
38.745060315387185 1.760252037109892e-08 2835616463.154188 152925411890448.38 49089057216834.695
38.624359192909345 1.7077454149014275e-08 2759629733.627793 148827431059110.44 47922432801033.27
38.50440776684441 9.580439274685618e-09 1552973158.1650252 83752179800446.9 27051954075543.953
38.3851990740678 3.2721367017269972e-09 532055107.6059525 28693847541197.91 9296806603347.496
38.266726237419434 1.6958971115053017e-09 276609547.30717903 14917612979199.543 4848224218239.844
38.14898246438122 1.4522228929419725e-09 237596093.02188346 12813608913991.238 4177236505961.073
38.03196104577882 1.2825431662844323e-09 210480683.93656397 11351269011246.426 3711864966677.441
37.91565535450732 1.1963916494325294e-09 196944465.55426452 10621257813170.078 3483772562719.7827
37.800058844280166 1.2029118047519163e-09 198623342.36802858 10711800004469.322 3524182201470.4805
37.6851650484009 1.3090325941853965e-09 216804860.11178675 11692333206292.014 3858469958076.383
37.57096757855726 1.5709471091259972e-09 260974550.65825668 14074414213248.443 4658631104585.312
37.45746012363715 4.224462166017693e-09 703918005.1762457 37962450944067.18 12603533713430.137
37.34463644856595 1.2854411469420654e-08 2148389081.1707153 115863089881175.11 38582408930429.19
37.232490393164845 2.3487081303151513e-08 3937276728.0840306 212338189311812.88 70920955230149.36
37.12101587102963 2.6162362652936743e-08 4398920198.348964 237234721954408.88 79473631854724.2
37.010206868429535 1.7470555086098737e-08 2946281007.224003 158893574793805.34 53388241130718.86
36.900057443225876 6.689635209645308e-09 1131525559.9599693 61023419270520.52 20564892294163.69
36.790561723809766 2.918313332511411e-09 495090365.8826711 26700330989538.13 9024711874463.59
36.681713908058846 1.6633249656398253e-09 283019566.6173646 15263306713162.94 5174260975762.528
36.573508262312366 1.5041509585751059e-09 256692853.76214975 13843501369450.498 4706790465612.894
36.46593912036438 1.3413254123472786e-09 229580884.60390884 12381346982720.35 4222039321107.7305
36.35900088247475 1.2429296241723812e-09 213365193.23915732 11506831224589.709 3935336278809.741
36.25268801439734 1.2920533717318472e-09 222448363.4554673 11996688567657.592 4114864178706.5415
36.14699504642534 1.4016351696443822e-09 242020281.35670856 13052206352035.262 4489958985099.962
36.04191657245317 1.6713737310047116e-09 289437414.380982 15609422637320.635 5385250809875.774
35.937447249054756 3.9757223218767256e-09 690490637.8025018 37238310104529.914 12884455296167.197
35.83358179457772 1.4190731318799284e-08 2471744243.5433073 133301704036252.61 46255691300578.336
35.730314988253284 3.0136592527919905e-08 5264368431.2565155 283908533172174.94 98800169543915.34
35.62764166932152 4.058611558258474e-08 7110160216.605961 383452485150994.25 133824917317688.39
35.525556736171595 3.208251079874344e-08 5636589811.595345 303982513078269.0 106393879577398.28
35.42405514549682 1.8040047885929375e-08 3178545155.7581415 171419630783217.22 60168290404908.516
35.32313191146407 6.689748424716773e-09 1182060098.6776748 63748757922103.43 22439562788579.816
35.222782104897405 2.545926222451394e-09 451139789.8697207 24330066876976.64 8588513607572.705
35.1230008524756 1.9520291233583e-09 346883508.747291 18707502986555.68 6622456057240.518
35.02378333594318 1.6121131601705267e-09 287290615.99916315 15493645334201.082 5500244093641.35
34.92512479133489 1.4593202965012059e-09 260796423.3494194 14064807768785.014 5007071565687.424
34.82702050821316 1.4294690809790165e-09 256181296.55468157 13815912978116.861 4932280933187.961
34.72946582891845 1.4683044416634527e-09 263880308.95112216 14231122389253.408 5094741815352.455
34.63245614783208 1.5062387832540937e-09 271456038.96964496 14639683154965.975 5255646252632.694
34.53598691065149 1.7589935964978729e-09 317893290.8720624 17144054238472.252 6171859525850.028
34.440053613677456 2.7678228069005468e-09 501606827.99892795 27051765207157.457 9765687239784.42
34.34465180311326 1.0471687513574552e-08 1903033927.688588 102631033150921.08 37152434000629.43
34.249777074375366 2.992328144386427e-08 5453062095.15774 294084823459724.8 106752790915882.58
34.15542507141566 5.332636509745011e-08 9744762568.751707 525537162364805.7 191295527100788.1
34.061591486054624 6.06139208412115e-08 11106990907.495111 599002432614877.9 218635887904426.84
33.968272057325706 4.647356696020289e-08 8539285357.0115595 460525514447917.6 168552338287936.66
33.87546257083028 2.3404520949157585e-08 4312245691.072985 232560346947135.53 85349647329597.84
33.78315885810322 8.902248257151097e-09 1644706545.3644266 88699381301022.92 32641372318776.45
33.69135679598881 3.601994476429546e-09 667288309.6032401 35987003504079.94 13279204293005.764
33.60005230602678 2.3494745514368114e-09 436435195.9702919 23537044933434.043 8708706625370.57
33.50924135384833 1.8579085085376121e-09 346057848.14957505 18662974931147.59 6923963699455.274
33.41891994858189 1.8446923351007906e-09 344524814.90264803 18580298115092.117 6911870898814.558
33.3290841422685 1.828818702374437e-09 342480815.91878784 18470064805837.457 6889334172577.526
33.23973002928655 1.7848393922022164e-09 335143367.789538 18074354634179.69 6759808633182.615
33.150853745785774 1.9700106648940906e-09 370905125.37703633 20002993990050.57 7501122746268.895
33.062451469130345 2.052336478151721e-09 387438243.6627258 20894628650987.82 7856380372771.314
32.97451941735074 2.547670964480665e-09 482229570.15831524 26006745482139.027 9804543046766.342
32.88705384860445 4.037083412843776e-09 766181617.7654865 41320341097662.05 15619088934916.225
32.80005106064518 1.6264755594459487e-08 3095009573.4644275 166914538682163.2 63260610160539.86
32.71350739030047 4.2739292478037334e-08 8154347096.415694 439765710426842.44 167110969962203.34
32.62741921295758 7.989764226460419e-08 15284112143.21487 824275488329270.6 314048961053445.1
32.541782942057424 9.665089182754101e-08 18537599565.939995 999736771851089.1 381899446847108.25
32.45659502859654 8.238621333877905e-08 15843114476.454823 854422605603146.1 327243857945994.06
32.371851960636754 4.713593435555388e-08 9088109467.383179 490123717951303.44 188207507693307.97
32.2875502628226 2.1095585919413583e-08 4077983570.8882723 219926539912552.5 84671717866332.22
32.203686495906176 8.070996442966159e-09 1564265765.1998043 84361192551130.98 32563420324735.312
32.12025725627947 4.106111986353035e-09 797885825.0835512 43030155886006.92 16652670327883.814
32.03725917551389 2.8813304609555433e-09 561340905.3980211 30273236978410.723 11746015947623.21
31.954688919906893 2.5285189457991454e-09 493879037.2756146 26635003774600.625 10361016468319.717
31.872543190035667 2.6738522158161446e-09 523612079.0710517 28238513178078.047 11013020139450.473
31.790818720317628 2.450921116100957e-09 481190002.7087847 25950681383741.7 10146716421042.873
31.709512278577684 2.4132766280266873e-09 475014120.1006258 25617614692984.375 10042104959650.021
31.62862066562213 2.7366287814504445e-09 540038363.3545018 29124386258065.035 11445883799419.586
31.54814071481902 2.722322861432419e-09 538585721.8409429 29046044985655.06 11444141724348.184
31.468069291684962 3.212490515552228e-09 637177939.5476732 34363144705559.836 13573442158695.803
31.388403293478163 3.746345423022352e-09 744950762.2024361 40175356444781.805 15909441152133.285
31.30913964879766 9.159230355954982e-09 1825899303.1412911 98471146091727.83 39093044998416.32
31.2302753171886 2.9798952798588257e-08 5955444260.52571 321178402779635.4 127829004306295.81
31.151807288753453 7.444785975618406e-08 14916191293.85082 804433436992929.0 320968941360159.75
31.073732583769104 1.2592576238223873e-07 25293570503.315727 1364087752226217.5 545635100890484.56
30.99604825230968 1.5165712057769972e-07 30538341867.988895 1646939411340125.2 660422703947392.4
30.918751373874994 1.262262501835476e-07 25481014126.149483 1374196627527429.5 552427044266023.44
30.841839057024558 7.806397450076376e-08 15797900246.663267 851984192367778.0 343349629524208.4
30.76530843901705 3.511373160638548e-08 7123684661.107112 384181861381102.44 155209471997965.38
30.689156685455128 1.3539170519261792e-08 2753569726.9916444 148500613584697.5 60142748501802.695
30.613380989935486 6.630863061642247e-09 1351909866.23942 72908792786262.86 29600969871222.094
30.537978573704116 4.63156964585603e-09 946622641.5360279 51051564710093.086 20777986837008.188
30.462946685316638 4.122978227941747e-09 844749816.0807333 45557541101602.15 18587476769453.086
30.388282600303604 4.497637057982189e-09 923777169.8593907 49819503459434.69 20376176914908.598
30.31398362084076 4.609987489294908e-09 949173730.3259828 51189145482754.78 20987549647930.176
30.240047075424076 3.623589474453507e-09 747903389.4488207 40334592273632.25 16577517424462.55
30.166470318549564 4.1575766370840104e-09 860210502.134992 46391339259314.38 19113231774835.83
30.093250730397738 3.398608334171473e-09 704889415.4962196 38014839313660.51 15700128636542.363
30.020385716522686 3.31574700612901e-09 689372719.3972703 37178020522070.03 15391700496136.273
29.947872707545574 3.931345873516413e-09 819340175.1494122 44187193645977.516 18337685363080.617
29.875709158852693 4.541926202672281e-09 948878978.6795373 51173249462427.71 21288071776370.4
29.80389255029776 5.7485981133494295e-09 1203865403.2831025 64924722736637.1 27073609381177.895
29.732420385908558 1.719016566861023e-08 3608600229.2460904 194612594325108.44 81348064427895.23
29.66129019359777 5.939171413856389e-08 12497547523.265144 673995452999263.0 282404094806684.5
29.590499524877966 1.2405677673563995e-07 26167195026.38035 1411202512548438.5 592705055270347.2
29.520045954580638 1.8807793081648498e-07 39765805480.01953 2144578528586701.8 902867560534984.4
29.449927080579258 2.1174120792702692e-07 44875586471.2499 2420150127534425.0 1021303353819542.6
29.380140523516275 1.770367629229671e-07 37609587159.709526 2028293206137856.8 857968026196294.0
29.310683926533965 1.074927824354716e-07 22889817353.038235 1234452822620732.2 523407996791167.3
29.241554955009118 4.6099052096324585e-08 9839669405.471266 530655508687429.94 225528591192153.84
29.172751296291448 2.119950593027728e-08 4535626925.275514 244607345436846.66 104202729156094.84
29.104270659445692 9.204966975962895e-09 1974033366.193504 106460048293990.69 45458440621535.164
29.036110774997343 6.331084104589152e-09 1360907517.711342 73394038084867.11 31412648300323.14
28.96826939468193 6.773538285279095e-09 1459425781.7600524 78707149467928.56 33765367121740.773
28.90074429119782 7.643701893058222e-09 1650759056.0583997 89025794517645.88 38281091642588.766
28.83353325796248 7.506133409149586e-09 1624827982.5459642 87627326089641.47 37767377544633.66
28.766634108872076 5.595005509775874e-09 1213949006.2376075 65468533634618.04 28282406530156.203
28.700044678064504 6.186478013490079e-09 1345395205.9771614 72557455743021.11 31417378336727.13
28.6337628196856 4.6709490518805715e-09 1018159181.2051162 54909545835630.75 23830742892664.332
28.567786407658676 3.983551863928172e-09 870327809.2292837 46936967828876.18 20417581005560.516
28.50211333545716 3.6285034869047026e-09 794583343.5916498 42852052341690.55 18683494820976.207
28.43674151588042 4.338497532331705e-09 952244557.7291721 51354755871740.47 22442028315949.668
28.371668880832637 5.3132589560150316e-09 1168866939.5254333 63037247982833.11 27610314616482.035
28.30689338110471 7.129267591520898e-09 1571960690.7545826 84776181558008.83 37216743703965.64
28.24241298615914 1.2849891273400392e-08 2839792634.6531973 153150633726655.62 67386278839726.72
28.17822568391787 3.674422202017975e-08 8138875183.679234 438931306811720.06 193568706303964.56
28.114329480552975 8.317012703564252e-08 18464119809.509773 995773992623463.1 440132104739583.7
28.050722400280232 1.6951090771410115e-07 37717471778.444916 2034111447063994.2 901111371049343.1
27.987402485155446 2.480781830812135e-07 55324175958.18892 2983644828502196.0 1324738303854978.8
27.924367794873564 2.636488674051877e-07 58929334336.14123 3178071803039295.0 1414241952352458.2
27.861616406570477 2.524143665875129e-07 56545329103.17551 3049501882904633.0 1360077839775470.0
27.799146414627494 1.44274849318567e-07 32392774173.382923 1746949348442086.2 780886358753595.5
27.736955930478437 7.788670592009593e-08 17526432108.077892 945204291174286.2 423451522446094.44
27.675043082419336 4.4535588528693425e-08 10044026850.257034 541676550081011.3 243212770986347.84
27.613406015420622 1.8581674939220575e-08 4200044140.457643 226509292946866.44 101929181826093.95
27.552042890941912 1.2701897443327319e-08 2877423398.5600905 155180068999369.72 69986211118716.445
27.490951886749137 1.100681284303832e-08 2498968483.98826 134769913237865.86 60916000783515.125
27.430131196734205 1.144285836264477e-08 2603727993.796492 140419616360637.67 63610086211366.125
27.369579030736997 1.0751630563613742e-08 2451857300.670662 132229196886728.52 60032055386575.82
27.309293614369736 9.441838626274983e-09 2157918715.0738525 116377025107867.02 52951546424079.79
27.24927318884365 8.14536243455781e-09 1865711400.1890922 100618221134621.73 45881908837386.63
27.189516010797938 8.200420337019951e-09 1882450703.1748354 101520975381226.14 46395085749220.32
27.130020352130984 5.809355989542995e-09 1336493483.5327008 72077383917708.25 33011441834311.28
27.070784499833756 5.391208373879766e-09 1243008937.024976 67035742015198.18 30769405584974.16
27.0118067558254 4.277048199473314e-09 988278813.7174708 53298091125566.3 24517121917761.383
26.953085436791 6.614752251366479e-09 1531771799.3261158 82608785912307.7 38082650305570.53
26.894618874021383 5.139798735333077e-09 1192805667.0685468 64328268759878.44 29719660167064.496
26.836405413255104 6.289034287668667e-09 1462677542.0189488 78882517605129.88 36522605651174.97
26.77844341452237 8.384493376954077e-09 1954251582.2214859 105393212386822.98 48902450547485.13
26.720731251991072 1.5592786236605608e-08 3642204787.6598444 196424895460891.66 91337576389312.5
26.663267313814746 2.4946346557118085e-08 5839592732.717345 314930504716395.56 146757615197845.84
26.606050001982528 5.873084945367841e-08 13777640680.890972 743031155087945.0 346995549426057.8
26.549077732171 1.26654386161897e-07 29775548484.366783 1605801798445903.0 751515241672677.0
26.492348933597984 2.4065885402043145e-07 56698341137.413185 3057753855152658.5 1434086558066622.8
26.43586204887816 2.8591318346006865e-07 67504026585.800224 3640506818899772.5 1711038204882862.0
26.379615533880546 3.152046951726136e-07 74578422206.0822 4022030511601220.0 1894376370964169.0
26.323607857587806 2.716074628535198e-07 64399910094.83108 3473101142178118.5 1639303739108082.8
26.267837501957324 1.9488778247559544e-07 46307279547.8802 2497361646189826.0 1181252058647827.8
26.212302961784054 1.2416614827341912e-07 29565620982.57538 1594480362667923.0 755783691904508.6
26.157002744565094 6.530559334465294e-08 15583010975.725937 840395167301822.8 399187704468372.56
26.10193537036601 3.919197917202787e-08 9371593888.778442 505412094383627.4 240576156926599.75
26.04709937168877 1.944859563130437e-08 4660342708.437096 251333294717028.88 119885981580024.83
25.992493293341415 1.7686003804072605e-08 4246887418.5069976 229035561108685.47 109478998209953.7
25.93811569230932 1.5648865030748375e-08 3765593162.126883 203079257301800.03 97274964247558.44
25.88396513762809 1.3317061384553548e-08 3211194196.4741664 173180400641977.4 83126592308149.36
25.83004021025803 1.4091217249214133e-08 3404963048.6460414 183630396935538.97 88326220925997.2
25.776339502960198 1.1489930772476334e-08 2782179483.1719704 150043543950920.22 72320988184342.22
25.722861620173973 1.0793139506710153e-08 2618891366.981424 141237380370716.4 68217654719056.73
25.66960517789618 1.0147382908252974e-08 2467310657.21252 133062599762244.66 64402298284926.26
25.616568803561684 8.769289767081354e-09 2136645329.0820203 115229746779722.9 55886427188166.67
25.563751135925475 5.5765957409879585e-09 1361549881.013433 73428680877301.14 35686338906364.58
25.5111508249462 7.4255120024473575e-09 1816708837.6881533 97975502293228.11 47714069616802.25
25.458766531671156 7.2868571470444375e-09 1786454140.5295024 96343859902683.89 47015803632509.78
25.40659692812265 4.847656469109764e-09 1190897306.6147795 64225350466018.914 31406196377883.344
25.354640697185793 6.936450279246998e-09 1707531766.4716694 92087559124002.08 45122903970760.84
25.30289653249766 5.453590628848645e-09 1345244638.938531 72549335629917.34 35621723794290.195
25.251363138337787 7.510445933696952e-09 1856392783.16819 100115666094231.81 49256907718361.21
25.200039229520026 9.114704249766047e-09 2257513413.2439337 121748188816947.36 60021857086756.266
25.148923531285707 1.8225805922880606e-08 4523309617.055552 243943070328631.2 120507876742337.17
25.09801477919808 3.23517990683337e-08 8045407402.196794 433890569050665.75 214775831680078.03
25.047311719038085 7.738956644963928e-08 19284583687.60916 1040021787813655.4 515850806755604.9
24.996813106701318 1.6222392642688667e-07 40505989002.33285 2184496786748589.0 1085694903014031.5
24.946517708096284 2.632673271297255e-07 65868232252.187004 3552288075114654.0 1769039461407005.8
24.89642429904388 3.271943536233543e-07 82027183245.69177 4423743812697215.0 2207448162535879.2
24.84653166517806 3.3818893591618343e-07 84953758213.22835 4581574636489576.0 2290787318244811.5
24.796838601847703 3.5365533482009065e-07 89016983484.14136 4800705258078249.0 2405153334297126.5
24.747343914019662 2.754282559695403e-07 69465453165.66292 3746286980468141.0 1880636064194959.5
24.69804641618297 2.1710189163030338e-07 54864317354.37468 2958844554095045.0 1488298810709884.0
24.648944932254178 1.1413130229565391e-07 28899838319.091026 1558574558986133.5 785521577728985.0
24.60003829548383 7.594064951802138e-08 19267594557.108727 1039105560314909.0 524748307959016.25
24.55132534836406 3.3843749005992425e-08 8603843435.07456 464007145622980.9 234787615685226.97
24.502804942537253 2.687875624654888e-08 6846716427.2117405 369244904356277.6 187207166508635.62
24.45447593870582 1.6473886951717262e-08 4204619459.7202573 226756040908679.03 115192068781613.45
24.406337206543014 1.332490247656486e-08 3407614100.5371146 183773368739960.78 93540644688633.83
24.358387624604813 1.479654795293641e-08 3791410805.6547074 204471608426091.9 104280520297311.0
24.310626080242844 1.2150514403154167e-08 3119517999.946514 168236283446753.4 85968740841284.72
24.263051469518295 9.883906907041368e-09 2542565803.7201314 137121126162444.47 70206016595174.016
24.215662697116894 1.0311321966241734e-08 2657706165.5207243 143330670888385.6 73528634165738.81
24.168458676264812 1.0329746350339261e-08 2667655091.6736693 143867218637200.12 73947750379521.34
24.12143832864562 8.370268765460934e-09 2165834051.3460493 116803900912619.06 60154008969996.516
24.07460058431815 5.51812500235593e-09 1430610534.1842785 77153136906106.7 39811018643551.516
