string
20190123an 23 2019_16.51.   full spectra  index number  Nphoton via eV
eV x-axis E [J] Nphoton Nphoton/sr Nphoton/sr @ 0.1bw
51.660080420516415 5.911557827525911e-10 71422630.16270801 3851837961111.9424 928292948627.9917
51.4457232403483 6.037247017918807e-10 73245111.33082308 3950124766439.122 955930193478.2458
51.233137607123716 6.718276294793627e-10 81845702.70809253 4413956527878.17 1072591436274.3923
51.02230164989275 8.677983895356295e-10 106156787.77983972 5725058627336.715 1396914305070.1711
50.813193856245654 1.0158627606725189e-09 124780729.95520216 6729451874871.731 1648715709343.5286
50.605793064995666 8.113774018640396e-10 100071785.20510824 5396893116525.652 1327635706665.277
50.400078459040394 6.299826920812707e-10 78016485.14933912 4207445993044.016 1039239160281.8612
50.1960295583965 5.768807418422554e-10 71730795.87937547 3868457405160.262 959377436479.7103
49.99362621340296 5.950840403172782e-10 74293811.41079411 4006681389580.1533 997663666005.4663
49.79284859808809 6.781324470577996e-10 85003445.02229933 4584254256897.144 1146063564224.2913
49.59367720369574 8.298476174308653e-10 104438593.71268336 5632396048020.422 1413731408053.0952
49.39609283236627 1.137169563219894e-09 143688365.25034449 7749144753988.295 1952784478004.9392
49.20007659096798 1.1458887923890761e-09 145366946.4207577 7839671001177.4 1983436763297.8652
49.005609885074826 7.702414137625914e-10 98100233.7339215 5290566917368.564 1343803997011.6113
48.81267441308634 6.166903263248211e-10 78853959.91997646 4252611189364.365 1084415853287.9054
48.621252160486 5.773942821227391e-10 74119983.58195005 3997306817006.8125 1023310545153.731
48.4313253942341 5.862314870995502e-10 75549529.08985335 4074402516814.2104 1047121446821.2803
48.24287665729156 6.985007979035238e-10 90369667.65239337 4873655809140.267 1257403198758.1323
48.05588876327104 9.072205325682477e-10 117829824.80916022 6354588050274.131 1645838305020.9624
47.87034479121208 1.327284453066998e-09 173055906.53147894 9332942635325.053 2426565085184.516
47.686228080476646 1.368923505037846e-09 179174080.2454408 9662897072881.18 2522016136021.9834
47.503522225762175 9.280674489579264e-10 121939020.75601213 6576197880403.234 1722963844665.5852
47.322211072228725 6.113097718527462e-10 80627888.14316528 4348279523823.6333 1143597514765.6384
47.142278710737365 5.727028669443025e-10 75824186.73407724 4089214863236.0815 1079552723894.287
46.96370947319669 5.807879495296425e-10 77187003.0636769 4162711843960.771 1103118638649.572
46.78648792801481 6.466497255193781e-10 86265595.91391096 4652322328681.755 1237517739429.3464
46.61059887565385 8.341553469534561e-10 111699500.19092008 6023978311810.516 1608402209253.3674
46.436027344284355 1.297501114044745e-09 174398062.59195584 9405325403247.545 2520627208070.3887
46.26275858553703 1.7653703368988088e-09 238173409.77151784 12844743731720.04 3455236063832.5713
46.09077807034915 1.5012069938911015e-09 203289765.21225238 10963461202230.227 2960134524602.198
45.92007148490342 8.899199209919029e-10 120958766.11814566 6523332534824.551 1767823116937.3643
45.75062472665653 5.946046898562745e-10 81118568.1924819 4374742005482.6313 1189929825491.2646
45.58242390045559 5.606282145336386e-10 76765575.44752972 4139984161067.567 1130215675971.433
45.41545531473963 5.858882389077042e-10 80519316.99902193 4342424258433.098 1189824246810.6968
45.24970547782453 6.66782822091243e-10 91972421.48066631 4960092671294.394 1364025484605.9316
45.0851610942688 8.61514635136679e-10 119266372.01012732 6432061352909.565 1775248933403.0295
44.92180906131855 1.4366265801072461e-09 199606938.97032884 10764845582915.957 2981862226467.5576
44.7596364654293 2.2509261247342726e-09 313880015.9465105 16927617449860.525 4705877651061.194
44.59863057886301 2.0460310768930965e-09 286338454.80629164 15442295074214.227 4308400325705.8496
44.43877885635813 1.2286468512796622e-09 172565482.66210556 9306493969506.049 2605818311461.601
44.28006893187113 7.385051771279232e-10 104096045.33669266 5613922339685.229 1577512177451.5706
44.1224886153876 6.139112797565219e-10 86842954.07725543 4683459379860.9375 1320735545120.7383
43.96602588980112 5.85296986805198e-10 83089864.71283653 4481054455085.957 1268138410789.332
43.81066890785836 6.341973971639529e-10 90351121.15553206 4872655592535.343 1383834188280.0
43.65640598916871 7.773374214536672e-10 111134927.53404386 5993530785772.793 1708156273945.233
43.50322561727689 1.1472851533072004e-09 164603433.02734444 8877098902962.512 2538850286247.273
43.3511164367969 2.2552800202834522e-09 324705138.03540766 17511418635852.926 5025777148489.737
43.20006725060597 3.2891125239542667e-09 475207496.76547307 25628043538530.316 7380876539096.799
43.05006701709692 2.7770545006551244e-09 402623895.0790792 21713594130927.035 6275228703837.836
42.90110484748759 1.526817944245652e-09 222130274.56721362 11979533964809.834 3474064849794.708
42.7531700031859 8.654775404665809e-10 126350351.76150973 6814101919883.395 1982903658685.9978
42.60625189320931 6.890481447320006e-10 100940444.28325406 5443740089324.669 1589572106082.8418
42.46034007165723 6.665264843235766e-10 97976724.74796158 5283906050923.642 1548184472920.5688
42.315424235235184 7.136285071590241e-10 105259781.93370448 5676682907181.745 1668944774711.429
42.17149422082962 8.313248823649049e-10 123038425.57984844 6635489021396.435 1957469261311.9436
42.028540003131894 1.1320833203553175e-09 168121425.1903867 9066824984592.81 2683780195439.376
41.8865516923105 2.1843602123851666e-09 325490729.4768998 17553785752960.916 5213474368629.504
41.74551953173033 4.258699486583539e-09 636731154.4729362 34339049489416.016 10233036747845.688
41.60543389571781 5.006871819255047e-09 751113196.853279 40507697884279.53 12111801667399.238
41.46628528737092 3.3240828348395033e-09 500340526.52335364 26983473293478.03 8095041988043.513
41.32806433641302 1.6519547427228198e-09 249483630.36736822 13454706385579.2 4049866622059.2393
41.19076179708939 1.008316228966361e-09 152786825.69882077 8239826702598.682 2488427664184.853
41.05436854610565 8.320023746150785e-10 126489409.16794606 6821601316022.476 2066945198754.8035
40.91887558060695 8.363658922199461e-10 127573830.95748699 6880084418721.089 2091545663291.2117
40.78427401619706 9.077558050344738e-10 138920159.63978103 7491994389526.571 2285058288805.463
40.650555084996405 1.0060811902594808e-09 154474046.80882734 8330818903607.067 2549230584503.647
40.51771013373824 1.325656140103366e-09 204209042.6913219 11013038036387.814 3381002677171.1426
40.38573062190196 2.3839159011769247e-09 368427433.85027415 19869371547738.285 6119766436703.164
40.254608119882796 5.312185477486491e-09 823657394.9245656 44420022246359.72 13725786874125.576
40.124334307197095 8.089828677889763e-09 1258405069.2647154 67866058771669.18 21038478219216.92
39.99490097072226 6.4182241626000405e-09 1001611333.9096168 54017116835994.61 16799323335994.559
39.866300002970746 3.6408890214284545e-09 570020514.2075465 30741330167137.727 9591295012146.87
39.73852340039712 1.6538632306344443e-09 259762730.73854896 14009060501712.924 4384835937035.9854
39.6115632617377 1.1118312064205871e-09 175188604.12098944 9447959479652.043 2966659276610.866
39.48541178638185 1.0075172289269421e-09 159259293.49219364 8588888296827.19 2705499813500.4976
39.36006127277429 9.791985290418227e-10 155275866.48453802 8374061212912.017 2646203343280.1514
39.235504116847785 1.0437849003020913e-09 166043067.41755474 8954738698384.518 2838652167387.948
39.11173281048549 1.1587129298954887e-09 184908881.10188338 9972176128944.23 3171152009004.053
38.98873994001226 1.430540316760188e-09 229007590.41703737 12350429102675.246 3939786883753.192
38.86651818471441 2.463873662508056e-09 395668770.5201251 21338502752474.42 6828320880792.349
38.745060315387185 6.120593244684694e-09 985975565.0329477 53173876423633.36 17068814331986.574
38.624359192909345 1.0707391035604173e-08 1730259932.985299 93313294081735.16 30046880694318.54
38.50440776684441 1.0362009480810967e-08 1679664379.3641703 90584664883155.25 29258846757258.715
38.3851990740678 6.0530304964221315e-09 984233265.8095309 53079913848003.13 17197892086751.857
38.266726237419434 2.8412828764892825e-09 463427860.63226515 24992765202761.79 8122648690897.569
38.14898246438122 1.6760538451833358e-09 274216752.29422057 14788569024320.309 4821073501928.34
38.03196104577882 1.1479157203472387e-09 188386708.74539363 10159736129310.498 3322233714284.407
37.91565535450732 1.0970559823626102e-09 180592287.00901893 9739381271743.799 3194517057131.9634
37.800058844280166 1.104280472641181e-09 182337456.09718466 9833498619803.4 3235221045915.386
37.6851650484009 1.1855045189135292e-09 196345868.33560306 10588975335123.504 3494361860590.773
37.57096757855726 1.30104579487347e-09 216137029.52216047 11656316957508.482 3858240912935.371
37.45746012363715 1.4814477238517496e-09 246852187.46547672 13312792098203.984 4419846976603.664
37.34463644856595 2.496686836276412e-09 417277348.7855877 22503858072755.33 7493784738227.112
37.232490393164845 6.668870991716771e-09 1117941825.9499915 60290845544320.805 20137142411804.246
37.12101587102963 1.3763497678222229e-08 2314184263.089277 124804460060746.25 41809494120348.54
37.010206868429535 1.54490747090227e-08 2605373164.7368345 140508340786860.75 47210802504385.445
36.900057443225876 1.0490867902839098e-08 1774489162.146029 95698586019093.28 32250423488431.73
36.790561723809766 5.90031097360687e-09 1000984742.1800594 53983324607893.66 18246363717467.453
36.681713908058846 2.5313649601476158e-09 430719089.0360836 23228774044658.305 7874554401139.609
36.573508262312366 1.6031159330944366e-09 273581851.23081505 14754328672039.742 5016471748493.219
36.46593912036438 1.2868907780789494e-09 220263867.7388189 11878878239081.004 4050697479526.71
36.35900088247475 1.204591922988135e-09 206784023.34631768 11151907302521.621 3813952297462.4536
36.25268801439734 1.2334961088874983e-09 212366761.8953884 11452985605312.848 3928374062622.295
36.14699504642534 1.3590947087369237e-09 234674821.89561406 12656064127510.666 4353686059863.506
36.04191657245317 1.5167569413493864e-09 262661904.51890948 14165413573528.021 4887067682867.309
35.937447249054756 1.6088486160592854e-09 279419641.7887792 15069161985080.178 5213930046837.68
35.83358179457772 2.3817290190716453e-09 414850007.3968354 22372951024324.395 7763414005440.344
35.730314988253284 6.4702023282622446e-09 1130238226.1428535 60953993078092.53 21211989591175.87
35.62764166932152 1.5881107276950726e-08 2782163691.5822163 150042692307054.1 52364899615158.51
35.525556736171595 2.287660909297106e-08 4019201070.208647 216756386880508.44 75864735408180.9
35.42405514549682 2.002849000582337e-08 3528896391.39007 190314149034018.78 66800266310939.78
35.32313191146407 1.2529788098016435e-08 2213979004.1773834 119400368678216.75 42028929774731.19
35.222782104897405 5.712951138198965e-09 1012338673.9547472 54595644615123.69 19272262549138.55
35.1230008524756 2.88919039797133e-09 513420876.0999712 27688899387827.277 9801870383290.57
35.02378333594318 1.77872088274091e-09 316981357.5860627 17094873478242.434 6068680084776.026
34.92512479133489 1.5130231839117927e-09 270393713.94682735 14582391735697.232 5191331457908.172
34.82702050821316 1.4053031899399407e-09 251850423.37864223 13582348046858.703 4848898252728.794
34.72946582891845 1.438506030879022e-09 258525006.8619044 13942309784152.21 4991346902726.232
34.63245614783208 1.5102727482948071e-09 272183044.6632099 14678890729960.602 5269721772055.765
34.53598691065149 1.5960317911968526e-09 288442095.2129449 15555744858357.107 5600068149008.575
34.440053613677456 1.6824644663680332e-09 304909570.8337019 16443839396113.799 5936226021997.432
34.34465180311326 1.922897098413443e-09 349450689.1072797 18845951581085.156 6822234472352.092
34.249777074375366 4.010873074745311e-09 730920503.2681053 39418701532404.99 14308988656263.344
34.15542507141566 1.3054713090872268e-08 2385594428.595471 128655625800224.47 46830647791281.42
34.061591486054624 2.8559204656439824e-08 5233233917.920382 282229442104040.56 103013746367973.12
33.968272057325706 3.51746034990146e-08 6463157365.455463 348559480828249.9 127572769983138.55
33.87546257083028 2.8428767520145752e-08 5237955115.918606 282484057337756.5 103671649042955.55
33.78315885810322 1.7236964353166565e-08 3184560492.468096 171744039198806.06 63201806425160.664
33.69135679598881 8.388241548935416e-09 1553965604.4340026 83805702643340.02 30924304275393.09
33.60005230602678 3.553848163939355e-09 660157999.5531393 35602464334031.055 13172911803591.451
33.50924135384833 2.21357151629204e-09 412304369.2050069 22235664203603.793 8249431419536.434
33.41891994858189 1.902704258384887e-09 355359438.51510406 19164611720314.234 7129235559957.194
33.3290841422685 1.7502661465278157e-09 327770367.37409174 17676727120003.684 6593419215761.522
33.23973002928655 1.805181623508287e-09 338963075.00692433 18280352274237.812 6836851750564.346
33.150853745785774 1.9245858215539744e-09 362352731.46641564 19541761528458.703 7328160573171.945
33.062451469130345 1.897865131152129e-09 358277281.01607674 19321971600287.69 7265061321708.074
32.97451941735074 2.0888060933677783e-09 395374472.8390173 21322631214596.637 8038631967902.873
32.88705384860445 1.985631789509104e-09 376844969.79491454 20323331089927.188 7682219151992.463
32.80005106064518 2.2548825537731843e-09 429080108.2398832 23140383454253.605 8770205329162.118
32.71350739030047 4.965952294584828e-09 947467689.0146362 51097138304199.47 19416912555596.17
32.62741921295758 1.8343488278292242e-08 3509038865.1852794 189243228331782.8 72101669994407.66
32.541782942057424 3.958241974691418e-08 7591891117.037396 409432337266427.56 156403152835772.12
32.45659502859654 5.5350452441930395e-08 10644057043.319712 574036308748354.6 219855906250612.47
32.371851960636754 4.9418770715724715e-08 9528254911.002893 513860857346515.44 197322569221069.75
32.2875502628226 3.196662144176713e-08 6179461312.632499 333259691067053.5 128304981060814.86
32.203686495906176 1.699547947686598e-08 3293948510.160284 177643358757294.56 68570336480313.07
32.12025725627947 7.93388120645117e-09 1541685023.0981264 83143408223962.16 32176498982671.684
32.03725917551389 4.689407162904985e-09 913590474.3574864 49270132757975.83 19116811510094.38
31.954688919906893 3.1536619104448744e-09 615984116.2396469 33220157210238.23 12922641154782.764
31.872543190035667 2.369848116317671e-09 464079911.345794 25027930439399.24 9760892871365.732
31.790818720317628 2.238242566576044e-09 439434765.81042266 23698812386563.41 9266235643146.174
31.709512278577684 2.2708893679265602e-09 446987511.6776594 24106133612003.855 9449604375905.65
31.62862066562213 2.1842350713766486e-09 431030595.42572045 23245573651925.62 9135510445206.791
31.54814071481902 2.333872773095811e-09 461734561.3155279 24901445202743.94 9811169409881.19
31.468069291684962 2.5564388457599077e-09 507054084.1864308 27345536916756.03 10801487082118.37
31.388403293478163 2.3868811657344525e-09 474624932.54720646 25596625723678.176 10136263786576.361
31.30913964879766 2.7477270156424625e-09 547761400.0418892 29540891304431.574 11727733847859.447
31.2302753171886 3.231827588116783e-09 645894142.3461894 34833211416063.09 13863618143593.21
31.151807288753453 9.417218380731026e-09 1886810867.135558 101756119970865.62 40600691868372.99
31.073732583769104 3.008871556493815e-08 6043648528.29606 325935278102707.8 130374111241082.55
30.99604825230968 6.578329891172162e-08 13246413117.417814 714381937181611.1 286467156809826.94
30.918751373874994 8.680151530956295e-08 17522430037.79288 944988458654373.1 379885360379055.8
30.841839057024558 7.582343094574667e-08 15344478757.342121 827531072943690.9 333495022396301.44
30.76530843901705 5.0557178192444084e-08 10256767888.858574 553149720510397.9 223472487086200.75
30.689156685455128 2.667000802819708e-08 5424093493.806717 292522540495488.0 118471628900673.05
30.613380989935486 1.4190920463699044e-08 2893265206.587175 156034421147874.5 63349974986035.71
30.537978573704116 9.232953922940581e-09 1887075851.1716282 101770410617498.2 41420557121322.37
30.462946685316638 5.060949079528496e-09 1036929027.4569108 55921807721705.16 22816097550454.98
30.388282600303604 3.251307749157247e-09 667791516.3314366 36014141552252.33 14729783894871.064
30.31398362084076 3.4453565218665636e-09 709381947.2953103 38257122529579.87 15685420237128.28
30.240047075424076 3.103047598904606e-09 640464333.2815146 34540380633588.992 14196096440404.816
30.166470318549564 3.0026803706570804e-09 621260271.2731712 33504701397431.324 13803936975740.479
30.093250730397738 3.2427970065551403e-09 672573318.7730763 36272025196767.875 14980346406265.68
30.020385716522686 3.107376043673758e-09 646050579.0875055 34841648083507.863 14424442306571.582
29.947872707545574 2.803867075074303e-09 584359914.9754275 31514657165758.406 13078582723789.701
29.875709158852693 3.23795861663952e-09 676459882.451596 36481628420299.37 15176357422844.871
29.80389255029776 3.877172101015661e-09 811953325.4808853 43788819238574.14 18259937622485.566
29.732420385908558 3.893074893681263e-09 817243488.2034609 44074118863480.92 18422981684935.004
29.66129019359777 4.730059539014057e-09 995326448.0426594 53678171575809.516 22491153890263.652
29.590499524877966 1.799794017311373e-08 3796290883.702228 204734792095382.8 85988612680061.23
29.520045954580638 5.2293893130521094e-08 11056633667.723032 596286655733950.5 251036682063988.44
29.449927080579258 8.985853779663007e-08 19044259842.243214 1027061070623149.4 433419771802975.5
29.380140523516275 1.1427275087266657e-07 24276036869.220093 1309211942282100.0 553796651585315.75
29.310683926533965 1.0228910512410772e-07 21781731577.206997 1174693516000524.8 498070050784200.44
29.241554955009118 6.79284341368705e-08 14499068955.724247 781937938678690.1 332323623938437.56
29.172751296291448 4.1260071304572944e-08 8827577914.470808 476073194702731.1 202807180943359.88
29.104270659445692 2.4187189557519677e-08 5187016894.8646755 279736948010081.75 119447676800307.9
29.036110774997343 1.2960364388933477e-08 2785914234.8769226 150244959921736.34 64304842846503.19
28.96826939468193 6.398794306126451e-09 1378683487.0094166 74352699970909.42 31897308287519.594
28.90074429119782 4.135895940423556e-09 893201720.0683564 48170562809743.086 20713342008190.09
28.83353325796248 5.1445971915072594e-09 1113634013.685273 60058524293020.12 25885223970290.426
28.766634108872076 4.553203012499104e-09 987908995.3644717 53278146741446.69 23016159392305.953
28.700044678064504 4.049116784032756e-09 880575716.5547659 47489639697278.75 20563013988921.035
28.6337628196856 4.337380594385729e-09 945448949.561278 50988267246912.37 22128907985160.51
28.567786407658676 3.8010659527100694e-09 830458223.304263 44786792398344.45 19482254693279.242
28.50211333545716 3.91762677392382e-09 857896648.632961 46266552637269.37 20172216949848.504
28.43674151588042 3.3949067178554185e-09 745138477.5453784 40185479974007.51 17561054748640.564
28.371668880832637 4.469025051830216e-09 983143430.0941868 53021138771109.8 23223258781747.043
28.30689338110471 4.546845769788272e-09 1002552187.2024647 54067857258476.56 23735789336471.06
28.24241298615914 3.772340149957417e-09 833677386.4718297 44960402567328.69 19782577129624.105
28.17822568391787 5.194464571549446e-09 1150578144.5220528 62050929295093.195 27364459819135.535
28.114329480552975 8.9992348598176e-09 1997868183.7816596 107745465184590.88 47623495611590.57
28.050722400280232 2.5759763407473727e-08 5731744124.569891 309114205849088.5 136937593191145.25
27.987402485155446 5.531267698965407e-08 12335338144.153908 665247465944100.1 295369874879181.25
27.924367794873564 1.0635237953704166e-07 23771294725.687847 1281991088827089.0 570486034528043.2
27.861616406570477 1.4181927154972146e-07 31770051330.14616 1713365770220917.2 764161133518531.1
27.799146414627494 1.4797637354501856e-07 33223845139.189304 1791769186176687.0 800920826220961.6
27.736955930478437 1.1005192327889302e-07 24764400277.624935 1335549486993439.5 598326170173081.0
27.675043082419336 7.51753780038091e-08 16954160483.632269 914341558142959.5 410539359606144.56
27.613406015420622 4.2733612668409123e-08 9659143219.09168 520919692236991.75 234413861506655.6
27.552042890941912 2.7564796555565066e-08 6244389150.4728155 336761263467237.0 151879329823725.4
27.490951886749137 8.585840538763709e-09 1949314958.0071032 105126979170468.66 47517394585051.64
27.430131196734205 6.60759020858731e-09 1503502626.039493 81084223255533.42 36731153134755.055
27.369579030736997 8.22920859684512e-09 1876631182.362243 101207127359522.67 45948035821224.11
27.309293614369736 8.103269205492792e-09 1851990588.2688465 99878254766941.34 45444605918958.56
27.24927318884365 5.588577060279127e-09 1280074645.6611228 69034703734403.67 31479824902887.473
27.189516010797938 5.761414915400898e-09 1322563858.0765376 71326156190671.47 32596053379136.844
27.130020352130984 4.7357148805356985e-09 1089492895.4427369 58756588541585.914 26910517552047.086
27.070784499833756 4.5650853524022266e-09 1052536184.4313554 56763505087963.55 26054448835373.74
27.0118067558254 4.744294253932106e-09 1096243315.1396356 59120640142356.12 27195494465484.797
26.953085436791 4.208203447354837e-09 974489613.7498517 52554436575633.87 24227595261365.098
26.894618874021383 5.042824979379479e-09 1170300730.2773051 63114572629570.0 29158932554861.99
26.836405413255104 5.663630875669052e-09 1317223807.2178047 71038166087743.61 32890670898625.145
26.77844341452237 5.070465496564375e-09 1181820388.3965755 63735830294567.12 29573425256678.7
26.720731251991072 5.3749544575407395e-09 1255496263.5702846 67709186248635.75 31484771605614.89
26.663267313814746 6.507216514289205e-09 1523248872.537567 82149142619010.84 38281500460460.49
26.606050001982528 5.904878047279404e-09 1385222396.0094852 74705344753849.27 34887396000046.35
26.549077732171 1.3491883588737251e-08 3171846203.7972074 171058354848628.84 80055310069157.7
26.492348933597984 3.2309603196495866e-08 7612023715.087804 410518092653056.5 192532985454287.0
26.43586204887816 8.150779619211073e-08 19243969006.664104 1037831429246822.5 487780771745997.75
26.379615533880546 1.4659986529380356e-07 34685989189.49727 1870622932457943.5 881063401187688.9
26.323607857587806 1.929397643549418e-07 45747283037.20144 2467160912710692.5 1164499950799454.5
26.267837501957324 1.9198038814727675e-07 45616453677.69393 2460105256930011.0 1163629786527934.5
26.212302961784054 1.5192681241498398e-07 36175806493.25682 1950969103309808.2 924759354968742.9
26.157002744565094 1.0292755163294287e-07 24560241851.505543 1324539178719772.2 629156109891902.5
26.10193537036601 6.713895247547266e-08 16054279727.909178 865810793489348.1 412125937700917.94
26.04709937168877 3.143246449844923e-08 7531960636.67304 406200273440589.5 193757530431164.5
25.992493293341415 1.3211821084299757e-08 3172515247.6534986 171094436529147.2 81783140660933.89
25.93811569230932 1.2552050128924665e-08 3020405252.6033053 162891111450469.22 78024842384771.73
25.88396513762809 1.5518487754674295e-08 3742032598.3979197 201808630981407.22 96868142871075.7
25.83004021025803 1.506766232299503e-08 3640908555.443322 196354989375850.53 94446749889787.27
25.776339502960198 1.2264444553389166e-08 2969720765.4790363 160157686048744.34 77196004675493.36
25.722861620173973 7.229038517044242e-09 1754083374.174233 94598097440653.83 45690881063836.266
25.66960517789618 5.975712735052524e-09 1452979536.5900965 78359502065477.75 37925998999691.14
25.616568803561684 6.538656987818114e-09 1593149648.6677194 85918906661527.03 41670669730841.41
25.563751135925475 5.8344014726177725e-09 1424494261.3358567 76823284982642.11 37336116501560.12
25.5111508249462 4.9226251595599605e-09 1204358248.8387523 64951302004523.09 31631284076202.85
25.458766531671156 6.2868439158000416e-09 1541289765.6157665 83122091902069.52 40563580848209.96
25.40659692812265 6.752359765387417e-09 1658815369.6812217 89460273261544.22 43746073624895.26
25.354640697185793 5.2013394245829926e-09 1280403079.1151407 69052416221930.43 33835683948745.777
25.30289653249766 5.2151462593428216e-09 1286427241.0821562 69377300585549.85 34064254587505.723
25.251363138337787 6.8923398638715754e-09 1703612554.4858885 91876195170167.2 45203088023721.49
25.200039229520026 8.469995598698101e-09 2097833144.1383674 113136597213834.8 55776342426421.69
25.148923531285707 9.761696234660261e-09 2422673359.0738773 130655300576255.45 64543718484666.64
25.09801477919808 9.706775480872573e-09 2413929535.736848 130183744284109.66 64440953420633.82
25.047311719038085 1.1214177671551119e-08 2794443201.015679 150704928918501.9 74749644743581.56
24.996813106701318 1.7826084038678046e-08 4451027539.089824 240044882160788.9 119302306433910.2
24.946517708096284 3.661355228290591e-08 9160536522.48189 494029724767423.56 246026802934164.12
24.89642429904388 1.019537965047529e-07 25559679303.37906 1378439057625288.0 687841089755009.0
24.84653166517806 1.719347407341041e-07 43190361485.98088 2329265577966789.5 1164632788983406.8
24.796838601847703 2.2887220242565958e-07 57608386067.9446 3106832775961831.0 1556523220756828.0
24.747343914019662 2.3634459084785757e-07 59608205587.720314 3214683477120505.5 1613771105514453.2
24.69804641618297 2.1474095588713014e-07 54267679863.590775 2926667764598654.5 1472113885593198.8
24.648944932254178 1.3640523387480873e-07 34539947635.46902 1862746879721936.8 938824427379824.6
24.60003829548383 9.594300788142692e-08 24342575263.464584 1312800372339051.0 662964188031204.6
24.55132534836406 4.3457228096864534e-08 11047806394.071249 595810598948200.6 301480163067787.75
24.502804942537253 2.1841836670853557e-08 5563682358.033578 300050598268670.6 152125653322218.34
24.45447593870582 1.711230541112497e-08 4367562588.183966 235543599225826.5 119656148406724.55
24.406337206543014 2.089771726173304e-08 5344230934.1747265 288215535304538.25 146701707470000.22
24.358387624604813 1.8153077106077395e-08 4651474986.921277 250855056569184.34 127936078850289.08
24.310626080242844 1.787026922149323e-08 4588005466.325523 247432131534816.9 126437819214282.2
24.263051469518295 9.406462070576737e-09 2419746464.588871 130497452520816.53 66814695690660.4
24.215662697116894 5.301720138967574e-09 1366499305.0677845 73695604391805.73 37805845052994.805
24.168458676264812 5.839557130615432e-09 1508064553.0172102 81330248968512.08 41803747969815.48
24.12143832864562 7.585750741831864e-09 1962837481.3336437 105856251791212.69 54515969672472.45
24.07460058431815 5.995474670467423e-09 1554366604.117111 83827328643366.5 43254901579977.61
