string
integrated and resized binned spectra ROIsize spatial in px50:1600
converted file:an 23 2019_14.24.18_3 binning:0.1
nm muJ
23.8 4.878954674199482e-05
23.900000000000002 0.0006989913961932316
24.000000000000004 0.0006412511804589338
24.100000000000005 0.0006184045625829214
24.200000000000006 0.0006322360422338153
24.300000000000008 0.0006271429871046342
24.40000000000001 0.000630629955811978
24.50000000000001 0.0006256073543483342
24.600000000000012 0.0006337407305439379
24.700000000000014 0.0006306240120903648
24.800000000000015 0.0006290023048505872
24.900000000000016 0.0006272854007424212
25.000000000000018 0.000638369756853928
25.10000000000002 0.0006236894551447589
25.20000000000002 0.0006357310035551194
25.300000000000022 0.0006219691551599055
25.400000000000023 0.0006340516319966367
25.500000000000025 0.000628167411663169
25.600000000000026 0.0006167010421761638
25.700000000000028 0.0006272065990105069
25.80000000000003 0.0006199701317743254
25.90000000000003 0.0006144296575707372
26.000000000000032 0.0006249760631850838
26.100000000000033 0.0006222266493216507
26.200000000000035 0.0006188582519622494
26.300000000000036 0.0006213337995698248
26.400000000000038 0.0006259527697142618
26.50000000000004 0.0006204466072814391
26.60000000000004 0.0006117495339720234
26.700000000000042 0.0006223970159869983
26.800000000000043 0.0006296351877604483
26.900000000000045 0.0006435175450984567
27.000000000000046 0.0006254409780355234
27.100000000000048 0.0006132348831915292
27.20000000000005 0.0006230166898104335
27.30000000000005 0.0006281072702510864
27.400000000000052 0.0006255059931085024
27.500000000000053 0.0006251040006553316
27.600000000000055 0.0006250896341826948
27.700000000000056 0.00063076522318022
27.800000000000058 0.0006385889291285882
27.90000000000006 0.0006496054619017876
28.00000000000006 0.0006516415261646933
28.100000000000062 0.0006645767528368594
28.200000000000063 0.0006510623792237671
28.300000000000065 0.0006695010311437706
28.400000000000066 0.0006794733821009574
28.500000000000068 0.0006821654506010187
28.60000000000007 0.0006902304811910053
28.70000000000007 0.0007106418901821172
28.80000000000007 0.0007046849557771063
28.900000000000073 0.0007144359866901044
29.000000000000075 0.0007308212213092445
29.100000000000076 0.0007441921416734775
29.200000000000077 0.0007547790836897159
29.30000000000008 0.000767105903977355
29.40000000000008 0.0007820787269890336
29.50000000000008 0.0007921870517257833
29.600000000000083 0.0008085274505281716
29.700000000000085 0.0008175414538083991
29.800000000000086 0.0008451490234983807
29.900000000000087 0.0008507875782180521
30.00000000000009 0.0008735570975313965
30.10000000000009 0.0008876921112351636
30.20000000000009 0.0009191606471664243
30.300000000000093 0.0009599304864938744
30.400000000000095 0.0009535256092688485
30.500000000000096 0.0009723836193250736
30.600000000000097 0.0009826940279468734
30.7000000000001 0.0010158568079421501
30.8000000000001 0.0010540040260284
30.9000000000001 0.0010552455606964856
31.000000000000103 0.0010804629729373402
31.100000000000104 0.0011098063857327514
31.200000000000106 0.0010980275606520108
31.300000000000107 0.0011087592981530938
31.40000000000011 0.0011361964702577057
31.50000000000011 0.001123658564096301
31.60000000000011 0.0011266431865889286
31.700000000000113 0.0011515294910721793
31.800000000000114 0.0011462427983406007
31.900000000000116 0.0011477117589369118
32.000000000000114 0.0011829219496286667
32.100000000000115 0.0011656616469651298
32.20000000000012 0.0011974783064314586
32.30000000000012 0.0011883472328445984
32.40000000000012 0.001190289787675243
32.50000000000012 0.0012304195881754111
32.60000000000012 0.0012203949827756877
32.700000000000124 0.0012499000000911534
32.800000000000125 0.0012323680082861812
32.90000000000013 0.0012681100124389095
33.00000000000013 0.0012598569579295293
33.10000000000013 0.0012833739600327928
33.20000000000013 0.001280101057038332
33.30000000000013 0.0013055452199576924
33.400000000000134 0.0012938428473430578
33.500000000000135 0.0013344162243688943
33.600000000000136 0.0013161828755420806
33.70000000000014 0.0013484794212390316
33.80000000000014 0.0013283686755717183
33.90000000000014 0.0013695970927469023
34.00000000000014 0.0013671175119626838
34.10000000000014 0.0013677548814476194
34.200000000000145 0.0013953464473852799
34.300000000000146 0.0014310939976655643
34.40000000000015 0.001521599473588648
34.50000000000015 0.0015275558311589699
34.60000000000015 0.0015148249771547832
34.70000000000015 0.0015737801485568776
34.80000000000015 0.0015750991532010735
34.900000000000155 0.0015427413821647977
35.000000000000156 0.0015800880983554849
35.10000000000016 0.0015920226403878827
35.20000000000016 0.001567944157136232
35.30000000000016 0.001608854955465487
35.40000000000016 0.0016272858465348526
35.50000000000016 0.0016319586054530757
35.600000000000165 0.0016192927023207166
35.700000000000166 0.0016562077165658507
35.80000000000017 0.0016587921206477894
35.90000000000017 0.0016658941786634174
36.00000000000017 0.0016539790912049128
36.10000000000017 0.0017003467751050179
36.20000000000017 0.0017085926849917917
36.300000000000175 0.001727421778696079
36.400000000000176 0.0017159481225528764
36.50000000000018 0.0017681429695452315
36.60000000000018 0.0017774666551357069
36.70000000000018 0.0017824670625472068
36.80000000000018 0.0017888146381951722
36.90000000000018 0.001823306677379368
37.000000000000185 0.001809472478292682
37.100000000000186 0.0018787205087805767
37.20000000000019 0.0018946457332239082
37.30000000000019 0.002071926561317236
37.40000000000019 0.0021570479341430347
37.50000000000019 0.0019639358440095385
37.60000000000019 0.0019512851981995614
37.700000000000195 0.0019577284215185372
37.800000000000196 0.0020132533921011745
37.9000000000002 0.001978789855499953
38.0000000000002 0.001968753608044401
38.1000000000002 0.0020317343592087668
38.2000000000002 0.0020788514790690675
38.3000000000002 0.0020742827947619596
38.400000000000205 0.0020895755635365163
38.500000000000206 0.002111426933133571
38.60000000000021 0.002112643911061524
38.70000000000021 0.0022000062318094198
38.80000000000021 0.0021937539190447337
38.90000000000021 0.0022579750911210098
39.00000000000021 0.0022829114146712373
39.100000000000215 0.0022459342714835446
39.200000000000216 0.0022440183977405683
39.30000000000022 0.0022455352937268006
39.40000000000022 0.002275034199346244
39.50000000000022 0.002278241494488927
39.60000000000022 0.0023663289965878496
39.70000000000022 0.0023417342172437944
39.800000000000225 0.0024479544188227647
39.900000000000226 0.002495951656196862
40.00000000000023 0.002528076967561471
40.10000000000023 0.0026577282025569693
40.20000000000023 0.0026087764022194797
40.30000000000023 0.0025597436485020166
40.40000000000023 0.0025403915069954017
40.500000000000234 0.0026203199018129584
40.600000000000236 0.002738812316195845
40.70000000000024 0.002768393417673139
40.80000000000024 0.0027857493525946637
40.90000000000024 0.0029731388854838878
41.00000000000024 0.0030589491056172875
41.10000000000024 0.002821053234090394
41.200000000000244 0.002878712895904251
41.300000000000246 0.0027654363610719896
41.40000000000025 0.002703072672109369
41.50000000000025 0.002698039404392024
41.60000000000025 0.0026864921083412864
41.70000000000025 0.0028672786867460372
41.80000000000025 0.003038977982418522
41.900000000000254 0.003049458080075961
42.000000000000256 0.0030643664457193753
42.10000000000026 0.003346860358866552
42.20000000000026 0.003659567045783286
42.30000000000026 0.003334554556143484
42.40000000000026 0.0032893248892211725
42.50000000000026 0.0030895914767100972
42.600000000000264 0.003044921014419707
42.700000000000266 0.0031678002171914897
42.80000000000027 0.0032660427249752077
42.90000000000027 0.0032718837651440694
43.00000000000027 0.00363415827338581
43.10000000000027 0.0035762220210712238
43.20000000000027 0.004643467688075917
43.300000000000274 0.004273524934452564
43.400000000000276 0.0034927178596314357
43.50000000000028 0.003636976680755698
43.60000000000028 0.0033340431661770214
43.70000000000028 0.0030177067502599993
43.80000000000028 0.0031546032449385965
43.90000000000028 0.0034329666752951054
44.000000000000284 0.003639064416701376
44.100000000000286 0.0038301080177587155
44.20000000000029 0.00394953424980975
44.30000000000029 0.0037217041489604006
44.40000000000029 0.004612873596707005
44.50000000000029 0.00533565073859576
44.60000000000029 0.004982185063006705
44.700000000000294 0.004201442901209614
44.800000000000296 0.004416664724089605
44.9000000000003 0.00362340207464912
45.0000000000003 0.003951268424271874
45.1000000000003 0.0038721877714139436
45.2000000000003 0.004469523396302791
45.3000000000003 0.0037007016709008807
45.400000000000304 0.004355397968606702
45.500000000000306 0.004668541553678708
45.60000000000031 0.005000679206822326
45.70000000000031 0.0068349231247780435
45.80000000000031 0.0075354399089178434
45.90000000000031 0.005883118697209757
46.00000000000031 0.0050399869806964205
46.100000000000314 0.004668390454965474
46.200000000000315 0.004104769977887835
46.30000000000032 0.004368464932862039
46.40000000000032 0.005130744436426339
46.50000000000032 0.004603789121617943
46.60000000000032 0.004898073934016038
46.70000000000032 0.004590590027968647
46.800000000000324 0.004571593710809707
46.900000000000325 0.004703958822275828
47.00000000000033 0.0061231850927095325
47.10000000000033 0.008767458215858793
47.20000000000033 0.006847568443808448
47.30000000000033 0.005919054261935687
47.40000000000033 0.005745587862431054
47.500000000000334 0.004808964565183642
47.600000000000335 0.004536101096791896
47.70000000000034 0.004742736798617236
47.80000000000034 0.005446865749615721
47.90000000000034 0.005470923709589456
48.00000000000034 0.004887469548120776
48.10000000000034 0.00452818557077768
48.200000000000344 0.006259143940633133
48.300000000000345 0.006566340477103117
48.40000000000035 0.006092159794072208
48.50000000000035 0.009988463701944072
48.60000000000035 0.011827549249598852
48.70000000000035 0.008747733145320307
48.80000000000035 0.006691818582521858
48.900000000000354 0.007240336627570071
49.000000000000355 0.006502009026740391
49.10000000000036 0.005751832919897448
49.20000000000036 0.0060293309802903336
49.30000000000036 0.005723029632833778
49.40000000000036 0.0054650715721735466
49.50000000000036 0.006064568007583201
49.600000000000364 0.006048248189533089
49.700000000000365 0.00510602683140142
49.80000000000037 0.005921135725480307
49.90000000000037 0.010109035962947937
50.00000000000037 0.009652416615911999
50.10000000000037 0.008828791772497605
50.20000000000037 0.007515650543278418
50.300000000000374 0.006418563231536359
50.400000000000375 0.006837679909659946
50.50000000000038 0.004712942325071671
50.60000000000038 0.005025673172655041
50.70000000000038 0.004737913516398196
50.80000000000038 0.0058461656470415214
50.90000000000038 0.005358157376613589
51.000000000000384 0.0048222675401206234
51.100000000000385 0.005469982442385256
51.20000000000039 0.004773023013648948
51.30000000000039 0.005608615921770724
51.40000000000039 0.00618112600516438
51.50000000000039 0.00653011514029532
51.60000000000039 0.005825724172128297
