string
20190123an 23 2019_16.15.   full spectra  index number  Nphoton via eV
eV x-axis E [J] Nphoton Nphoton/sr Nphoton/sr @ 0.1bw
51.660080420516415 5.430230051215377e-10 65607294.043623894 3538215620838.4917 852709964622.089
51.4457232403483 5.698106953045515e-10 69130594.94037895 3728228003631.2334 902231176878.738
51.233137607123716 6.962376538599504e-10 84819464.89185254 4574332168492.798 1111562716943.7468
51.02230164989275 6.337220958725974e-10 77522501.60194665 4180805353016.109 1020116506135.94
50.813193856245654 5.513579168276112e-10 67724545.07809985 3652399429096.7344 894837860128.6752
50.605793064995666 5.278371163123063e-10 65101150.7167167 3510919201259.6655 863686123509.856
50.400078459040394 5.294200177176594e-10 65562894.77347147 3535821158553.5103 873347826162.708
50.1960295583965 5.204837501026416e-10 64718252.71531323 3490269428860.079 865586818357.2683
49.99362621340296 5.406108546049739e-10 67493056.70714356 3639915210960.6323 906338887529.2048
49.79284859808809 6.753874524400085e-10 84659361.79771353 4565697773843.773 1141424443460.9487
49.59367720369574 7.993076341561656e-10 100595053.23823687 5425113075231.3125 1361703381883.03
49.39609283236627 6.089183033750697e-10 76940571.05717514 4149421712313.224 1045654271502.873
49.20007659096798 5.470274271691581e-10 69395657.95926186 3742522909824.05 946858296185.4764
49.005609885074826 5.083457102182761e-10 64744419.215843536 3491680593918.3027 886886870855.2462
48.81267441308634 5.187632430736142e-10 66332378.23117339 3577319568596.263 912216489992.0406
48.621252160486 5.152723586951313e-10 66145405.22692115 3567236073857.393 913212434907.481
48.4313253942341 5.34409137907589e-10 68871016.99362785 3714228908570.1074 954556829502.5433
48.24287665729156 7.119707304600273e-10 92112361.90855584 4967639688972.28 1281651039754.7908
48.05588876327104 9.239736653534629e-10 120005722.10228944 6471934664002.337 1676231077976.5671
47.87034479121208 6.438246786897495e-10 83944073.29983899 4527122109758.269 1177051748537.151
47.686228080476646 5.333177097633036e-10 69804273.04650822 3764559610250.134 982550058275.2832
47.503522225762175 4.977591212199545e-10 65400698.92774143 3527073901356.5356 924093362155.379
47.322211072228725 4.961306857415068e-10 65436495.98978416 3529004444689.347 928128168953.3168
47.142278710737365 5.021819818676126e-10 66487427.53949236 3585681411478.087 946619892630.1812
46.96370947319669 5.162363299830151e-10 68608061.19729346 3700047645347.123 980512626016.9589
46.78648792801481 6.051480379481511e-10 80729108.89709622 4353738381073.155 1158094409365.4587
46.61059887565385 9.674413475034212e-10 129547470.23421288 6986523213684.476 1865401698053.7085
46.436027344284355 1.0155590026539706e-09 136502019.60794896 7361583572273.323 1972904397369.2869
46.26275858553703 6.524868789566761e-10 88029702.06539445 4747460956680.127 1277066997346.9102
46.09077807034915 5.382714371426834e-10 72891396.40468231 3931048843628.423 1061383187779.6875
45.92007148490342 5.030182288886165e-10 68370718.38271123 3687247695794.4067 999244125560.2339
45.75062472665653 4.883636524063436e-10 66624701.951189086 3593084650323.509 977319024887.9854
45.58242390045559 4.915311872537005e-10 67304273.06682365 3629734068225.275 990917400625.4889
45.41545531473963 5.160969478150565e-10 70927816.91747622 3825152575299.31 1048091805632.0355
45.24970547782453 6.326462778005066e-10 87263810.91755345 4706156280688.597 1294192977189.3389
45.0851610942688 1.0432247187977262e-09 144421954.45995024 7788707379433.261 2149683236723.5671
44.92180906131855 1.3471778220032713e-09 187178801.38255087 10094593422816.7 2796202378120.073
44.7596364654293 8.365720970002933e-10 116655655.7594072 6291264858334.851 1748971630617.0767
44.59863057886301 5.555108632612741e-10 77742769.40889953 4192684443697.86 1169758959791.7249
44.43877885635813 5.234021987357257e-10 73512704.61253075 3964556130255.773 1110075716471.5771
44.28006893187113 5.195671670654208e-10 73235623.87014988 3949613105623.883 1109841282680.3262
44.1224886153876 5.272364628822925e-10 74582066.56847976 4022227052857.052 1134268028905.649
43.96602588980112 5.25836772549935e-10 74648780.49466266 4025824949389.575 1139308460677.2554
43.81066890785836 5.844522370766331e-10 83264162.10137998 4490454351115.896 1275289035716.8804
43.65640598916871 8.611713101886295e-10 123120550.36953534 6639918029145.711 1892376638306.5132
43.50322561727689 1.574865814472831e-09 225949336.89534214 12185496825850.182 3485052092193.1445
43.3511164367969 1.7406655970344456e-09 250613253.28795224 13515627195094.83 3878985004992.1753
43.20006725060597 1.0618187932938894e-09 153410455.58790997 8273459197999.726 2382756249023.943
43.05006701709692 6.005804760667842e-10 87073570.4054106 4695896568539.326 1357114108307.8486
42.90110484748759 5.618981324682066e-10 81748178.89347893 4408697047369.187 1278522143737.0112
42.7531700031859 5.70848184210071e-10 83337655.2307502 4494417851549.082 1307875594800.7366
42.60625189320931 5.841089018104636e-10 85567623.26307964 4614680511989.127 1347486709500.8577
42.46034007165723 6.045755190073637e-10 88870180.8679881 4792788161096.501 1404286931201.2222
42.315424235235184 6.481132986492439e-10 95596327.50062095 5155530710237.569 1515726028809.8418
42.17149422082962 8.849659518015052e-10 130977455.03740971 7063642604782.49 2083774568410.8298
42.028540003131894 1.6733077624320018e-09 248496626.3030092 13401477041963.473 3966837204421.046
41.8865516923105 2.796114028023379e-09 416647945.4815503 22469914215831.86 6673564522102.205
41.74551953173033 2.0936165979109833e-09 313023005.64085877 16881398697892.791 5030656811971.912
41.60543389571781 1.108159714625263e-09 166242199.9051778 8965477956703.203 2680677909054.182
41.46628528737092 7.103667295737026e-10 106924310.00045766 5766451267437.453 1729935380231.258
41.32806433641302 6.852969932117975e-10 103495802.4724821 5581551111616.678 1680046884596.5786
41.19076179708939 6.924395815796909e-10 104923081.28991757 5658524568314.712 1708874419631.0781
41.05436854610565 7.11263731422477e-10 108133500.45045328 5831663171100.153 1766993940843.3408
40.91887558060695 7.728369315691759e-10 117883535.16427349 6357484661393.866 1932675337063.736
40.78427401619706 8.161585468718874e-10 124902396.65116593 6736013386216.928 2054484082796.0361
40.650555084996405 1.060192195399223e-09 162782268.87058106 8778883124343.647 2686338236049.034
40.51771013373824 2.033242603210368e-09 313208314.7356942 16891392457635.332 5185657484494.176
40.38573062190196 3.9691222713962805e-09 613416577.4751357 33081689286874.992 10189160300357.12
40.254608119882796 4.222019279065961e-09 654626502.680432 35304149505978.266 10908982197347.621
40.124334307197095 2.0191492707523723e-09 314086710.496289 16938764531834.098 5251017004868.439
39.99490097072226 1.0512756930169197e-09 164059344.53415427 8847756092322.525 2751652144712.3438
39.866300002970746 9.227383228267676e-10 144464654.14382827 7791010182661.232 2430795176990.279
39.73852340039712 8.55603910813869e-10 134384756.96586642 7247399138014.336 2268435930198.4043
39.6115632617377 8.447697567792822e-10 133108365.40578853 7178563063885.58 2254068802060.167
39.48541178638185 8.812987086928894e-10 139307801.0700596 7512899976075.894 2366563492463.8477
39.36006127277429 9.327912665572721e-10 147916860.44056937 7977188418230.048 2520791540160.652
39.235504116847785 9.926490656626994e-10 157908488.31411675 8516039080113.524 2699584388396.041
39.11173281048549 1.2892299957235154e-09 205736960.24408993 11095438961945.916 3528349589898.5654
38.98873994001226 2.5473782067142157e-09 407796227.87680626 21992539162388.39 7015619992801.5205
38.86651818471441 5.179886736153026e-09 831828128.0059218 44860671656514.23 14355414930085.674
38.745060315387185 6.65965301268799e-09 1072813513.2669935 57857065837282.49 18572118133767.97
38.624359192909345 3.6341294374571415e-09 587256833.7147399 31670888622719.875 10198026136515.738
38.50440776684441 1.625824523736513e-09 263543431.8675428 14212954534950.037 4590784314788.795
38.3851990740678 1.0440374311390128e-09 169762298.5849371 9155317643237.688 2966322916408.811
38.266726237419434 9.770973633248586e-10 159369608.86997914 8594837629116.979 2793322229463.0137
38.14898246438122 9.735276690278043e-10 159277457.8433464 8589867904231.03 2800296936779.2686
38.03196104577882 9.419649253929303e-10 154587718.33414352 8336949233662.302 2726182399407.4697
37.91565535450732 1.0024159244841622e-09 165013077.95340878 8899191142819.781 2918934694844.8857
37.800058844280166 1.061674518793051e-09 175302412.52652255 9454097191687.113 3110397976065.125
37.6851650484009 1.1744564252063077e-09 194516058.73320225 10490293305743.205 3461796790895.274
37.57096757855726 1.5720045316520005e-09 261150215.6230264 14083887862961.371 4661766882640.29
37.45746012363715 3.0215694333145496e-09 503481163.853176 27152848546973.125 9014745717594.957
37.34463644856595 6.466941095168942e-09 1080835608.1090443 58289699154899.875 19410469818580.59
37.232490393164845 9.588333752860808e-09 1607348433.7611542 86684650226276.33 28952673175577.867
37.12101587102963 6.538981041443247e-09 1099459408.9764602 59294084781666.63 19863518401857.63
37.010206868429535 2.8960767231062932e-09 488402103.00707644 26339631519644.305 8850116190600.53
36.900057443225876 1.361440207964882e-09 230282271.81182268 12419172947218.244 4185261283212.1973
36.790561723809766 1.2008212013822574e-09 203718703.31017166 10986593927037.04 3713468747338.3965
36.681713908058846 1.1015462767484644e-09 187431293.52020437 10108210378653.812 3426683318363.8354
36.573508262312366 1.093423749844295e-09 186599663.49702543 10063360390833.656 3421542532883.243
36.46593912036438 1.0990046394839028e-09 188105328.5011418 10144561231608.646 3459295379978.6235
36.35900088247475 1.1536379929068335e-09 198037112.07583404 10680184477453.8 3652623091289.2563
36.25268801439734 1.2288213041229917e-09 211561916.91600147 11409580140723.396 3913485988268.1133
36.14699504642534 1.352683476917473e-09 233567794.78728297 12596361915058.736 4333148498780.0425
36.04191657245317 1.844438807567767e-09 319407676.1787104 17225725367057.244 5942875251634.921
35.937447249054756 3.5517312040510352e-09 616853227.121401 33267028548903.992 11510391877920.645
35.83358179457772 7.449840713868937e-09 1297614653.2649717 69980640155014.14 24283282133789.215
35.730314988253284 1.3231851286757177e-08 2311387398.444322 124653624542830.06 43379461340904.19
35.62764166932152 1.2784589971900784e-08 2239694085.0095377 120787188574049.58 42154728812340.59
35.525556736171595 5.993798092118312e-09 1053052906.9475733 56791372045520.21 19876980215932.848
35.42405514549682 2.6535394451259546e-09 467537281.6220067 25214387169502.824 8850249896495.385
35.32313191146407 1.6283721121277837e-09 287728861.7362669 15517280022011.182 5462082567747.792
35.222782104897405 1.3655458856459742e-09 241975623.04637757 13049797919657.176 4606578665638.957
35.1230008524756 1.340521401830557e-09 238216101.31401098 12847046095881.355 4547854317941.867
35.02378333594318 1.3254420369330539e-09 236203678.91631353 12738515718778.408 4522173080166.307
34.92512479133489 1.3958291760304173e-09 249449868.94808063 13452885624902.412 4789227282465.219
34.82702050821316 1.5741466772568303e-09 282109590.2757888 15214231491371.045 5431480642419.729
34.72946582891845 1.6309442408829043e-09 293109560.901866 15807462296959.094 5659071502311.062
34.63245614783208 1.6610439541295399e-09 299355200.0887613 16144290975162.164 5795800460083.117
34.53598691065149 2.0018779043774e-09 361788443.2402873 19511329341833.004 7024078563059.902
34.440053613677456 3.71681283459943e-09 673590336.6288414 36326873190674.58 13114001221834.297
34.34465180311326 7.03563169445973e-09 1278594858.7485697 68954898504728.66 24961673258709.086
34.249777074375366 1.4520657961892257e-08 2646168658.918298 142708450650814.3 51803167586246.79
34.15542507141566 2.1487086498174676e-08 3926510945.126371 211757588298059.44 77079762140493.16
34.061591486054624 1.6069659601468035e-08 2944629890.3451624 158804529701827.3 57963653341166.02
33.968272057325706 8.456601168790827e-09 1553858144.621897 83799907312327.72 30670766076311.727
33.87546257083028 3.5213783213019426e-09 648808344.5783448 34990374975548.39 12841467616026.125
33.78315885810322 2.279938669371007e-09 421222812.959833 22716637812817.33 8359722715116.78
33.69135679598881 1.958292767165931e-09 362783973.951484 19565018529365.09 7219491837335.863
33.60005230602678 1.806401983118303e-09 335554774.58618635 18096541892100.32 6695720500077.099
33.50924135384833 1.8693234590450994e-09 348184020.2356613 18777639853657.258 6966504385706.358
33.41891994858189 2.182057887135893e-09 407533047.85173357 21978345806460.836 8175944640003.774
33.3290841422685 2.6089869040164875e-09 488582035.1951189 26349335301635.38 9828302067510.217
33.23973002928655 2.811852366393589e-09 527987938.8124585 28474504244579.723 10649464587471.887
33.150853745785774 2.676249250184664e-09 503872685.2442228 27173963380649.594 10190236267743.504
33.062451469130345 2.610438047478632e-09 492796158.4624277 26576603884951.992 9992803060741.814
32.97451941735074 3.485081762001756e-09 659665044.4612176 35575879158830.12 13412106442878.855
32.88705384860445 5.993718461690205e-09 1137523414.2545998 61346884855652.94 23189122475436.766
32.80005106064518 1.0949000298797747e-08 2083478017.719949 112362422127464.27 42585357986308.97
32.71350739030047 2.3840242824938415e-08 4548545462.171136 245304044938156.3 93215537076501.19
32.62741921295758 3.347934880337255e-08 6404470859.076201 345394504789679.0 131595306324864.78
32.541782942057424 2.8867172550716465e-08 5536711304.236407 298596043477976.6 114063688608584.73
32.45659502859654 1.8010481881741226e-08 3463469367.8078256 186785655438325.9 71538906032876.44
32.371851960636754 8.623620251509211e-09 1662689112.2955704 89669185042299.62 34432967056244.42
32.2875502628226 4.982199574031489e-09 963108021.1471909 51940624813941.984 19997140553367.547
32.203686495906176 4.540469351380217e-09 880002960.5381422 47458750840872.02 18319077824575.9
32.12025725627947 4.026614104171293e-09 782438064.8841729 42197054822456.516 16330260216289.824
32.03725917551389 4.2511167166596585e-09 828202713.648823 44665152272621.19 17330079081776.8
31.954688919906893 4.5839307336856195e-09 895349153.4844882 48286374360401.1 18783399626196.16
31.872543190035667 5.174420384988961e-09 1013290487.6886437 54646976136572.54 21312320693263.355
31.790818720317628 6.4047063818011985e-09 1257437728.6000512 67813889879470.83 26515230942872.754
31.709512278577684 5.684792785571146e-09 1118958685.3126404 60345684990659.31 23655508516338.797
31.62862066562213 5.045175438676815e-09 995600245.5310345 53692937533839.59 21101324450799.01
31.54814071481902 4.82598767220151e-09 954775824.2975278 51491267627684.97 20287559445308.035
31.468069291684962 5.202082393059535e-09 1031801377.9402907 55645272469301.26 21979882625373.46
31.388403293478163 7.369911680055913e-09 1465487215.8032532 79034043922713.95 31297481393394.117
31.30913964879766 1.0991053697999495e-08 2191074632.6974926 118165130948373.0 46911556986504.53
31.2302753171886 2.4729536850529527e-08 4942300465.972159 266539337835707.22 106082656458612.25
31.151807288753453 4.731828119409115e-08 9480575214.637505 511289480963202.3 204004502904305.7
31.073732583769104 5.4744959889338684e-08 10996125625.660574 593023443880259.5 237209377552102.75
30.99604825230968 5.1103575010340346e-08 10290439633.809502 554965645030727.0 222541223657322.22
30.918751373874994 3.3556084155682253e-08 6773892539.355867 365317496263352.6 146857633497866.9
30.841839057024558 1.613689998299769e-08 3265643824.210942 176116880894904.75 70975103000645.33
30.76530843901705 1.060132138282318e-08 2150738957.8768334 115989819242442.52 46859886973946.77
30.689156685455128 9.925788621122781e-09 2018687261.8790267 108868242589288.9 44091638248662.16
30.613380989935486 9.739214524638684e-09 1985645018.2852035 107086267213906.42 43477024488845.086
30.537978573704116 1.0464431053626313e-08 2138771112.946209 115344390765341.3 46945167041494.586
30.462946685316638 1.1094984557363106e-08 2273232029.393943 122595897200758.25 50019126057907.77
30.388282600303604 1.084821649945019e-08 2228133263.465237 120163710956597.9 49146957781248.086
30.31398362084076 1.2138369591126803e-08 2499230544.9070735 134784046240149.73 55261458958463.27
30.240047075424076 1.1322021526469176e-08 2336848126.6316404 126026727145269.23 51796984856704.7
30.166470318549564 1.0322938893716701e-08 2135835662.0699496 115186081261863.25 47456665479883.445
30.093250730397738 9.429934305279839e-09 1955818448.9172404 105477713848123.98 43562295819276.8
30.020385716522686 8.484387152648527e-09 1763978081.8708842 95131721176341.56 39384532567003.57
29.947872707545574 8.666426342798497e-09 1806188390.9686878 97408132316099.34 40424374911181.11
29.875709158852693 9.40761428185258e-09 1965396845.57693 105994278860870.38 44093620006123.05
29.80389255029776 1.2702614623517492e-08 2660168266.238509 143463452514982.66 59824259698748.26
29.732420385908558 2.4250280524686812e-08 5090676235.916794 274541275343188.75 114758253093452.77
29.66129019359777 5.570858094646942e-08 11722521363.970846 632198123855491.5 264891013895444.66
29.590499524877966 7.314307391151395e-08 15428009095.787544 832035882242867.4 349455070542006.1
29.520045954580638 8.204126983318155e-08 17346198798.323547 935484269623874.2 393838877511643.6
29.449927080579258 7.849788969066999e-08 16636529427.178465 897211646263633.9 378623314723259.2
29.380140523516275 5.184174780754931e-08 11013230814.25798 593945930417388.9 251239128566549.8
29.310683926533965 3.024299682097391e-08 6440029346.678914 347312181751110.4 147260365062464.28
29.241554955009118 2.1519614933118497e-08 4593280925.440349 247716638190963.34 105279571231157.61
29.172751296291448 1.7683154483692314e-08 3783304755.4892826 204034447379645.84 86918674583727.6
29.104270659445692 1.8645350054753717e-08 3998552436.804536 215642801595146.53 92079476281129.88
29.036110774997343 1.7258652589411755e-08 3709859112.039543 200073507872468.3 85631461369416.48
28.96826939468193 2.016026659790715e-08 4343728728.024662 234258233969572.28 100496782372944.78
28.90074429119782 1.7047202944230132e-08 3681570138.9676046 198547877408970.47 85375587285859.62
28.83353325796248 1.6892989247926197e-08 3656769756.506148 197210387394985.94 84997676967234.86
28.766634108872076 1.4527611496497894e-08 3152057582.135628 169991150183377.66 73436176879222.28
28.700044678064504 1.5259550141935783e-08 3318548221.0655303 178970026510657.16 77494021479112.05
28.6337628196856 1.3441111775056025e-08 2929852414.867957 158007577238961.84 68575288521711.125
28.567786407658676 1.3512160190949536e-08 2952141500.51199 159209632470008.03 69256190124451.38
28.50211333545716 1.199647943908913e-08 2627034197.0020742 141676524962745.16 61770964883754.01
28.43674151588042 1.2088824987867104e-08 2653342019.500945 143095311545436.1 62532651145353.02
28.371668880832637 1.2334308797840962e-08 2713431793.0001535 146335966084642.9 64095153145076.22
28.30689338110471 1.4012817763064191e-08 3089742166.003519 166630466253461.66 73150774685269.2
28.24241298615914 1.883268609361547e-08 4161974768.6186113 224456203453085.34 98760729519354.97
28.17822568391787 4.450462001122331e-08 9857809676.021755 531633817419158.75 234450513481844.2
28.114329480552975 7.955785453314231e-08 17662180042.81712 952525206785765.9 421016141399320.94
28.050722400280232 9.382207327780856e-08 20876127965.87342 1125854116500559.9 498753373609744.56
27.987402485155446 1.0154416963165422e-07 22645471836.556885 1221275215833271.8 542246195829974.1
27.924367794873564 1.1220007018968702e-07 25078338146.56653 1352480224467893.2 601853699888200.5
27.861616406570477 8.719198741107945e-08 19532563419.32531 1053395388618255.0 469814343323743.0
27.799146414627494 4.900844276002891e-08 11003438412.258865 593417824050195.0 265257767350431.38
27.736955930478437 3.7372441933092544e-08 8409722282.072126 453538149669090.56 203185091051759.4
27.675043082419336 3.321122399257168e-08 7490064385.168614 403940799495071.0 181369418973267.3
27.613406015420622 3.2566892939168084e-08 7361144154.629247 396988103454396.25 178644646554485.4
27.552042890941912 2.7434628559286264e-08 6214901553.056174 335170990932430.4 151162116910527.62
27.490951886749137 3.014904190105499e-08 6844988336.54926 369151708051425.5 166856572039243.66
27.430131196734205 2.477840017832973e-08 5638120488.882604 304065062836907.75 137741473465113.27
27.369579030736997 2.3346605877126318e-08 5324080447.800738 287128815196732.4 130356482099318.83
27.309293614369736 2.133490545323152e-08 4876062129.86325 262967089979195.12 119650025940534.45
27.24927318884365 1.7319183399512605e-08 3966993263.9640126 213940808547683.94 97557008697742.02
27.189516010797938 1.9556404896820157e-08 4489278187.777527 242107747954400.9 110643240815161.16
27.130020352130984 1.6910216878703635e-08 3890344248.8622565 209807110511386.47 96091656614217.62
27.070784499833756 1.9480086417935702e-08 4491371846.955242 242220659448698.75 111179282686946.2
27.0118067558254 1.7163188663719308e-08 3965822908.9581933 213877691047962.6 98383737882066.36
26.953085436791 1.6295005871931606e-08 3773418794.2295194 203501295341199.62 93814097152284.84
26.894618874021383 1.8072217998044695e-08 4194063844.6359224 226186774293992.6 104498289723826.89
26.836405413255104 1.68539325346459e-08 3919817810.7353673 211396626106281.28 97876637887207.8
26.77844341452237 1.724754338423958e-08 4020044793.7295246 216801889073286.78 100596076530003.56
26.720731251991072 2.232494162137522e-08 5214719680.226961 281230965243049.78 130772398838015.11
26.663267313814746 4.83659734402225e-08 11321801625.967306 610587221329323.0 284533645139475.2
26.606050001982528 7.789609103373263e-08 18273605144.349285 985499495342392.0 460228264324880.5
26.549077732171 9.786178537840626e-08 23006612116.667877 1240751589596729.8 580671743931265.2
26.492348933597984 1.0431369081688391e-07 24575922009.23639 1325384813032682.5 621605477312339.4
26.43586204887816 1.3945113506602922e-07 32924375906.688362 1775618745408762.8 834540810342103.4
26.379615533880546 1.3722295191581776e-07 32467381993.591373 1750972964394341.8 824708266229732.5
26.323607857587806 1.1189583723259063e-07 26531236594.375137 1430835353397769.0 675354286803751.5
26.267837501957324 7.078763621199862e-08 16819847898.94743 907098051271740.2 429057378251547.7
26.212302961784054 4.7466561196035816e-08 11302423222.293377 609542139809264.9 288922974269558.4
26.157002744565094 4.545594182323314e-08 10846550870.537323 584956844841617.9 277854501299773.2
26.10193537036601 4.5360842478545684e-08 10846693714.952406 584964548471955.9 278443125072643.03
26.04709937168877 3.936789657104042e-08 9433477522.461567 508749492192265.6 242673507775714.84
25.992493293341415 3.9373252259356193e-08 9454581798.034966 509887650358804.7 243726296871513.22
25.93811569230932 2.8100701406326782e-08 6761883935.909504 364669869670642.9 174676867572231.16
25.88396513762809 2.969133788324093e-08 7159586423.9844265 386118051252669.0 185336664601281.6
25.83004021025803 2.4917998652984827e-08 6021116782.111706 324720136136004.56 156190385481423.44
25.776339502960198 2.1371753243503607e-08 5174970552.122376 279087286128943.44 134520071914148.28
25.722861620173973 2.5389678784499057e-08 6160655158.567816 332245471092742.25 160474562537796.16
25.66960517789618 1.9793481317488425e-08 4812735248.046738 259551857485180.22 125623099022826.92
25.616568803561684 2.48348937115605e-08 6051044161.665904 326334126217031.5 158272051215263.28
25.563751135925475 2.165216747610043e-08 5286469993.527745 285100475226986.75 138558830960300.9
25.5111508249462 2.2342451295988597e-08 5466253197.309726 294796222464524.5 143565760340223.9
25.458766531671156 2.0920317948295303e-08 5128848811.738328 276599930650167.1 134980766157281.67
25.40659692812265 1.9102572397238932e-08 4692824700.398664 253085055600170.22 123758592188483.61
25.354640697185793 1.9939618460949476e-08 4908495060.544466 264716204976828.6 129710940438645.5
25.30289653249766 2.768079560638294e-08 6828059607.932363 368238738039380.56 180805220377339.8
25.251363138337787 2.1704390705091953e-08 5364777887.184938 289323636944167.3 142347229376527.88
25.200039229520026 2.6418599574374975e-08 6543310815.576139 352882173806449.9 173970911686583.3
25.148923531285707 3.893453234607135e-08 9662834408.62571 521118758890466.1 257432666891876.1
25.09801477919808 7.266753862787779e-08 18071327407.21061 974590613034031.0 482422353451841.94
25.047311719038085 9.671355872281496e-08 24099898765.169025 1299712776064941.8 644657536928250.9
24.996813106701318 1.0109496838389461e-07 25242587624.05675 1361338234471842.8 676585102532495.1
24.946517708096284 1.3880978739844113e-07 34729548155.17959 1872972076940297.5 932740094316219.6
24.89642429904388 1.338536386803644e-07 33556926721.22313 1809732348257142.0 903056441780301.1
24.84653166517806 1.7098562267034632e-07 42951941070.81901 2316407513180706.5 1158203756590365.0
24.796838601847703 1.3848420632430942e-07 34857232716.30164 1879858133060849.5 941808924663455.6
24.747343914019662 1.1058912228895267e-07 27891559157.40387 1504197844749522.8 755107318064241.5
24.69804641618297 5.8975485286908703e-08 14903830255.0542 803766803485213.9 404294702153083.3
24.648944932254178 5.084137898467938e-08 12873835687.694744 694288755454873.9 349921532749244.7
24.60003829548383 4.205519383649075e-08 10670206654.867096 575446562980060.9 290600514304923.7
24.55132534836406 4.852017159274186e-08 12334920689.57807 665224952528133.9 336603825979233.8
24.502804942537253 4.5925706920213374e-08 11698468824.885067 630900965197224.9 319866789354997.94
24.45447593870582 2.485418029645415e-08 6343516283.4459915 342107211283670.56 173790463332111.44
24.406337206543014 3.41948458722249e-08 8744742347.257038 471605854567015.5 240047379974594.94
24.358387624604813 2.9896526370308426e-08 7660571471.97186 413136283728725.94 210699504701658.56
24.310626080242844 1.9254799580054748e-08 4943469213.101863 266602368622320.34 136233810365995.75
24.263051469518295 2.6165015946264145e-08 6730767036.197937 362991728509107.94 185851764996669.75
24.215662697116894 2.0362753389633418e-08 5248426477.980664 283048780168647.8 145204024226510.4
24.168458676264812 2.0113053779445505e-08 5194192432.6227 280123926320244.6 143983698128606.66
24.12143832864562 2.3501337645313978e-08 6081046947.313745 327952182965070.4 168895374227004.78
24.07460058431815 1.8871896642547685e-08 4892664469.423738 263862457758520.44 136153028203398.1
