string
20190123an 23 2019_14.30   full spectra  index number  Nphoton via eV
eV x-axis E [J] Nphoton Nphoton/sr Nphoton/sr @ 0.1bw
51.660080420516415 4.573770290088891e-10 55259664.78025944 2980165726661.5225 718219940125.4375
51.4457232403483 4.3485768868431447e-10 52757821.11649779 2845240754353.8506 688548262553.6162
51.233137607123716 4.4175351743571365e-10 53816820.67216651 2902352830456.801 705271737801.0006
51.02230164989275 4.4155285297426104e-10 54014657.17383298 2913022195971.2954 710777415817.0026
50.813193856245654 4.4494045287369245e-10 54653046.30265447 2947450660377.5205 722125411792.4725
50.605793064995666 4.4387505963317485e-10 54745633.19543737 2952443891619.637 726301197338.4125
50.400078459040394 4.4906900653065445e-10 55612298.4320141 2999183336109.674 740798284019.0818
50.1960295583965 4.456959879168534e-10 55418955.10573735 2988756288520.0815 741211559552.9535
49.99362621340296 4.420719262494425e-10 55190874.050783984 2976455827676.25 741137501091.3923
49.79284859808809 4.4279784259120935e-10 55504411.02176975 2993364944636.8516 748341236159.2164
49.59367720369574 4.5408583554481717e-10 57147945.10824805 3082001094975.431 773582274838.8165
49.39609283236627 4.432242072547985e-10 56004103.38058521 3020313462105.03 761118992450.4242
49.20007659096798 4.5618923293805924e-10 57871964.73400608 3121047630684.5146 789625050563.1754
49.005609885074826 4.391781257985824e-10 55935030.26694689 3016588334080.5063 766213436856.4463
48.81267441308634 4.4987143383900817e-10 57523431.93786158 3102251181270.3228 791074051223.9266
48.621252160486 4.4773585596151437e-10 57475758.45557694 3099680140013.7344 793518115843.5059
48.4313253942341 4.407160567163609e-10 56796489.57785181 3063047021868.0845 787203084620.1189
48.24287665729156 4.4835372479401616e-10 58006486.49501488 3128302418480.3286 807102023967.8885
48.05588876327104 4.4341106746213443e-10 57590240.21381 3105854166106.1978 804416229021.4869
47.87034479121208 4.3799991712425236e-10 57107933.82948186 3079843278019.193 800759252284.9908
47.686228080476646 4.4494224844832183e-10 58237087.63468302 3140738788040.311 819732823678.5198
47.503522225762175 4.4241130421497416e-10 58128535.01966732 3134884521929.6553 821339744745.54
47.322211072228725 4.395728765353632e-10 57976879.0749839 3126705683885.8994 822323594862.0079
47.142278710737365 4.402638044085322e-10 58289641.70520625 3143573040480.906 829903282686.9294
46.96370947319669 4.456210545026426e-10 59223256.486279555 3193923088450.31 846389618439.3074
46.78648792801481 4.4317099842961874e-10 59120739.96565597 3188394350221.5513 848112897158.9324
46.61059887565385 4.350309536514156e-10 58253825.582866885 3141641469222.156 838818272282.2947
46.436027344284355 4.459822327894474e-10 59944794.271854505 3232835777979.1445 866399988498.4266
46.26275858553703 4.546604440953568e-10 61340119.97089014 3308085996060.1187 889875132940.1412
46.09077807034915 4.73968499936442e-10 64183650.53065578 3461438216900.1455 934588318563.051
45.92007148490342 4.5697415554735107e-10 62112363.93189144 3349733280645.521 907777719054.8905
45.75062472665653 4.3782359138098993e-10 59729806.137756616 3221241421201.4624 876177666566.7897
45.58242390045559 4.4554483490420103e-10 61007464.04200713 3290145789546.5596 898209800546.2007
45.41545531473963 4.5479308560379266e-10 62502754.27437594 3370787116627.305 923595669955.9033
45.24970547782453 4.569226627859841e-10 63025444.46783943 3398975912314.2896 934718375886.4114
45.0851610942688 4.5305408818399535e-10 62719906.56721569 3382498186956.095 933569499599.8767
44.92180906131855 4.525845484816884e-10 62882740.441120245 3391279853151.1323 939384519322.8124
44.7596364654293 4.5871779060744926e-10 63965825.37679317 3449690859030.215 959014058810.3933
44.59863057886301 4.694269237918652e-10 65695473.30979107 3542971147819.674 988488950241.7075
44.43877885635813 4.750481623715432e-10 66721300.21902625 3598294215893.7656 1007522380450.2186
44.28006893187113 4.784631372013947e-10 67441802.66379528 3637151069268.011 1022039450464.3251
44.1224886153876 4.881487417176471e-10 69052777.09943445 3724031270563.3115 1050176818298.8173
43.96602588980112 4.787121202724105e-10 67958875.93227647 3665036942970.4336 1037205454860.6377
43.81066890785836 4.960809607419625e-10 70674321.88682185 3811481533224.783 1082460755435.8093
43.65640598916871 5.076134330145712e-10 72572837.14437014 3913868873513.365 1115452628951.3005
43.50322561727689 5.07961552741942e-10 72878320.7785797 3930343672272.053 1124078290269.805
43.3511164367969 5.141210119829245e-10 74020845.5985158 3991960284022.6553 1145692601514.49
43.20006725060597 5.287639889239617e-10 76395261.55651097 4120013052474.9033 1186563759112.783
43.05006701709692 5.2638979453356e-10 76317230.84836139 4115804839432.366 1189467598595.9392
42.90110484748759 5.347672977582264e-10 77801028.68734016 4195826379240.8857 1216789649979.8064
42.7531700031859 5.450564955150468e-10 79572347.8868036 4291354008483.8384 1248784016468.753
42.60625189320931 5.588015812474813e-10 81860288.44072159 4414743139607.579 1289104996765.4443
42.46034007165723 5.64603318088942e-10 82994427.36221568 4475907498033.383 1311440896923.732
42.315424235235184 5.850155930496403e-10 86289453.31425758 4653608963465.425 1368161035258.8315
42.17149422082962 6.035258402600909e-10 89323525.32395644 4817237126095.136 1421084952198.0618
42.028540003131894 6.150135259178524e-10 91333339.71939614 4925626853069.738 1457985548508.5903
41.8865516923105 6.449686175324062e-10 96106541.68668473 5183046672135.097 1539364861624.1567
41.74551953173033 6.466040895549438e-10 96675750.3614161 5213744219622.914 1553695777447.5852
41.60543389571781 6.623311251971991e-10 99360572.1858317 5358537243886.328 1602202635921.9668
41.46628528737092 6.711748602547153e-10 101025154.80342919 5448308546080.921 1634492563824.297
41.32806433641302 6.798723712458288e-10 102676558.24838805 5537369092631.961 1666748096882.1792
41.19076179708939 6.975575658149452e-10 105698592.52619183 5700348057765.395 1721505113445.1846
41.05436854610565 7.259055903166818e-10 110359503.8095245 5951712015850.063 1803368740802.5635
40.91887558060695 7.710292219666673e-10 117607798.86106469 6342614142658.604 1928154699368.216
40.78427401619706 7.750263102204893e-10 118607645.51846844 6396536090107.264 1950943507482.595
40.650555084996405 7.95748571786198e-10 122179505.308568 6589167264567.406 2016285182957.535
40.51771013373824 8.063970289701062e-10 124220422.12415007 6699234351817.23 2056664946007.9407
40.38573062190196 8.556307424664846e-10 132235301.8471418 7131478556496.284 2196495395400.774
40.254608119882796 8.749526618467588e-10 135661910.3744102 7316276298796.369 2260729376328.148
40.124334307197095 8.727447976203155e-10 135758929.04895195 7321508536991.536 2269667646467.32
39.99490097072226 8.816969846983761e-10 137595333.31569928 7420546218052.722 2307789873814.4287
39.866300002970746 8.975280261521338e-10 140517709.81533527 7578150617559.095 2364382992678.4126
39.73852340039712 8.92428784958545e-10 140168626.93149525 7559324501795.978 2366068569062.0547
39.6115632617377 8.997228931844424e-10 141767200.67079595 7645535930843.715 2400698282285.0273
39.48541178638185 9.289493757766524e-10 146839991.44488254 7919112639344.817 2494520481393.5557
39.36006127277429 9.312434504671629e-10 147671416.3580649 7963951565538.299 2516608694710.059
39.235504116847785 9.567650115537865e-10 152200129.80663407 8208186065674.432 2601994982818.8467
39.11173281048549 9.980629177981426e-10 159272148.1203988 8589581549718.938 2731486932810.44
38.98873994001226 9.893088385670326e-10 158373189.93680185 8541100539580.519 2724611072126.039
38.86651818471441 1.0032197095633025e-09 161105139.06805113 8688435149739.795 2780299247916.9517
38.745060315387185 1.0388880544544935e-09 167356038.13997892 9025547494685.367 2897200745794.048
38.624359192909345 1.025498522220102e-09 165715345.44997182 8937064581475.768 2877734795235.1797
38.50440776684441 1.0345523134208454e-09 167699197.01962987 9044054127615.588 2921229483219.792
38.3851990740678 1.0257829840081007e-09 166794093.7946548 8995241714060.645 2914458315355.4526
38.266726237419434 1.0283252905742178e-09 167725147.46356326 9045453640694.604 2939772433225.7417
38.14898246438122 1.0720166308981795e-09 175391094.84763333 9458879848530.693 3083594830620.954
38.03196104577882 1.0505976571745454e-09 172415649.80995694 9298413451238.758 3040581198554.959
37.91565535450732 1.0750283349329178e-09 176966197.46508384 9543825474877.99 3130374755759.978
37.800058844280166 1.0837261188310799e-09 178943546.0550272 9650464313909.037 3175002759276.139
37.6851650484009 1.1583408200667887e-09 191846956.7311513 10346348054915.02 3414294858121.9727
37.57096757855726 1.1622816909093982e-09 193084757.76256758 10413102933449.332 3446737070971.7856
37.45746012363715 1.170988079821932e-09 195120600.17108566 10522896356823.79 3493601590465.4517
37.34463644856595 1.146824663857924e-09 191671597.8565671 10336890912712.295 3442184673933.005
37.232490393164845 1.2017662678627061e-09 201459104.1764449 10864733254861.332 3628820907123.8823
37.12101587102963 1.2169296650483151e-09 204613648.7963626 11034858531532.604 3696677608063.2935
37.010206868429535 1.2215516680113554e-09 206005731.41882575 11109933849789.469 3732937773529.28
36.900057443225876 1.18564509253722e-09 200547217.4794565 10815555007187.016 3644842037421.7183
36.790561723809766 1.2251062407453798e-09 207838647.83080217 11208783430085.13 3788568799368.649
36.681713908058846 1.211260446744502e-09 206099477.7208293 11114989608222.736 3767981477187.7197
36.573508262312366 1.261182790886757e-09 215228802.576513 11607336081019.055 3946494267546.2476
36.46593912036438 1.2705164044987824e-09 217461234.50995088 11727731620181.156 3999156482481.861
36.35900088247475 1.2602267908825786e-09 216334479.0666382 11666965454337.723 3990102185383.563
36.25268801439734 1.315259960764477e-09 226443761.6833073 12212161262078.033 4188771312892.753
36.14699504642534 1.3976849551422022e-09 241338197.9972567 13015421448278.648 4477304978207.6875
36.04191657245317 1.481191413905564e-09 256502902.4277089 13833257252717.52 4772473752187.682
35.937447249054756 1.4671741895776226e-09 254814084.0607312 13742178911293.68 4754793903307.557
35.83358179457772 1.4525109361721072e-09 252998627.37947223 13644270938068.705 4734562015509.706
35.730314988253284 1.5387258790479538e-09 268790173.7568002 14495912464882.863 5044577537779.158
35.62764166932152 1.5740461322537643e-09 275752434.74286807 14871388712400.1 5190114660627.301
35.525556736171595 1.5714029653510201e-09 276080447.69224185 14889078522020.047 5211177482707.219
35.42405514549682 1.5649456059273704e-09 275733762.249333 14870381700767.19 5219503976969.22
35.32313191146407 1.5506147214605512e-09 273989345.2328614 14776304912097.436 5201259329058.16
35.222782104897405 1.5253836087253425e-09 270298971.99788374 14577282281808.186 5145780645478.26
35.1230008524756 1.5694381314951414e-09 278895534.54930633 15040896767794.059 5324477455798.941
35.02378333594318 1.629386591477082e-09 290368870.5802216 15659656272502.799 5559177976738.459
34.92512479133489 1.6381798808003356e-09 292760578.15410006 15788641581556.205 5620756403033.962
34.82702050821316 1.6305835954726141e-09 292223892.90356433 15759698029400.914 5626212196496.401
34.72946582891845 1.717940963837673e-09 308744412.55771995 16650653243402.512 5960933861137.789
34.63245614783208 1.7441695612626762e-09 314336190.02221555 16952219016866.291 6085846627054.894
34.53598691065149 1.7428832856125102e-09 314981762.51032394 16987034881399.432 6115332557303.813
34.440053613677456 1.734302339249781e-09 314304041.79535395 16950485256007.502 6119125177419.069
34.34465180311326 1.7779909681395661e-09 323116702.1654637 17425753944302.03 6308122927836.655
34.249777074375366 1.9715920067803168e-09 359292601.6305691 19376728061603.832 7033752286362.354
34.15542507141566 2.1224359239552216e-09 387850064.5700632 20916838241987.87 7613729120083.538
34.061591486054624 2.0715069324164545e-09 379586212.93343776 20471166927917.855 7471975928689.8955
33.968272057325706 2.1435719436166795e-09 393870617.36624676 21241527962240.246 7774399234179.875
33.87546257083028 2.0976440086791233e-09 386487566.1194508 20843358404546.023 7649512534468.311
33.78315885810322 2.029785265125717e-09 375006516.87115407 20224182924348.215 7442499316160.146
33.69135679598881 2.0395396491698143e-09 377835383.63788795 20376744323644.36 7519018655424.92
33.60005230602678 2.021604694656381e-09 375530537.47581697 20252443469400.215 7493404083678.058
33.50924135384833 2.075127652210156e-09 386517531.22373337 20844974429129.848 7733485513206.636
33.41891994858189 2.241388865052819e-09 418614025.31115645 22575945328169.805 8398251662079.5205
33.3290841422685 2.2786356972802365e-09 426717537.26763487 23012969488455.99 8583837619194.277
33.23973002928655 2.5289410058197223e-09 474865026.6989726 25609574053442.945 9577980695986.826
33.150853745785774 2.693139244430658e-09 507052660.6347442 27345460144304.31 10254547554114.021
33.062451469130345 2.4567447202799443e-09 463782069.69752574 25011867774602.57 9404462283250.44
32.97451941735074 2.4695871590284815e-09 467449671.0015937 25209662309710.7 9504042690760.863
32.88705384860445 2.547898250445228e-09 483555231.2883361 26078238674878.53 9857574219104.066
32.80005106064518 3.51368117356204e-09 668616064.1713371 36058609596389.69 13666213037031.695
32.71350739030047 5.020664240513381e-09 957906331.5740796 51660096565206.45 19630836694778.83
32.62741921295758 4.080110669032996e-09 780509502.5921 42093047039068.35 16037450921884.686
32.541782942057424 4.020369140838388e-09 771105075.5031651 41585864243067.336 15885800140851.396
32.45659502859654 3.7685478051810486e-09 724702979.6352179 39083389132137.625 14968938037608.21
32.371851960636754 3.788070684081788e-09 730364243.709195 39388702333546.58 15125261696082.484
32.2875502628226 3.6968306069183452e-09 714633598.5622629 38540345223318.35 14838032910977.479
32.203686495906176 3.6150714415790508e-09 700648616.9055204 37786132124358.28 14585447000001.736
32.12025725627947 3.269443627741328e-09 635307252.9815465 34262258172645.35 13259493912813.062
32.03725917551389 3.067443739008226e-09 597599501.0101467 32228670916886.91 12504724315751.963
31.954688919906893 3.633683833001794e-09 709743652.9745688 38276629395442.19 14889608834827.115
31.872543190035667 4.6166086240232716e-09 904055962.9973164 48755934488966.52 19014814450697.0
31.790818720317628 4.3460437943959345e-09 853259948.4575717 46016494389495.9 17992449306292.664
31.709512278577684 4.550036862613532e-09 895600500.8373528 48299929577745.84 18933572394476.65
31.62862066562213 3.8578041418902585e-09 761287847.6796651 41056419013771.01 16135172672412.045
31.54814071481902 4.408811473419434e-09 872241475.6576014 47040172275095.92 18533827876387.938
31.468069291684962 4.578585566676252e-09 908134577.6101046 48975895061105.836 19345478549136.332
31.388403293478163 5.438627912362017e-09 1081456606.684438 58323189742981.67 23095983138220.293
31.30913964879766 1.037335348670894e-08 2067935641.590848 111524218406268.77 44275114707289.125
31.2302753171886 1.1537329937690397e-08 2305783220.760191 124351390022827.4 49491853229085.67
31.151807288753453 8.708464308912808e-09 1744806632.8948543 94097800768101.69 37545022506470.36
31.073732583769104 8.648353805967949e-09 1737116715.361833 93683081844925.19 37473232737969.91
30.99604825230968 6.779529558476958e-09 1365155757.7531147 73623146593242.36 29522881783890.28
30.918751373874994 8.723755496511184e-09 1761045239.9278283 94973552373197.95 38179368054025.36
30.841839057024558 7.166022061710912e-09 1450196488.460751 78209411675249.98 31518392905125.176
30.76530843901705 7.70572061354739e-09 1563295076.4914443 84308843098208.77 34060772611676.34
30.689156685455128 6.579719408765204e-09 1338170322.1995518 72167816191301.7 29227965557477.293
30.613380989935486 5.5723377035635225e-09 1136096198.8558526 61269914819138.54 24875585416569.723
30.537978573704116 5.018442382891901e-09 1025693565.709399 55315876828778.12 22513561869313.02
30.462946685316638 6.09209776961888e-09 1248199283.603907 67315658533793.33 27464788681786.805
30.388282600303604 7.2749932805316005e-09 1494222992.3840559 80583770596512.08 32958762173973.133
30.31398362084076 1.1629369572592733e-08 2394429946.7601414 129132127214345.47 52944172157883.445
30.240047075424076 9.910059776034609e-09 2045421355.9207098 110310018088890.42 45337417434533.13
30.166470318549564 9.094841385901794e-09 1881739955.343751 101482644596287.08 41810849573666.56
30.093250730397738 7.955309399607096e-09 1649973413.0581057 88983424619960.52 36750154368045.03
30.020385716522686 8.154546088578424e-09 1695401248.0875506 91433357632213.39 37853410059734.58
29.947872707545574 7.657481803973614e-09 1595912108.5571878 86067886723505.47 35718172990254.664
29.875709158852693 1.4786493852777661e-08 3089128391.610569 166597365267108.5 69304503951118.664
29.80389255029776 2.3382338901152667e-08 4896704952.390064 264080361882682.06 110121510905079.33
29.732420385908558 1.7131383781739346e-08 3596260596.5440545 193947115252724.78 81069894175638.86
29.66129019359777 1.383488785276193e-08 2911217009.4223304 157002565774771.1 65784075059627.52
29.590499524877966 1.1248658303441093e-08 2372670347.856087 127958627318216.36 53742623473651.15
29.520045954580638 8.85580913079387e-09 1872406729.1390216 100979301679439.53 42512286007043.24
29.449927080579258 1.3257889467050304e-08 2809824176.548245 151534428270462.28 63947528730136.04
29.380140523516275 1.4296621500070723e-08 3037165973.4325843 163795020766028.5 69285293784028.484
29.310683926533965 1.079513044566153e-08 2298745633.007956 123971851386446.19 52564064987850.85
29.241554955009118 1.1354827429754993e-08 2423645237.466261 130707714189095.52 55550778530364.64
29.172751296291448 9.14873423244005e-09 1957368509.1208236 105561308931651.0 44969117604882.53
29.104270659445692 9.59382216253524e-09 2057424552.1603513 110957353069766.94 47378789760791.67
29.036110774997343 7.530368513949511e-09 1618701466.0478466 87296921723923.36 37363082497839.22
28.96826939468193 8.247988881816972e-09 1777110738.1137319 95839968180564.12 41115346349461.305
28.90074429119782 9.786384847849673e-09 2113499929.7044797 113981510362996.03 49012049456089.63
28.83353325796248 1.3343258299472717e-08 2888371186.807651 155770485597947.84 67137079292712.3
28.766634108872076 1.55250057733043e-08 3368462336.168608 181661905581917.28 78477943211391.62
28.700044678064504 2.2349308688963003e-08 4860383032.392194 262121512846325.53 113498615062455.3
28.6337628196856 1.6940957800400464e-08 3692738141.9289303 199150170234903.2 86431173881950.11
28.567786407658676 1.492664474046651e-08 3261178581.2934184 175876069374296.78 76506090177816.77
28.50211333545716 1.2349505272423412e-08 2704341122.0298 145845704224279.9 63588727041783.07
28.43674151588042 1.348857488324575e-08 2960569166.715647 159664138339266.5 69773228454256.61
28.371668880832637 2.9223613193829193e-08 6428919726.76695 346713037535713.3 151860310440648.66
28.30689338110471 3.204668694722573e-08 7066102022.860108 381076417190717.6 167292547146723.97
28.24241298615914 1.837007230608668e-08 4059738321.7443304 218942569662472.38 96334730651485.33
28.17822568391787 1.997104086565874e-08 4423601860.572433 238565809360167.03 105207521927831.5
28.114329480552975 1.4328829404494157e-08 3181060703.9379134 171555294843050.6 75827440320630.6
28.050722400280232 1.0694857869192553e-08 2379687568.75575 128337067565813.72 56853320931655.08
27.987402485155446 1.4077926223387491e-08 3139533101.361514 169315702214308.9 75176171783153.36
27.924367794873564 1.493464014151722e-08 3338108032.669314 180024891399782.88 80111076672901.8
27.861616406570477 2.0960437016589095e-08 4695512483.194947 253230008310289.72 112940583706389.52
27.799146414627494 1.5633591239752588e-08 3510073952.183373 189299050798460.75 84616675706910.11
27.736955930478437 1.5011162769542694e-08 3377882297.572105 182169926146877.44 81612126913803.83
27.675043082419336 1.1214473849185674e-08 2529179026.7946153 136399174374598.34 61243229294188.055
27.613406015420622 1.1664776721195779e-08 2636607156.128633 142192796728148.53 63986758527669.38
27.552042890941912 1.3008411530732746e-08 2946859544.6968236 158924775445400.78 71675073725876.47
27.490951886749137 1.3966314993349596e-08 3170888930.65971 171006728900357.75 77295041462961.39
27.430131196734205 1.3708008607748569e-08 3119144240.0191355 168216126492671.22 76201905301176.78
27.369579030736997 1.5036355897260645e-08 3428968170.3674045 184924998365041.3 83955949257730.25
27.309293614369736 1.8879563591428686e-08 4314897258.781466 232703346569702.2 105880022689215.08
27.24927318884365 1.3557761141692253e-08 3105432045.083591 167476624840847.78 76369340927425.12
27.189516010797938 2.6222439991360823e-08 6019502485.483021 324633076768116.56 148357316083029.2
27.130020352130984 3.090890075980093e-08 7110864702.213331 383490478212848.0 175638639021489.2
27.070784499833756 2.999987627307437e-08 6916837883.273888 373026569715468.6 171219195499390.06
27.0118067558254 2.2556355119719168e-08 5211998284.7635765 281084199794491.22 129298731905470.64
26.953085436791 2.2895611463447033e-08 5301914665.177513 285933409724385.7 131815301882930.3
26.894618874021383 4.420877040839027e-08 10259637505.79485 553304479575190.25 255626669563743.56
26.836405413255104 4.3486774152337345e-08 10113973786.435339 545448803544952.56 252542796041311.9
26.77844341452237 2.2587932175220016e-08 5264778706.113241 283930659384329.6 131743825954326.98
26.720731251991072 2.4105127144628252e-08 5630540184.486397 303656255374012.9 141200158748912.7
26.663267313814746 2.1197979207535558e-08 4962152074.86152 267609939415836.53 124706231767784.5
26.606050001982528 1.4196060141059573e-08 3330246668.1007147 179600926300731.1 83873632582438.4
26.549077732171 1.2493350592014518e-08 2937098173.680407 158398342585845.25 74130424330175.03
26.492348933597984 1.2441635127241547e-08 2931203489.7817454 158080441002581.03 74139726830211.84
26.43586204887816 1.6126173592376506e-08 3807385296.939437 205333116211506.7 96506564619406.39
26.379615533880546 2.208949516915333e-08 5226444029.148026 281863261927456.44 132757596367831.6
26.323607857587806 2.3572310215828095e-08 5589149291.694895 301424035533670.7 142272144771893.5
26.267837501957324 1.840976232574383e-08 4374343017.295128 235909269240827.44 111585084350915.16
26.212302961784054 1.9551189561791477e-08 4655399787.948126 251066721941218.22 119005626200123.77
26.157002744565094 1.1870448365295226e-08 2832488270.751299 152756707794566.44 72559436202420.28
26.10193537036601 1.518532791434354e-08 3631118644.366109 195827017344615.94 93213660256034.52
26.04709937168877 1.1288308895211226e-08 2704945336.2949576 145878289630864.34 69583944153923.484
25.992493293341415 1.3636472469273998e-08 3274485519.9703794 176593715468053.62 84411795993731.22
25.93811569230932 1.9271150948643906e-08 4637225389.569234 250086572688289.4 119791468317685.98
25.88396513762809 2.2108747221093988e-08 5331167193.540085 287511004934038.0 138005282368338.58
25.83004021025803 2.7223361956060415e-08 6578178441.289144 354762592436080.75 170640806961760.56
25.776339502960198 2.312746355503348e-08 5600099415.286024 302014578077834.8 145571026633513.72
25.722861620173973 1.3530059577493005e-08 3282988809.71671 177052299731397.56 85516260770265.9
25.66960517789618 1.80933363000359e-08 4399349258.94055 237257861285325.75 114832804862097.38
25.616568803561684 2.8073025994882747e-08 6840018001.267159 368883656789865.5 178908573543088.2
25.563751135925475 4.665224825480095e-08 11390347446.824286 614283912339595.4 298541981397011.8
25.5111508249462 4.6094654674121235e-08 11277413125.055853 608193339831846.9 296190156498110.44
25.458766531671156 4.8643890219580434e-08 11925591148.644772 643149721459499.4 313857064072236.0
25.40659692812265 6.03958081360722e-08 14837108548.923208 800168487378399.8 391282390328038.7
25.354640697185793 5.23101675125615e-08 12877086858.733967 694464091815330.1 340287404989510.44
25.30289653249766 3.026846557054493e-08 7466363687.489962 402662615720327.6 197707344318685.2
25.251363138337787 2.7378648774377803e-08 6767311348.266791 364962571198166.9 179561585029495.03
25.200039229520026 2.7752806898555134e-08 6873764865.191883 370703632492770.94 182756890818939.78
25.148923531285707 1.9242386552986662e-08 4775606221.119486 257549480996779.62 127229443612402.12
25.09801477919808 1.3579139107318595e-08 3376928314.2097597 182118477616895.0 90148646420362.39
25.047311719038085 1.4312998092369464e-08 3566633361.5204754 192349312031439.97 95405258767600.11
24.996813106701318 1.4215295822679863e-08 3549443222.963107 191422244124514.62 95136855329882.27
24.946517708096284 1.6305071541015096e-08 4079451297.1330395 220005694707793.66 109562835964475.55
24.89642429904388 1.8097823176142828e-08 4537099866.113443 244686781456229.94 122098703946657.02
24.84653166517806 1.7664941762632865e-08 4437469804.527863 239313710590469.06 119656855295235.75
24.796838601847703 2.6022854326807467e-08 6550094868.491266 353248039253985.9 176977267666241.3
24.747343914019662 2.793520468744303e-08 7045506809.233779 379965712845576.8 190742787848474.78
24.69804641618297 1.9275657205912747e-08 4871195576.500092 262704635699070.1 132140431756639.05
24.648944932254178 1.6425784399861545e-08 4159266597.9622564 224310151221242.94 113052316215502.66
24.60003829548383 1.584871608596059e-08 4021122254.45938 216859996764524.28 109514298366082.1
24.55132534836406 1.127955676263777e-08 2867517436.8415403 154645838331836.06 78250794195908.6
24.502804942537253 1.0124840926432909e-08 2579059613.400623 139089245246727.47 70518247340091.9
24.45447593870582 1.5823655589856204e-08 4038661331.8410068 217805883018048.22 110645388573172.83
24.406337206543014 1.765119747213051e-08 4513989464.702122 243440432487424.5 123911180136090.84
24.358387624604813 2.1346261858707846e-08 5469684424.290237 294981269281011.3 150440447333321.72
24.310626080242844 3.1495052027120554e-08 8086026521.012959 436081166952851.56 222837476312890.88
24.263051469518295 2.523844465754121e-08 6492413063.869699 350137246999477.06 179270270463738.5
24.215662697116894 1.4961498503721326e-08 3856272449.735381 207969610982437.4 106688410433986.05
24.168458676264812 1.5820296869033543e-08 4085588751.4682546 220336688953442.66 113253058122070.25
24.12143832864562 1.480243904220851e-08 3830178865.0897555 206562378293714.78 106379624821259.05
24.07460058431815 1.8728933721692198e-08 4855600383.255648 261863583539369.75 135121609106316.33
