string
20190123an 23 2019_15.14.   full spectra  index number  Nphoton via eV
eV x-axis E [J] Nphoton Nphoton/sr Nphoton/sr @ 0.1bw
51.660080420516415 5.508497655906292e-10 66552912.49930933 3589213029587.505 865000340130.6013
51.4457232403483 5.278492738749013e-10 64039749.76692137 3453677617449.7686 835789983422.8251
51.233137607123716 5.339524006870671e-10 65048991.034758314 3508106218280.053 852469811042.0505
51.02230164989275 5.373468164226643e-10 65733023.52598021 3544996239136.4707 864979082349.3068
50.813193856245654 5.365372007667925e-10 65904082.8659567 3554221506503.7344 870784269093.3909
50.605793064995666 5.441794899609388e-10 67116748.51590413 3619620828454.8164 890426723799.8624
50.400078459040394 5.466831808257916e-10 67700749.23389602 3651116114049.218 901825680170.1475
50.1960295583965 5.386951545574461e-10 66982704.34434947 3612391797162.02 895873165696.1486
49.99362621340296 5.309098505286743e-10 66281925.97852297 3574598667650.1655 890075068244.8984
49.79284859808809 5.329997742840947e-10 66811162.34273677 3603140499747.858 900785124936.9688
49.59367720369574 5.423570077481759e-10 68257113.70335692 3681120970756.418 923961363659.841
49.39609283236627 5.350728282707471e-10 67609741.30050206 3646208036429.9727 918844425180.3009
49.20007659096798 5.470069672455546e-10 69393062.42238429 3742382931956.3667 946822881784.9526
49.005609885074826 5.348146613133827e-10 68115583.42842123 3673488212281.94 933066005919.6099
48.81267441308634 5.322057152530432e-10 68051218.4938043 3670016997374.884 935854334330.5887
48.621252160486 5.293483598851738e-10 67952338.56417175 3664684381288.314 938159201609.7964
48.4313253942341 5.240323033720746e-10 67533721.09626791 3642108250300.373 936021820327.2211
48.24287665729156 5.281455605199264e-10 68329683.97391142 3685034701213.1816 950738952912.9583
48.05588876327104 5.293188475428298e-10 68747944.77765673 3707591597225.569 960266223681.4005
47.87034479121208 5.195244332115306e-10 67737380.29321733 3653091635036.4473 949803825109.4772
47.686228080476646 5.18389049409975e-10 67850307.7750665 3659181838665.864 955046459891.7888
47.503522225762175 5.140638371697936e-10 67542979.74888296 3642607571447.3286 954363183719.1656
47.322211072228725 5.0669277475287e-10 66829568.65208651 3604133156009.8267 947887020030.6033
47.142278710737365 5.123043351566036e-10 67827597.54783876 3657957071177.7163 965700666790.8827
46.96370947319669 5.149065250101904e-10 68431329.46483475 3690516464620.976 977986863124.53
46.78648792801481 5.07904840475118e-10 67756487.01614262 3654122064754.709 971996469224.7522
46.61059887565385 4.897167639407325e-10 65576655.43603691 3536563274075.1436 944262394178.0398
46.436027344284355 5.258412072035427e-10 70678696.74611357 3811717470336.816 1021540282050.2855
46.26275858553703 5.318727071663977e-10 71757145.55890952 3869878449101.9536 1040997302808.3896
46.09077807034915 5.543213258725318e-10 75064832.92932612 4048262747577.614 1093030941845.9695
45.92007148490342 5.103113253019489e-10 69362003.01689956 3740707891470.975 1013731838588.5833
45.75062472665653 4.882782228809664e-10 66613047.28230036 3592456111498.384 977148062327.5514
45.58242390045559 4.965573344573386e-10 67992492.2330535 3666849877374.4194 1001050016523.2052
45.41545531473963 5.09419475220265e-10 70010123.92262334 3775661192719.752 1034531166805.2363
45.24970547782453 5.055844139524468e-10 69737583.62318316 3760963035162.0566 1034264834669.5454
45.0851610942688 4.952564530794669e-10 68562317.99709454 3697580704622.768 1020532274475.8779
44.92180906131855 5.126414050399115e-10 71227125.45234017 3841294349608.7603 1064038534841.5685
44.7596364654293 5.252312488435467e-10 73240783.40513293 3949891360466.4185 1098069798209.657
44.59863057886301 5.285969162948549e-10 73976209.81254907 3989553066388.4263 1113085305522.3918
44.43877885635813 5.193494988064208e-10 72943496.20357516 3933858597101.302 1101480407188.3254
44.28006893187113 5.211040731435598e-10 73452258.5664839 3961296261860.672 1113124249582.864
44.1224886153876 5.33828240826206e-10 75514529.43102528 4072514977610.0005 1148449223685.98
43.96602588980112 5.227817895267273e-10 74215089.33988003 4002435891193.5303 1132689357207.7747
43.81066890785836 5.386921487238721e-10 76744937.47930332 4138871150957.5557 1175439406871.914
43.65640598916871 5.47140225657841e-10 78223931.65600212 4218633628215.7295 1202310584041.4736
43.50322561727689 5.520796696795011e-10 79208040.53978328 4271706834113.9214 1221708154556.5789
43.3511164367969 5.889353046219401e-10 84792273.09305802 4572865708876.44 1312412458447.5247
43.20006725060597 6.041091919790338e-10 87281056.76002738 4707086352719.844 1355640869583.3274
43.05006701709692 5.741365957177598e-10 83239674.41791102 4489133725026.512 1297359646532.646
42.90110484748759 5.765519100300427e-10 83880094.91236338 4523671741422.52 1311864805012.4763
42.7531700031859 5.786109624393004e-10 84470936.81698403 4555535973698.046 1325660968346.0845
42.60625189320931 5.920540019138974e-10 86731521.5196049 4677449797818.323 1365815340962.9834
42.46034007165723 5.959264198166325e-10 87598797.91373372 4724222202167.917 1384197105235.1477
42.315424235235184 6.162446229941462e-10 90895716.72579938 4902025749952.262 1441195570485.9614
42.17149422082962 6.331099352501867e-10 93702054.76172723 5053372169901.708 1490744790121.0005
42.028540003131894 6.537469847574642e-10 97085499.6404741 5235842087259.801 1549809257828.8455
41.8865516923105 6.966203969457254e-10 103803154.75658837 5598126687070.256 1662643626059.9016
41.74551953173033 7.050840082935819e-10 105419261.44719325 5685283671990.83 1694214534253.2202
41.60543389571781 7.170536590340642e-10 107569853.11290663 5801265547734.898 1734578398772.6855
41.46628528737092 7.064306481085202e-10 106331851.51774861 5734499852754.421 1720349955826.3481
41.32806433641302 7.102260582309606e-10 107260671.74026477 5784591329139.2295 1741161990070.8652
41.19076179708939 7.123713092397988e-10 107943270.10806547 5821404007407.98 1758064010237.246
41.05436854610565 7.300325665088661e-10 110986928.43729804 5985549162332.755 1813621396186.8188
40.91887558060695 7.752155528487606e-10 118246354.63342734 6377051594187.207 1938623684632.9116
40.78427401619706 7.80658674479656e-10 119469605.24121913 6443021765214.398 1965121638390.27
40.650555084996405 7.853303086964861e-10 120579881.66410673 6502899213906.269 1989887159455.2278
40.51771013373824 8.002008132170945e-10 123265933.81533967 6647758589962.229 2040861887118.4548
40.38573062190196 8.914067111505691e-10 137764376.228196 7429662739047.937 2288336123626.679
40.254608119882796 9.360587558622865e-10 145136445.18200496 7827240019295.487 2418617165962.38
40.124334307197095 9.63095841939347e-10 149813393.82336402 8079468875582.606 2504635351430.546
39.99490097072226 9.007946292021456e-10 140575661.93952897 7581275988206.855 2357776832332.365
39.866300002970746 9.4486811334852e-10 147929311.95082885 7977859930883.409 2489092298435.597
39.73852340039712 9.120117402247622e-10 143244408.43607107 7725202066545.715 2417988246828.7207
39.6115632617377 8.778219117370764e-10 138316315.00893736 7459428917401.019 2342260680064.0186
39.48541178638185 9.121459390206822e-10 144183854.7663597 7775866611231.195 2449397982537.7656
39.36006127277429 9.081664971684796e-10 144012001.22109297 7766598512200.089 2454245129855.1855
39.235504116847785 9.394917590364874e-10 149452337.77455902 8059997044431.78 2555019063084.9253
39.11173281048549 9.592157397046092e-10 153072866.09815648 8255252923476.615 2625170429665.388
38.98873994001226 9.670530523607164e-10 154810379.49921277 8348957398667.222 2663317410174.7007
38.86651818471441 1.025077349537585e-09 164615215.76828763 8877734348741.357 2840874991597.4565
38.745060315387185 1.1706991249016474e-09 188589681.59024307 10170682498928.71 3264789082156.167
38.624359192909345 1.1387512844285006e-09 184016415.8131919 9924045282038.63 3195542580816.42
38.50440776684441 1.0720694957930515e-09 173780669.4368672 9372029256266.07 3027165449773.896
38.3851990740678 1.0261560267580364e-09 166854751.19333678 8998512980749.275 2915518205762.569
38.266726237419434 1.1368083440290873e-09 185419291.82118702 9999702689922.08 3249903374224.6714
38.14898246438122 1.101626994557308e-09 180235603.73986936 9720145265549.768 3168767356569.171
38.03196104577882 1.023208583557686e-09 167920775.01836106 9056003877224.58 2961313267852.3257
37.91565535450732 1.0552455640780481e-09 173709649.13072965 9368199115727.04 3072769309958.4663
37.800058844280166 1.0794405644703425e-09 178235920.50204235 9612301914106.193 3162447329741.0034
37.6851650484009 1.120262172687146e-09 185540287.3211914 10006228003523.37 3302055241162.7275
37.57096757855726 1.1035213446556505e-09 183323159.252337 9886657805102.994 3272483733489.1445
37.45746012363715 1.1252237800060503e-09 187494939.58550373 10111642824782.398 3357065417827.7114
37.34463644856595 1.198845193386509e-09 200365915.59346214 10805777357087.832 3598323859910.0503
37.232490393164845 1.4014117486438419e-09 234926843.10921896 12669655686311.531 4231664999228.2817
37.12101587102963 1.4769004003305942e-09 248324934.87489572 13392217685945.66 4486392924791.64
37.010206868429535 1.2703177000899974e-09 214229765.13743973 11553457774890.758 3881961812363.3135
36.900057443225876 1.2326214516054203e-09 208493084.38156888 11244077335443.135 3789254062044.0186
36.790561723809766 1.218164233535258e-09 206660939.8543041 11145269383057.664 3767101051473.366
36.681713908058846 1.4893987976269796e-09 253425524.73663116 13667293605282.965 4633212532191.187
36.573508262312366 1.3511383863014306e-09 230580292.64286917 12435245275381.068 4227983393629.316
36.46593912036438 1.273894350347013e-09 218039402.78205106 11758912360701.53 4009789114999.308
36.35900088247475 1.2780213903501568e-09 219389155.75964993 11831704832014.826 4046443052549.1333
36.25268801439734 1.2864706947256915e-09 221487213.24999616 11944853528268.39 4097084760196.046
36.14699504642534 1.3041059620171936e-09 225179917.4862602 12144001869963.42 4177536643267.26
36.04191657245317 1.389151680727887e-09 240564072.0529797 12973672667926.33 4475917070434.713
35.937447249054756 1.4268907850134885e-09 247817792.20269844 13364867371458.232 4624244110524.493
35.83358179457772 1.6399174729502267e-09 285641133.1163012 15404688363981.166 5345426862301.3125
35.730314988253284 2.110453449035395e-09 368661603.08088475 19882000345217.957 6918936120135.741
35.62764166932152 1.947845040698256e-09 341237147.67196625 18402993507101.695 6422644733978.078
35.525556736171595 2.1072667484227863e-09 370226581.0485986 19966399947005.395 6988239981452.159
35.42405514549682 1.6864431382137743e-09 297140877.96917146 16024872102195.21 5624730107870.451
35.32313191146407 1.748197215834059e-09 308901627.12573653 16659131859210.229 5864014414441.846
35.222782104897405 1.5923078322262753e-09 282157988.12378466 15216841597827.807 5371545084033.185
35.1230008524756 2.329334650408472e-09 413932234.3665788 22323455325418.13 7902503185197.787
35.02378333594318 2.1630109561191247e-09 385464721.30447114 20788196161462.984 7379809637319.313
34.92512479133489 1.7444477944797145e-09 311751811.17596185 16812842904236.203 5985372073908.039
34.82702050821316 1.7489986389161411e-09 313445561.6787752 16904187236817.158 6034794843544.0205
34.72946582891845 1.811277110910773e-09 325518570.98637253 17555287251615.297 6284792836077.949
34.63245614783208 1.7451312372615018e-09 314509504.34682053 16961565896044.46 6089202156679.856
34.53598691065149 1.7048864234175106e-09 308114797.4514234 16616697963937.2 5982011267017.409
34.440053613677456 1.9102367199415763e-09 346188267.3370861 18670008466263.39 6739873056321.482
34.34465180311326 2.08855946370766e-09 379556734.6980557 20469577160279.605 7409986932020.419
34.249777074375366 3.514266660196603e-09 640421551.1238369 34538073382531.082 12537320637859.072
34.15542507141566 2.8522092181102383e-09 521207503.5697163 28108833898901.35 10231615539200.03
34.061591486054624 3.5520090240643492e-09 650875762.3017803 35101871262516.027 12812183010818.14
33.968272057325706 3.869528214252567e-09 711006444.7346174 38344732029400.82 14034171922760.6
33.87546257083028 3.3551138963946068e-09 618174389.2223309 33338279108027.22 12235148432645.861
33.78315885810322 2.5953236016976956e-09 479490752.419996 25859040446508.277 9516126884315.05
33.69135679598881 2.766420582852797e-09 512493877.0626015 27638906128353.07 10198756361362.488
33.60005230602678 2.8005662299596426e-09 520229372.4155245 28056083073258.566 10380750737105.639
33.50924135384833 5.611727153662527e-09 1045251805.6056255 56370656955373.82 20913513730442.234
33.41891994858189 4.025393024695008e-09 751804385.1294492 40544973818172.8 15082730260360.914
33.3290841422685 3.089218412518519e-09 578514448.2047558 31199409872899.008 11637379882591.592
33.23973002928655 3.4297713396795676e-09 644015995.2487284 34731922535072.96 12989739028116.154
33.150853745785774 3.5839797838163877e-09 674776281.5470067 36390831457755.62 13646561796658.23
33.062451469130345 3.3467749728421517e-09 631801184.2678325 34073175125227.676 12811513847085.434
32.97451941735074 3.7708837892316045e-09 713762371.2600571 38493359745637.836 14511996624105.357
32.88705384860445 3.836510783161077e-09 728115755.3161601 39267440866030.17 14843092647359.377
32.80005106064518 6.4780764690651406e-09 1232708882.2792447 66480257825092.64 25196017715710.117
32.71350739030047 8.185613849936707e-09 1561755767.574108 84225827833884.73 32005814576876.812
32.62741921295758 5.295600508953072e-09 1013028041.2587525 54632822343592.49 20815105312908.277
32.541782942057424 1.264778335403312e-08 2425839418.3489304 130826046840779.7 49975549893176.82
32.45659502859654 9.86224562340662e-09 1896539239.690977 102280773216250.72 39173536141822.72
32.371851960636754 8.430901939452693e-09 1625531789.7499406 87665282565052.75 33663468504981.59
32.2875502628226 6.6124760374955275e-09 1278256444.1115432 68936647729833.84 26540609375985.875
32.203686495906176 4.819968350902537e-09 934173560.0979263 50380183043595.86 19446750654827.258
32.12025725627947 5.346431143771476e-09 1038900458.2871428 56028127414669.34 21682885309475.91
32.03725917551389 5.7679592926578566e-09 1123714039.5779984 60602142279282.17 23513631204361.184
31.954688919906893 1.5096784381574066e-08 2948755969.8599963 159027050066445.62 61861522475847.78
31.872543190035667 1.4444004666717758e-08 2828524055.636176 152542916812189.28 59491737556754.0
31.790818720317628 9.07130929214185e-09 1780972596.0507655 96048239018090.0 37554861456072.7
31.709512278577684 7.789327226051934e-09 1533201944.3972301 82685913946689.33 32412878267102.69
31.62862066562213 8.543323949609778e-09 1685914697.1732342 90921745880468.3 35732246131024.125
31.54814071481902 7.730645812967501e-09 1529434849.3561757 82482753692730.69 32498204954936.145
31.468069291684962 9.087672850142584e-09 1802484593.7768626 97208385728900.97 38397312362914.945
31.388403293478163 8.904004496199378e-09 1770537467.0834427 95485470245869.4 37812246217363.55
31.30913964879766 2.0174834990750143e-08 4021868183.132993 216900224859943.9 86109389269398.56
31.2302753171886 2.0531427632121826e-08 4103290933.6972303 221291371486818.38 88073965851754.36
31.151807288753453 1.1912712225525614e-08 2386801917.025899 128720745913602.12 51359577619524.22
31.073732583769104 1.4292087796324343e-08 2870722586.682515 154818692759072.84 61927477103628.86
30.99604825230968 4.223114249115329e-08 8503847771.591079 458614357767439.9 183904357464743.97
30.918751373874994 2.5461693449258878e-08 5139895778.515464 277195695968391.56 111432669779292.77
30.841839057024558 1.6049030532501096e-08 3247861578.0141296 175157880494349.9 70588625839221.73
30.76530843901705 1.593007811721656e-08 3231808410.6223855 174292129689391.6 70414020394514.2
30.689156685455128 1.4343329276330198e-08 2917117944.809609 157320804502174.56 63714925823380.92
30.613380989935486 9.991016398461507e-09 2036982745.2739944 109854921983440.17 44601098325275.766
30.537978573704116 1.2408209412279385e-08 2536049950.386351 136769724776596.36 55665277984075.52
30.462946685316638 1.2167863855115694e-08 2493052396.940674 134450857378130.34 54855949810275.44
30.388282600303604 3.1404321501962446e-08 6450185923.061684 347859928121930.94 142274710601868.44
30.31398362084076 4.088710755354307e-08 8418454169.117915 454009062234456.6 186143715516133.56
30.240047075424076 2.4891113725343486e-08 5137488242.96606 277065857053179.47 113874067248854.67
30.166470318549564 1.8250229692136818e-08 3776007183.4930143 203640887736502.78 83900045747431.69
30.093250730397738 1.889218860288557e-08 3918340235.865632 211316940172556.0 87273896291268.81
30.020385716522686 2.030032436525212e-08 4220614475.84883 227618655603381.28 94234123419795.45
29.947872707545574 1.9630517449882525e-08 4091237994.095355 220641353835609.9 91566161841777.84
29.875709158852693 2.998136583672873e-08 6263573322.224984 337795870017558.06 140523081927307.25
29.80389255029776 5.76998957620595e-08 12083451810.56883 651663181252007.0 271743546582089.16
29.732420385908558 3.690191596099997e-08 7746537465.874834 417772448455869.9 174628883454553.4
29.66129019359777 1.944437895212004e-08 4091598525.806965 220660797389141.9 92456874106048.27
29.590499524877966 2.036189698871094e-08 4294918372.3036003 231625880881574.0 97282869970261.6
29.520045954580638 4.328463922901686e-08 9151783712.111319 493557683802606.44 207787784880893.4
29.449927080579258 8.000091506497177e-08 16955074625.882568 914390858033113.9 385872942089979.8
29.380140523516275 4.1944953705369325e-08 8910761619.48629 480559309985725.4 203276588123957.22
29.310683926533965 2.4996957179471817e-08 5322922816.36032 287066383881657.25 121716146765817.28
29.241554955009118 2.0563606815536164e-08 4389224585.923836 236711835469967.47 100602530074734.44
29.172751296291448 2.2227980112655232e-08 4755668619.119043 256474241789487.84 109258027002319.89
29.104270659445692 2.664893519508203e-08 5714945788.071926 308208267912345.06 131604930398574.64
29.036110774997343 2.1953107139520173e-08 4718962510.960723 254494673402174.06 108923720216130.56
28.96826939468193 1.8457458895226202e-08 3976841975.782767 214471951715684.16 92008467286026.92
28.90074429119782 1.9219539289745713e-08 4150715056.61822 223848964738752.2 96255054837666.06
28.83353325796248 4.0783807101078325e-08 8828336428.421755 476114101524891.44 205205177757218.34
28.766634108872076 7.241770252156672e-08 15712477468.782362 847377323398717.0 366067003708261.4
28.700044678064504 6.074202272296132e-08 13209782043.13132 712406415387306.0 308471977862693.56
28.6337628196856 3.3067883253689856e-08 7208036003.777007 388730947616466.4 168709231265550.56
28.567786407658676 3.0286242886226434e-08 6616948974.5171585 356853495715895.75 155231270636409.94
28.50211333545716 3.765445440350443e-08 8245714077.176981 444693151548609.75 193886214075184.8
28.43674151588042 3.193167744623167e-08 7008593606.597139 377974975808056.4 165175064428113.9
28.371668880832637 7.485419952772676e-08 16467219052.733967 888080700987469.8 388979347032527.7
28.30689338110471 9.443233978532382e-08 20821763830.98019 1122922246895258.1 492962866387015.2
28.24241298615914 4.1655651504805124e-08 9205790914.347765 496470303952184.9 218446933738955.66
28.17822568391787 2.8495188299999474e-08 6311707478.301319 340391755511813.06 150112764180706.47
28.114329480552975 3.586462144544011e-08 7962097581.112633 429397652300689.2 189793762316910.22
28.050722400280232 2.6730579777274984e-08 5947758182.448629 320763890919151.9 142098403677183.28
27.987402485155446 5.526949351268029e-08 12325707751.63446 664728096783341.0 295139274971804.2
27.924367794873564 1.2515000914787254e-07 27972836765.165634 1508581163793527.8 671318617888106.5
27.861616406570477 8.570941803667177e-08 19200441383.92957 1035483975096451.8 461825852893018.7
27.799146414627494 2.7922720868579515e-08 6269245094.861464 338101749948025.75 151131482226764.22
27.736955930478437 3.7717770975149764e-08 8487429843.832057 457728935356630.75 205062563039777.47
27.675043082419336 2.3559351565021357e-08 5313295894.613876 286547201900440.25 128659693653283.8
27.613406015420622 2.5695855803190278e-08 5808073220.161541 313230650556704.0 140953792750522.4
27.552042890941912 3.892667414992881e-08 8818251251.58531 475570205747115.56 214482162791951.28
27.490951886749137 4.110218364862406e-08 9331771424.275093 503264460221603.44 227475536020163.84
27.430131196734205 3.2633521322693304e-08 7425488484.715684 400458207154647.0 181407567841047.28
27.369579030736997 2.5918915311684617e-08 5910683161.630031 318764426991923.7 144719049854335.94
27.309293614369736 3.3390830479707326e-08 7631426553.246023 411564491930160.75 187261843828224.2
27.24927318884365 5.9288547192060095e-08 13580159174.69491 732380934556291.6 333965706157662.6
27.189516010797938 1.0974190673191308e-07 25191846393.85326 1358601748903528.0 620880999248912.0
27.130020352130984 8.946935298406977e-08 20583212227.7125 1110057107106127.8 508406155054620.44
27.070784499833756 6.207509816095201e-08 14312172045.622147 771858547713868.5 354283073400644.9
27.0118067558254 5.3123820247036155e-08 12275088707.28793 661998200724836.9 304519172333436.0
26.953085436791 4.996241705501175e-08 11569748731.74235 623959062609831.0 287645127863107.0
26.894618874021383 1.1632754135534992e-07 26996417118.620934 1455922640129971.5 672636259740061.8
26.836405413255104 1.4289264398017065e-07 33233379197.711895 1792283360024067.2 829827195691139.5
26.77844341452237 6.753059788970431e-08 15739982350.878826 848860667665565.1 393871349796816.3
26.720731251991072 3.469070891414071e-08 8103148736.67521 437004571763287.1 203207125869923.78
26.663267313814746 3.720653448262297e-08 8709532190.48932 469706963163189.7 218883444834054.62
26.606050001982528 3.9607213006680016e-08 9291436344.845356 501089180625234.7 234008647351976.2
26.549077732171 4.564211530595575e-08 10730137805.763533 578678662967839.8 270821614268946.97
26.492348933597984 3.063330816016827e-08 7217094768.037365 389219488741027.56 182543940219545.25
26.43586204887816 9.082061742518636e-08 21442723623.357536 1156410743400559.0 543513049398252.9
26.379615533880546 1.638329378814296e-07 38763388362.26093 2090517955652676.5 984633957112407.8
26.323607857587806 1.1332776207083226e-07 26870755361.18844 1449145674251847.8 683996758246876.6
26.267837501957324 2.8462423550468504e-08 6762955518.398189 364727660347057.0 172516183344163.8
26.212302961784054 4.711832999696561e-08 11219504715.202812 605070326707975.2 286803334859547.3
26.157002744565094 3.448437064619643e-08 8228549787.98962 443767477703824.7 210789551909320.28
26.10193537036601 3.361393754580784e-08 8037771460.822435 433478761073452.2 206335890270957.34
26.04709937168877 3.304989619202419e-08 7919535459.166358 427102267817582.6 203727781748990.4
25.992493293341415 4.0879021027521604e-08 9816157567.640417 529387510165308.06 253047229859022.0
25.93811569230932 5.190998176020338e-08 12491121367.477537 673648889021566.6 322677817841317.9
25.88396513762809 5.901029360357065e-08 14229378905.7559 767393495694222.0 368348877933227.5
25.83004021025803 5.598542261339114e-08 13528163812.254095 729576813363960.1 350926447228076.56
25.776339502960198 4.6297967457275383e-08 11210620648.886108 604591207081468.0 291412961813262.25
25.722861620173973 3.3919994610937594e-08 8230485763.610585 443871885289650.5 214390120594903.4
25.66960517789618 7.388082108731156e-08 17963936009.951828 968798971649278.2 468898702278249.5
25.616568803561684 1.2806793363798704e-07 31203867072.56273 1682831330206937.8 816173195150380.4
25.563751135925475 1.4583465805297946e-07 35606160199.17762 1920247954915490.8 933240506088829.9
25.5111508249462 9.230069457902556e-08 22582077506.73682 1217856345853772.2 593096040430789.1
25.458766531671156 9.232869253984287e-08 22635406698.535053 1220732400753121.5 595717411567523.9
25.40659692812265 1.8300912415320208e-07 44958852680.41737 2424640692284260.0 1185649298527006.8
25.354640697185793 1.911106491016678e-07 47045317289.80308 2537164181949090.0 1243210449155049.2
25.30289653249766 1.038528025904038e-07 25617512466.823555 1381558012693999.8 678344984232768.8
25.251363138337787 4.597954389438804e-08 11364983412.761374 612916024472292.1 301554684040362.56
25.200039229520026 4.341489502817959e-08 10752922439.936378 579907443238701.9 285894369516685.8
25.148923531285707 4.615478149701236e-08 11454767372.258783 617758092913390.0 305172497899197.9
25.09801477919808 4.255866922774816e-08 10583702986.945066 570781401376260.6 282536793681247.0
25.047311719038085 4.878242945923523e-08 12156016457.382507 655576608419206.6 325165997775946.56
24.996813106701318 4.845592508789832e-08 12099048592.519892 652504319091000.4 324294646588222.06
24.946517708096284 3.073408014595688e-08 7689520576.6026945 414697515230607.44 206519362584831.75
24.89642429904388 8.08262899234018e-08 20263041892.979233 1092790251397537.0 545302335447363.3
24.84653166517806 1.7016226890970823e-07 42745112907.98835 2305253225426205.0 1152626612713114.2
24.796838601847703 1.423276550471747e-07 35824649796.718346 1932031146377331.5 967947604335012.4
24.747343914019662 4.454151151667138e-08 11233764928.357054 605839383101389.0 304131370316889.6
24.69804641618297 3.822563789917559e-08 9660088693.953362 520970681901684.9 262048252996560.94
24.648944932254178 4.130999410711706e-08 10460339334.126286 564128372779213.5 284320699880714.06
24.60003829548383 3.196949051587229e-08 8111270911.779384 437442602431183.06 220908514227742.06
24.55132534836406 2.9828797409734334e-08 7583152289.791248 408961050414548.44 206934291509760.3
24.502804942537253 4.4414731861378854e-08 11313584284.040369 610144058294000.6 309343037555063.06
24.45447593870582 3.181469859528987e-08 8120044844.9688 437915782554209.4 222461217537547.06
24.406337206543014 3.7376612198698564e-08 9558424234.818659 515487895534130.7 262383338826855.1
24.358387624604813 4.080931578607327e-08 10456822857.252184 563938728417445.0 287608751492908.3
24.310626080242844 6.703346153922305e-08 17210142956.25583 928146748503276.8 474282988485139.8
24.263051469518295 8.033059461204174e-08 20664482655.899536 1114440038954107.9 570593299944523.1
24.215662697116894 4.260855387697507e-08 10982201575.462263 592272516828089.9 303835801132797.75
24.168458676264812 3.636424988679408e-08 9391060832.99072 506461950914153.94 260321442769876.78
24.12143832864562 3.9421094030387767e-08 10200335280.109325 550106297660668.8 283304743295233.6
24.07460058431815 8.695354537021828e-08 22543283803.501095 1215764193010408.0 627334323593377.6
