string
integrated and resized binned spectra ROIsize spatial in px50:1600
converted file:an 23 2019_14.22.57_2 binning:0.1
nm muJ
23.8 4.1634760213652935e-05
23.900000000000002 0.000562007476813666
24.000000000000004 0.0005168824705914681
24.100000000000005 0.0004947379413268991
24.200000000000006 0.0005026600752239704
24.300000000000008 0.0005024233967176518
24.40000000000001 0.0005064605242253793
24.50000000000001 0.0005038140141348457
24.600000000000012 0.0005090591377154729
24.700000000000014 0.0005067165628428556
24.800000000000015 0.0005044772290104105
24.900000000000016 0.0005018177429782242
25.000000000000018 0.0005170955516915882
25.10000000000002 0.0005010926996267385
25.20000000000002 0.0005091637465484371
25.300000000000022 0.0004958202840187287
25.400000000000023 0.0005108086290231794
25.500000000000025 0.0005032506085576476
25.600000000000026 0.0004949055111863882
25.700000000000028 0.0005013675787759679
25.80000000000003 0.0004990015541887572
25.90000000000003 0.0004938458675371697
26.000000000000032 0.0005031492183525043
26.100000000000033 0.0004986021180667982
26.200000000000035 0.0004977976901757241
26.300000000000036 0.00050013567497391
26.400000000000038 0.0005019635581929677
26.50000000000004 0.0005017469481724258
26.60000000000004 0.0004906982712364304
26.700000000000042 0.0005047955528359025
26.800000000000043 0.000513787903775576
26.900000000000045 0.0005254313896792952
27.000000000000046 0.0005115171328920731
27.100000000000048 0.0004971238254130344
27.20000000000005 0.000506204160594246
27.30000000000005 0.0005163302763324004
27.400000000000052 0.0005137552921748454
27.500000000000053 0.0005065926517681732
27.600000000000055 0.0005098674211232183
27.700000000000056 0.0005202879286442013
27.800000000000058 0.0005278846853383185
27.90000000000006 0.0005378147800713368
28.00000000000006 0.0005400223717014821
28.100000000000062 0.0005514509292487562
28.200000000000063 0.0005420273052743537
28.300000000000065 0.0005573552415947981
28.400000000000066 0.0005618287641310638
28.500000000000068 0.0005696528269192019
28.60000000000007 0.0005773882340509083
28.70000000000007 0.0006006532877408717
28.80000000000007 0.0005927291637209874
28.900000000000073 0.0006028333881024574
29.000000000000075 0.0006197370547671195
29.100000000000076 0.0006324339726126255
29.200000000000077 0.0006424201929238251
29.30000000000008 0.0006563040381803815
29.40000000000008 0.0006710128734037415
29.50000000000008 0.0006794438573207262
29.600000000000083 0.000697780929454949
29.700000000000085 0.0007088371633938962
29.800000000000086 0.0007344221666533245
29.900000000000087 0.0007403971778352012
30.00000000000009 0.0007608231870914699
30.10000000000009 0.0007787918363814855
30.20000000000009 0.000805567278408651
30.300000000000093 0.0008470086727213216
30.400000000000095 0.0008389547154456217
30.500000000000096 0.0008616555042253005
30.600000000000097 0.0008725309162920561
30.7000000000001 0.0009038915987667978
30.8000000000001 0.0009392779573769693
30.9000000000001 0.0009460430583850784
31.000000000000103 0.000964893238393383
31.100000000000104 0.0009917472504000291
31.200000000000106 0.0009902449167164635
31.300000000000107 0.001000069679313351
31.40000000000011 0.0010226980215838712
31.50000000000011 0.0010197433092786613
31.60000000000011 0.0010268958223615303
31.700000000000113 0.0010559295378417322
31.800000000000114 0.0010508902497888043
31.900000000000116 0.0010542884941793992
32.000000000000114 0.0010892229880894297
32.100000000000115 0.0010778218298142536
32.20000000000012 0.0011039592435361776
32.30000000000012 0.0011048563283390224
32.40000000000012 0.001109428210517466
32.50000000000012 0.001154420203145378
32.60000000000012 0.001143065630180149
32.700000000000124 0.0011743115412697104
32.800000000000125 0.0011627222005871959
32.90000000000013 0.001200619875605151
33.00000000000013 0.0011984341298624968
33.10000000000013 0.001221416170170705
33.20000000000013 0.0012178040029717022
33.30000000000013 0.0012513453099350712
33.400000000000134 0.0012420532933026236
33.500000000000135 0.0012794953308261597
33.600000000000136 0.0012671183055213407
33.70000000000014 0.0013065851193372995
33.80000000000014 0.00128622182861421
33.90000000000014 0.001328953767823364
34.00000000000014 0.0013337463312778212
34.10000000000014 0.0013346101906101318
34.200000000000145 0.001365920553191618
34.300000000000146 0.0014045649109407066
34.40000000000015 0.001500130523757473
34.50000000000015 0.0015145986346968834
34.60000000000015 0.0015075431516528449
34.70000000000015 0.0015742277952313156
34.80000000000015 0.0015710817034322057
34.900000000000155 0.001544958800930969
35.000000000000156 0.001589863127804124
35.10000000000016 0.001597081660666202
35.20000000000016 0.0015792707659240714
35.30000000000016 0.0016283809912860645
35.40000000000016 0.0016485147702290693
35.50000000000016 0.00165624976158112
35.600000000000165 0.001649767393440994
35.700000000000166 0.0016885590270110315
35.80000000000017 0.0016905178441950365
35.90000000000017 0.0016977979375666812
36.00000000000017 0.0016976594832194159
36.10000000000017 0.001745471727242197
36.20000000000017 0.001763596780646957
36.300000000000175 0.00177660767521877
36.400000000000176 0.0017753658072972814
36.50000000000018 0.0018365162801868837
36.60000000000018 0.0018577745940891175
36.70000000000018 0.0018568966751407853
36.80000000000018 0.0018610317682607254
36.90000000000018 0.0019037614268504382
37.000000000000185 0.0018810185920636264
37.100000000000186 0.001957177490014099
37.20000000000019 0.0019875638199098526
37.30000000000019 0.002172237301754127
37.40000000000019 0.0022661859049286563
37.50000000000019 0.002077343959996714
37.60000000000019 0.002051534309459769
37.700000000000195 0.0020514370745544856
37.800000000000196 0.0021216169527125592
37.9000000000002 0.0021144519612318574
38.0000000000002 0.0021092380621781284
38.1000000000002 0.0021869993852912193
38.2000000000002 0.0022543378635364675
38.3000000000002 0.002248786553539155
38.400000000000205 0.002240225707657701
38.500000000000206 0.00226489486570467
38.60000000000021 0.002264969094425612
38.70000000000021 0.0023434123890954577
38.80000000000021 0.002346547857587948
38.90000000000021 0.002397361824361244
39.00000000000021 0.0024502063700260813
39.100000000000215 0.002461910761124375
39.200000000000216 0.00245203171579351
39.30000000000022 0.002446911562434257
39.40000000000022 0.0024472745299106654
39.50000000000022 0.0024682159733713667
39.60000000000022 0.002563758481399503
39.70000000000022 0.0025931573425805555
39.800000000000225 0.0026621906970438936
39.900000000000226 0.002799836050879333
40.00000000000023 0.002821906898073538
40.10000000000023 0.0030279956827474384
40.20000000000023 0.003027031159888042
40.30000000000023 0.0029034166716246537
40.40000000000023 0.0028687763070820394
40.500000000000234 0.002894300600113136
40.600000000000236 0.0029337999638437565
40.70000000000024 0.003105715332404642
40.80000000000024 0.0030583621745548665
40.90000000000024 0.003135741558932881
41.00000000000024 0.0033373423502956537
41.10000000000024 0.003199890280399036
41.200000000000244 0.003318507771768225
41.300000000000246 0.0030710854275436818
41.40000000000025 0.0030073825221645155
41.50000000000025 0.003040305319036849
41.60000000000025 0.003050618535144985
41.70000000000025 0.003251147157098748
41.80000000000025 0.0034343502641349375
41.900000000000254 0.0035932761516924176
42.000000000000256 0.0035795722616928354
42.10000000000026 0.003877633994609158
42.20000000000026 0.0042765980570408065
42.30000000000026 0.003979992903522666
42.40000000000026 0.0038342026639473104
42.50000000000026 0.0036285351373398656
42.600000000000264 0.003532493033721645
42.700000000000266 0.0035197654232496586
42.80000000000027 0.003563313815138382
42.90000000000027 0.0037887632122848205
43.00000000000027 0.0040055817956800455
43.10000000000027 0.0038173754893218786
43.20000000000027 0.0048876949864470574
43.300000000000274 0.004694386971158656
43.400000000000276 0.004141845678417138
43.50000000000028 0.0041149651528658735
43.60000000000028 0.003702670725548071
43.70000000000028 0.0035524242235248785
43.80000000000028 0.003832959504063447
43.90000000000028 0.003922481854315072
44.000000000000284 0.004322590632551611
44.100000000000286 0.004291468317571499
44.20000000000029 0.004742166671723248
44.30000000000029 0.0048187365123964765
44.40000000000029 0.004835727769581066
44.50000000000029 0.0069492551681758375
44.60000000000029 0.006163799135207097
44.700000000000294 0.005631901404649868
44.800000000000296 0.005035008523518254
44.9000000000003 0.004453092127032435
45.0000000000003 0.00461554851165286
45.1000000000003 0.0042806639980131145
45.2000000000003 0.004362870870767841
45.3000000000003 0.004233240098460604
45.400000000000304 0.005300124666306393
45.500000000000306 0.005058088742480781
45.60000000000031 0.005430187446943016
45.70000000000031 0.0069893205016335275
45.80000000000031 0.007225742349802535
45.90000000000031 0.006186221067954276
46.00000000000031 0.00636869838224384
46.100000000000314 0.005241388239659481
46.200000000000315 0.005017220319819172
46.30000000000032 0.005190904605384252
46.40000000000032 0.005584241507423597
46.50000000000032 0.005404546641589583
46.60000000000032 0.005725523304855484
46.70000000000032 0.00524859208020571
46.800000000000324 0.006298011497760009
46.900000000000325 0.006102365408382804
47.00000000000033 0.007613162948498507
47.10000000000033 0.009780468850367256
47.20000000000033 0.00786083534787056
47.30000000000033 0.009061385282630518
47.40000000000033 0.006076743561386937
47.500000000000334 0.00618401762778678
47.600000000000335 0.005769487708116605
47.70000000000034 0.005323889136836217
47.80000000000034 0.005419393535460621
47.90000000000034 0.005871621885328614
48.00000000000034 0.005824756616956039
48.10000000000034 0.00556679939064057
48.200000000000344 0.007808353870165495
48.300000000000345 0.007571044606093713
48.40000000000035 0.006604624800926683
48.50000000000035 0.010606682805522632
48.60000000000035 0.012922871686292683
48.70000000000035 0.010228565256859053
48.80000000000035 0.008184492299650879
48.900000000000354 0.00882061651999238
49.000000000000355 0.007943556184781002
49.10000000000036 0.006556448908752634
49.20000000000036 0.006876201363222001
49.30000000000036 0.006960385341756904
49.40000000000036 0.006333137737671318
49.50000000000036 0.00568255141421529
49.600000000000364 0.007110198136796851
49.700000000000365 0.007626666098457986
49.80000000000037 0.006934615096623089
49.90000000000037 0.009874867686172979
50.00000000000037 0.013538303847410903
50.10000000000037 0.010993435189276375
50.20000000000037 0.009086388585196333
50.300000000000374 0.008226425406400565
50.400000000000375 0.007438978049839834
50.50000000000038 0.0066536671266383875
50.60000000000038 0.0060463460197465076
50.70000000000038 0.0058573691408549235
50.80000000000038 0.005471750588171001
50.90000000000038 0.005868472560845227
51.000000000000384 0.0064028952802155596
51.100000000000385 0.006115503072375525
51.20000000000039 0.005875115718183053
51.30000000000039 0.006225576499515707
51.40000000000039 0.007600714570379134
51.50000000000039 0.00727266246204865
51.60000000000039 0.006633663373972265
