string
integrated and resized binned spectra ROIsize spatial in px50:1600
converted file:an 23 2019_16.44.59_56 binning:0.1
nm muJ
23.8 4.457204704467724e-05
23.900000000000002 0.0009001234716440502
24.000000000000004 0.000846755163783814
24.100000000000005 0.0008246201936177561
24.200000000000006 0.0008333072529746535
24.300000000000008 0.0008307191177927603
24.40000000000001 0.0008352721327845261
24.50000000000001 0.0008278139351385842
24.600000000000012 0.0008339975780492914
24.700000000000014 0.0008235431877981722
24.800000000000015 0.0008295393594999301
24.900000000000016 0.0008266408988198005
25.000000000000018 0.00083982307368313
25.10000000000002 0.0008141448902042335
25.20000000000002 0.0008268017384229114
25.300000000000022 0.0008065025928888116
25.400000000000023 0.0008202228544509377
25.500000000000025 0.0008174527050197346
25.600000000000026 0.0007992973791828264
25.700000000000028 0.000812472861132037
25.80000000000003 0.0008083175697943275
25.90000000000003 0.0007905477091735202
26.000000000000032 0.0008025639907116889
26.100000000000033 0.0007964055291278416
26.200000000000035 0.0007903800253798915
26.300000000000036 0.0008027187221401936
26.400000000000038 0.0008031396139000044
26.50000000000004 0.0008048399967335723
26.60000000000004 0.0007976455630063254
26.700000000000042 0.0007987207477657475
26.800000000000043 0.0008025300577107798
26.900000000000045 0.0008091661590809084
27.000000000000046 0.0007972355580839606
27.100000000000048 0.0007823455092893398
27.20000000000005 0.0007956454617996113
27.30000000000005 0.0008006466568477902
27.400000000000052 0.0008074320125828198
27.500000000000053 0.0008146343077639001
27.600000000000055 0.0008035914662229943
27.700000000000056 0.0008042742854228764
27.800000000000058 0.0008119041701994151
27.90000000000006 0.0008149704372896943
28.00000000000006 0.0008198735928397615
28.100000000000062 0.0008289365069101732
28.200000000000063 0.0008244216695973128
28.300000000000065 0.0008368773016252724
28.400000000000066 0.0008533056648909815
28.500000000000068 0.0008773629108538329
28.60000000000007 0.0008629528283057714
28.70000000000007 0.0008744090820037325
28.80000000000007 0.0008677524074527222
28.900000000000073 0.0008797519556173721
29.000000000000075 0.0008902545826289688
29.100000000000076 0.0009048225572820228
29.200000000000077 0.0009161275498429268
29.30000000000008 0.0009322807493479984
29.40000000000008 0.000958139747873563
29.50000000000008 0.0010222704796751354
29.600000000000083 0.0010254767362296983
29.700000000000085 0.0009940790676731509
29.800000000000086 0.0010193124655582596
29.900000000000087 0.0010074114574287535
30.00000000000009 0.00101968038123166
30.10000000000009 0.001041414043206698
30.20000000000009 0.0010773717997952794
30.300000000000093 0.0011195756380316323
30.400000000000095 0.0011141979942171096
30.500000000000096 0.0011628806666769919
30.600000000000097 0.0012595978881952813
30.7000000000001 0.0013102547108599747
30.8000000000001 0.0012840047761613952
30.9000000000001 0.0012183061275050022
31.000000000000103 0.0012175077299703334
31.100000000000104 0.0012498358109548895
31.200000000000106 0.0012368419765578943
31.300000000000107 0.0012396118129649177
31.40000000000011 0.0012687192155731541
31.50000000000011 0.001245782722202324
31.60000000000011 0.0012521832232522056
31.700000000000113 0.0013122037353636559
31.800000000000114 0.001421016649199336
31.900000000000116 0.001520556108277306
32.000000000000114 0.0014379403211594003
32.100000000000115 0.0012731160182229255
32.20000000000012 0.0012745186567273705
32.30000000000012 0.0012597255119125743
32.40000000000012 0.0012626746599951502
32.50000000000012 0.0013039567786363036
32.60000000000012 0.0012738007268966896
32.700000000000124 0.00131028872683889
32.800000000000125 0.0012878868810649712
32.90000000000013 0.001322358559403143
33.00000000000013 0.001387988284658033
33.10000000000013 0.0015648713888630206
33.20000000000013 0.0017704110469804822
33.30000000000013 0.001670135542949948
33.400000000000134 0.0013967479341669973
33.500000000000135 0.0013516701482770663
33.600000000000136 0.0013171629050870415
33.70000000000014 0.0013436258563624371
33.80000000000014 0.0013052150128369136
33.90000000000014 0.0013371497383581135
34.00000000000014 0.00134012963343528
34.10000000000014 0.0013166258197440577
34.200000000000145 0.001355725810551939
34.300000000000146 0.0013664904567096056
34.40000000000015 0.0015163962580360933
34.50000000000015 0.001759188968547692
34.60000000000015 0.0021216740448220424
34.70000000000015 0.002174097366261298
34.80000000000015 0.0017459164273304869
34.900000000000155 0.0014357417679629317
35.000000000000156 0.001405284317361336
35.10000000000016 0.0013963508759584342
35.20000000000016 0.0013626653498458033
35.30000000000016 0.0013883247239499384
35.40000000000016 0.001388105395284549
35.50000000000016 0.0013888279227321828
35.600000000000165 0.0013783127038343975
35.700000000000166 0.0014132511509112153
35.80000000000017 0.00141946857688005
35.90000000000017 0.0015083255376985905
36.00000000000017 0.0017764477302831935
36.10000000000017 0.0022786160897527944
36.20000000000017 0.00282036056975589
36.300000000000175 0.002597642524590239
36.400000000000176 0.0018149901457109618
36.50000000000018 0.0015517363122516826
36.60000000000018 0.0014598087330380334
36.70000000000018 0.001430395070294184
36.80000000000018 0.0014230384979749973
36.90000000000018 0.001420385858666164
37.000000000000185 0.0014045139735286794
37.100000000000186 0.0014410578402980015
37.20000000000019 0.001466446964832137
37.30000000000019 0.0015335235224337557
37.40000000000019 0.0016202943459558779
37.50000000000019 0.0015418235137934387
37.60000000000019 0.001789298575987175
37.700000000000195 0.0021325829804167942
37.800000000000196 0.0028955978602432987
37.9000000000002 0.004078373182091304
38.0000000000002 0.003916544808539695
38.1000000000002 0.0027885198707122668
38.2000000000002 0.001959289372677576
38.3000000000002 0.0016878958825641572
38.400000000000205 0.0016214777389372298
38.500000000000206 0.00161914593237809
38.60000000000021 0.0016087364703936693
38.70000000000021 0.0015963691202171674
38.80000000000021 0.0015915982640228243
38.90000000000021 0.001590366530347493
39.00000000000021 0.0016489729170389737
39.100000000000215 0.0016956203516572304
39.200000000000216 0.0017666225008238549
39.30000000000022 0.0018008756485541626
39.40000000000022 0.0020219641457853567
39.50000000000022 0.0024121825551303567
39.60000000000022 0.0030072725034101327
39.70000000000022 0.004564765726340425
39.800000000000225 0.006571072007379972
39.900000000000226 0.006146191872319652
40.00000000000023 0.0038706838981952046
40.10000000000023 0.0024632557059413866
40.20000000000023 0.0020900710198883082
40.30000000000023 0.001902184721773981
40.40000000000023 0.0018958540361099267
40.500000000000234 0.001866676267860042
40.600000000000236 0.0018310046165879192
40.70000000000024 0.0018135522418034858
40.80000000000024 0.0018099977302437863
40.90000000000024 0.0019265893480723138
41.00000000000024 0.0019518242550528137
41.10000000000024 0.0021086839438839476
41.200000000000244 0.0021502361937759083
41.300000000000246 0.0022253874265761846
41.40000000000025 0.0022763504198764035
41.50000000000025 0.0027347392092181622
41.60000000000025 0.003439109018569533
41.70000000000025 0.004241970714765392
41.80000000000025 0.007132156913112242
41.900000000000254 0.009666649272284287
42.000000000000256 0.00798052722543783
42.10000000000026 0.0046949250552970586
42.20000000000026 0.0029920180352786025
42.30000000000026 0.002350798930698474
42.40000000000026 0.0021755353477308954
42.50000000000026 0.0021328398593312183
42.600000000000264 0.0019666354040267686
42.700000000000266 0.0018999560765016416
42.80000000000027 0.001887946457323527
42.90000000000027 0.0019700524821915357
43.00000000000027 0.0022060035718855808
43.10000000000027 0.002246022897213646
43.20000000000027 0.002489047030527206
43.300000000000274 0.002382264445998967
43.400000000000276 0.002520420913440121
43.50000000000028 0.0026064921156127635
43.60000000000028 0.002651621806862723
43.70000000000028 0.0029424697767994204
43.80000000000028 0.004006289677889022
43.90000000000028 0.004123837982639906
44.000000000000284 0.0048685728396869726
44.100000000000286 0.009599726709133722
44.20000000000029 0.013303674976318932
44.30000000000029 0.011419397470386533
44.40000000000029 0.007043623658089966
44.50000000000029 0.00448623330703913
44.60000000000029 0.0032772683433148304
44.700000000000294 0.002565367797630043
44.800000000000296 0.002463242146454379
44.9000000000003 0.0020454912368397782
45.0000000000003 0.002229947071008295
45.1000000000003 0.002060891708495743
45.2000000000003 0.0023064005127079075
45.3000000000003 0.0027811069741130665
45.400000000000304 0.0028411935636322
45.500000000000306 0.0029852467604957016
45.60000000000031 0.0029268211376366573
45.70000000000031 0.0028805047053572837
45.80000000000031 0.003041451404244218
45.90000000000031 0.003112282251196889
46.00000000000031 0.0030917549935867493
46.100000000000314 0.0033389673074400326
46.200000000000315 0.0034857905048671254
46.30000000000032 0.004866143772222871
46.40000000000032 0.004985548790291374
46.50000000000032 0.004342962759338841
46.60000000000032 0.008462129996972765
46.70000000000032 0.015599023077286093
46.800000000000324 0.018863801592709853
46.900000000000325 0.016290057003993344
47.00000000000033 0.01291444147622832
47.10000000000033 0.007641540826929109
47.20000000000033 0.004178906645121943
47.30000000000033 0.0032356650646455003
47.40000000000033 0.002273107851863965
47.500000000000334 0.0025507948801109757
47.600000000000335 0.002265249678228411
47.70000000000034 0.0026232969459802735
47.80000000000034 0.0030455188347754364
47.90000000000034 0.003763993727661783
48.00000000000034 0.0034861712709521406
48.10000000000034 0.0038403056635396135
48.200000000000344 0.0036746130194310316
48.300000000000345 0.0038537659093103548
48.40000000000035 0.00367790522921294
48.50000000000035 0.0034639663270020046
48.60000000000035 0.0036430421804760265
48.70000000000035 0.003816677531112966
48.80000000000035 0.0037684845898264866
48.900000000000354 0.0038256924078708004
49.000000000000355 0.00433923017069616
49.10000000000036 0.004561511682440693
49.20000000000036 0.0048141215157772935
49.30000000000036 0.004452041671001497
49.40000000000036 0.005550748052425846
49.50000000000036 0.012754286551832616
49.600000000000364 0.021847284463709427
49.700000000000365 0.02679509933344806
49.80000000000037 0.027356615537103862
49.90000000000037 0.019393566153134728
50.00000000000037 0.012083214122650045
50.10000000000037 0.006885104434956012
50.20000000000037 0.0034446819506800193
50.300000000000374 0.003334282602947616
50.400000000000375 0.002697447794638911
50.50000000000038 0.0024289703583306207
50.60000000000038 0.002847920051845555
50.70000000000038 0.002916382615190789
50.80000000000038 0.0038014568432496046
50.90000000000038 0.0034788710154343037
51.000000000000384 0.0038270671844250225
51.100000000000385 0.00363325748689365
51.20000000000039 0.0034979777225881293
51.30000000000039 0.003644158623738562
51.40000000000039 0.0033030287874053718
51.50000000000039 0.003583153753944546
51.60000000000039 0.0031739004260763516
