string
20190123an 23 2019_16.01.   full spectra  index number  Nphoton via eV
eV x-axis E [J] Nphoton Nphoton/sr Nphoton/sr @ 0.1bw
51.660080420516415 5.485998420336227e-10 66281079.82373574 3574553034338.6646 861467281275.6309
51.4457232403483 7.095201766162797e-10 86080433.96846077 4642336504737.528 1123445434146.4563
51.233137607123716 1.384097124384461e-09 168618253.8358616 9093619061378.395 2209749431914.944
51.02230164989275 1.5216479908860177e-09 186141464.18333998 10038649602303.627 2449430502962.1074
50.813193856245654 1.0691705964248184e-09 131328652.48471822 7082582759412.848 1735232776056.0996
50.605793064995666 6.565715139526657e-10 80978695.44445829 4367198637794.6167 1074330864897.4486
50.400078459040394 5.484303577508714e-10 67917118.03948723 3662784930740.483 904707877892.8899
50.1960295583965 5.201081997930121e-10 64671555.84948193 3487751056740.9873 864962262071.7336
49.99362621340296 5.720872373155709e-10 71422754.50201008 3851844666757.515 959109322022.629
49.79284859808809 1.122634310404421e-09 140721453.8968602 7589138580138.768 1897284645034.701
49.59367720369574 1.9996337184347337e-09 251659375.89883578 13572044814768.021 3406583248506.6997
49.39609283236627 1.7015711465121292e-09 215003975.051172 11595211083734.041 2921993193100.812
49.20007659096798 1.0872953996135259e-09 137933814.47567993 7438800580544.897 1882016546877.8428
49.005609885074826 5.961238368708424e-10 75924102.08861707 4094603320012.844 1040029243283.2593
48.81267441308634 5.207203702991267e-10 66582629.00568867 3590815647232.4 915657990044.2555
48.621252160486 5.031812533563806e-10 64593272.556155756 3483529221725.003 891783480761.5894
48.4313253942341 5.692854026365375e-10 73365632.916975 3956624521763.392 1016852502093.2191
48.24287665729156 1.1904014067913925e-09 154010102.53325143 8305798288034.205 2142895958312.7288
48.05588876327104 2.373561939480389e-09 308278282.3608828 16625514740621.145 4306008317820.7783
47.87034479121208 2.1624496691309224e-09 281947616.39482456 15205496204782.111 3953429013243.3525
47.686228080476646 1.3768515047139932e-09 180211751.11962202 9718858888557.89 2536622169913.605
47.503522225762175 7.016034759280555e-10 92183861.10809487 4971495656336.492 1302531861960.114
47.322211072228725 4.822288678004517e-10 63602934.2285499 3430120060568.0103 902121575929.4047
47.142278710737365 4.744595650564545e-10 62817060.53011331 3387737721281.6865 894362758418.3334
46.96370947319669 4.921186371983685e-10 65402808.00916352 3527187644575.823 934704725812.5658
46.78648792801481 7.309948377057376e-10 97517562.90320791 5259143352883.997 1398932131867.1428
46.61059887565385 2.118340837731005e-09 283661327.20092833 15297917000855.857 4084543839228.412
46.436027344284355 2.94431456495992e-09 395747448.8708452 21342745893021.484 5719855899329.863
46.26275858553703 2.2940276705343268e-09 309496755.99578804 16691227288462.775 4489940140596.332
46.09077807034915 1.2985410601255537e-09 175845242.0656271 9483372106659.758 2560510468798.167
45.92007148490342 6.511991043706189e-10 88511604.5881035 4773450064422.277 1293604967458.372
45.75062472665653 4.5710644092161005e-10 62360456.67262584 3363112976051.026 914766729485.8706
45.58242390045559 4.4408718084671315e-10 60807870.71147958 3279381677869.919 895271198058.4778
45.41545531473963 4.723313624630364e-10 64913060.507316925 3500775455404.478 959212474780.8495
45.24970547782453 7.302799594602096e-10 100730873.68943545 5432437901671.199 1493920422959.5505
45.0851610942688 2.215761619052006e-09 306745630.0399272 16542858467986.066 4565828937164.127
44.92180906131855 3.652362215785011e-09 507464397.49799854 27367665202788.703 7580843261172.058
44.7596364654293 2.9746752426505495e-09 414803090.30980265 22370420775628.066 6218976975624.561
44.59863057886301 1.748020663411858e-09 244632420.9751836 13193079609142.225 3680869210950.7495
44.43877885635813 8.768231409049475e-10 123151260.5611398 6641574236450.673 1859640786206.1223
44.28006893187113 5.513712872152273e-10 77718575.69708665 4191379671563.751 1177777687709.43
44.1224886153876 4.80326806399902e-10 67946298.04945903 3664358615017.5664 1033349129434.9177
43.96602588980112 4.728270571460688e-10 67123421.26564077 3619980691297.756 1024454535637.2699
43.81066890785836 5.334126652678047e-10 75992794.29563387 4098307905660.5176 1163919445207.5557
43.65640598916871 1.2211429171521366e-09 174585226.2620071 9415419180634.377 2683394466480.777
43.50322561727689 3.717028509779989e-09 533289959.8731872 28760443392239.297 8225486810180.422
43.3511164367969 5.1578328009921314e-09 742601715.3289955 40048671836570.97 11493968817095.748
43.20006725060597 3.936006979438718e-09 568670123.1193607 30668503282381.848 8832528945326.053
43.05006701709692 2.041348868994465e-09 295959561.7068135 15961163459527.428 4612776239803.37
42.90110484748759 9.892706927665806e-10 143924802.18989536 7761895849503.7705 2250949796356.0
42.7531700031859 6.26410982065926e-10 91449222.22780506 4931876421923.496 1435176038779.6865
42.60625189320931 5.250273766893663e-10 76912617.89045022 4147914191958.9746 1211190944052.0498
42.46034007165723 5.291582009177879e-10 77784137.04305188 4194915409194.7397 1229110214894.0127
42.315424235235184 5.825108191514916e-10 85920000.6485254 4633684300939.565 1362303184476.229
42.17149422082962 9.659167436461578e-10 142958400.38055196 7709777589976.838 2274384389043.162
42.028540003131894 3.3047840644472995e-09 490781020.15227616 26467927038100.37 7834506403277.43
41.8865516923105 7.459145089849935e-09 1111484526.5919833 59942601987106.83 17802952790171.11
41.74551953173033 7.612768924024656e-09 1138208310.072274 61383821435892.484 18292378787895.453
41.60543389571781 4.7056186370170555e-09 705920260.237085 38070432994484.53 11383059465350.553
41.46628528737092 2.1586986806028194e-09 324927051.49756986 17523386477077.63 5257015943123.356
41.32806433641302 1.0717178121478148e-09 161854343.5780267 8728839911726.102 2627380813429.492
41.19076179708939 7.385917190063001e-10 111916362.14175498 6035673723931.908 1822773464627.4736
41.05436854610565 6.353793529768067e-10 96596790.35499185 5209485889322.536 1578474224464.7234
40.91887558060695 6.789619456347733e-10 103564453.41053966 5585253471620.414 1697917055372.6064
40.78427401619706 7.621941342472018e-10 116643848.7298958 6290628102668.244 1918641571313.6958
40.650555084996405 1.1261706705486974e-09 172912626.2982816 9325215501221.35 2853515943373.6035
40.51771013373824 3.4993200420056475e-09 539048380.8212968 29070996284977.375 8924795859488.275
40.38573062190196 9.877199482998648e-09 1526493135.6646762 82324106434266.14 25355824781753.027
40.254608119882796 1.4049446379830151e-08 2178374692.372119 117480220407586.55 36301388105945.36
40.124334307197095 9.979779648958676e-09 1552394469.7022138 83720971005928.47 25953501011837.18
39.99490097072226 4.596050151077911e-09 717247607.1125209 38681319272322.39 12029890293692.432
39.866300002970746 2.352539919252447e-09 368315542.32321477 19863337213375.742 6197361210573.166
39.73852340039712 1.0907392830384234e-09 171316109.72279575 9239115015465.06 2891842999840.4585
39.6115632617377 8.044903868267613e-10 126761640.69064708 6836282821183.547 2146592805851.7239
39.48541178638185 7.81611787853921e-10 123550186.08601096 6663088376672.822 2098872838651.887
39.36006127277429 8.130835798426755e-10 128934280.06674336 6953453734738.391 2197291380177.2935
39.235504116847785 9.360576796507126e-10 148906051.77750692 8030535721931.116 2545679823852.2144
39.11173281048549 1.3678594663815439e-09 218284751.04359436 11772144045748.025 3743541806547.6216
38.98873994001226 3.911284468520883e-09 626136726.8558466 33767689706406.16 10771893016342.986
38.86651818471441 1.204082437191029e-08 1933613012.622121 104280169844637.36 33369654350286.562
38.745060315387185 2.0448993811738167e-08 3294159147.954041 177654718499272.56 57027164638267.38
38.624359192909345 1.798352227587856e-08 2906045734.617697 156723677801107.12 50465024251956.19
38.50440776684441 9.316526443635456e-09 1510193330.3340416 81445054391681.81 26306752568512.84
38.3851990740678 3.767733983796706e-09 612640085.947978 33039812930124.0 10704899389359.455
38.266726237419434 1.815497765805535e-09 296117029.5826016 15969655736278.29 5190138114290.437
38.14898246438122 1.158962824167582e-09 189616236.128863 10226044808213.6 3333690607477.5776
38.03196104577882 9.044832558820509e-10 148436527.76128402 8005214189732.974 2617705040042.5835
37.91565535450732 9.227618589630474e-10 151900793.71879286 8192042805426.933 2686990040180.0317
37.800058844280166 9.989614028200846e-10 164947298.66392866 8895643651447.686 2926666761326.3496
37.6851650484009 1.1449506067893277e-09 189629240.1293019 10226746116782.365 3374826218538.1963
37.57096757855726 1.6274819900419087e-09 270366442.37621313 14580920973969.309 4826284842383.92
37.45746012363715 3.9140760502451835e-09 652198669.8235633 35173215952565.047 11677507696251.44
37.34463644856595 1.3620566713268077e-08 2276438472.1738863 122768821356474.5 40882017511703.766
37.232490393164845 2.7670263022567757e-08 4638527931.697573 250156819068245.66 83552377568798.6
37.12101587102963 3.001736359591861e-08 5047097189.76582 272191047916797.84 91184001052124.1
37.010206868429535 1.8369759882149346e-08 3097925302.391057 167071784576613.16 56136119617742.3
36.900057443225876 7.079545564454145e-09 1197477367.3056276 64580214568582.625 21763532309610.52
36.790561723809766 3.650416760109033e-09 619291338.3400545 33398516416601.227 11288698548810.842
36.681713908058846 1.6222056477352856e-09 276022995.4281214 14885980108934.63 5046347256929.124
36.573508262312366 1.1673581744038944e-09 199217039.64751792 10743818227731.842 3652898197428.6123
36.46593912036438 1.106395844824077e-09 189370405.15194258 10212787090221.945 3482560397765.759
36.35900088247475 1.1571666937407322e-09 198642859.91598976 10712852590071.02 3663795585804.345
36.25268801439734 1.255037970529206e-09 216075549.76191354 11653001340681.998 3996979459853.9136
36.14699504642534 1.387713451278613e-09 239616418.8760695 12922565526219.625 4445362541019.384
36.04191657245317 1.8734928176274463e-09 324439056.8885278 17497068821796.049 6036488743519.811
35.937447249054756 3.61755469756441e-09 628285239.3040285 33883559449497.047 11723711569525.84
35.83358179457772 1.3192120940128143e-08 2297806100.429211 123921182190362.72 43000650220054.64
35.730314988253284 3.3729207126604374e-08 5891939277.610963 317753565254700.5 110578240708634.06
35.62764166932152 4.83379605998597e-08 8468182763.379909 456690936126453.0 159385136708121.84
35.525556736171595 3.6224092580584927e-08 6364226056.210306 343224093828010.7 120128432839808.4
35.42405514549682 1.856392424876189e-08 3270848939.308309 176397593882907.62 61915555452899.83
35.32313191146407 7.740155505426136e-09 1367664133.1862826 73758423825293.12 25962965186502.496
35.222782104897405 3.3832357214762233e-09 599511580.1104705 32331789758163.098 11413121784631.508
35.1230008524756 1.8493346451347192e-09 328634282.5913402 17723318255353.91 6274054662395.102
35.02378333594318 1.395239385588815e-09 248642088.19541207 13409321833422.09 4760309250864.8125
34.92512479133489 1.591834398969662e-09 284478136.02756774 15341967678326.76 5461740493484.281
34.82702050821316 1.83839642759567e-09 329466923.5380733 17768222762500.965 6343255526213.154
34.72946582891845 2.0053176376567993e-09 360391089.7187759 19435969762845.375 6958077175098.282
34.63245614783208 2.0386934122004553e-09 367415608.0046223 19814803560064.95 7113514478063.194
34.53598691065149 2.1282995508453753e-09 384635935.870837 20743499582974.96 7467659849871.008
34.440053613677456 3.432732548218616e-09 622107051.2851249 33550368427437.414 12111683002305.623
34.34465180311326 8.358177822524106e-09 1518942954.4472873 81916923520949.16 29653926314580.4
34.249777074375366 2.919589053160664e-08 5320506184.822991 286936054417840.3 104157787753678.44
34.15542507141566 6.262363054109784e-08 11443727876.464745 617162730506907.1 224647233904512.8
34.061591486054624 7.189689459996557e-08 13174500898.74422 710503695605744.9 259333848896092.66
33.968272057325706 4.9523661435977925e-08 9099724953.068205 490750143617740.2 179614552564091.62
33.87546257083028 2.3142603914725382e-08 4263987894.8291564 229957793511787.0 84394510218824.94
33.78315885810322 1.0415196819726506e-08 1924226542.087569 103773955449515.23 38188815605421.625
33.69135679598881 5.351514715638149e-09 991396081.1940998 53466206037801.61 19729030027949.19
33.60005230602678 2.933398404097861e-09 544904096.3514447 29386796295661.848 10873114629394.852
33.50924135384833 2.3451936898585326e-09 436820585.1240795 23557829054222.906 8739954579116.091
33.41891994858189 2.9758563868302715e-09 555787190.8182151 29973723944587.348 11150225307386.96
33.3290841422685 4.004181902668709e-09 749858629.1428076 40440038775101.25 15084134463113.105
33.23973002928655 4.395966333413012e-09 825440635.2224584 44516192783030.8 16649056100852.066
33.150853745785774 4.572347402794548e-09 860861881.0660355 46426468266576.445 17409925599966.006
33.062451469130345 3.927684314315361e-09 741464729.8821168 39987353964412.77 15035245090619.0
32.97451941735074 4.268329826932426e-09 807920208.8622624 43571312383144.52 16426384768445.363
32.88705384860445 5.910824097907446e-09 1121791230.583424 60498444772478.01 22868412123996.645
32.80005106064518 1.3371388893105e-08 2544432739.5102916 137221810415196.23 52007066147359.38
32.71350739030047 4.507499599231976e-08 8599982390.4385 463798918646953.1 176243589085845.56
32.62741921295758 1.0219389737099881e-07 19549300123.24657 1054298002696747.2 401687539027451.8
32.541782942057424 1.170545281690522e-07 22451008258.152557 1210787752803066.0 462520921570761.75
32.45659502859654 8.462494781677668e-08 16273629791.820187 877640390089473.1 336136269404257.0
32.371851960636754 4.3905568063644624e-08 8465274195.695031 456534076439326.5 175309085352708.3
32.2875502628226 2.0190218374697956e-08 3902967148.63436 210487866238398.12 81037828501782.81
32.203686495906176 1.1159665617242247e-08 2162890666.535087 116645163530318.84 45025033122701.34
32.12025725627947 8.438589856126337e-09 1639758304.7600193 88432521610230.92 34223385863157.59
32.03725917551389 5.834966874148383e-09 1136768459.0457156 61306169957225.16 23786793943403.06
31.954688919906893 5.9706934768049185e-09 1166216433.1777349 62894305599684.02 24465884878277.258
31.872543190035667 6.8048831768290104e-09 1332578893.84417 71866269245368.28 28027845005693.715
31.790818720317628 8.449159349310703e-09 1658825730.2420256 89460832008839.19 34979185315455.67
31.709512278577684 1.011369764909526e-08 1990716328.9759529 107359764101191.61 42085027527667.73
31.62862066562213 1.0574738998047746e-08 2086788233.7990901 112540942799750.8 44228590520302.17
31.54814071481902 9.815647881670103e-09 1941932705.5513737 104728852691750.19 41263167960549.9
31.468069291684962 8.214468880156187e-09 1629289901.4634638 87867958346206.02 34707843546750.527
31.388403293478163 9.530749507416052e-09 1895164035.4033952 102206608150260.78 40473816827502.484
31.30913964879766 1.498521578955595e-08 2987313781.2046275 161106481208876.28 63959273039924.5
31.2302753171886 3.975616534639105e-08 7945434469.894951 428499007092688.8 170542604822891.4
31.151807288753453 1.081351931196241e-07 21665703103.517788 1168436075207489.8 466205994007760.94
31.073732583769104 1.8444387074671114e-07 37047574383.352745 1997983735012677.2 799193494005067.4
30.99604825230968 1.78473752843377e-07 35938256364.307076 1938157973248213.0 777201347272535.9
30.918751373874994 1.1618299503493517e-07 23453604407.947517 1264857980973706.8 508472908351427.2
30.841839057024558 5.823090282254819e-08 11784257718.709394 635527578878652.8 256117614288092.44
30.76530843901705 3.248925028298714e-08 6591244031.9985 355467222581512.25 143608757922930.94
30.689156685455128 1.8588298863901575e-08 3780451465.2573647 203880568817566.38 82571630371114.67
30.613380989935486 1.677458061404145e-08 3420025541.6727934 184442720456771.06 74883744505447.47
30.537978573704116 1.4161725819435222e-08 2894442128.468741 156097892800631.5 63531842369857.945
30.462946685316638 1.162278174276962e-08 2381371473.9048247 128427880936328.66 52398575422020.43
30.388282600303604 1.1832581984625856e-08 2430313730.737269 131067347479919.06 53606545119286.4
30.31398362084076 1.258484112779216e-08 2591156836.448018 139741651113773.3 57294076956649.0
30.240047075424076 1.66212167142998e-08 3430594002.17046 185012679827389.12 76040211409055.53
30.166470318549564 2.0160762346158835e-08 4171300018.0261254 224959116179526.12 92683155865956.53
30.093250730397738 2.2867274542870252e-08 4742794167.967852 255779919841952.84 105637106894730.38
30.020385716522686 1.754861423732287e-08 3648509942.427805 196764933827311.25 81460682604503.05
29.947872707545574 1.4848235819586389e-08 3094552483.6760197 166889887730572.44 69259303408187.37
29.875709158852693 1.5888691723783193e-08 3319394658.272311 179015675053105.8 74470520822093.66
29.80389255029776 2.1690149944848963e-08 4542328511.361589 244968763430376.16 102151974350467.7
29.732420385908558 4.3307487776158437e-08 9091210249.502632 490290943804644.9 204941614510341.3
29.66129019359777 1.0380550384713505e-07 21843353678.584743 1178016809315116.5 493589043103022.1
29.590499524877966 2.0247395550370634e-07 42707666770.33969 2303233747087707.5 967358173776842.2
29.520045954580638 2.432604119589417e-07 51433180814.752014 2773802615104993.5 1167770900959180.2
29.449927080579258 2.2742038740627118e-07 48198569188.726234 2599359307399903.0 1096929627722775.5
29.380140523516275 1.4546166611975226e-07 30901791921.646484 1666540351692745.2 704946568766015.2
29.310683926533965 8.248584578634507e-08 17564769480.16248 947271833979532.8 401643257607304.06
29.241554955009118 4.311621716989953e-08 9202994501.488678 496319492799178.7 210935784439647.3
29.172751296291448 3.3630252452014664e-08 7195180822.932296 388037664920746.3 165304045256235.0
29.104270659445692 1.994558971140691e-08 4277392814.285943 230680723730286.0 98500669032834.6
29.036110774997343 2.3059802524117557e-08 4956853848.973955 267324204942690.2 114414759715471.47
28.96826939468193 1.9676542891812003e-08 4239505673.811174 228637462013569.03 98085471203819.42
28.90074429119782 1.9900777012405395e-08 4297837400.705234 231783304717427.72 99666821028496.64
28.83353325796248 1.6398388697321568e-08 3549705203.959633 191436372816572.16 82509076683938.64
28.766634108872076 2.1474637361283655e-08 4659354604.476086 251280006055747.8 108552962616087.7
28.700044678064504 2.476584161962998e-08 5385914976.8872385 290463564783806.8 125770723551384.3
28.6337628196856 2.802153358850686e-08 6108048145.611689 329408363455239.94 142963229739577.66
28.567786407658676 3.068587577798785e-08 6704260908.957419 361562247308618.7 157279577579244.34
28.50211333545716 2.6600897930895318e-08 5825164698.546733 314152397699110.2 136970445396805.66
28.43674151588042 1.9895922913731253e-08 4366899871.305769 235507858760611.3 102916934278382.94
28.371668880832637 2.0738759995358866e-08 4562331918.320118 246047551513353.56 107768827562853.28
28.30689338110471 2.4873795165289185e-08 5484522460.09391 295781487775439.8 129848073133417.25
28.24241298615914 4.1403773830884153e-08 9150126601.86327 493468315486924.94 217126058814241.3
28.17822568391787 7.402936498558915e-08 16397564798.455795 884324231921987.2 389986986277588.4
28.114329480552975 1.6199388900289567e-07 35963328199.27123 1939510102754640.8 857263465417576.5
28.050722400280232 2.5046601968734167e-07 55730602569.541145 3005563503947867.5 1331464632248896.0
27.987402485155446 2.9751594736843397e-07 66349343655.06077 3578234517592217.0 1588736125810948.8
27.924367794873564 2.783415495688467e-07 62213361261.94733 3355180088596922.0 1493055139425600.8
27.861616406570477 2.1503509451795262e-07 48171704141.23174 2597910469552142.5 1158668069420258.8
27.799146414627494 1.389333414531726e-07 31193491978.001675 1682271799103289.8 751975494199154.1
27.736955930478437 8.718211169329829e-08 19618127940.845573 1058009901852580.1 473988436029971.8
27.675043082419336 5.713894223913329e-08 12886437319.120293 694968364175335.2 312040795514691.9
27.613406015420622 2.90753404500708e-08 6571943255.307711 354426327501519.2 159491847375689.97
27.552042890941912 3.021759308823086e-08 6845340216.938999 369170685037289.5 166495978951819.22
27.490951886749137 2.853820217423525e-08 6479265963.734968 349428221033027.4 157941555906927.75
27.430131196734205 3.2790404433343996e-08 7461185941.942678 402383378778106.75 182279670586474.5
27.369579030736997 3.0335791668051726e-08 6917930432.3061905 373085491122135.0 169380812969452.3
27.309293614369736 2.8479779186882838e-08 6509012803.663161 351032474572801.94 159719775930625.78
27.24927318884365 2.7727888875805107e-08 6351127871.153385 342517705862333.94 156188073873221.28
27.189516010797938 2.90776038293919e-08 6674920738.900764 359979925563364.44 164510825982457.47
27.130020352130984 3.229186458891485e-08 7429027704.945341 400649078070521.6 183497277756303.94
27.070784499833756 3.4458502073910074e-08 7944828517.830006 428466327966184.4 196666044536467.1
27.0118067558254 3.288604572718118e-08 7598834697.05095 409806806045038.7 188511130780724.62
26.953085436791 2.828256877263277e-08 6549367173.875747 353208794525280.56 162829254276140.12
26.894618874021383 2.40503289690786e-08 5581418683.181327 301007122137073.25 139065290427330.92
26.836405413255104 2.9339950438636558e-08 6823764130.955497 368007082032833.6 170387278981201.22
26.77844341452237 3.1040981921570745e-08 7235009356.757992 390185626402642.94 181046130650823.62
26.720731251991072 3.631939451564589e-08 8483581483.291644 457521392436636.9 212747447483031.2
26.663267313814746 8.235316813364749e-08 19277731151.869892 1039652229072535.5 484477938747819.75
26.606050001982528 1.3659183102552945e-07 32043009514.08856 1728086464380602.0 807016378865712.1
26.549077732171 2.3809252217959004e-07 55973864409.72961 3018682667837425.5 1412743488547904.5
26.492348933597984 3.167581294012904e-07 74627050610.48157 4024653052014911.0 1887562281395027.5
26.43586204887816 3.2706006390034476e-07 77218794116.10217 4164426342324614.5 1957280380892533.2
26.379615533880546 3.152094396115236e-07 74579544755.2497 4022091050921695.0 1894404884984112.8
26.323607857587806 2.9167262265405777e-07 69157491030.26346 3729678515601831.5 1760408259364076.2
26.267837501957324 1.9126311430722316e-07 45446022264.28349 2450913853778870.0 1159282252837444.8
26.212302961784054 1.524316042222754e-07 36296004175.61243 1957451390431975.0 927831959064649.5
26.157002744565094 7.00156386714793e-08 16706906866.798359 901007116871706.0 427978380514067.6
26.10193537036601 5.748767459855723e-08 13746464233.999197 741349802534044.9 352882506006195.25
26.04709937168877 3.444333359807952e-08 8253435961.705518 445109594458799.2 212317276556850.84
25.992493293341415 3.6867229558637934e-08 8852818030.703732 477434399654542.25 228213643034875.47
25.93811569230932 4.286877991071547e-08 10315533055.165764 556318938695970.6 266476771635359.6
25.88396513762809 4.250315151467826e-08 10248948287.803713 552728007726715.0 265309443708823.88
25.83004021025803 4.1528359063137755e-08 10034798667.856392 541178872199338.75 260307037527890.66
25.776339502960198 4.402784959111718e-08 10660932798.134483 574946421871742.5 277124175342174.8
25.722861620173973 3.37054451456859e-08 8178426606.7740755 441064323651699.94 213034068323773.25
25.66960517789618 3.6994695275144386e-08 8995167201.038263 485111321335783.06 234793879526518.4
25.616568803561684 3.4592309772575256e-08 8428447349.885087 454547996644230.6 220455778372456.06
25.563751135925475 3.396785119675675e-08 8293397245.078523 447264715152621.8 217370651564151.22
25.5111508249462 3.4581481856990324e-08 8460626511.578013 456283425825194.75 222210028376870.6
25.458766531671156 3.239462292570215e-08 7941902398.894335 428308521736289.56 209014558607309.5
25.40659692812265 2.7980097793814586e-08 6873717911.6966505 370701100280572.5 181272838037200.5
25.354640697185793 2.814592393240602e-08 6928624480.314989 373662223454512.1 183094489492710.22
25.30289653249766 3.2827840562387965e-08 8097688207.632219 436710084245708.6 214424651364647.62
25.251363138337787 3.636425689991788e-08 8988327014.166016 484742428571744.56 238493274857294.25
25.200039229520026 4.050514700458445e-08 10032241328.138958 541040954312800.1 266733190476215.88
25.148923531285707 6.22467622005812e-08 15448500839.076086 833141006410212.6 411571657166622.4
25.09801477919808 1.0204572272724314e-07 25377241347.789124 1368600139046007.2 677457068827768.8
25.047311719038085 1.6153437498962663e-07 40252495469.66049 2170825825460557.8 1076729609428503.0
24.996813106701318 2.5059747554060944e-07 62572142173.09158 3374529221079435.5 1677141022876453.0
24.946517708096284 3.289782074875094e-07 82308781773.05263 4438930482454556.0 2210587380262254.0
24.89642429904388 3.404254735241136e-07 85344207163.20915 4602631633186368.0 2296713184959965.5
24.84653166517806 3.303617968208079e-07 82987564729.07889 4475537394737421.0 2237768697368733.2
24.796838601847703 3.068663635734263e-07 77239943324.90529 4165566923749994.0 2086949028798680.8
24.747343914019662 2.76886088567931e-07 69833131498.92035 3766115952858166.5 1890590208334752.2
24.69804641618297 1.9174494860165115e-07 48456306079.05242 2613259113888067.5 1314469334285765.5
24.648944932254178 1.1164504934060272e-07 28270280021.094826 1524622343204798.0 768409660975192.5
24.60003829548383 9.038085848004071e-08 22931351627.478397 1236692775064536.0 624529851407575.5
24.55132534836406 4.326287963784077e-08 10998398637.472168 593146027901066.5 300131890117937.94
24.502804942537253 4.335689348963823e-08 11044125411.364243 595612082751124.9 301975325954824.94
24.45447593870582 3.655753687744533e-08 9330556377.183622 503198932467993.6 255625057693750.75
24.406337206543014 3.7878330602854256e-08 9686730067.563536 522407456968271.75 265905395596832.66
24.358387624604813 3.699241702767749e-08 9478795330.64927 511193491433040.2 260708680630860.8
24.310626080242844 4.6455126178145185e-08 11926869718.774302 643218675024352.0 328684742937419.9
24.263051469518295 3.8301638129295885e-08 9852828061.80959 531365157882450.0 272058960835823.9
24.215662697116894 3.2221257617448856e-08 8304913308.990341 447885778981230.25 229765404617361.75
24.168458676264812 3.446628527285785e-08 8900911821.150063 480028108221601.75 246734447625904.88
24.12143832864562 3.3596466688132354e-08 8693194161.019667 468825849684483.94 241445312587500.0
24.07460058431815 3.335060187920897e-08 8646364906.451399 466300337812046.44 240610974311018.72
