string
20190123an 23 2019_16.11.   full spectra  index number  Nphoton via eV
eV x-axis E [J] Nphoton Nphoton/sr Nphoton/sr @ 0.1bw
51.660080420516415 6.268227970677961e-10 75731869.8703555 4084236194719.8965 984300922927.5095
51.4457232403483 6.050703957676694e-10 73408373.6667542 3958929539684.3345 958060948603.5872
51.233137607123716 6.17024228207842e-10 75169253.73361793 4053894184238.302 985096286769.9045
51.02230164989275 6.194478263041459e-10 75776346.47702047 4086634827779.8003 997138897978.2804
50.813193856245654 6.197828212637195e-10 76129331.48546867 4105671385970.7656 1005889489562.8098
50.605793064995666 6.177774142154281e-10 76193998.69642028 4109158902706.2207 1010853090065.7048
50.400078459040394 6.189275186252141e-10 76647422.49635032 4133612146741.9473 1021002200245.2505
50.1960295583965 6.118391814751352e-10 76077615.79497816 4102882347547.472 1017514822191.7363
49.99362621340296 6.031487622062543e-10 75300658.99282746 4060980898415.0264 1011184243705.3497
49.79284859808809 6.050049429518513e-10 75836961.6872848 4089903819237.9 1022475954809.4799
49.59367720369574 6.235427611462448e-10 78474562.95102605 4232150228405.5654 1062269707329.7739
49.39609283236627 6.147144984019227e-10 77672955.93188328 4188919387715.522 1055607685704.2515
49.20007659096798 6.181802021446526e-10 78422067.58666223 4229319142000.902 1070017742926.219
49.005609885074826 5.946208089509771e-10 75732671.98941335 4084279453174.945 1037406981106.4327
48.81267441308634 6.033859590140922e-10 77152778.62703645 4160866112657.5547 1061020858727.669
48.621252160486 6.002644956894728e-10 77055828.12798533 4155637551181.407 1063843213102.4268
48.4313253942341 5.879526681001762e-10 75771343.19731294 4086364999818.2197 1050195804953.3108
48.24287665729156 5.92397227242324e-10 76642347.01630552 4133338425000.492 1066401313650.0791
48.05588876327104 5.929664780274189e-10 77014500.5711932 4153408747065.271 1075732865489.8807
47.87034479121208 5.965234046658987e-10 77776770.70138219 4194518140788.169 1090574716604.9249
47.686228080476646 5.915056735276115e-10 77420312.10965271 4175294251496.2144 1089751799640.5101
47.503522225762175 5.823843479266582e-10 76519629.2247341 4126720227840.8276 1081200699694.2578
47.322211072228725 5.766820923416902e-10 76060716.47533314 4101970963567.67 1078818363418.3187
47.142278710737365 5.834789010367854e-10 77250902.17142229 4166157936723.4453 1099865695294.9502
46.96370947319669 5.799810823126583e-10 77079770.01519544 4156928742359.9805 1101586116725.3625
46.78648792801481 5.707825560036531e-10 76144619.54866298 4106495874540.1387 1092327902627.6765
46.61059887565385 5.55816036901924e-10 74427831.39470431 4013909116428.03 1071713734086.2572
46.436027344284355 5.890175126987725e-10 79170269.63250545 4269669840878.766 1144271517355.5303
46.26275858553703 6.097716300035123e-10 82266811.2544578 4436667003268.718 1193463423879.244
46.09077807034915 6.13148128562659e-10 83031014.11268593 4477880629434.648 1209027769947.3704
45.92007148490342 5.894859678792988e-10 80123496.09970085 4321077551341.339 1171012016413.4438
45.75062472665653 5.667049110777955e-10 77312358.54427975 4169472292262.934 1134096463495.5076
45.58242390045559 5.698539528301644e-10 78028835.28872457 4208112038744.1187 1148814586577.1316
45.41545531473963 5.744794892585918e-10 78951398.97548899 4257866098796.6147 1166655311070.2998
45.24970547782453 5.626392038102527e-10 77607413.20852737 4185384654405.9 1150980779961.6
45.0851610942688 5.615460842686406e-10 77739322.64840594 4192498559155.638 1157129602326.9492
44.92180906131855 5.791317375492279e-10 80465386.75634111 4339515788729.074 1202045873477.888
44.7596364654293 5.949892173204095e-10 82968171.61983886 4474491520142.988 1243908642599.7424
44.59863057886301 6.140083010261672e-10 85929383.05758454 4634190296298.437 1292939092667.2878
44.43877885635813 6.070038407428076e-10 85254693.52437377 4597804143197.3 1287385160095.1982
44.28006893187113 6.115593834836964e-10 86202392.72631583 4648913767043.971 1306344768539.3735
44.1224886153876 6.202254300770993e-10 87736144.15928857 4731629315028.913 1334319466838.107
43.96602588980112 5.971448235164621e-10 84771805.96944915 4571761912453.769 1293808621224.4229
43.81066890785836 6.033403947112917e-10 85955069.10680978 4635575550513.401 1316503456345.7705
43.65640598916871 6.089895612547484e-10 87066451.31334344 4695512634357.534 1338221100791.887
43.50322561727689 6.167701140069242e-10 88489315.72203688 4772248021033.088 1364862934015.4602
43.3511164367969 6.360397410558297e-10 91574159.33192243 4938614307090.905 1417382306135.075
43.20006725060597 6.555813374902235e-10 94717697.87320954 5108146023550.576 1471146054782.5793
43.05006701709692 6.850461290526338e-10 99319599.49757929 5356327577907.634 1547978670015.287
42.90110484748759 6.654604405570849e-10 96815020.37074658 5221255081482.265 1514163973629.794
42.7531700031859 6.832581926353667e-10 99748299.5767531 5379447466311.793 1565419212696.6765
42.60625189320931 6.93046770729982e-10 101526213.34430537 5475330742044.434 1598796576677.0132
42.46034007165723 6.872462480899487e-10 101022447.06976973 5448162517416.416 1596311617602.95
42.315424235235184 6.881843862742685e-10 101506789.18053329 5474283192672.342 1609439258645.6646
42.17149422082962 7.045427971331928e-10 104274319.64539753 5623536711883.453 1658943330005.6147
42.028540003131894 7.460095377888877e-10 110787063.49928808 5974770402805.582 1768532039230.389
41.8865516923105 7.707800924027968e-10 114853664.29949458 6194083067422.38 1839642671024.4863
41.74551953173033 7.767909697057575e-10 116140388.04172297 6263476358379.161 1866515954796.9382
41.60543389571781 7.878281813833218e-10 118187196.56737201 6373861186832.86 1905784494862.9714
41.46628528737092 8.66457152077397e-10 130419020.59015991 7033526113723.436 2110057834117.0576
41.32806433641302 8.187799783158471e-10 123654841.24926008 6668732452362.992 2007288468161.2112
41.19076179708939 8.351214192317644e-10 126543188.58709177 6824501651780.485 2060999498837.7488
41.05436854610565 8.457325804854298e-10 128576813.8212062 6934175502457.677 2101055177244.6692
40.91887558060695 8.738618281732675e-10 133293217.93799266 7188532201106.227 2185313789136.2937
40.78427401619706 8.578017320085627e-10 131275341.77033944 7079707701004.744 2159310848806.3135
40.650555084996405 8.623744663052673e-10 132409267.72561933 7140860574116.35 2185103335679.504
40.51771013373824 9.07621792498433e-10 139813464.26489952 7540170502028.023 2314832344122.6606
40.38573062190196 9.529582269401664e-10 147276988.2296346 7942679970883.257 2446345431031.952
40.254608119882796 9.984006492701636e-10 154802591.39181182 8348537384343.136 2579698051762.1084
40.124334307197095 9.8101679563273e-10 152601069.5420659 8229808832709.702 2551240738139.9443
39.99490097072226 1.0317268790631002e-09 161008607.58190918 8683229185720.868 2700484276759.228
39.866300002970746 1.1335674192090416e-09 177472227.08066732 9571115761980.426 2986188117737.8613
39.73852340039712 1.011867080711215e-09 158928109.14549318 8571027453060.435 2682731592807.8184
39.6115632617377 1.0229457177119206e-09 161183128.64633113 8692641144639.529 2729489319416.927
39.48541178638185 1.0486164746773745e-09 165755893.90095004 8939251368246.102 2815864180997.452
39.36006127277429 1.0357372926044926e-09 164241469.72206396 8857578143272.863 2798994693274.1763
39.235504116847785 1.0142909315093749e-09 161351230.0023527 8701706887289.489 2758441083270.8228
39.11173281048549 1.030855212111478e-09 164505184.0983346 8871800316876.61 2821232500766.573
38.98873994001226 1.0288045626964986e-09 164695850.33909607 8882082988662.771 2833384473383.272
38.86651818471441 1.0509179209322087e-09 168764903.82609195 9101527927210.963 2912488936707.736
38.745060315387185 1.111060430807086e-09 178982394.72164124 9652559430939.336 3098471577331.575
38.624359192909345 1.070334966877365e-09 172960686.86600962 9327807418079.992 3003553988621.7393
38.50440776684441 1.1137220132154078e-09 180532472.73860496 9736155475145.832 3144778218472.0576
38.3851990740678 1.1509770992762926e-09 187150874.25419176 10093087306717.174 3270160287376.144
38.266726237419434 1.2866366950578827e-09 209857067.00854492 11317637214838.709 3678232094822.5747
38.14898246438122 1.1749878850440898e-09 192238073.2264608 10367441052476.412 3379785783107.2534
38.03196104577882 1.1588004291801348e-09 190173019.7404734 10256072269347.979 3353735632076.662
37.91565535450732 1.1878836755490334e-09 195543922.20357367 10545726206001.812 3458998195568.5913
37.800058844280166 1.1782647681366478e-09 194553653.49087813 10492320799192.059 3451973542934.2593
37.6851650484009 1.1814602862519832e-09 195676053.6187345 10552852081926.748 3482441187035.8433
37.57096757855726 1.1588856671643854e-09 192520591.23797178 10382677310213.725 3436666189680.7993
37.45746012363715 1.1707184276561073e-09 195075668.29403263 10520473170932.951 3492797092749.6934
37.34463644856595 1.1468061073348151e-09 191668496.45968667 10336723653704.76 3442128976683.4956
37.232490393164845 1.2147043537960235e-09 203627991.148551 10981701800453.783 3667888401351.763
37.12101587102963 1.225542581857956e-09 206061818.2229253 11112958623319.316 3722841138811.8413
37.010206868429535 1.2330880097849355e-09 207951250.86527935 11214856136197.29 3768191661762.3076
36.900057443225876 1.1971458868590894e-09 202492531.73460075 10920466227582.945 3680197118695.1436
36.790561723809766 1.3514891286696038e-09 229279440.1976266 12365090020401.297 4179400426895.5005
36.681713908058846 1.6534172847636435e-09 281333745.98358274 15172390040141.604 5143440223608.293
36.573508262312366 1.403908842779699e-09 239585904.07469654 12920919856352.297 4393112751159.524
36.46593912036438 1.3544615891946244e-09 231829268.98041105 12502602840602.549 4263387568645.5615
36.35900088247475 1.3337451798376303e-09 228954876.03921098 12347586204826.967 4222874482050.888
36.25268801439734 1.35906300307331e-09 233985180.0868752 12618871594941.945 4328272957065.074
36.14699504642534 1.3963548814604224e-09 241108534.23477337 13003035631673.887 4473044257295.649
36.04191657245317 1.4786844375997248e-09 256068760.90303606 13809843905975.453 4764396147561.669
35.937447249054756 1.4566922199877429e-09 252993609.36919743 13644000315684.432 4720824109226.757
35.83358179457772 1.4623981344425052e-09 254720781.42922527 13737147080106.736 4766790036796.901
35.730314988253284 1.528730065425938e-09 267044069.06272396 14401744659393.25 5011807141468.773
35.62764166932152 1.6137345544644412e-09 282705330.7421911 15246359904147.658 5320979606547.19
35.525556736171595 1.5427280341619307e-09 271042536.9750124 14617382902562.88 5116084015897.207
35.42405514549682 1.5471610029216877e-09 272600224.9057384 14701389351071.816 5160187662226.145
35.32313191146407 1.4832323217242783e-09 262083061.01638585 14134196417684.219 4975237139024.714
35.222782104897405 1.5779465564534938e-09 279613160.67463917 15079598500636.234 5323098270724.561
35.1230008524756 2.308587881369517e-09 410245449.18838376 22124626199810.664 7832117674732.747
35.02378333594318 2.2553924831817034e-09 401927799.9967536 21676053571911.816 7694999018028.646
34.92512479133489 1.7967272783912062e-09 321094724.0727121 17316708226488.857 6164748128629.982
34.82702050821316 1.7762053364513e-09 318321390.8535864 17167141763479.785 6128669609562.583
34.72946582891845 1.8486072409726163e-09 332227456.4016784 17917098899555.953 6414321406040.698
34.63245614783208 1.8590260666406274e-09 335035757.94360185 18068551211810.312 6486609885039.79
34.53598691065149 1.8461804039891962e-09 333650085.67178655 17993821605156.52 6477775777856.366
34.440053613677456 1.8662063075686376e-09 338208726.3669014 18239670088200.5 6584520901840.77
34.34465180311326 1.9360902107611683e-09 351848291.24895763 18975254785460.57 6869042232335.986
34.249777074375366 1.847832105771939e-09 336739245.43013674 18160420662038.71 6592232700320.204
34.15542507141566 2.2465203767936704e-09 410525030.86814994 22139704100539.066 8058852292596.171
34.061591486054624 2.4872444076802437e-09 455766606.70397854 24579592114015.746 8971551121615.602
33.968272057325706 2.637269073346437e-09 484584994.3003462 26133774017830.387 9564961290525.854
33.87546257083028 2.409370287611563e-09 443922636.29417324 23940844216733.82 8786289827541.22
33.78315885810322 1.9995649385975324e-09 369423256.6195621 19923076486026.68 7331692146857.821
33.69135679598881 1.8419387590786643e-09 341228785.6023126 18402542538868.63 6790538196842.661
33.60005230602678 2.157696019798083e-09 400810676.8677302 21615806878870.61 7997848545182.102
33.50924135384833 4.034973618942216e-09 751562459.3433411 40531926707970.05 15037344808655.842
33.41891994858189 3.572783827827111e-09 667272619.6924621 35986157343783.08 13386850531887.867
33.3290841422685 2.7323280124780733e-09 511679985.4771272 27595012778331.97 10292939766318.057
33.23973002928655 3.1738855370901292e-09 595967733.8622849 32140669360104.266 12020610340677.947
33.150853745785774 3.4691210245471253e-09 653151168.918641 35224584435691.29 13209219163384.111
33.062451469130345 3.5103823432614157e-09 662686837.2396113 35738845099847.9 13437805757542.629
32.97451941735074 3.9067262216790186e-09 739474968.6565305 39880045709244.88 15034777232385.209
32.88705384860445 4.429470831050351e-09 840651227.6615478 45336503337744.56 17137198261667.412
32.80005106064518 4.443386869459818e-09 845529145.502127 45599570506605.82 17282237222003.61
32.71350739030047 3.9721573713504924e-09 757858823.8030072 40871491011153.625 15531166584238.676
32.62741921295758 4.85369985320707e-09 928494142.7963413 50073890834678.26 19078152408011.992
32.541782942057424 7.509602462112218e-09 1440338528.7994308 77677769769091.1 29672908051792.19
32.45659502859654 9.029165006426663e-09 1736335353.0448537 93640942805420.94 35864481094475.02
32.371851960636754 7.3799419618952214e-09 1422899987.6552935 76737305456696.27 29467125295372.535
32.2875502628226 4.522264457291056e-09 874198054.0618016 47145690973497.555 18151091024796.453
32.203686495906176 3.308317300766743e-09 641195610.799421 34579818588998.395 13347809975352.87
32.12025725627947 2.835094714772522e-09 550906037.9269938 29710482308742.156 11497956653482.617
32.03725917551389 3.2768179227864755e-09 638389787.1233463 34428499908587.58 13358257964531.81
31.954688919906893 7.561983103497799e-09 1477032608.8537943 79656689478145.38 30986452206998.77
31.872543190035667 1.1262014068941426e-08 2205404833.627249 118937961797724.95 46385805101112.875
31.790818720317628 6.9698101651054574e-09 1368384706.547472 73797284503205.33 28854738240752.91
31.709512278577684 5.997377604528156e-09 1180485905.6110814 63663861348031.45 24956233648428.695
31.62862066562213 7.2663353103071855e-09 1433917473.6310055 77331480868895.3 30391271981475.926
31.54814071481902 7.834810644934444e-09 1550042872.0158527 83594148831822.67 32936094639738.39
31.468069291684962 9.36654796931318e-09 1857797776.1703947 100191437672072.89 39575617880467.82
31.388403293478163 1.1485675170292075e-08 2283895772.113811 123170995162319.55 48775714084277.59
31.30913964879766 1.195563933272335e-08 2383365487.912997 128535418544985.31 51028561162359.66
31.2302753171886 1.2119177083513478e-08 2422067785.1378856 130622641842327.56 51987811453246.75
31.151807288753453 1.1898513761863132e-08 2383957147.5353866 128567326876957.78 51298363423903.13
31.073732583769104 1.340690821198884e-08 2692924558.694211 145230006483363.9 58092002593345.305
30.99604825230968 2.487463722447083e-08 5008865871.312025 270129224606899.97 108321819067367.23
30.918751373874994 2.80994826624196e-08 5672380456.6598015 305912710342048.0 122976909557502.58
30.841839057024558 1.7245387056540022e-08 3489969684.1806536 188214823257458.28 75850573772754.31
30.76530843901705 1.097621371216816e-08 2226795093.5806184 120091543164005.44 48516983438258.195
30.689156685455128 7.519222171515303e-09 1529244536.255225 82472490065851.23 33401358476669.867
30.613380989935486 5.108738300465495e-09 1041576887.9902011 56172467850004.79 22806021947101.46
30.537978573704116 5.3781425245027484e-09 1099210823.194061 59280678496417.03 24127236148042.082
30.462946685316638 6.323366631063864e-09 1295583557.1484168 69871102700196.375 28507409901679.215
30.388282600303604 1.5797731873447945e-08 3244722473.626734 174988587912772.88 71570332456323.44
30.31398362084076 2.998575856767962e-08 6173920077.317162 332960851042674.0 136513948927500.98
30.240047075424076 2.1894716203354738e-08 4519036324.328281 243712610723484.4 100165883007350.25
30.166470318549564 1.3181203171864524e-08 2727215969.5330267 147079349719648.16 60596692084489.66
30.093250730397738 1.5232492214253078e-08 3159299771.467528 170381723027399.53 70367651610318.58
30.020385716522686 1.8704585546937086e-08 3888846458.9898205 209726334378173.84 86826702432559.92
29.947872707545574 1.7636461821468257e-08 3675652609.2405624 198228743745218.47 82264928654265.44
29.875709158852693 2.4796190384561286e-08 5180309577.333651 279375220918481.0 116220091902090.66
29.80389255029776 2.239522281129227e-08 4689984133.474679 252931863208851.66 105472586958092.02
29.732420385908558 2.6276172223726837e-08 5515956212.300793 297476716860882.75 124345267647848.84
29.66129019359777 2.3001084583063562e-08 4840021067.464495 261023387654174.72 109368799427096.61
29.590499524877966 1.9305143384921046e-08 4072018194.0720935 219604825844888.66 92234026854853.72
29.520045954580638 3.5858145409651615e-08 7581580832.180652 408876301364212.6 172136922874330.28
29.449927080579258 5.450628857299771e-08 11551845245.576536 622993523711408.8 262903267006218.44
29.380140523516275 4.936439580495181e-08 10486943592.730364 565563146225458.4 239233210853363.47
29.310683926533965 2.317622751661393e-08 4935211488.326791 266157027731224.94 112850579758034.38
29.241554955009118 1.6427024691160088e-08 3506286678.927527 189094802328994.72 80365290989821.38
29.172751296291448 1.6089882412934404e-08 3442424749.7388597 185650714613961.4 79087204425546.16
29.104270659445692 9.065550669767299e-09 1944135112.2464528 104847628963284.67 44769937567323.68
29.036110774997343 8.946287040684205e-09 1923062320.4713812 103711168724829.19 44388380214226.914
28.96826939468193 9.876400434488778e-09 2127968104.410766 114761782168090.81 49232804550110.11
28.90074429119782 1.1405313720581292e-08 2463129145.386371 132837089921034.58 57119948666046.42
28.83353325796248 1.97134516862476e-08 4267305973.1844015 230136738198331.9 99188934163476.28
28.766634108872076 4.419274851132473e-08 9588505863.755653 517110204317882.2 223391608265334.66
28.700044678064504 5.2316785095893234e-08 11377515883.297182 613591903330944.8 265685294142290.5
28.6337628196856 3.02152735730609e-08 6586232874.591168 355196969773870.0 154155484881863.38
28.567786407658676 2.230714504837935e-08 4873672878.698569 262838237144823.44 114334633157994.72
28.50211333545716 2.574739620888788e-08 5638261680.682357 304072677341342.1 132575687320818.98
28.43674151588042 3.3782631609996816e-08 7414854303.05171 399884703427252.2 174749615397702.06
28.371668880832637 4.24041628115986e-08 9328516531.764395 503088923161381.94 220352948344694.3
28.30689338110471 3.648041683906073e-08 8043712838.265248 433799180849696.56 190437840393015.56
28.24241298615914 4.1534976375194687e-08 9179122023.774122 495032044889780.2 217814099751497.6
28.17822568391787 3.7533604515865594e-08 8313724051.102249 448360944217443.2 197727176399888.38
28.114329480552975 3.600035105618458e-08 7992230128.50444 431022707127770.7 190512036550480.25
28.050722400280232 2.5903376497201896e-08 5763699134.025528 310837546451198.94 137701033077880.17
27.987402485155446 5.8591204908071475e-08 13066486095.93885 704678433824430.9 312877224618048.2
27.924367794873564 9.122855815966807e-08 20390901951.166138 1099685772112922.9 489360168590241.0
27.861616406570477 8.562208180871316e-08 19180876508.049824 1034428837089823.2 461355261342062.4
27.799146414627494 4.1076118014193355e-08 9222462688.663214 497369416362929.9 222324129114224.78
27.736955930478437 1.8000398596881066e-08 4050534172.6767945 218446187903675.44 97863892180849.89
27.675043082419336 2.2209843155970034e-08 5008943821.520102 270133428478556.1 121289909386858.61
27.613406015420622 1.7962816569030343e-08 4060162645.382922 218965453528485.16 98534454087822.23
27.552042890941912 1.53188710876807e-08 3470259329.669997 187151839556659.75 84405479640054.39
27.490951886749137 1.483234783972889e-08 3367511587.923236 181610631522496.03 82088005448167.88
27.430131196734205 1.383366905294962e-08 3147737237.372926 169758153051738.06 76900443332434.03
27.369579030736997 1.535266923492307e-08 3501101895.7273326 188815185844623.47 85722094373460.58
27.309293614369736 1.741825030448576e-08 3980916196.9038687 214691675345862.34 97684712282367.9
27.24927318884365 2.62887448898572e-08 6021489090.476789 324740214807016.8 148081537951996.84
27.189516010797938 5.68210478814834e-08 13043577907.434427 703442990241624.9 321473446540422.4
27.130020352130984 8.308802537949811e-08 19115131639.23607 1030883202031743.8 472144506530551.56
27.070784499833756 5.8483405442684335e-08 13484063421.684582 727198469719816.2 333784097601376.06
27.0118067558254 3.066424390296267e-08 7085452670.768344 382120001836302.0 175775200844705.28
26.953085436791 5.441706762241274e-08 12601307867.398157 679591270900103.4 313291575884920.3
26.894618874021383 6.80483749340509e-08 15792152851.85309 851674234117054.0 393473496162087.7
26.836405413255104 5.40813535818465e-08 12578017181.629402 678335199156735.1 314069197209566.94
26.77844341452237 4.3641698196676747e-08 10171975087.500296 548576826312063.3 254539647408793.56
26.720731251991072 5.064192493929528e-08 11829076514.702755 637944666283377.0 296644269821763.4
26.663267313814746 4.474579613684239e-08 10474368474.841831 564884967385808.2 263236394801796.53
26.606050001982528 5.1013732449627326e-08 11967286051.88006 645398336649120.8 301401023215128.56
26.549077732171 3.818927047794596e-08 8978026811.050676 484186936380033.8 226599486225854.12
26.492348933597984 4.0329039026834274e-08 9501373310.343166 512411126782957.3 240320818461211.34
26.43586204887816 9.332818136839217e-08 22034758803.545017 1188339329286641.0 558519484764711.1
26.379615533880546 1.2832569559503814e-07 30362263165.95632 1637443448686729.2 771235864331447.2
26.323607857587806 1.2515075042098917e-07 29674063410.24955 1600328686351312.0 755355139957824.2
26.267837501957324 5.502687952156743e-08 13074935023.039913 705134086298505.4 333528422819204.3
26.212302961784054 2.2728149101107664e-08 5411876355.213178 291863667556987.2 138343378421996.03
26.157002744565094 2.7693588263044987e-08 6608155102.163224 356379240269395.2 169280139127965.6
26.10193537036601 2.5525708275150738e-08 6103712461.88245 329174539089802.7 156687080606741.6
26.04709937168877 2.0719146345014637e-08 4964796658.048165 267752562361623.22 127717972246496.45
25.992493293341415 2.064515844885129e-08 4957460409.98364 267356916909716.75 127796606282847.0
25.93811569230932 2.3067014361518174e-08 5550625644.718817 299346446883058.25 143386948056979.34
25.88396513762809 2.1845471873825065e-08 5267682597.140664 284087266858303.6 136361888091986.08
25.83004021025803 2.212615749430878e-08 5346503949.532516 288338119516592.25 138690635487485.52
25.776339502960198 2.384953111945995e-08 5774941335.832976 311443840837022.6 150115931283442.16
25.722861620173973 2.3107163365175583e-08 5606816312.794361 302376821819693.25 146048004938913.34
25.66960517789618 3.09703154280396e-08 7530354378.436594 406113647584941.25 196559005431111.1
25.616568803561684 6.905238674199971e-08 16824676058.499567 907358434965295.9 440068840958176.9
25.563751135925475 9.820662030877248e-08 23977569543.610435 1293115534570485.0 628454149801189.2
25.5111508249462 1.0584163149655736e-07 25894972262.08163 1396521479729906.0 680105960628466.5
25.458766531671156 1.1383819511813658e-07 27908700680.606373 1505122290819798.5 734499677920062.4
25.40659692812265 1.0351783307647285e-07 25430661059.20025 1371481075687744.8 670654246011309.2
25.354640697185793 7.237051665644263e-08 17815301944.362503 960783104201564.2 470783721058764.6
25.30289653249766 6.233840175095435e-08 15377098587.462582 829290267468686.4 407181521327133.9
25.251363138337787 5.417501303768382e-08 13390696653.573282 722163179631812.5 355304284378845.7
25.200039229520026 5.418479688978805e-08 13420392194.923323 723764666628122.8 356815980647671.75
25.148923531285707 5.315847423737429e-08 13192955020.115303 711498930380411.9 351480471607904.1
25.09801477919808 5.224420635695664e-08 12992350863.033627 700680304608107.1 346836750781010.56
25.047311719038085 6.056260749352601e-08 15091500393.773968 813887894837368.9 403688395839359.9
24.996813106701318 3.951755632829928e-08 9867210942.860416 532140829782175.94 264473992401737.25
24.946517708096284 4.9845425482642874e-08 12471088221.220795 672568497091775.8 334939111551686.9
24.89642429904388 9.946139577416198e-08 24934837801.116394 1344741219662577.2 671025868611616.6
24.84653166517806 1.325441249074026e-07 33295357547.587307 1795625865897532.8 897812932948775.5
24.796838601847703 1.4638030172005225e-07 36844723146.18478 1987043923723144.8 995509005785263.9
24.747343914019662 8.813888106786884e-08 22229408864.902653 1198836849383031.8 601816098390266.9
24.69804641618297 2.912257920344652e-08 7359633836.432129 396906651665911.75 199644045787963.88
24.648944932254178 2.479221813502152e-08 6277779025.2292795 338561986666742.94 170635241280032.72
24.60003829548383 3.175587805037662e-08 8057073345.60584 434519715913120.7 219432456536120.62
24.55132534836406 2.8170065063698007e-08 7161465159.223546 386219371852266.56 195427002157245.75
24.502804942537253 2.1148121338222275e-08 5386975068.448886 290520735752029.44 147294013026281.2
24.45447593870582 2.439430315609711e-08 6226142139.803215 335777198217695.44 170574816694595.97
24.406337206543014 2.259524710143211e-08 5778344926.979896 311627397247000.0 158618345198712.47
24.358387624604813 2.820029630485883e-08 7225935973.240839 389696296858386.75 198745111397785.1
24.310626080242844 2.674994832203284e-08 6867770574.927956 370380359116588.6 189264363508562.97
24.263051469518295 2.657522719237661e-08 6836291005.259598 368682659085494.56 188765521451779.8
24.215662697116894 2.0642001873925625e-08 5320401770.8524685 286930423349726.25 147195307178403.56
24.168458676264812 2.7933166269207673e-08 7213735042.213472 389038297997450.7 199965685170690.94
24.12143832864562 2.791352066299376e-08 7222713539.896021 389522510328032.94 200604092818929.3
24.07460058431815 2.72034062632386e-08 7052663640.143734 380351682291359.25 196261468062343.62
