string
20190123an 23 2019_15.11.   full spectra  index number  Nphoton via eV
eV x-axis E [J] Nphoton Nphoton/sr Nphoton/sr @ 0.1bw
51.660080420516415 4.0158608355902556e-10 48519079.3380612 2616644489383.7876 630611321941.5021
51.4457232403483 3.805928950035844e-10 46174305.74485183 2490190340104.188 602626062305.1998
51.233137607123716 3.859945803022292e-10 47023963.11213581 2536012546508.338 616251048801.5244
51.02230164989275 3.9255671344444217e-10 48021015.27633918 2589783786331.6035 631907243864.9171
50.813193856245654 3.9103844927894366e-10 48032140.78767329 2590383787574.849 634644027955.8204
50.605793064995666 3.892858242503884e-10 48012832.6205297 2589342493926.131 636978253505.8121
50.400078459040394 3.883550545514232e-10 48093537.69067245 2593694935891.96 640642649165.3075
50.1960295583965 3.8208859529069874e-10 47509852.64148207 2562216674384.6025 635429735247.3585
49.99362621340296 3.815253860610459e-10 47631885.851513 2568797951913.0645 639630690026.3583
49.79284859808809 3.874224386990551e-10 48563141.47957787 2619020770248.202 654755192562.0537
49.59367720369574 3.986537590243443e-10 50171666.57617846 2705768878157.037 679147988417.4016
49.39609283236627 3.9193025445035597e-10 49522797.10570607 2670775206648.7437 673035352075.4451
49.20007659096798 4.001631419904567e-10 50764519.56564518 2737741568675.216 692648616874.8236
49.005609885074826 3.813476838603715e-10 48569573.45080238 2619367647853.674 665319382554.831
48.81267441308634 3.851762149896962e-10 49251088.46758195 2656121900766.5 677311084695.4526
48.621252160486 3.806299309356298e-10 48861384.854778424 2635105100265.601 674586905667.9852
48.4313253942341 3.752298638968925e-10 48357074.196265474 2607907516891.4204 670232231841.1132
48.24287665729156 3.7841345736245024e-10 48957851.55818966 2640307570537.786 681199353198.7183
48.05588876327104 3.8534295690422066e-10 50048352.60389392 2699118528841.9946 699071698970.0607
47.87034479121208 3.7851380196803307e-10 49351929.7863336 2661560294994.37 692005676698.5369
47.686228080476646 3.8083695695092645e-10 49846548.20670078 2688235173859.7285 701629380377.388
47.503522225762175 3.787082071601229e-10 49758568.71741646 2683490420889.24 703074490272.9556
47.322211072228725 3.700495353171275e-10 48807190.58449255 2632182391495.477 692263968963.3242
47.142278710737365 3.701735010003941e-10 49009890.26582041 2643114029345.627 697782103747.2206
46.96370947319669 3.7455791389887373e-10 49778930.280923836 2684588524432.706 711415958974.6462
46.78648792801481 3.7099688456715814e-10 49492431.63087257 2669137589994.1284 709990598938.4379
46.61059887565385 3.694682023162224e-10 49474493.79289601 2668170198495.0894 712401442998.171
46.436027344284355 3.8310772985663673e-10 51493786.88602478 2777071113695.293 744255058470.3522
46.26275858553703 3.979977425652114e-10 53695520.67734594 2895811095383.923 778973184658.2484
46.09077807034915 4.1472045822416004e-10 56160426.19318026 3028743985349.129 817760876044.2751
45.92007148490342 3.943369247319569e-10 53598651.65984477 2890586928225.4663 783349057549.0619
45.75062472665653 3.638523151531167e-10 49638321.63159495 2677005469427.425 728145487684.2528
45.58242390045559 3.629526777241668e-10 49698303.51634164 2680240305502.7695 731705603402.2478
45.41545531473963 3.7727499214817697e-10 51849350.56081241 2796246739922.1543 766171606738.6882
45.24970547782453 3.7501126006139966e-10 51727027.94320501 2789649854580.2197 767153710009.5454
45.0851610942688 3.8847588754274556e-10 53779828.95587944 2900357859161.0557 800498769128.4467
44.92180906131855 3.9193202627137436e-10 54455592.79755731 2936801949951.2144 813494140136.442
44.7596364654293 4.1228026320363806e-10 57490352.15630022 3100467181464.196 861929876447.0406
44.59863057886301 4.1305689461017613e-10 57806586.75495906 3117521782071.261 869788577197.8982
44.43877885635813 4.214408200194826e-10 59192060.30962415 3192240671865.971 893827388122.4402
44.28006893187113 4.124337618853177e-10 58134627.76600138 3135213105063.0894 880994882522.7401
44.1224886153876 4.1224650820489297e-10 58315762.81632264 3144981757678.177 886884855665.215
43.96602588980112 3.9610574318664324e-10 56231918.76145751 3032599595087.952 858225685409.8947
43.81066890785836 4.067668067356954e-10 57950154.32383525 3125264412250.549 887575093079.132
43.65640598916871 4.2659643627437926e-10 60989941.72051492 3289200806941.792 937422229978.4036
43.50322561727689 4.6195255125841347e-10 66277311.80315792 3574349824170.307 1022264049712.7057
43.3511164367969 4.76920273262638e-10 68664849.49490485 3703110250574.46 1062792641914.8589
43.20006725060597 4.730365641023727e-10 68343822.19170146 3685797178370.1006 1061509587370.5988
43.05006701709692 4.631477909301716e-10 67148256.37652639 3621320054223.2 1046561495670.4921
42.90110484748759 4.671228192362935e-10 67959720.0731316 3665082467670.1387 1062873915624.2963
42.7531700031859 4.790241532903621e-10 69932340.74897832 3771466329266.8228 1097496701816.6067
42.60625189320931 4.683641541379201e-10 68611875.91386677 3700253373840.662 1080473985161.4994
42.46034007165723 4.712847105523858e-10 69276965.65662265 3736121808157.029 1094683689789.9684
42.315424235235184 4.835622304381111e-10 71325142.44690748 3846580427419.7896 1130894645661.4153
42.17149422082962 5.220870355298819e-10 77270352.69834584 4167206907866.0244 1229326037820.4744
42.028540003131894 5.909055295133067e-10 87753152.07671906 4732546555710.879 1400833780490.37
41.8865516923105 5.93171453660569e-10 88388264.93091583 4766798329914.828 1415739103984.7344
41.74551953173033 6.149307615459819e-10 91940174.44846874 4958353581842.369 1477589367388.9849
41.60543389571781 5.899728069775184e-10 88505633.27808917 4773128030375.947 1427165281082.368
41.46628528737092 5.968494541819571e-10 89837704.11214656 4844966899846.64 1453490069954.0105
41.32806433641302 6.151396713459353e-10 92900413.32332303 5010139472973.418 1508051981364.9617
41.19076179708939 6.215896645605721e-10 94187427.522376 5079548428329.85 1534023625355.646
41.05436854610565 6.13031021577413e-10 93199171.16441372 5026251548248.039 1522954219119.151
40.91887558060695 6.308755643836798e-10 96229668.56320275 5189686931334.806 1577664827125.7815
40.78427401619706 6.443958587197077e-10 98616362.5372309 5318401855859.088 1622112566036.9216
40.650555084996405 6.874025875242853e-10 105544026.17779669 5692012261017.186 1741755751871.1797
40.51771013373824 8.163463257798252e-10 125753049.11202502 6781889258233.766 2082040002277.8176
40.38573062190196 8.446044695659967e-10 130531222.67737997 7039577196662.914 2168189776572.097
40.254608119882796 9.05521807757334e-10 140401673.92229122 7571892776638.642 2339714867981.4126
40.124334307197095 8.138119023899144e-10 126591682.49068144 6827116938536.289 2116406250946.197
39.99490097072226 8.180723820634064e-10 127666243.66407433 6885068256063.837 2141256227635.8833
39.866300002970746 8.428135697504845e-10 131951570.50455281 7116176863550.34 2220247181427.6826
39.73852340039712 8.387396968385328e-10 131735992.42908424 7104550691106.373 2223724366316.214
39.6115632617377 8.064847391079672e-10 127075886.04574443 6853230141453.182 2151914264416.3896
39.48541178638185 7.933571118887363e-10 125406781.63982973 6763214978232.291 2130412718143.1187
39.36006127277429 7.973628998523004e-10 126441381.91092171 6819011195617.317 2154807537815.0352
39.235504116847785 8.245464348303863e-10 131167081.67345761 7073869210460.597 2242416539716.0537
39.11173281048549 9.156699278970923e-10 146123770.13982674 7880486668765.376 2505994760667.222
38.98873994001226 1.0954946252219732e-09 175371907.73138887 9457845083183.262 3017052581535.2983
38.86651818471441 1.0817418753783036e-09 173714863.8600979 9368480347214.758 2997913711108.957
38.745060315387185 1.182504635352185e-09 190491449.01239282 10273245229160.775 3297711718560.66
38.624359192909345 9.93315703651449e-10 160514765.65282857 8656596183199.286 2787423970990.1533
38.50440776684441 9.804638971506704e-10 158931555.3461227 8571213307409.066 2768501898293.088
38.3851990740678 9.611462760584814e-10 156284052.88307598 8428432924411.839 2730812267509.252
38.266726237419434 1.074310387387753e-09 175225553.4293346 9449952163878.27 3071234453260.433
38.14898246438122 1.1838961559281196e-09 193695542.5776967 10446042691221.14 3405409917338.0347
38.03196104577882 1.013403661555697e-09 166311669.96585664 8969224492167.857 2932936408938.779
37.91565535450732 9.788661161022663e-10 161136417.3064729 8690121991933.021 2850360013354.0283
37.800058844280166 1.000631447025985e-09 165223054.3434123 8910515215149.662 2931559505784.3
37.6851650484009 1.0463947155893192e-09 173306196.45588815 9346440825323.475 3084325472356.761
37.57096757855726 1.1511735623666913e-09 191239413.10503808 10313583095170.98 3413796004501.6504
37.45746012363715 1.3936319150800798e-09 232219525.00947365 12523649433032.31 4157851611766.672
37.34463644856595 1.389255232271499e-09 232189608.91920885 12522036051785.113 4169838005244.2134
37.232490393164845 1.5143973530132701e-09 253867280.40538344 13691117584469.395 4572833273213.026
37.12101587102963 1.2505491381422651e-09 210266401.99807796 11339712739751.512 3798803767816.624
37.010206868429535 1.2126043634546742e-09 204496834.11411595 11028558690341.264 3705595719954.6826
36.900057443225876 1.1491302171425986e-09 194370869.51235142 10482463219520.623 3532590104978.1533
36.790561723809766 1.1796588404886913e-09 200128519.59651253 10792974539398.49 3648025394316.5693
36.681713908058846 1.6501571696104108e-09 280779027.93578637 15142473975312.455 5133298677631.212
36.573508262312366 1.7375528013910698e-09 296524351.23533565 15991622681500.129 5437151711709.726
36.46593912036438 1.4082013998858687e-09 241027360.0352521 12998657889458.756 4432542340305.531
36.35900088247475 1.2193033337415464e-09 209309430.2053845 11288103043071.164 3860531240730.398
36.25268801439734 1.3035156406783351e-09 224421782.6844385 12103115495397.762 4151368614921.42
36.14699504642534 1.381558605043746e-09 238553661.85503405 12865250809193.146 4425646278362.276
36.04191657245317 1.523516126378322e-09 263832415.3399224 14228539476396.604 4908846119356.97
35.937447249054756 1.938163700710616e-09 336614024.20016056 18153667453902.008 6281168939050.0205
35.83358179457772 1.871318111400524e-09 325946539.7364699 17578367699283.486 6099693591651.196
35.730314988253284 2.1150974898192156e-09 369472840.83688396 19925750573638.93 6934161199626.239
35.62764166932152 1.7525962097237213e-09 307032088.8628978 16558307254541.533 5778849231834.623
35.525556736171595 1.5298309992427666e-09 268776651.4873966 14495183205956.24 5073314122084.881
35.42405514549682 1.592494348908619e-09 280587680.82560086 15132154584090.336 5311386259015.644
35.32313191146407 1.5104472348148334e-09 266891861.1103427 14393536051454.426 5066524690111.824
35.222782104897405 1.605208868090427e-09 284444060.10714763 15340129956535.572 5415065874657.026
35.1230008524756 2.538626663668817e-09 451124275.7371661 24329230196437.555 8612547489538.644
35.02378333594318 3.1420969621660554e-09 559945166.4387504 30197964473115.49 10720277387955.932
34.92512479133489 2.264254199735673e-09 404646874.48036015 21822693849526.73 7768879010431.451
34.82702050821316 1.889830222021832e-09 338684594.8526546 18265333779018.74 6520724159110.009
34.72946582891845 1.9269325871207297e-09 346303908.09234565 18676244997317.285 6686095709039.24
34.63245614783208 2.1837951673532496e-09 393566008.68427074 21225100349845.594 7619811025594.437
34.53598691065149 2.2723511844381985e-09 410669599.6371476 22147500725658.414 7973100261237.053
34.440053613677456 2.8671146693646293e-09 519601287.7788468 28022210332352.29 10116017929979.773
34.34465180311326 3.3638560354286696e-09 611318104.6495527 32968518191501.88 11934603585322.395
34.249777074375366 3.156243492937936e-09 575177284.173065 31019435891677.074 11260055228679.04
34.15542507141566 2.980224756806923e-09 544600829.3182529 29370441038677.6 10690840538078.582
34.061591486054624 2.2291672827572953e-09 408476145.36819315 22029207260409.73 8040660650049.421
33.968272057325706 2.278897223460763e-09 418735960.3169104 22582521309520.273 8265202799284.361
33.87546257083028 2.2586523024902402e-09 416153087.6963405 22443226427968.54 8236664099064.367
33.78315885810322 2.1522106493010813e-09 397624829.10595727 21443993416958.54 7891389577440.746
33.69135679598881 2.406017667029877e-09 445727352.55811584 24038172956919.582 8870085821103.504
33.60005230602678 2.8786969362561553e-09 534742826.11220855 28838796784142.277 10670354810132.611
33.50924135384833 6.483952349263567e-09 1207714258.898937 65132292356155.97 24164080464132.184
33.41891994858189 6.187960797922903e-09 1155697352.866567 62327009313251.586 23185647464530.562
33.3290841422685 4.895820103970093e-09 916834709.5435518 49445095066364.555 18443020459754.395
33.23973002928655 4.163791060758902e-09 781844554.1774606 42165046661104.39 15769727451251.666
33.150853745785774 4.815837681616409e-09 906705182.3252027 48898807462857.54 18337052798571.406
33.062451469130345 7.182349391409011e-09 1355877490.4617953 73122767622534.73 27494160626072.688
32.97451941735074 5.590951361491574e-09 1058269340.6712062 57072695449496.516 21516406184460.027
32.88705384860445 1.316346280023218e-08 2498239989.6893034 134730625382059.06 50928176394418.23
32.80005106064518 1.3697598165823172e-08 2606506886.0384774 140569482622957.25 53275833914100.81
32.71350739030047 7.3918404174712015e-09 1410309552.4182725 76058300549114.47 28902154208664.05
32.62741921295758 6.049057144051809e-09 1157161402.1376646 62405965808503.94 23776672973039.473
32.541782942057424 4.150056264968324e-09 795979010.2441796 42927320947467.54 16398236601932.264
32.45659502859654 4.74676530622319e-09 912817121.8419131 49228425688801.52 18854487038810.355
32.371851960636754 4.358520787961918e-09 840350670.4263705 45320294220755.94 17402992980770.969
32.2875502628226 4.1551173678450875e-09 803224922.3090464 43318094559287.08 16677466405325.428
32.203686495906176 4.4132958362961885e-09 855355052.7746049 46129483820471.12 17805980754701.168
32.12025725627947 4.970155225396598e-09 965783791.5743421 52084929694384.53 20156867791725.766
32.03725917551389 5.7874711312803754e-09 1127515336.6894424 60807147058327.266 23593173058630.68
31.954688919906893 1.5022308674754293e-08 2934209118.057411 158242535188454.97 61556346188309.414
31.872543190035667 1.701832965331102e-08 3332646030.089884 179730324414064.03 70094826521485.19
31.790818720317628 1.496339699603587e-08 2937767761.579208 158434453606694.34 61947871360216.69
31.709512278577684 1.203501486997644e-08 2368896268.4457684 127755090395705.95 50079995435117.47
31.62862066562213 1.4077723220459277e-08 2778056950.6782274 149821214877919.94 58879737447022.68
31.54814071481902 2.5220723334575406e-08 4989680568.364215 269094557050952.25 106023255478076.02
31.468069291684962 1.9538230391926443e-08 3875289070.3539944 208995181463725.62 82553096678169.61
31.388403293478163 4.1352270056386803e-08 8222788242.642655 443456756311577.56 175608875499381.3
31.30913964879766 3.811772859564184e-08 7598797210.60412 409804784392817.3 162692499403950.03
31.2302753171886 1.864412008031383e-08 3726104694.8642254 200949635683526.88 79977955002044.28
31.151807288753453 1.560109430963265e-08 3125797140.1462355 168574918841856.22 67261392617896.664
31.073732583769104 7.448252040990532e-09 1496063113.3874416 80683008721987.62 32273203488794.906
30.99604825230968 7.838046008759831e-09 1578303265.1599097 85118237973600.92 34132413427414.08
30.918751373874994 9.6702174565274e-09 1952105423.827514 105277469598387.05 42321542778551.34
30.841839057024558 8.221334790295671e-09 1663761392.3980076 89727013341174.97 36159986376492.86
30.76530843901705 8.212880226994249e-09 1666184886.0834103 89857712882128.34 36302516004379.85
30.689156685455128 7.951355497526016e-09 1617130957.571395 87212223860598.2 35320950663542.4
30.613380989935486 9.344013991505256e-09 1905070967.0765758 102740891127658.38 41712801797828.42
30.537978573704116 9.628651327091705e-09 1967950403.5604987 106131992797680.08 43195721068656.42
30.462946685316638 1.1250735949944017e-08 2305143660.4923987 124316898398642.06 50721294546644.35
30.388282600303604 3.0346282464223696e-08 6232873522.064714 336140223125438.7 137481351258303.14
30.31398362084076 4.091388146083805e-08 8423966784.829258 454306358797375.1 186265607106930.16
30.240047075424076 4.3552944609588696e-08 8989261924.848894 484792848507979.8 199249860736776.06
30.166470318549564 2.4283922388029025e-08 5024389661.248599 270966425970694.7 111638167499916.3
30.093250730397738 3.915323004567224e-08 8120587819.487903 437945065287984.8 180871311963944.34
30.020385716522686 5.167882619148722e-08 10744478659.267853 579452068312852.1 239893156281509.56
29.947872707545574 4.811933371624651e-08 10028652930.472778 540847431247090.2 224451683967541.78
29.875709158852693 9.411496625550573e-08 19662079275.185226 1060380206861865.5 441118166054545.75
29.80389255029776 5.246757709815631e-08 10987705109.508286 592569323614824.8 247101407947383.97
29.732420385908558 3.8594847684058915e-08 8101921696.701876 436938397230953.0 182640250042538.16
29.66129019359777 2.2611799175097268e-08 4758105383.488412 256605657021310.53 107517770291926.56
29.590499524877966 1.2076026887820242e-08 2547186530.4930463 137370322961152.3 57695535643684.266
29.520045954580638 1.0864230801087168e-08 2297052540.1388674 123880542520194.88 52153708401001.06
29.449927080579258 1.555408839608229e-08 3296471412.5953655 177779419433714.5 75022915001028.64
29.380140523516275 1.4253824295707455e-08 3028074160.177997 163304697302028.66 69077886958756.555
29.310683926533965 1.3950217493879314e-08 2970598799.614702 160205038620432.12 67926936375060.21
29.241554955009118 1.2920295715502497e-08 2757788559.205698 148728136122535.06 63209457852076.31
29.172751296291448 1.4258522915804087e-08 3050606021.8702974 164519845498100.56 70085454182189.6
29.104270659445692 1.307893338933418e-08 2804817330.9244514 151264407998242.94 64589902215251.35
29.036110774997343 1.5104542784610614e-08 3246819263.1130977 175101668225296.22 74943514000426.83
28.96826939468193 1.3712319763136623e-08 2954454842.833284 159334391523964.84 68354453963779.74
28.90074429119782 1.4415003623519062e-08 3113111697.3896203 167890790158102.5 72193039767986.05
28.83353325796248 3.664534555932937e-08 7932497285.791082 427801301943387.4 184382361137591.1
28.766634108872076 6.875232430274445e-08 14917199923.755869 804487832622831.2 347538743693077.94
28.700044678064504 9.089899669146417e-08 19768125597.49767 1066099308062547.0 461621000391067.94
28.6337628196856 5.6909819419132545e-08 12405028292.694921 669005870794975.6 290348547925026.56
28.567786407658676 5.541861632881562e-08 12107878744.275837 652980531093532.9 284046531025678.1
28.50211333545716 8.658737956994443e-08 18961230110.382614 1022583259145848.4 445846300987569.06
28.43674151588042 9.285742931929148e-08 20381014638.146873 1099152547173793.1 480329663114928.0
28.371668880832637 1.258175512198085e-07 27678676543.027115 1492717039107821.8 653810063129252.8
28.30689338110471 7.303596226952864e-08 16103991079.768314 868491737494812.5 381267872760220.25
28.24241298615914 5.286803510522757e-08 11683698601.496632 630104403841082.2 277245937690068.97
28.17822568391787 3.311123485353387e-08 7334165559.483068 395533141957111.9 174430115603082.75
28.114329480552975 1.887616281130839e-08 4190587944.424419 225999318240453.2 99891698662283.25
28.050722400280232 1.3711587504275435e-08 3050932955.9042006 164537477121574.78 72890102364857.12
27.987402485155446 1.680555855866272e-08 3747825251.0045605 202121029994926.66 89741737317747.67
27.924367794873564 2.0357580136854714e-08 4550213539.570449 245394004714688.06 109200332098034.02
27.861616406570477 1.8837997585563262e-08 4220048119.7697268 227588111896995.4 101504297906060.22
27.799146414627494 1.9643443502918578e-08 4410371124.163497 237852272871279.56 106319965973459.64
27.736955930478437 2.0123107628766498e-08 4528196121.440052 244206600571671.53 109404557056112.52
27.675043082419336 2.0286882254737275e-08 4575262095.016533 246744878751648.7 110788450559478.31
27.613406015420622 2.2047065906757627e-08 4983331711.422403 268752161816802.7 120938472817566.02
27.552042890941912 2.0710088483913456e-08 4691558364.074788 253016761807114.3 114110559575009.7
27.490951886749137 1.7598060587681487e-08 3995434410.947296 215474645783280.1 97394539894042.22
27.430131196734205 2.060313646483418e-08 4688073685.209819 252828832318886.34 114531461040450.58
27.369579030736997 2.156478523685247e-08 4917744876.69898 265215049571547.38 120407632505484.66
27.309293614369736 2.48397175281068e-08 5677081917.274507 306166261134382.9 139305648816144.98
27.24927318884365 5.150628234172375e-08 11797615995.405231 636247993642920.6 290129085101166.25
27.189516010797938 9.978256210640212e-08 22905625136.533337 1235305339818835.2 564534540297207.4
27.130020352130984 1.676269984169652e-07 38564066559.474915 2079768487526125.8 952533967286991.6
27.070784499833756 9.433820147123206e-08 21750824564.626522 1173026694097567.2 538419252590751.75
27.0118067558254 9.114672315580021e-08 21060874517.55662 1135817538168688.8 522476067557615.75
26.953085436791 1.3625930141590303e-07 31553435015.14214 1701683605293248.2 784476142040119.0
26.894618874021383 1.6887195100060111e-07 39190526815.32392 2113553625221419.0 976461774852317.2
26.836405413255104 1.1322531654451748e-07 26333475080.96419 1420170032016186.0 657538724823491.2
26.77844341452237 7.464889118808533e-08 17399108945.136005 938337725336103.6 435388704555945.56
26.720731251991072 5.613356306824302e-08 13111828062.876543 707123735951840.9 328812537217598.4
26.663267313814746 2.9870219049342716e-08 6992202793.536749 377091015698835.06 175724413315663.72
26.606050001982528 2.6938007142080345e-08 6319373659.929457 340805194352482.6 159156025762603.66
26.549077732171 1.7820448923766592e-08 4189461234.011531 225938554503110.34 105739243507454.86
26.492348933597984 1.829411867034419e-08 4310027093.75253 232440697511657.2 109014687132969.2
26.43586204887816 2.2197087956919545e-08 5240726564.04986 282633522137567.2 132837755404654.17
26.379615533880546 2.2267584796375415e-08 5268580595.046002 284135696080426.94 133827912853880.7
26.323607857587806 2.4814751926859487e-08 5883740366.799638 317311396213447.2 149770979012748.06
26.267837501957324 2.6790584732997525e-08 6365709952.276974 343304120665259.8 162382849074673.38
26.212302961784054 3.09063013922265e-08 7359203821.992315 396883460893752.75 188122760463617.2
26.157002744565094 2.9344737032487864e-08 7002146919.387735 377627304566322.06 179372969669006.03
26.10193537036601 2.9529623741868175e-08 7061129528.12379 380808249469322.5 181264726747392.34
26.04709937168877 3.4326083125078803e-08 8225339980.00748 443594372062022.9 211594515473588.53
25.992493293341415 2.2887107748150803e-08 5495813017.93305 296390390012557.9 141674606426005.3
25.93811569230932 2.1680752587561796e-08 5217048874.347862 281356579188003.2 134769801431048.3
25.88396513762809 2.7093223606372677e-08 6533093142.416085 352331132473157.1 169118943587115.84
25.83004021025803 2.36199430523165e-08 5707458190.579439 307804460152908.25 148053945333553.8
25.776339502960198 3.684690599004451e-08 8922134336.043003 481172643060331.0 231925213955075.3
25.722861620173973 3.231647401402154e-08 7841400989.395489 422888458888267.56 204255125643035.34
25.66960517789618 5.4601338589262096e-08 13276178283.347094 715987179046605.6 346537794658556.25
25.616568803561684 1.631987977572546e-07 39763533672.79538 2144456009529557.2 1040061164621855.1
25.563751135925475 2.0036809694559793e-07 48920734302.113 2638305828853915.0 1282216632822867.0
25.5111508249462 1.6655236609147694e-07 40748322178.528984 2197565867587290.5 1070214577515014.0
25.458766531671156 2.2134096021300632e-07 54264200170.53336 2926480103996111.0 1428122290750103.5
25.40659692812265 2.3116470532749667e-07 56788971477.89652 3062641569104202.0 1497631727291959.2
25.354640697185793 1.1356729506373438e-07 27956628555.930347 1507707051548264.5 738776455258646.8
25.30289653249766 8.641761859365468e-08 21316751849.32093 1149617058259625.0 564461975605488.2
25.251363138337787 8.607029120218564e-08 21274404854.715668 1147333275640755.5 564487971615242.0
25.200039229520026 4.6876442565103395e-08 11610272254.154163 626144504977162.0 308689240953747.1
25.148923531285707 3.5453830980960066e-08 8798988385.82016 474531355211578.3 234418489474506.78
25.09801477919808 2.8255623113915377e-08 7026749853.206427 378954146132106.94 187582302335391.6
25.047311719038085 2.290372530847776e-08 5707343092.001647 307798252861602.94 152667933419364.47
24.996813106701318 1.8007268639163217e-08 4496267853.489143 242484702144720.62 120514896965924.25
24.946517708096284 2.546461113424053e-08 6371124509.405169 343596128907486.1 171110872195919.2
24.89642429904388 2.1750974777451674e-08 5452940046.441862 294078241345962.7 146745042431633.3
24.84653166517806 2.230770234740626e-08 5603740839.067262 302210960853449.7 151105480426726.38
24.796838601847703 2.4375330398430978e-08 6135404078.101736 330883674837455.06 165772721093559.72
24.747343914019662 3.259070439659993e-08 8219665197.126126 443288329788395.1 222530741553768.78
24.69804641618297 3.712596905588361e-08 9382188856.462181 505983483292548.94 254509692096165.2
24.648944932254178 4.3699004401854275e-08 11065274263.210842 596752644925761.8 300763333042573.9
24.60003829548383 3.8997495680406595e-08 9894410177.968811 533607690440556.25 269471883672474.34
24.55132534836406 4.098188071057325e-08 10418517323.427797 561872902656487.9 284307688744181.2
24.502804942537253 3.045169850555378e-08 7756837499.549261 418327931509595.44 212092261275368.16
24.45447593870582 2.7444348963143002e-08 7004603348.802014 377759780338289.0 191901968411858.3
24.406337206543014 2.965747654756241e-08 7584388362.133504 409027712064500.75 208195105440817.06
24.358387624604813 2.0357903568532116e-08 5216431279.492567 281323272163285.75 143474868803281.4
24.310626080242844 3.1364830362392255e-08 8052593465.125426 434278114985566.06 221916116757608.06
24.263051469518295 2.1633692486491138e-08 5565115823.294883 300127905361630.5 153665487545160.2
24.215662697116894 3.292203805449796e-08 8485536947.193013 457626851029658.75 234762574578205.38
24.168458676264812 4.9136249313581875e-08 12689427331.661295 684343572751608.5 351752596394329.0
24.12143832864562 5.2280742622386966e-08 13527810847.420143 729557777893784.1 375722255615284.5
24.07460058431815 6.023861494571789e-08 15617260766.876677 842242265979287.2 434597009245317.2
