string
integrated and resized binned spectra ROIsize spatial in px50:1600
converted file:an 23 2019_16.49.29_61 binning:0.1
nm muJ
23.8 4.880550477843693e-05
23.900000000000002 0.0009145822073139759
24.000000000000004 0.000845352258993916
24.100000000000005 0.0009114728990827278
24.200000000000006 0.0011800479721807361
24.300000000000008 0.0013972223795058842
24.40000000000001 0.0011290733179732215
24.50000000000001 0.0009369057473192725
24.600000000000012 0.0008797800217122788
24.700000000000014 0.0008213394797279034
24.800000000000015 0.0008676384596709284
24.900000000000016 0.0011348250326772902
25.000000000000018 0.0015936066208500229
25.10000000000002 0.001538712615707504
25.20000000000002 0.0011246415954236787
25.300000000000022 0.0009156657612016778
25.400000000000023 0.0008614610596003061
25.500000000000025 0.0008145929619242335
25.600000000000026 0.0008666732501575238
25.700000000000028 0.0012288282817226061
25.80000000000003 0.00189886406829506
25.90000000000003 0.0018868030247549419
26.000000000000032 0.0012389560141372942
26.100000000000033 0.0009340821034900323
26.200000000000035 0.0008257831848393049
26.300000000000036 0.0007925746583106583
26.400000000000038 0.000804208060418949
26.50000000000004 0.001029346276244225
26.60000000000004 0.0018204668961245161
26.700000000000042 0.0025963693350044077
26.800000000000043 0.002057855710747789
26.900000000000045 0.001187990417324692
27.000000000000046 0.0009132514349444986
27.100000000000048 0.0007903387196022801
27.20000000000005 0.0007592209826425251
27.30000000000005 0.0007893848745480584
27.400000000000052 0.0010406162228189316
27.500000000000053 0.0020087969573171272
27.600000000000055 0.0033300136642285603
27.700000000000056 0.0030262994788615265
27.800000000000058 0.0015845347676978869
27.90000000000006 0.0010026302547982966
28.00000000000006 0.0008680033584035552
28.100000000000062 0.000804522844379128
28.200000000000063 0.0007678825182181073
28.300000000000065 0.0008584189056631734
28.400000000000066 0.0014897765535807678
28.500000000000068 0.0032287673293720023
28.60000000000007 0.005036515574637844
28.70000000000007 0.004312138330968286
28.80000000000007 0.0019781686168818236
28.900000000000073 0.0010977380696046651
29.000000000000075 0.0009571866438181671
29.100000000000076 0.000886367592402043
29.200000000000077 0.00084471861842975
29.30000000000008 0.0009063464100162875
29.40000000000008 0.0013169721725019264
29.50000000000008 0.003149127271581037
29.600000000000083 0.006598648690490679
29.700000000000085 0.007840194213670895
29.800000000000086 0.00527720927781213
29.900000000000087 0.002087039561093742
30.00000000000009 0.001255554505659309
30.10000000000009 0.0011114088978176678
30.20000000000009 0.0010322817595263046
30.300000000000093 0.0010344165020061077
30.400000000000095 0.0010694721734803303
30.500000000000096 0.001405050486173543
30.600000000000097 0.003568392937700366
30.7000000000001 0.008567125095176311
30.8000000000001 0.012909826267066707
30.9000000000001 0.010587827092821207
31.000000000000103 0.004783944402959737
31.100000000000104 0.0022269569480942225
31.200000000000106 0.0013674938356676995
31.300000000000107 0.0012519377066319086
31.40000000000011 0.0011939179121947944
31.50000000000011 0.0011345918281889435
31.60000000000011 0.0011811921813811791
31.700000000000113 0.0015061546589140232
31.800000000000114 0.0039924500079338045
31.900000000000116 0.010569065509799174
32.000000000000114 0.01760252037109892
32.100000000000115 0.017077454149014275
32.20000000000012 0.009580439274685618
32.30000000000012 0.0032721367017269974
32.40000000000012 0.0016958971115053018
32.50000000000012 0.0014522228929419725
32.60000000000012 0.0012825431662844323
32.700000000000124 0.0011963916494325294
32.800000000000125 0.0012029118047519164
32.90000000000013 0.0013090325941853965
33.00000000000013 0.0015709471091259974
33.10000000000013 0.004224462166017693
33.20000000000013 0.012854411469420655
33.30000000000013 0.023487081303151514
33.400000000000134 0.026162362652936744
33.500000000000135 0.017470555086098738
33.600000000000136 0.006689635209645308
33.70000000000014 0.0029183133325114113
33.80000000000014 0.0016633249656398254
33.90000000000014 0.001504150958575106
34.00000000000014 0.0013413254123472787
34.10000000000014 0.0012429296241723814
34.200000000000145 0.0012920533717318472
34.300000000000146 0.0014016351696443821
34.40000000000015 0.0016713737310047117
34.50000000000015 0.003975722321876726
34.60000000000015 0.014190731318799285
34.70000000000015 0.030136592527919906
34.80000000000015 0.04058611558258474
34.900000000000155 0.03208251079874344
35.000000000000156 0.018040047885929375
35.10000000000016 0.006689748424716773
35.20000000000016 0.002545926222451394
35.30000000000016 0.0019520291233583002
35.40000000000016 0.0016121131601705269
35.50000000000016 0.001459320296501206
35.600000000000165 0.0014294690809790165
35.700000000000166 0.0014683044416634527
35.80000000000017 0.0015062387832540938
35.90000000000017 0.001758993596497873
36.00000000000017 0.002767822806900547
36.10000000000017 0.010471687513574553
36.20000000000017 0.029923281443864275
36.300000000000175 0.05332636509745012
36.400000000000176 0.060613920841211505
36.50000000000018 0.0464735669602029
36.60000000000018 0.023404520949157587
36.70000000000018 0.008902248257151097
36.80000000000018 0.0036019944764295463
36.90000000000018 0.0023494745514368114
37.000000000000185 0.001857908508537612
37.100000000000186 0.0018446923351007906
37.20000000000019 0.001828818702374437
37.30000000000019 0.0017848393922022165
37.40000000000019 0.0019700106648940906
37.50000000000019 0.0020523364781517214
37.60000000000019 0.0025476709644806647
37.700000000000195 0.004037083412843776
37.800000000000196 0.016264755594459487
37.9000000000002 0.04273929247803734
38.0000000000002 0.07989764226460419
38.1000000000002 0.09665089182754101
38.2000000000002 0.08238621333877905
38.3000000000002 0.04713593435555388
38.400000000000205 0.021095585919413583
38.500000000000206 0.008070996442966159
38.60000000000021 0.004106111986353036
38.70000000000021 0.0028813304609555434
38.80000000000021 0.0025285189457991456
38.90000000000021 0.002673852215816145
39.00000000000021 0.002450921116100957
39.100000000000215 0.0024132766280266873
39.200000000000216 0.0027366287814504448
39.30000000000022 0.002722322861432419
39.40000000000022 0.003212490515552228
39.50000000000022 0.0037463454230223527
39.60000000000022 0.009159230355954982
39.70000000000022 0.029798952798588258
39.800000000000225 0.07444785975618406
39.900000000000226 0.12592576238223874
40.00000000000023 0.15165712057769973
40.10000000000023 0.1262262501835476
40.20000000000023 0.07806397450076377
40.30000000000023 0.03511373160638548
40.40000000000023 0.013539170519261793
40.500000000000234 0.006630863061642248
40.600000000000236 0.00463156964585603
40.70000000000024 0.004122978227941747
40.80000000000024 0.004497637057982189
40.90000000000024 0.004609987489294908
41.00000000000024 0.0036235894744535073
41.10000000000024 0.004157576637084011
41.200000000000244 0.003398608334171473
41.300000000000246 0.0033157470061290105
41.40000000000025 0.003931345873516413
41.50000000000025 0.004541926202672282
41.60000000000025 0.005748598113349429
41.70000000000025 0.017190165668610233
41.80000000000025 0.059391714138563895
41.900000000000254 0.12405677673563996
42.000000000000256 0.188077930816485
42.10000000000026 0.21174120792702694
42.20000000000026 0.1770367629229671
42.30000000000026 0.10749278243547161
42.40000000000026 0.04609905209632459
42.50000000000026 0.02119950593027728
42.600000000000264 0.009204966975962896
42.700000000000266 0.006331084104589152
42.80000000000027 0.0067735382852790954
42.90000000000027 0.007643701893058223
43.00000000000027 0.007506133409149586
43.10000000000027 0.005595005509775874
43.20000000000027 0.006186478013490079
43.300000000000274 0.004670949051880572
43.400000000000276 0.003983551863928172
43.50000000000028 0.0036285034869047027
43.60000000000028 0.004338497532331706
43.70000000000028 0.005313258956015031
43.80000000000028 0.007129267591520898
43.90000000000028 0.012849891273400393
44.000000000000284 0.036744222020179754
44.100000000000286 0.08317012703564253
44.20000000000029 0.16951090771410116
44.30000000000029 0.2480781830812135
44.40000000000029 0.2636488674051877
44.50000000000029 0.2524143665875129
44.60000000000029 0.144274849318567
44.700000000000294 0.07788670592009594
44.800000000000296 0.04453558852869343
44.9000000000003 0.018581674939220576
45.0000000000003 0.01270189744332732
45.1000000000003 0.011006812843038321
45.2000000000003 0.01144285836264477
45.3000000000003 0.010751630563613742
45.400000000000304 0.009441838626274983
45.500000000000306 0.008145362434557811
45.60000000000031 0.008200420337019952
45.70000000000031 0.005809355989542995
45.80000000000031 0.005391208373879766
45.90000000000031 0.004277048199473314
46.00000000000031 0.0066147522513664795
46.100000000000314 0.0051397987353330775
46.200000000000315 0.006289034287668667
46.30000000000032 0.008384493376954077
46.40000000000032 0.015592786236605607
46.50000000000032 0.024946346557118085
46.60000000000032 0.058730849453678416
46.70000000000032 0.126654386161897
46.800000000000324 0.24065885402043144
46.900000000000325 0.28591318346006867
47.00000000000033 0.3152046951726136
47.10000000000033 0.2716074628535198
47.20000000000033 0.19488778247559546
47.30000000000033 0.12416614827341914
47.40000000000033 0.06530559334465294
47.500000000000334 0.03919197917202787
47.600000000000335 0.019448595631304372
47.70000000000034 0.017686003804072606
47.80000000000034 0.015648865030748374
47.90000000000034 0.013317061384553549
48.00000000000034 0.014091217249214133
48.10000000000034 0.011489930772476335
48.200000000000344 0.010793139506710153
48.300000000000345 0.010147382908252974
48.40000000000035 0.008769289767081355
48.50000000000035 0.005576595740987959
48.60000000000035 0.007425512002447358
48.70000000000035 0.007286857147044438
48.80000000000035 0.004847656469109765
48.900000000000354 0.006936450279246998
49.000000000000355 0.005453590628848645
49.10000000000036 0.007510445933696952
49.20000000000036 0.009114704249766048
49.30000000000036 0.018225805922880606
49.40000000000036 0.0323517990683337
49.50000000000036 0.07738956644963929
49.600000000000364 0.16222392642688668
49.700000000000365 0.26326732712972556
49.80000000000037 0.3271943536233543
49.90000000000037 0.33818893591618343
50.00000000000037 0.35365533482009065
50.10000000000037 0.27542825596954035
50.20000000000037 0.21710189163030338
50.300000000000374 0.11413130229565392
50.400000000000375 0.07594064951802139
50.50000000000038 0.03384374900599243
50.60000000000038 0.026878756246548882
50.70000000000038 0.016473886951717264
50.80000000000038 0.013324902476564862
50.90000000000038 0.01479654795293641
51.000000000000384 0.012150514403154167
51.100000000000385 0.009883906907041369
51.20000000000039 0.010311321966241734
51.30000000000039 0.010329746350339262
51.40000000000039 0.008370268765460934
51.50000000000039 0.00551812500235593
51.60000000000039 0.006129496038963019
