string
integrated and resized binned spectra ROIsize spatial in px50:1600
converted file:an 23 2019_16.50.14_62 binning:0.1
nm muJ
23.8 4.554094477195106e-05
23.900000000000002 0.0008145000630179487
24.000000000000004 0.0007530852461511897
24.100000000000005 0.0007969447378793068
24.200000000000006 0.0009695708766005368
24.300000000000008 0.0011987027740389831
24.40000000000001 0.0010300016843263159
24.50000000000001 0.0008913241061248314
24.600000000000012 0.000789233008550801
24.700000000000014 0.0007357616116580675
24.800000000000015 0.0007567910105815496
24.900000000000016 0.0009393509547727468
25.000000000000018 0.0012911471794848635
25.10000000000002 0.00131626120973949
25.20000000000002 0.0010778751652114845
25.300000000000022 0.0008744151868057358
25.400000000000023 0.0007782477312104004
25.500000000000025 0.0007280191151074995
25.600000000000026 0.0007514798815467487
25.700000000000028 0.000997204576938706
25.80000000000003 0.0014934494552253188
25.90000000000003 0.0015522272742247254
26.000000000000032 0.0011817627207070737
26.100000000000033 0.0009468721990079053
26.200000000000035 0.0007564686046297649
26.300000000000036 0.0007086600024216157
26.400000000000038 0.0007034991428809618
26.50000000000004 0.0008649515817666194
26.60000000000004 0.0013602729972676728
26.700000000000042 0.002026951496325942
26.800000000000043 0.001709360649774425
26.900000000000045 0.0011778320061649455
27.000000000000046 0.0009391106246192578
27.100000000000048 0.00070926384479889
27.20000000000005 0.0006691346307346589
27.30000000000005 0.0006834410493331478
27.400000000000052 0.000892992986569903
27.500000000000053 0.0014875986007448444
27.600000000000055 0.0025139256161318454
27.700000000000056 0.0024346971978149072
27.800000000000058 0.0014315674375295399
27.90000000000006 0.001102567793191022
28.00000000000006 0.0008266716294942145
28.100000000000062 0.0007096037678809245
28.200000000000063 0.000677527796554132
28.300000000000065 0.0007542166997845996
28.400000000000066 0.001242664857629759
28.500000000000068 0.0023874901139926967
28.60000000000007 0.0039047306965926463
28.70000000000007 0.003435102973385545
28.80000000000007 0.001776729739843547
28.900000000000073 0.0012888077304855623
29.000000000000075 0.0009691192099511554
29.100000000000076 0.0007903018021682854
29.200000000000077 0.0007577903750154598
29.30000000000008 0.000791738000919382
29.40000000000008 0.0011390592949261384
29.50000000000008 0.0024935258917829915
29.600000000000083 0.004935519485679629
29.700000000000085 0.00615676736928121
29.800000000000086 0.004213956559866604
29.900000000000087 0.0021454030449466004
30.00000000000009 0.001491112055406224
30.10000000000009 0.0011193414455619337
30.20000000000009 0.0009112904211751178
30.300000000000093 0.0009076714688685788
30.400000000000095 0.0009312637154219783
30.500000000000096 0.001210791794782492
30.600000000000097 0.002906944499378481
30.7000000000001 0.006489703923398196
30.8000000000001 0.009833094870603814
30.9000000000001 0.008346457314020917
31.000000000000103 0.004277187646523602
31.100000000000104 0.0024593511377097367
31.200000000000106 0.0016581215279864185
31.300000000000107 0.0011709470123474279
31.40000000000011 0.001044210438598442
31.50000000000011 0.0009972171282849878
31.60000000000011 0.0010477069113742122
31.700000000000113 0.001309043643692804
31.800000000000114 0.003288129033245295
31.900000000000116 0.008170735825537548
32.000000000000114 0.013521221637586437
32.100000000000115 0.01344338731822725
32.20000000000012 0.007933566886267193
32.30000000000012 0.003312018361010192
32.40000000000012 0.0022585502992251523
32.50000000000012 0.001678529374677183
32.60000000000012 0.0012005341131047962
32.700000000000124 0.0010660495780958374
32.800000000000125 0.0010979000434449364
32.90000000000013 0.0011858401276733526
33.00000000000013 0.0013981049685686511
33.10000000000013 0.0034120610543999486
33.20000000000013 0.009878487628245808
33.30000000000013 0.01868288061409819
33.400000000000134 0.02064583974902922
33.500000000000135 0.01374173561488255
33.600000000000136 0.005911487044866361
33.70000000000014 0.0034757770103940387
33.80000000000014 0.0021726104521574995
33.90000000000014 0.0017084838092737778
34.00000000000014 0.0012517537450522477
34.10000000000014 0.0011166691991320414
34.200000000000145 0.0011867132094766245
34.300000000000146 0.0012528483706395201
34.40000000000015 0.0014720948058617124
34.50000000000015 0.0032388421818348896
34.60000000000015 0.010675013555777785
34.70000000000015 0.024085074571975295
34.80000000000015 0.03268964325369234
34.900000000000155 0.02395137624300068
35.000000000000156 0.013850401962512776
35.10000000000016 0.006393300229484452
35.20000000000016 0.0034117713562295867
35.30000000000016 0.0026745649694988405
35.40000000000016 0.001803615897865073
35.50000000000016 0.001391965716015651
35.600000000000165 0.0013593926880901156
35.700000000000166 0.0013814448041879648
35.80000000000017 0.0014221417059464899
35.90000000000017 0.0015271740047736347
36.00000000000017 0.0024358931726343722
36.10000000000017 0.007517102311939617
36.20000000000017 0.02242808654531614
36.300000000000175 0.04313515234578599
36.400000000000176 0.046627054706899124
36.50000000000018 0.034529740647848806
36.60000000000018 0.01752680375859704
36.70000000000018 0.008367651289344984
36.80000000000018 0.005393556392219118
36.90000000000018 0.003545635232941245
37.000000000000185 0.002075719102520733
37.100000000000186 0.0018252396370815873
37.20000000000019 0.0018459934088432852
37.30000000000019 0.0019177757231455224
37.40000000000019 0.002009134810437585
37.50000000000019 0.0020791740815493585
37.60000000000019 0.002179568306499249
37.700000000000195 0.0031733166638615836
37.800000000000196 0.010547632129150752
37.9000000000002 0.030697380717206915
38.0000000000002 0.060423267394079216
38.1000000000002 0.07874002352153496
38.2000000000002 0.06237952640497507
38.3000000000002 0.03250199082732786
38.400000000000205 0.016554548769413237
38.500000000000206 0.011184078157011385
38.60000000000021 0.006536292368543675
38.70000000000021 0.0033432685593014345
38.80000000000021 0.003028395332055135
38.90000000000021 0.002545126341576147
39.00000000000021 0.0028160023164512443
39.100000000000215 0.0022433554586322566
39.200000000000216 0.002518746888723453
39.30000000000022 0.0028986287248267944
39.40000000000022 0.0030236855486471784
39.50000000000022 0.0035399936925631995
39.60000000000022 0.006528128403734166
39.70000000000022 0.018269761041104154
39.800000000000225 0.05024873471967595
39.900000000000226 0.10346517598436451
40.00000000000023 0.1183155491265029
40.10000000000023 0.08600338318940069
40.20000000000023 0.05458234500789592
40.30000000000023 0.030044236196817776
40.40000000000023 0.01826072554439761
40.500000000000234 0.009124223559775255
40.600000000000236 0.005927084581724971
40.70000000000024 0.005650876923655221
40.80000000000024 0.004181843279692189
40.90000000000024 0.004887665417262553
41.00000000000024 0.0036111690861757354
41.10000000000024 0.003926717107708445
41.200000000000244 0.0034165178109248073
41.300000000000246 0.003214843902509885
41.40000000000025 0.004000578877688212
41.50000000000025 0.0053808391443093745
41.60000000000025 0.006814506526281034
41.70000000000025 0.012787270820437326
41.80000000000025 0.04105466205279071
41.900000000000254 0.10267970566112977
42.000000000000256 0.13976173305978923
42.10000000000026 0.1479373411539731
42.20000000000026 0.1417660982184683
42.30000000000026 0.08893848714050594
42.40000000000026 0.039718623100137684
42.50000000000026 0.02340364710372224
42.600000000000264 0.009891896904719638
42.700000000000266 0.009104909886423476
42.80000000000027 0.009970770236523421
42.90000000000027 0.007271194644960028
43.00000000000027 0.0069436189692293196
43.10000000000027 0.005018019524134455
43.20000000000027 0.007164194323017159
43.300000000000274 0.005180576382454557
43.400000000000276 0.0048851375013783845
43.50000000000028 0.005471624542639529
43.60000000000028 0.004152366287823866
43.70000000000028 0.006105926432124273
43.80000000000028 0.008591669331366866
43.90000000000028 0.014056288919303264
44.000000000000284 0.028186002762317187
44.100000000000286 0.06518850874071741
44.20000000000029 0.12218150946234123
44.30000000000029 0.18481795190264466
44.40000000000029 0.2430745667616298
44.50000000000029 0.23548952824912128
44.60000000000029 0.13669220208021535
44.700000000000294 0.06459160039910586
44.800000000000296 0.039844688687689395
44.9000000000003 0.019068142288855096
45.0000000000003 0.01654119326635326
45.1000000000003 0.018265749237536988
45.2000000000003 0.014415303110595004
45.3000000000003 0.011001516294555747
45.400000000000304 0.009025608938258928
45.500000000000306 0.008184577231093563
45.60000000000031 0.008381373168561074
45.70000000000031 0.006955029283005338
45.80000000000031 0.007972127334021556
45.90000000000031 0.005764936024909691
46.00000000000031 0.006230158324530115
46.100000000000314 0.008883101057016446
46.200000000000315 0.009865768289825334
46.30000000000032 0.007810737501398583
46.40000000000032 0.012278307055095248
46.50000000000032 0.02557530790535038
46.60000000000032 0.038814880904205595
46.70000000000032 0.08744081125719497
46.800000000000324 0.18843572439061557
46.900000000000325 0.28489362651846123
47.00000000000033 0.3169734860979095
47.10000000000033 0.26185742530629097
47.20000000000033 0.1481656099144512
47.30000000000033 0.101336928173219
47.40000000000033 0.059751784031532314
47.500000000000334 0.0383714634592983
47.600000000000335 0.02474477015480479
47.70000000000034 0.024700939334571972
47.80000000000034 0.024180961496184445
47.90000000000034 0.016232251335501015
48.00000000000034 0.01668835117550097
48.10000000000034 0.01416671600125994
48.200000000000344 0.010650264012194757
48.300000000000345 0.008568556813158162
48.40000000000035 0.009619870682666485
48.50000000000035 0.00904428161642427
48.60000000000035 0.0062011940961469525
48.70000000000035 0.006777220985141667
48.80000000000035 0.009709558191452932
48.900000000000354 0.010757087243066791
49.000000000000355 0.009264588669303962
49.10000000000036 0.011277506184645106
49.20000000000036 0.012503908705880473
49.30000000000036 0.012028225965064657
49.40000000000036 0.019587033171716964
49.50000000000036 0.046790125458344274
49.600000000000364 0.1406044677603676
49.700000000000365 0.2671190728689314
49.80000000000037 0.3345990537170057
49.90000000000037 0.3126349576316809
50.00000000000037 0.2759684237812804
50.10000000000037 0.21686051878661466
50.20000000000037 0.17782522396454353
50.300000000000374 0.10409563329966696
50.400000000000375 0.06557913547667514
50.50000000000038 0.03412771714575946
50.60000000000038 0.029776886624264014
50.70000000000038 0.026107525559042624
50.80000000000038 0.01847617598637964
50.90000000000038 0.020748804796807477
51.000000000000384 0.018382330211279913
51.100000000000385 0.0139374150485527
51.20000000000039 0.013359458304000277
51.30000000000039 0.011606820444326083
51.40000000000039 0.00837956763817157
51.50000000000039 0.006099855285501494
51.60000000000039 0.007301289614955223
