string
20190123an 23 2019_14.22   full spectra  index number  Nphoton via eV
eV x-axis E [J] Nphoton Nphoton/sr Nphoton/sr @ 0.1bw
51.660080420516415 5.168824705914681e-10 62449030.54613554 3367889784291.9175 811661438014.364
51.4457232403483 4.94737941326899e-10 60022615.41480342 3237032689124.8823 783361910768.2037
51.233137607123716 5.026600752239704e-10 61236789.430483334 3302513357567.6064 802510745888.9261
51.02230164989275 5.024233967176517e-10 61460881.403021045 3314598686330.1406 808762079464.5618
50.813193856245654 5.064605242253793e-10 62209696.38113319 3354982440778.4272 821970697990.6919
50.605793064995666 5.038140141348457e-10 62138245.02629418 3351129053689.2817 824377747207.5425
50.400078459040394 5.090591377154728e-10 63041421.86273133 3399837576691.8696 839759881442.8832
50.1960295583965 5.067165628428555e-10 63006406.18008101 3397949173319.4443 842691394983.1918
49.99362621340296 5.044772290104105e-10 62981921.16386895 3396628691075.8027 845760544077.8817
49.79284859808809 5.018177429782242e-10 62902515.74236807 3392346339443.576 848086584860.8981
49.59367720369574 5.170955516915882e-10 65077890.3251509 3509664763289.2437 880925855585.581
49.39609283236627 5.010926996267385e-10 63316143.14788438 3414653355282.8755 860492645531.2357
49.20007659096798 5.091637465484371e-10 64592288.14829668 3483476132395.302 881319461496.0038
49.005609885074826 4.958202840187286e-10 63149143.740080394 3405647040939.6875 865034348398.678
48.81267441308634 5.108086290231794e-10 65315250.52422526 3522465650391.3975 898228740849.7999
48.621252160486 5.032506085576477e-10 64602175.668878555 3484009368528.3286 891906398343.2407
48.4313253942341 4.949055111863881e-10 63780058.111678086 3439672390064.956 883995804246.7175
48.24287665729156 5.013675787759679e-10 64865239.38363104 3498196451815.046 902534684568.2413
48.05588876327104 4.990015541887571e-10 64810333.98032883 3495235391486.858 905265966395.0756
47.87034479121208 4.938458675371697e-10 64389320.68855901 3472530053197.3364 902857813831.3082
47.686228080476646 5.031492183525043e-10 65855614.351533875 3551607588991.2144 926969580726.7053
47.503522225762175 4.986021180667982e-10 65511460.50021114 3533047297022.578 925658391819.8821
47.322211072228725 4.977976901757241e-10 65656363.31931969 3540861937536.9775 931246689572.2437
47.142278710737365 5.0013567497391e-10 66216502.48397238 3571070364375.9165 942762576195.2083
46.96370947319669 5.019635581929676e-10 66711202.833104335 3597749661677.358 953403660344.4719
46.78648792801481 5.017469481724258e-10 66935000.16151083 3609819100217.885 960211880657.957
46.61059887565385 4.906982712364303e-10 65708086.439582705 3543651376649.516 946154917565.3972
46.436027344284355 5.047955528359025e-10 67849935.13044547 3659161741860.495 980655346818.6307
46.26275858553703 5.137879037755759e-10 69317249.97518395 3738294350208.7354 1005601180206.1151
46.09077807034915 5.254313896792952e-10 71152628.70324717 3837276723745.891 1036064715411.4037
45.92007148490342 5.115171328920731e-10 69525897.53688598 3749546758539.631 1016127171564.1888
45.75062472665653 4.971238254130344e-10 67819803.00495467 3657536709786.6265 994849985061.9532
45.58242390045559 5.06204160594246e-10 69313410.69638485 3738087297069.0234 1020497832099.8319
45.41545531473963 5.163302763324004e-10 70959883.53292485 3826881934836.868 1048565650145.3265
45.24970547782453 5.137552921748454e-10 70864630.4378877 3821744914727.9526 1050979851550.1665
45.0851610942688 5.065926517681732e-10 70131678.78894398 3782216673067.999 1043891801766.7616
44.92180906131855 5.098674211232183e-10 70841704.1841894 3820508496885.316 1058280853637.1748
44.7596364654293 5.202879286442013e-10 72551462.9490107 3912716158514.1255 1087735092066.9196
44.59863057886301 5.278846853383184e-10 73876534.34140739 3984177546575.44 1111585535494.5686
44.43877885635813 5.378147800713368e-10 75536975.50208391 4073725499098.5605 1140643139747.5564
44.28006893187113 5.400223717014821e-10 76118888.57175662 4105108197365.571 1153535403459.741
44.1224886153876 5.514509292487561e-10 78007408.07955615 4206956464698.6436 1186361723044.976
43.96602588980112 5.420273052743537e-10 76947219.07204841 4149780241199.6084 1174387808259.4949
43.81066890785836 5.573552415947981e-10 79403780.56610657 4282263136257.7026 1216162730697.1548
43.65640598916871 5.618287641310637e-10 80323933.0373198 4331887158931.69 1234587840295.5222
43.50322561727689 5.696528269192019e-10 81729298.66157259 4407678832360.781 1260596146055.181
43.3511164367969 5.773882340509083e-10 83129777.47834484 4483206959200.796 1286680397290.615
43.20006725060597 6.006532877408717e-10 86781751.37290008 4680158704718.877 1347885706959.0488
43.05006701709692 5.927291637209874e-10 85935268.66974014 4634507708640.627 1339372727797.1248
42.90110484748759 6.028333881024574e-10 87703675.819478 4729878290409.241 1371664704218.623
42.7531700031859 6.197370547671195e-10 90474901.0901585 4879331071300.714 1419885341748.4575
42.60625189320931 6.324339726126254e-10 92646887.83128652 4996466788109.935 1458968302128.1362
42.46034007165723 6.424201929238251e-10 94433196.42205487 5092802798482.38 1492191219955.2812
42.315424235235184 6.563040381803815e-10 96804456.72790699 5220685381928.993 1534881502287.1204
42.17149422082962 6.710128734037414e-10 99311796.43335533 5355906756958.834 1579992493302.8523
42.028540003131894 6.794438573207261e-10 100901645.2903503 5441647651208.358 1610727704757.6165
41.8865516923105 6.97780929454949e-10 103976085.28831436 5607452868215.083 1665413501859.9153
41.74551953173033 7.088371633938962e-10 105980407.11794734 5715546379922.4795 1703232821216.8516
41.60543389571781 7.344221666533244e-10 110175415.17908593 5941784076017.59 1776593438729.2092
41.46628528737092 7.403971778352011e-10 111444489.26236102 6010225517032.662 1803067655109.8215
41.32806433641302 7.608231870914699e-10 114902016.30487396 6196690701576.876 1865203901174.5938
41.19076179708939 7.787918363814855e-10 118007753.06657515 6364183759851.11 1921983495475.0747
41.05436854610565 8.05567278408651e-10 122470478.69073944 6604859522281.353 2001272435251.2434
40.91887558060695 8.470086727213216e-10 129197211.69698164 6967633694678.562 2118160643182.2834
40.78427401619706 8.389547154456217e-10 128391052.2564234 6924157340912.577 2111867988978.2056
40.650555084996405 8.616555042253005e-10 132298878.0442797 7134907234619.744 2183281613793.5427
40.51771013373824 8.72530916292056e-10 134407934.1123027 7248649086556.837 2225335269573.004
40.38573062190196 9.038915987667978e-10 139693880.16081595 7533721305315.367 2320386162037.047
40.254608119882796 9.392779573769692e-10 145635584.2170703 7854158695893.614 2426935037031.2017
40.124334307197095 9.460430583850783e-10 147160765.42736152 7936412049907.476 2460287735471.2563
39.99490097072226 9.64893238393383e-10 150578723.8188414 8120743288505.258 2525551162725.1704
39.866300002970746 9.91747250400029e-10 155268747.36081645 8373677277023.096 2612587310431.178
39.73852340039712 9.902449167164634e-10 155532040.9218839 8387876755971.514 2625405424618.988
39.6115632617377 1.0000696793133508e-09 157578605.57509476 8498248432331.641 2668450007752.2476
39.48541178638185 1.0226980215838712e-09 161658937.13478324 8718301599790.284 2746265003933.871
39.36006127277429 1.0197433092786612e-09 161705232.64061338 8720798326477.318 2755772271166.785
39.235504116847785 1.0268958223615304e-09 163356389.05471075 8809845550600.332 2792721039540.361
39.11173281048549 1.0559295378417322e-09 168506576.84673837 9087596297093.355 2889855622475.4937
38.98873994001226 1.0508902497888042e-09 168231430.51426247 9072757595607.887 2894209672998.7607
38.86651818471441 1.054288494179399e-09 169306177.75298083 9130718947678.86 2921830063257.4634
38.745060315387185 1.0892229880894297e-09 175464568.25259528 9462842285222.254 3037572373556.3906
38.624359192909345 1.0778218298142535e-09 174170525.83802208 9393054296675.951 3024563483529.638
38.50440776684441 1.1039592435361776e-09 178949944.12728623 9650809363335.936 3117211424357.4614
38.3851990740678 1.1048563283390224e-09 179651556.84152147 9688647489438.734 3139121786577.9385
38.266726237419434 1.109428210517466e-09 180953451.12573513 9758858931020.555 3171629152581.6753
38.14898246438122 1.154420203145378e-09 188873024.45509008 10185963241185.635 3320624016626.461
38.03196104577882 1.1430656301801488e-09 187590750.8997949 10116809949776.957 3308196853576.94
37.91565535450732 1.1743115412697103e-09 193309740.16683027 10425236283388.238 3419477500951.3394
37.800058844280166 1.1627222005871958e-09 191987283.5346953 10353915909915.89 3406438334362.399
37.6851650484009 1.200619875605151e-09 198849306.98764527 10723986325495.654 3538915487413.5825
37.57096757855726 1.1984341298624967e-09 199090603.82585996 10736999516401.875 3553946839929.079
37.45746012363715 1.2214161701707049e-09 203523383.61857435 10976060293636.346 3644052017487.2183
37.34463644856595 1.217804002971702e-09 203534547.59203464 10976662369150.412 3655228568926.886
37.232490393164845 1.251345309935071e-09 209770328.8038331 11312959404614.883 3778528441141.5767
37.12101587102963 1.2420532933026235e-09 208837916.96547928 11262674231607.678 3772995867588.4404
37.010206868429535 1.2794953308261597e-09 215777505.26338375 11636927736126.66 3910007719338.577
36.900057443225876 1.2671183055213406e-09 214328091.92993093 11558760560171.127 3895302308777.343
36.790561723809766 1.3065851193372994e-09 221661497.95603815 11954252740328.271 4040537426230.8223
36.681713908058846 1.2862218286142099e-09 218854374.23718297 11802863948327.865 4001170878483.3716
36.573508262312366 1.328953767823364e-09 226794347.49268693 12231068430942.01 4158563266520.04
36.46593912036438 1.333746331277821e-09 228283651.1955252 12311386903184.611 4198182933986.0435
36.35900088247475 1.3346101906101318e-09 229103366.49839655 12355594327550.127 4225613260022.209
36.25268801439734 1.365920553191618e-09 235165820.78988793 12682543804547.479 4350112524959.772
36.14699504642534 1.4045649109407065e-09 242526159.65385395 13079488478501.459 4499344036604.333
36.04191657245317 1.500130523757473e-09 259782651.824583 14010134850210.559 4833496523322.782
35.937447249054756 1.5145986346968833e-09 263050608.82445526 14186376481171.412 4908486262485.25
35.83358179457772 1.5075431516528447e-09 262584148.99693438 14161220201335.658 4913943409863.333
35.730314988253284 1.5742277952313155e-09 274991776.2316539 14830366233638.637 5160967449306.165
35.62764166932152 1.5710817034322057e-09 275233105.32270914 14843381163947.553 5180340026217.362
35.525556736171595 1.544958800930969e-09 271434461.32660955 14638519467989.371 5123481813796.479
35.42405514549682 1.589863127804124e-09 280124075.8979252 15107152269623.457 5302610446637.77
35.32313191146407 1.597081660666202e-09 282199925.2510489 15219103276211.934 5357124353226.459
35.222782104897405 1.5792707659240712e-09 279847811.4579303 15092253268356.584 5327565403729.844
35.1230008524756 1.6283809912860644e-09 289369920.29243445 15605782666462.297 5524447063927.492
35.02378333594318 1.6485147702290693e-09 293777655.0206509 15843492757927.4 5624439929064.192
34.92512479133489 1.6562497615811199e-09 295989862.5608732 15962797591169.672 5682755942456.356
34.82702050821316 1.649767393440994e-09 295661903.7719189 15945110702432.912 5692404520768.828
34.72946582891845 1.6885590270110315e-09 303463958.2136517 16365877193457.766 5858984035257.575
34.63245614783208 1.6905178441950363e-09 304667017.5370687 16430758444132.105 5898642281443.324
34.53598691065149 1.6977979375666811e-09 306833734.1781365 16547609943300.16 5957139579588.075
34.440053613677456 1.6976594832194158e-09 307663332.44922507 16592350358288.688 5989838479342.57
34.34465180311326 1.7454717272421968e-09 317206936.5569933 17107039001151.344 6192748118416.119
34.249777074375366 1.7635967806469571e-09 321388640.93931425 17332559226957.617 6291718999385.761
34.15542507141566 1.7766076752187698e-09 324654041.97700864 17508663014322.941 6373153337213.512
34.061591486054624 1.7753658072972814e-09 325320843.88313746 17544623785981.975 6403787681883.316
33.968272057325706 1.8365162801868836e-09 337450675.83778876 18198788258480.35 6660756502603.761
33.87546257083028 1.8577745940891174e-09 342292008.6998838 18459882391503.938 6774776837681.874
33.78315885810322 1.8568966751407852e-09 343065035.64604586 18501571902649.16 6808578460174.895
33.69135679598881 1.8610317682607253e-09 344765865.3801155 18593298019709.72 6860926969273.024
33.60005230602678 1.903761426850438e-09 353640132.3862135 19071889167267.023 7056598991888.778
33.50924135384833 1.881018592063626e-09 350362379.6907241 18895119252313.44 7010089242607.8
33.41891994858189 1.9571774900140987e-09 365533156.7482738 19713282554850.945 7333341110404.859
33.3290841422685 1.9875638199098524e-09 372208835.05270505 20073303336087.95 7487342144360.974
33.23973002928655 2.172237301754127e-09 407885957.76658875 21997378314838.016 8227019489748.7
33.150853745785774 2.2661859049286564e-09 426667724.2787536 23010283063143.84 8628856148678.86
33.062451469130345 2.0773439599967137e-09 392159133.7056572 21149227276607.92 7952109456004.472
32.97451941735074 2.0515343094597686e-09 388319575.8042045 20942159084845.58 7895193974986.725
32.88705384860445 2.0514370745544855e-09 389333886.81683797 20996861098114.13 7936813495087.126
32.80005106064518 2.121616952712559e-09 403721085.24684 21772765835036.953 8251878251479.007
32.71350739030047 2.114451961231857e-09 403422102.0257107 21756641604967.887 8267523809887.955
32.62741921295758 2.1092380621781284e-09 403489141.42300737 21760257054228.28 8290657937660.791
32.541782942057424 2.1869993852912193e-09 419465543.3477649 22621867880874.85 8641553530494.017
32.45659502859654 2.2543378635364675e-09 433515892.9291815 23379606286213.66 8954389207619.533
32.371851960636754 2.248786553539155e-09 433580423.2325592 23383086419493.91 8979105185086.018
32.2875502628226 2.2402257076577007e-09 433057591.5648049 23354889994067.688 8991632647716.008
32.203686495906176 2.2648948657046703e-09 438966554.530729 23673561650531.48 9137994797104.8
32.12025725627947 2.2649690944256117e-09 440121151.27420795 23735829303741.35 9185765940547.426
32.03725917551389 2.3434123890954577e-09 456543687.036695 24621500225178.44 9553142087369.115
31.954688919906893 2.3465478575879483e-09 458335817.00152737 24718150183518.84 9615360421388.896
31.872543190035667 2.397361824361244e-09 469467834.35306907 25318502297698.1 9874215896102.29
31.790818720317628 2.450206370026081e-09 481049676.41943735 25943113556471.562 10143757400580.25
31.709512278577684 2.461910761124375e-09 484586955.50290006 26133879785910.184 10244480876076.941
31.62862066562213 2.45203171579351e-09 483876806.2611041 26095581283021.492 10255563444227.47
31.54814071481902 2.446911562434257e-09 484098212.1573825 26107521751107.816 10286363569936.56
31.468069291684962 2.4472745299106654e-09 485402006.6135279 26177835669374.723 10340245089402.762
31.388403293478163 2.4682159733713665e-09 490798141.3950511 26468850390442.78 10481664754615.137
31.30913964879766 2.563758481399503e-09 511087137.5307656 27563040359789.543 10942527022836.553
31.2302753171886 2.5931573425805553e-09 518253245.90745723 27949510141368.594 11123905036264.781
31.151807288753453 2.6621906970438936e-09 533390023.9424715 28765839869234.54 11477570107823.904
31.073732583769104 2.799836050879333e-09 562377778.8668765 30329155789844.977 12131662315937.938
30.99604825230968 2.821906898073538e-09 568231529.4180623 30644849828787.14 12288584781343.682
30.918751373874994 3.0279956827474383e-09 611254795.6848339 32965103925280.836 13251971777962.818
30.841839057024558 3.0270311598880418e-09 612583930.2095081 33036784438948.582 13313824128896.04
30.76530843901705 2.9034166716246536e-09 589029529.538637 31766490493617.605 12833662159421.514
30.689156685455128 2.8687763070820393e-09 583446052.4338454 31465372360355.902 12743475805944.186
30.613380989935486 2.894300600113136e-09 590094155.2827879 31823905991287.68 12920505832462.525
30.537978573704116 2.9337999638437563e-09 599624249.1996001 32337866026617.01 13161511472833.314
30.462946685316638 3.1057153324046417e-09 636324596.1542833 34317123710967.008 14001386474074.094
30.388282600303604 3.0583621745548664e-09 628162103.2540183 33876918695568.91 13855659746487.555
30.31398362084076 3.135741558932881e-09 645633750.5778712 34819168431428.05 14275859056885.986
30.240047075424076 3.3373423502956537e-09 688822415.7659718 37148342527681.63 15267968778876.871
30.166470318549564 3.199890280399036e-09 662063376.1328582 35705221706914.91 14710551343247.635
30.093250730397738 3.318507771768225e-09 688276133.5108719 37118881406985.266 15330098021085.475
30.020385716522686 3.0710854275436815e-09 638505443.5014825 34434737282186.598 14255981234824.586
29.947872707545574 3.0073825221645154e-09 626775003.1994909 33802112088283.273 14027876516637.518
29.875709158852693 3.040305319036849e-09 635167036.4666659 34254696265536.055 14249953646463.312
29.80389255029776 3.0506185351449846e-09 638857342.3748032 34453715264874.176 14367199265452.65
29.732420385908558 3.2511471570987476e-09 682488499.6799346 36806753057129.85 15385222777880.26
29.66129019359777 3.4343502641349375e-09 722675818.6744335 38974063901125.47 16330132774571.184
29.590499524877966 3.5932761516924176e-09 757926816.4071561 40875157867066.64 17167566304168.078
29.520045954580638 3.579572261692835e-09 756838261.896033 40816451885795.27 17183726243919.486
29.449927080579258 3.877633994609158e-09 821810271.7583035 44320406492719.04 18703211539927.715
29.380140523516275 4.276598057040806e-09 908518009.0154855 48996573600097.805 20725550632840.902
29.310683926533965 3.979992903522666e-09 847510954.353709 45706449888516.02 19379534752729.934
29.241554955009118 3.8342026639473106e-09 818396147.668874 44136282038863.83 18757919866516.805
29.172751296291448 3.6285351373398656e-09 776323831.4305243 41867312883995.09 17835475288581.594
29.104270659445692 3.532493033721645e-09 757553952.4065698 40855049230510.99 17445106021428.63
29.036110774997343 3.5197654232496584e-09 756596365.7959888 40803406376568.4 17463857929171.285
28.96826939468193 3.563313815138382e-09 767751185.7601396 41404988240599.49 17762739955216.875
28.90074429119782 3.788763212284821e-09 818233791.8777388 44127526155776.41 18974836246984.37
28.83353325796248 4.0055817956800454e-09 867075101.551522 46761548597169.64 20154227445379.15
28.766634108872076 3.8173754893218784e-09 828256410.7579813 44668048169383.69 19296596809174.58
28.700044678064504 4.887694986447057e-09 1062944277.6172929 57324815814620.56 24821645247729.902
28.6337628196856 4.694386971158656e-09 1023268107.1292211 55185071320622.64 23950320953150.812
28.567786407658676 4.1418456784171385e-09 904911897.3708842 48802095215683.234 21228911418821.56
28.50211333545716 4.1149651528658735e-09 901110549.2188724 48597087684009.234 21188330230227.04
28.43674151588042 3.702670725548071e-09 812688729.494638 43828479736801.016 19153045644981.26
28.371668880832637 3.552424223524878e-09 781499878.7790668 42146458241988.91 18460148709991.9
28.30689338110471 3.832959504063447e-09 845144552.6898142 45578829332685.695 20009106077048.89
28.24241298615914 3.922481854315072e-09 866858313.618797 46749857176860.99 20569937157818.3
28.17822568391787 4.322590632551611e-09 957457355.040947 51635883163235.266 22771424474986.285
28.114329480552975 4.291468317571499e-09 952724108.9868481 51380618175248.58 22710233233460.54
28.050722400280232 4.742166671723248e-09 1055168307.5821592 56905456061310.38 25209117035160.324
27.987402485155446 4.8187365123964765e-09 1074631486.722465 57955109540687.516 25732068636065.33
27.924367794873564 4.835727769581066e-09 1080855083.114224 58290749446160.12 25939383503540.74
27.861616406570477 6.9492551681758375e-09 1556757350.3000655 83956262104398.53 37444492898561.84
27.799146414627494 6.163799135207096e-09 1383904085.7078993 74634247992884.2 33361508852818.51
27.736955930478437 5.631901404649868e-09 1267316886.0068135 68346674984646.586 30619310393122.7
27.675043082419336 5.035008523518253e-09 1135535926.934208 61239699232686.18 27496624955473.13
27.613406015420622 4.453092127032435e-09 1006539160.5567051 54282875597633.49 24427294018936.043
27.552042890941912 4.61554851165286e-09 1045582940.9641457 56388515157197.375 25431220335896.27
27.490951886749137 4.280663998013115e-09 971874835.5336882 52413421018380.336 23690866300307.816
27.430131196734205 4.362870870767841e-09 992735264.1732734 53538428466803.52 24252908095460.95
27.369579030736997 4.233240098460604e-09 965369911.0559679 52062609028113.82 23636424498764.098
27.309293614369736 5.300124666306392e-09 1211335912.6705778 65327608930858.28 29724062063540.684
27.24927318884365 5.058088742480781e-09 1158565245.6638424 62481675394853.17 28491643980052.504
27.189516010797938 5.430187446943016e-09 1246528806.7884288 67225569356226.516 30722085195795.5
27.130020352130984 6.989320501633527e-09 1607954706.4371862 86717346643406.38 39716544762681.2
27.070784499833756 7.225742349802535e-09 1665983151.562138 89846833295569.69 41239696482664.06
27.0118067558254 6.186221067954276e-09 1429423035.0700126 77089094820892.31 35460983617611.75
26.953085436791 6.36869838224384e-09 1474793342.157251 79535925338724.16 36666061581148.63
26.894618874021383 5.241388239659481e-09 1216381791.8771315 65599734292675.84 30307077243216.91
26.836405413255104 5.017220319819172e-09 1166884317.9230027 62930324769093.07 29136740368089.96
26.77844341452237 5.190904605384252e-09 1209892247.7672958 65249751768990.695 30275884820811.23
26.720731251991072 5.584241507423597e-09 1304382093.4349341 70345609673594.336 32710708498220.605
26.663267313814746 5.404546641589583e-09 1265129193.1504562 68228692233630.92 31794570580873.203
26.606050001982528 5.725523304855484e-09 1343147656.4387677 72436244908139.47 33827726372099.914
26.549077732171 5.24859208020571e-09 1233906797.0300121 66544861627846.336 31142995241831.85
26.492348933597984 6.298011497760008e-09 1483788351.9425032 80021028170592.4 37529862212008.516
26.43586204887816 6.102365408382804e-09 1440766850.1976306 77700869235148.06 36519408540518.93
26.379615533880546 7.613162948498507e-09 1801298297.2410822 97144408499005.56 45755016403031.484
26.323607857587806 9.780468850367255e-09 2319013284.950262 125064890258805.44 59030628202156.56
26.267837501957324 7.86083534787056e-09 1867812827.0010116 100731551539119.72 47646023878005.24
26.212302961784054 9.061385282630517e-09 2157637057.834808 116361835271775.81 55155509918815.4
26.157002744565094 6.076743561386937e-09 1450013035.0858817 78199517994888.36 37144771047572.6
26.10193537036601 6.184017627786779e-09 1478723530.503093 79747881250041.72 37959991475018.77
26.04709937168877 5.769487708116604e-09 1382505476.5733423 74558820698412.25 35564557473143.25
25.992493293341415 5.323889136836217e-09 1278409642.0667596 68944909728840.65 32955666850386.445
25.93811569230932 5.419393535460621e-09 1304071010.8948529 70328832924625.64 33687510970894.375
25.88396513762809 5.871621885328613e-09 1415846753.0928226 76356922984439.78 36651323032531.19
25.83004021025803 5.824756616956038e-09 1407478197.044895 75905604938721.39 36510595975526.21
25.776339502960198 5.56679939064057e-09 1347948508.8521943 72695155921772.06 35039065154293.492
25.722861620173973 7.808353870165494e-09 1894650812.972352 102178929953057.98 49352423167327.516
25.66960517789618 7.571044606093714e-09 1840880472.506231 99279083810210.95 48051076564141.984
25.616568803561684 6.604624800926683e-09 1609222765.5896032 86785733348979.78 42091080674256.0
25.563751135925475 1.0606682805522632e-08 2589667313.6374917 139661320825005.47 67875401920945.484
25.5111508249462 1.2922871686292682e-08 3161680324.9473114 170510106793735.2 83038422008549.31
25.458766531671156 1.0228565256859052e-08 2507646628.1768093 135237927439265.44 65996108590361.59
25.40659692812265 8.184492299650879e-09 2010639552.899997 108434227895699.64 53024337440997.28
25.354640697185793 8.82061651999238e-09 2171353113.1065516 117101545112369.12 57379757105060.65
25.30289653249766 7.943556184781002e-09 1959447838.8524868 105673447635810.22 51885662789183.95
25.251363138337787 6.556448908752634e-09 1620588783.2585866 87398705151114.81 43000162934347.75
25.200039229520026 6.876201363222001e-09 1703085079.2595196 91847748316616.1 45280939920092.66
25.148923531285707 6.960385341756904e-09 1727439548.5171182 93161190134642.73 46021627926510.98
25.09801477919808 6.333137737671318e-09 1574956407.40628 84937741207848.89 42044181897884.91
25.047311719038085 5.6825514142152895e-09 1416026001.1004019 76366589868429.83 37877828574743.53
24.996813106701318 7.11019813679685e-09 1775358381.9419081 95745463231521.47 47585495226065.414
24.946517708096284 7.626666098457985e-09 1908155559.4461403 102907243864271.11 51247807444404.34
24.89642429904388 6.934615096623088e-09 1738498653.6896071 93757610079165.64 46785047429503.0
24.84653166517806 9.874867686172978e-09 2480587129.5762177 133778602801108.45 66889301400554.91
24.796838601847703 1.3538303847410903e-08 3407665179.4361725 183776123436083.75 92071837841475.03
24.747343914019662 1.0993435189276375e-08 2772642024.625398 149529186739507.97 75063651743231.12
24.69804641618297 9.086388585196333e-09 2296242115.6251006 123836836150104.17 62289928583505.59
24.648944932254178 8.226425406400565e-09 2083060119.4155672 112339884781121.3 56619301929683.234
24.60003829548383 7.438978049839834e-09 1887410943.8520343 101788482238550.78 51403183530466.89
24.55132534836406 6.653667126638387e-09 1691512078.5396097 91223613873577.89 46159148620030.15
24.502804942537253 6.046346019746507e-09 1540161168.109109 83061226393349.7 42112041781428.945
24.45447593870582 5.857369140854923e-09 1494972518.907341 80624192724746.12 40957089904172.63
24.406337206543014 5.4717505881710005e-09 1399305885.477712 75464870400483.31 38411619033843.45
24.358387624604813 5.868472560845226e-09 1503714944.232058 81095673621784.19 41358793547111.57
24.310626080242844 6.4028952802155595e-09 1643876663.6266823 88654625598616.06 45302513680889.5
24.263051469518295 6.115503072375525e-09 1573170319.2479622 84841417085446.39 43438805547750.07
24.215662697116894 5.875115718183053e-09 1514289954.1380458 81665986203415.88 41894650922350.64
24.168458676264812 6.225576499515706e-09 1607753983.9099307 86706521633904.89 44567152119827.4
24.12143832864562 7.600714570379133e-09 1966709420.253922 106065066298355.03 54623509143650.76
24.07460058431815 7.27266246204865e-09 1885486016.596452 101684670493470.27 52469289974631.26
