string
integrated and resized binned spectra ROIsize spatial in px50:1600
converted file:an 23 2019_17.26.17_69 binning:0.1
nm muJ
23.8 6.682743540675575e-05
23.900000000000002 0.000675029280041645
24.000000000000004 0.0006052360536791076
24.100000000000005 0.0005923192870658069
24.200000000000006 0.0006039270053898784
24.300000000000008 0.0006019897921772999
24.40000000000001 0.0006119733415751475
24.50000000000001 0.000613756757388034
24.600000000000012 0.000622945621235533
24.700000000000014 0.0006232942536252442
24.800000000000015 0.0006341048785482991
24.900000000000016 0.000630772781210529
25.000000000000018 0.0006405114358436026
25.10000000000002 0.0006348991796261224
25.20000000000002 0.0006467635202469897
25.300000000000022 0.0006380979644551246
25.400000000000023 0.0006532986454390507
25.500000000000025 0.0006541520340800261
25.600000000000026 0.0006471809427641954
25.700000000000028 0.0006597676351007032
25.80000000000003 0.0006622015075131613
25.90000000000003 0.000656473630972281
26.000000000000032 0.000668966637107122
26.100000000000033 0.0006706845450972107
26.200000000000035 0.000661240050594361
26.300000000000036 0.0006740364659301288
26.400000000000038 0.0006765320465455826
26.50000000000004 0.0006749828738218635
26.60000000000004 0.0006665198553051286
26.700000000000042 0.0006800610576099814
26.800000000000043 0.0006818629407352085
26.900000000000045 0.000682736017791317
27.000000000000046 0.0006841661412822258
27.100000000000048 0.000676053392077185
27.20000000000005 0.00068886488547665
27.30000000000005 0.0006916409761685387
27.400000000000052 0.0006910757133714523
27.500000000000053 0.000693727493762282
27.600000000000055 0.0006953763046240634
27.700000000000056 0.0007038342447877526
27.800000000000058 0.0007131998177545122
27.90000000000006 0.0007229188477734088
28.00000000000006 0.0007317275442245693
28.100000000000062 0.0007418785343167322
28.200000000000063 0.0007398430081536352
28.300000000000065 0.0007619228407222172
28.400000000000066 0.0007723780531423367
28.500000000000068 0.0007826529111910267
28.60000000000007 0.0007926146784307427
28.70000000000007 0.0008189777304524767
28.80000000000007 0.0008157119833048469
28.900000000000073 0.0008268191534007845
29.000000000000075 0.0008410486027498201
29.100000000000076 0.0008522973343159968
29.200000000000077 0.0008643642809483913
29.30000000000008 0.0008783594168599222
29.40000000000008 0.0008918005513565347
29.50000000000008 0.0009044401906067826
29.600000000000083 0.000918908427681583
29.700000000000085 0.0009321547246924753
29.800000000000086 0.0009668464177016503
29.900000000000087 0.0009663998653441616
30.00000000000009 0.0009820004860301378
30.10000000000009 0.0009955684710229154
30.20000000000009 0.0010128613151052937
30.300000000000093 0.0010452202231324252
30.400000000000095 0.001051193340762373
30.500000000000096 0.0010671833711275959
30.600000000000097 0.00108580270905665
30.7000000000001 0.001101176119533865
30.8000000000001 0.0011491904685224045
30.9000000000001 0.0011499015322633524
31.000000000000103 0.001168192541798839
31.100000000000104 0.001194309971886095
31.200000000000106 0.001183966378737355
31.300000000000107 0.0011852011536590608
31.40000000000011 0.0012107251591704912
31.50000000000011 0.001204181386808047
31.60000000000011 0.0012045105922834816
31.700000000000113 0.0012338779449904962
31.800000000000114 0.0012226333605252
31.900000000000116 0.001222705179404777
32.000000000000114 0.001257134048334456
32.100000000000115 0.0012391966842994109
32.20000000000012 0.0012652654295970934
32.30000000000012 0.0012568254508412667
32.40000000000012 0.0012525003156988058
32.50000000000012 0.0012931084328919721
32.60000000000012 0.0012698631875411467
32.700000000000124 0.001303543500040562
32.800000000000125 0.001290004817888252
32.90000000000013 0.0013183115777479866
33.00000000000013 0.0013064056175012121
33.10000000000013 0.0013318087515721167
33.20000000000013 0.0013196009674292359
33.30000000000013 0.0013492766355048841
33.400000000000134 0.0013380284713323009
33.500000000000135 0.0013667731180188616
33.600000000000136 0.001345511228039657
33.70000000000014 0.0013852777593602553
33.80000000000014 0.0013606922686999283
33.90000000000014 0.0014021927645483407
34.00000000000014 0.0014053043482717426
34.10000000000014 0.0013914218588484536
34.200000000000145 0.001424998863176663
34.300000000000146 0.0014006839596385952
34.40000000000015 0.001446258051773011
34.50000000000015 0.0014490203122536863
34.60000000000015 0.0014304543389019025
34.70000000000015 0.0014693309507888758
34.80000000000015 0.0014733992367030378
34.900000000000155 0.001459417646692464
35.000000000000156 0.0014954530158806526
35.10000000000016 0.0015038573125659264
35.20000000000016 0.0014850181365286474
35.30000000000016 0.0015250178979145277
35.40000000000016 0.001536720049971987
35.50000000000016 0.0015379615601471047
35.600000000000165 0.001526952241116152
35.700000000000166 0.0015619540418600353
35.80000000000017 0.0015717047502742572
35.90000000000017 0.0015724277066458449
36.00000000000017 0.0015599098188571053
36.10000000000017 0.0015982110541556056
36.20000000000017 0.0016076301250846012
36.300000000000175 0.0016142689840595852
36.400000000000176 0.0015940151241669454
36.50000000000018 0.0016407605402532402
36.60000000000018 0.001655270007782201
36.70000000000018 0.0016594556232650823
36.80000000000018 0.001667626938895671
36.90000000000018 0.001682129819484727
37.000000000000185 0.0016594916274380513
37.100000000000186 0.001707114392986178
37.20000000000019 0.0017223912632342991
37.30000000000019 0.0017321186252089616
37.40000000000019 0.0017434685338847736
37.50000000000019 0.0017492140228022647
37.60000000000019 0.0017623503515788925
37.700000000000195 0.0017758484994601525
37.800000000000196 0.001791541282214542
37.9000000000002 0.001801507135622152
38.0000000000002 0.0017823514522174475
38.1000000000002 0.0018246141760460833
38.2000000000002 0.001842391657946232
38.3000000000002 0.0018564705010808687
38.400000000000205 0.0018674489896227677
38.500000000000206 0.0018818647818657646
38.60000000000021 0.0018948162007885435
38.70000000000021 0.0019130819919801322
38.80000000000021 0.0019261327218698646
38.90000000000021 0.0019405578066472307
39.00000000000021 0.001955215860182229
39.100000000000215 0.0019749675750632785
39.200000000000216 0.001990611368861128
39.30000000000022 0.002003130573896542
39.40000000000022 0.002022480531466261
39.50000000000022 0.002036457802742268
39.60000000000022 0.0021114603172940004
39.70000000000022 0.002084962906161572
39.800000000000225 0.002096627535616635
39.900000000000226 0.002117330470399105
40.00000000000023 0.0021381122837430436
40.10000000000023 0.0021471646003851912
40.20000000000023 0.002157562763911382
40.30000000000023 0.002160242463978182
40.40000000000023 0.002172307153560661
40.500000000000234 0.002178015997650867
40.600000000000236 0.0022540584640864014
40.70000000000024 0.0022103784127501533
40.80000000000024 0.002225074897529542
40.90000000000024 0.002234392758493414
41.00000000000024 0.002242199146616942
41.10000000000024 0.0022454831767904876
41.200000000000244 0.0023198259802402624
41.300000000000246 0.0022841860332736327
41.40000000000025 0.0022922193521517356
41.50000000000025 0.0022913766252779804
41.60000000000025 0.002287889738801618
41.70000000000025 0.002356526760325482
41.80000000000025 0.0023085830179837893
41.900000000000254 0.0023040065658282123
42.000000000000256 0.002300493730770121
42.10000000000026 0.0023593301008633053
42.20000000000026 0.002316237511966533
42.30000000000026 0.0023120722168406206
42.40000000000026 0.0023030110672174154
42.50000000000026 0.0023675426466126044
42.600000000000264 0.0023268378062182224
42.700000000000266 0.0023113137499014723
42.80000000000027 0.0023667528518922076
42.90000000000027 0.0023313605256601853
43.00000000000027 0.00232987430381631
43.10000000000027 0.002312131116947424
43.20000000000027 0.0023915920937055786
43.300000000000274 0.0023381647445965483
43.400000000000276 0.0023217692710792177
43.50000000000028 0.0024023526909999846
43.60000000000028 0.0023448197283044417
43.70000000000028 0.0023363147855351837
43.80000000000028 0.0024049376192859405
43.90000000000028 0.002354648747833626
44.000000000000284 0.0024054479817062465
44.100000000000286 0.0023675652026621183
44.20000000000029 0.002352792956418172
44.30000000000029 0.002421651097803115
44.40000000000029 0.0023649460932436846
44.50000000000029 0.0024181226203944736
44.60000000000029 0.0023801797765320132
44.700000000000294 0.0023634097446173456
44.800000000000296 0.0024429942793195154
44.9000000000003 0.0023763244622679947
45.0000000000003 0.0024531878667849697
45.1000000000003 0.002394226322659859
45.2000000000003 0.0024483852953203376
45.3000000000003 0.002402719641557004
45.400000000000304 0.002456027595631429
45.500000000000306 0.0024229478848543915
45.60000000000031 0.002461247482682239
45.70000000000031 0.0024265520206304936
45.80000000000031 0.0024672077036635796
45.90000000000031 0.002437031760419982
46.00000000000031 0.0024782738779369805
46.100000000000314 0.002441380937121384
46.200000000000315 0.0024937801970812677
46.30000000000032 0.002453316476537277
46.40000000000032 0.0025046979435955127
46.50000000000032 0.0024594911859974005
46.60000000000032 0.002524135683900378
46.70000000000032 0.002462616670199389
46.800000000000324 0.00253662445679008
46.900000000000325 0.0024645067487202676
47.00000000000033 0.002558496311577261
47.10000000000033 0.002546636804676349
47.20000000000033 0.0024994902229260106
47.30000000000033 0.002563583304737726
47.40000000000033 0.002499972538787643
47.500000000000334 0.002584759219044072
47.600000000000335 0.0025802321237528626
47.70000000000034 0.0025276172123989667
47.80000000000034 0.0025946566916959833
47.90000000000034 0.002524761571594698
48.00000000000034 0.002616131209283048
48.10000000000034 0.00260979333483512
48.200000000000344 0.0025468421155441677
48.300000000000345 0.002629703461481116
48.40000000000035 0.002628678342438846
48.50000000000035 0.002561315760339661
48.60000000000035 0.002644370533387682
48.70000000000035 0.0026418684423643994
48.80000000000035 0.002588431780422782
48.900000000000354 0.0026629379783974813
49.000000000000355 0.002669309505973542
49.10000000000036 0.002596452382239786
49.20000000000036 0.0026855435918629682
49.30000000000036 0.0026982139069798685
49.40000000000036 0.002693456578640674
49.50000000000036 0.0026389127511031846
49.600000000000364 0.002710307749964974
49.700000000000365 0.002704681364886793
49.80000000000037 0.0026845945949992202
49.90000000000037 0.002633234145469092
50.00000000000037 0.002693445087734076
50.10000000000037 0.002688404461596833
50.20000000000037 0.0026738810828836135
50.300000000000374 0.00262103830950683
50.400000000000375 0.002678986988835418
50.50000000000038 0.0026717668295658747
50.60000000000038 0.0026599386427304025
50.70000000000038 0.0025850782335417313
50.80000000000038 0.002657867278987438
50.90000000000038 0.00265700945530884
51.000000000000384 0.002652868757426318
51.100000000000385 0.002624794054556733
51.20000000000039 0.0025622578778679893
51.30000000000039 0.0026271473642904605
51.40000000000039 0.002632744413479017
51.50000000000039 0.0026218877354365782
51.60000000000039 0.0026127130524851187
