string
20190123an 23 2019_16.20.   full spectra  index number  Nphoton via eV
eV x-axis E [J] Nphoton Nphoton/sr Nphoton/sr @ 0.1bw
51.660080420516415 7.841639577149542e-10 94741612.90957125 5109435766657.062 1231374019764.3699
51.4457232403483 7.648972353558123e-10 92798891.60405514 5004664384597.891 1211128781072.662
51.233137607123716 7.747894488765835e-10 94389072.60075352 5090423191213.777 1236972835464.9443
51.02230164989275 7.69240694606179e-10 94100337.30602112 5074851634041.64 1238263798706.1714
50.813193856245654 7.728660944103695e-10 94932897.58383104 5119751790696.142 1254339188720.52
50.605793064995666 7.633591466876201e-10 94149420.95525461 5077498725908.136 1249064686573.3699
50.400078459040394 7.716822419353901e-10 95564428.87195142 5153810410263.502 1272991171335.0718
50.1960295583965 7.646549673476442e-10 95079113.24237375 5127637232926.437 1271654033765.7104
49.99362621340296 7.708132606319675e-10 96232886.68235512 5189860485199.823 1292275260814.7666
49.79284859808809 7.634954791341704e-10 95703643.53886154 5161318287494.1 1290329571873.531
49.59367720369574 7.820449440123536e-10 98422496.44052128 5307946615146.48 1332294600401.7378
49.39609283236627 7.59252949182373e-10 95936277.76196666 5173864301685.522 1303813804024.6775
49.20007659096798 7.68275183895861e-10 97463050.721476 5256203499080.522 1329819485267.3608
49.005609885074826 7.483008294285087e-10 95305815.75927888 5139863348913.842 1305525290624.1118
48.81267441308634 7.66663660242439e-10 98030507.30038103 5286806555659.785 1348135671693.2356
48.621252160486 7.553592243435001e-10 96965306.10068169 5229360023546.968 1338716166028.0066
48.4313253942341 7.371717180272838e-10 95001680.02040808 5123461242443.601 1316729539308.0408
48.24287665729156 7.497094206625643e-10 96994865.8390824 5230954186660.718 1349586180158.4045
48.05588876327104 7.468050858833538e-10 96995062.69673823 5230964803236.863 1354819884038.317
47.87034479121208 7.347324983553661e-10 95796947.1180177 5166350169788.025 1343251044144.8877
47.686228080476646 7.494652786736286e-10 98095146.6521337 5290292569942.589 1380766360755.0134
47.503522225762175 7.38281388430571e-10 97002981.46292827 5231391864017.829 1370624668372.6218
47.322211072228725 7.331285590489056e-10 96695014.82759516 5214783156469.121 1371487970151.4062
47.142278710737365 7.457125308180185e-10 98730160.87447976 5324539024909.401 1405678302576.0317
46.96370947319669 7.524415285745549e-10 99999847.82459341 5393013517966.223 1429148582261.007
46.78648792801481 7.475279582435123e-10 99723145.67734751 5378090911052.211 1430572182339.8877
46.61059887565385 7.364322072828915e-10 98613657.25032617 5318255959148.598 1419974341092.6401
46.436027344284355 7.429632739270168e-10 99862230.67349133 5385591795110.21 1443338601089.5627
46.26275858553703 7.461197993117686e-10 100662106.40669139 5428729267173.244 1460328172869.5522
46.09077807034915 7.502131297553009e-10 101592020.03968771 5478879711422.789 1479297522084.1716
45.92007148490342 7.385231128279172e-10 100380767.26929423 5413556586372.997 1467073834907.0083
45.75062472665653 7.280263033661249e-10 99320527.30663869 5356377614851.771 1456934711239.6685
45.58242390045559 7.375926113927466e-10 100996917.01480173 5446785676005.633 1486972489549.521
45.41545531473963 7.436414362947661e-10 102199526.40499894 5511642661683.682 1510190089301.3643
45.24970547782453 7.487227436139739e-10 103274771.73429967 5569630875887.972 1531648490869.1624
45.0851610942688 7.548650232921685e-10 104502011.93751511 5635816206663.093 1555485273039.0044
44.92180906131855 7.531970193953055e-10 104650264.42142606 5643811495327.993 1563335784205.7688
44.7596364654293 7.522224866427143e-10 104893538.48990138 5656931318691.719 1572626906596.287
44.59863057886301 7.587637074716242e-10 106187647.88774993 5726722919660.614 1597755694585.3413
44.43877885635813 7.63304404738451e-10 107207366.2864254 5781716554433.159 1618880635241.227
44.28006893187113 7.654705758547573e-10 107896954.87033604 5818906216575.331 1635112646857.6902
44.1224886153876 7.75206856033702e-10 109659580.49444547 5913964999410.778 1667738129833.7812
43.96602588980112 7.628886586303173e-10 108301113.56381828 5840702582717.572 1652918830909.081
43.81066890785836 7.834005800571586e-10 111607397.06372537 6019011170151.667 1709399172323.0273
43.65640598916871 7.996946238337127e-10 114331307.8931984 6165912272949.844 1757284997790.692
43.50322561727689 8.167787769955911e-10 117184982.59111595 6319811569364.199 1807466108838.1572
43.3511164367969 8.149241845407189e-10 117329142.0355105 6327586119518.775 1816017216301.8694
43.20006725060597 8.285734454038011e-10 119711414.55607995 6456062594097.479 1859346027100.0908
43.05006701709692 8.128561639985922e-10 117849799.06262037 6355665266102.607 1836787261903.631
42.90110484748759 8.318315678979575e-10 121019650.88060321 6526616063290.99 1892718658354.3088
42.7531700031859 8.396620793244212e-10 122581573.89762776 6610850910924.072 1923757615078.837
42.60625189320931 8.603363549772012e-10 126032897.0745735 6796981519650.468 1984718603737.9846
42.46034007165723 8.66312898817759e-10 127344527.83105098 6867718051296.705 2012241389029.8591
42.315424235235184 8.887103381451027e-10 131084248.25654663 7069401986291.178 2078404183969.6013
42.17149422082962 9.09133555546584e-10 134554328.50518462 7256544167968.877 2140680529550.8137
42.028540003131894 9.549488039290293e-10 141815846.07219008 7648159387909.026 2263855178820.9907
41.8865516923105 9.702988212985565e-10 144583878.3202275 7797439968395.679 2315839670613.5664
41.74551953173033 9.515768059729696e-10 142273151.7322695 7672821981505.936 2286500950488.705
41.60543389571781 9.688151483406466e-10 145338221.04882583 7838121835628.579 2343598428852.879
41.46628528737092 9.683880278355081e-10 145761643.0757582 7860957077528.71 2358287123258.643
41.32806433641302 9.81060401489264e-10 148162963.69583854 7990460820252.2 2405128706895.853
41.19076179708939 9.958734433592514e-10 150901411.51907474 8138145906282.16 2457720063697.2627
41.05436854610565 1.0240565154066113e-09 155687420.5416726 8396256412622.658 2544065693024.657
40.91887558060695 1.0681659022400045e-09 162931101.70384836 8786909711375.416 2671220552258.1274
40.78427401619706 1.0619471732158862e-09 162517132.92713395 8764584285313.24 2673198207020.373
40.650555084996405 1.102188123441664e-09 169230337.89027423 9126628887407.02 2792748439546.4214
40.51771013373824 1.1791158362149103e-09 181635424.79186904 9795637918992.7 3007260841130.833
40.38573062190196 1.2352651458481083e-09 190906720.98995617 10295640937127.854 3171057408635.2607
40.254608119882796 1.2363482107336863e-09 191696496.8162947 10338233719019.658 3194514219177.173
40.124334307197095 1.1731889726258484e-09 182494217.0151046 9841952770162.85 3051005358750.4077
39.99490097072226 1.1822922949431914e-09 184505453.93998677 9950419214459.326 3094580375696.8936
39.866300002970746 1.213793265094186e-09 190032450.05232048 10248491315527.38 3197529290444.509
39.73852340039712 1.2043836920303916e-09 189165579.65846732 10201740806860.857 3193144872547.332
39.6115632617377 1.2065261030972301e-09 190109454.219783 10252644167007.652 3219330268440.538
39.48541178638185 1.2286235267835438e-09 194209795.35191947 10473776455055.459 3299239583342.3877
39.36006127277429 1.209213479037517e-09 191750360.27276722 10341138586928.959 3267799793469.4946
39.235504116847785 1.2197699582749806e-09 194038393.69312894 10464532726360.186 3317256874256.2446
39.11173281048549 1.2618605164431315e-09 201369303.97694755 10859890310593.51 3453445118768.5054
38.98873994001226 1.3470663442122574e-09 215644686.1410972 11629764772007.031 3709894962270.044
38.86651818471441 1.4241231086219562e-09 228697212.86121565 12333690373660.82 3946780919571.771
38.745060315387185 1.4125130976634103e-09 227543857.9086407 12271489690504.178 3939148190651.9023
38.624359192909345 1.2793255657498946e-09 206732504.70635214 11149128891075.95 3590019502926.434
38.50440776684441 1.2694094169577382e-09 205769140.0921668 11097174428143.717 3584387340290.3677
38.3851990740678 1.2508221456355702e-09 203385852.10721636 10968643189350.338 3553840393349.27
38.266726237419434 1.2464150279112605e-09 203296706.08459014 10963835524983.293 3563246545619.565
38.14898246438122 1.284741831672205e-09 210194758.13985205 11335848970912.889 3695486764517.5396
38.03196104577882 1.2644061466169727e-09 207504181.9329416 11190745611551.398 3659373814977.169
37.91565535450732 1.2998254962898016e-09 213971267.52098614 11539516942277.277 3784961557066.944
37.800058844280166 1.271540920303955e-09 209955298.92615616 11322934883496.19 3725245576670.3237
37.6851650484009 1.3087404483929462e-09 216756474.282476 11689723748005.553 3857608836841.8506
37.57096757855726 1.3401462785965218e-09 222632621.32844415 12006625634776.922 3974193085111.2266
37.45746012363715 1.4966668905301044e-09 249388142.34627783 13449556695857.195 4465252823024.529
37.34463644856595 1.6628614912719153e-09 277918089.04253525 14988182919265.627 4991064912115.18
37.232490393164845 1.6827003458264858e-09 282080894.8735827 15212683942096.047 5081036436660.356
37.12101587102963 1.4597530751694897e-09 245441796.37553805 13236729400318.682 4434304349106.604
37.010206868429535 1.3905924181477944e-09 234513214.38770854 12647348599500.385 4249509129432.15
36.900057443225876 1.34245144393436e-09 227070396.84716022 12245955832599.977 4126887115585.8457
36.790561723809766 1.3611613426214425e-09 230920326.3529835 12453583367239.242 4209311178126.7246
36.681713908058846 1.3323312709908203e-09 226700029.576924 12225981845254.518 4144607845541.515
36.573508262312366 1.3641494917686748e-09 232800719.90380785 12554993399947.293 4268697755981.83
36.46593912036438 1.362286969737696e-09 233168658.9382116 12574836432006.775 4288019223314.4033
36.35900088247475 1.3443236870517786e-09 230770815.7288225 12445520226797.326 4256367917564.7515
36.25268801439734 1.368671617309316e-09 235639461.9908878 12708087377415.094 4358873970453.3643
36.14699504642534 1.3840319057250612e-09 238980726.5718273 12888282502148.842 4433569180739.035
36.04191657245317 1.4948884629692665e-09 258874866.51455876 13961177791226.236 4816606337973.19
35.937447249054756 1.681093654497396e-09 291966927.195183 15745839812922.572 5448060575271.1455
35.83358179457772 1.9884645237967584e-09 346351123.8264069 18678791352112.74 6481540599182.936
35.730314988253284 2.1923647297597816e-09 382970160.3608678 20653663947835.61 7187475053846.681
35.62764166932152 1.906924002753186e-09 334068313.40825796 18016376717843.64 6287715474527.026
35.525556736171595 1.5366895038657711e-09 269981625.04832876 14560167691875.637 5096058692156.671
35.42405514549682 1.4834976342122513e-09 261383132.05265042 14096449096611.666 4947853632910.635
35.32313191146407 1.45497537735886e-09 257090136.86971584 13864926933750.572 4880454280680.072
35.222782104897405 1.4220430830677015e-09 251986963.3390764 13589711676587.977 4797168221835.528
35.1230008524756 1.445944729622148e-09 256950255.1289131 13857383081080.027 4905513610702.187
35.02378333594318 1.4490987088729556e-09 258240222.21347448 13926951286193.436 4944067706598.639
34.92512479133489 1.4531317775365939e-09 259690467.64136106 14005163337182.553 4985838148036.947
34.82702050821316 1.4514422360457848e-09 260119200.09474728 14028284971535.02 5008097734838.247
34.72946582891845 1.4746040569770872e-09 265012461.3767811 14292179615527.26 5116600302358.493
34.63245614783208 1.4824694843979439e-09 267172309.3324114 14408660684997.459 5172709185913.998
34.53598691065149 1.515247500505152e-09 273842392.2521837 14768379705924.217 5316616694132.733
34.440053613677456 1.7018264834863983e-09 308418509.3272321 16633077211380.418 6004540873308.686
34.34465180311326 2.1412586368673205e-09 389133826.6762078 20986071811267.242 7596957995677.923
34.249777074375366 2.694429995712134e-09 491018811.0631372 26480751153582.75 9612512668750.76
34.15542507141566 2.7956704564737573e-09 510875713.5241746 27551638217182.605 10028796311054.406
34.061591486054624 2.080813677565987e-09 381291595.6626795 20563138588997.17 7505545584983.846
33.968272057325706 1.7057811721177744e-09 313428753.9797598 16903280793957.816 6186600770588.517
33.87546257083028 1.563619040526542e-09 288094316.67658 15536989086336.691 5702074994685.506
33.78315885810322 1.5156242599506646e-09 280014336.67630684 15101234009560.932 5557254115518.426
33.69135679598881 1.508005676083955e-09 279365936.02542585 15066265621595.053 5559452014368.687
33.60005230602678 1.5142654627781541e-09 281287892.0499356 15169917127538.328 5612869337189.165
33.50924135384833 1.5028954515656693e-09 279932388.25951076 15096814513639.975 5600918184560.041
33.41891994858189 1.5696530380380719e-09 293156973.7139382 15810019280214.492 5881327172240.038
33.3290841422685 1.5955408123763052e-09 298795128.5411137 16114086194922.996 6010554150706.413
33.23973002928655 1.6580876671463673e-09 311342906.9783627 16790790612025.984 6279755688897.171
33.150853745785774 1.6955571650388266e-09 319232202.1852952 17216262016470.957 6456098256176.549
33.062451469130345 1.6255881250408582e-09 306877071.4692982 16549947132827.457 6222780121943.04
32.97451941735074 1.7249712531152741e-09 326506898.8588154 17608587988488.582 6638437671660.146
32.88705384860445 2.1001829868399103e-09 398585174.9659705 21495785077822.45 8125406759416.87
32.80005106064518 2.779025564282737e-09 528818934.6839852 28519320032463.504 10808822292303.67
32.71350739030047 3.817395774635382e-09 728331433.3470463 39279072429091.52 14926047523055.064
32.62741921295758 4.037326981133076e-09 772325147.3942698 41651662985213.02 15869283597365.81
32.541782942057424 3.0396933244373e-09 583011874.864282 31441957069705.055 12010827600627.084
32.45659502859654 2.1667490087242324e-09 416672294.98463756 22471227389823.242 8606480090302.015
32.371851960636754 1.7893038927177652e-09 344989228.9133729 18605344063583.61 7144452120416.389
32.2875502628226 1.6885893520401765e-09 326420876.00229746 17603948757148.26 6777520271502.041
32.203686495906176 1.7106661986411917e-09 331549714.97366625 17880548157105.16 6901891588642.327
32.12025725627947 1.7350348596475542e-09 337146119.0390407 18182363444159.453 7036574652889.343
32.03725917551389 1.766766027728687e-09 344201421.9024315 18562857460333.895 7202388694609.46
31.954688919906893 1.8029391005487155e-09 352156280.547124 18991864715220.8 7387835374220.943
31.872543190035667 1.854447959874242e-09 363150717.92493916 19584797111527.99 7638070873495.938
31.790818720317628 1.8909667634246292e-09 371254013.8631857 20021809621903.996 7828527562164.361
31.709512278577684 1.8770299275558996e-09 369462708.537302 19925204136521.25 7810680021516.444
31.62862066562213 1.8123639118605533e-09 357646622.5153085 19287960050331.844 7580168299780.433
31.54814071481902 1.8496074507516977e-09 365927266.78323823 19734536994656.27 7775407575894.631
31.468069291684962 1.962611939905907e-09 389272131.9944319 20993530647125.65 8292444605614.429
31.388403293478163 2.3553794911907544e-09 468360908.8622124 25258805565498.645 10002487003937.27
31.30913964879766 3.0927228717272303e-09 616536577.511059 33249951566626.7 13200230771950.926
31.2302753171886 4.319198339154719e-09 863209695.0806198 46553086386441.33 18528128381803.785
31.151807288753453 6.0953659911537634e-09 1221252638.1261063 65862420089065.586 26279105615535.62
31.073732583769104 5.937813505229198e-09 1192674967.2888098 64321220092362.93 25728488036945.06
30.99604825230968 4.102216474539647e-09 826040271.8895406 44548531318756.52 17863961058821.42
30.918751373874994 2.7256820904875217e-09 550227419.0203089 29673884243675.906 11928901465957.645
30.841839057024558 2.113615904557448e-09 427734988.3028672 23067840843825.46 9296339860061.494
30.76530843901705 2.0003403329911022e-09 405818268.10259223 21885867362056.848 8841890414270.967
30.689156685455128 2.021628059637167e-09 411154717.07326424 22173663214379.07 8980333601823.555
30.613380989935486 2.0991581828833256e-09 427979379.43455774 23081020910651.066 9370894489724.135
30.537978573704116 2.253772919657587e-09 460637027.5652654 24842254969155.062 10110797772446.258
30.462946685316638 2.1772790881216147e-09 446098913.834271 24058211337263.65 9815750225603.256
30.388282600303604 2.2986802731511714e-09 472129771.64855295 25462061154344.605 10413983012126.846
30.31398362084076 2.3303671360208937e-09 479811121.54044914 25876318022773.926 10609290389337.672
30.240047075424076 2.2023128747077456e-09 454554047.9220841 24514198555481.98 10075335606302.91
30.166470318549564 2.103227771966358e-09 435161820.3955389 23468371512049.08 9668969062963.361
30.093250730397738 2.066424754762948e-09 428587467.08360255 23113815209669.992 9546005681594.055
30.020385716522686 2.1635248579465156e-09 449815686.1935659 24258657678062.49 10043084278717.4
29.947872707545574 2.360222609711368e-09 491899026.09682995 26528221341574.92 11009211856753.56
29.875709158852693 2.756341663921073e-09 575842615.2794976 31055317342788.97 12919012014600.496
29.80389255029776 3.4949478927920958e-09 731908331.6398526 39471975331097.25 16459813713067.69
29.732420385908558 4.517763140367289e-09 948379522.2391808 51146313668093.27 21379159113262.965
29.66129019359777 6.593855217191207e-09 1387517099.5421543 74829098613886.3 31353392319217.613
29.590499524877966 8.4158536704222e-09 1775149170.4213395 95734180408766.38 40208355771682.086
29.520045954580638 8.093356597518855e-09 1711199409.41608 92285355904782.92 38852134835912.875
29.449927080579258 6.356009981368439e-09 1347067386.284707 72647636790285.19 30657302725500.81
29.380140523516275 3.654868325714714e-09 776438105.7568277 41873475723238.53 17712480230929.496
29.310683926533965 2.5436850307377557e-09 541659490.4145969 29211813992602.883 12385809132863.074
29.241554955009118 2.327495058837841e-09 496795072.35807514 26792266180101.062 11386713126542.756
29.172751296291448 2.3901099102528136e-09 511363184.5460991 27577927635297.195 11748197172636.398
29.104270659445692 2.3196925598525237e-09 497465175.5315718 26828404989826.438 11455728930656.176
29.036110774997343 2.484739114757522e-09 534110759.69972056 28804709305201.52 12328415582626.258
28.96826939468193 2.6081386305610182e-09 561949250.0865475 30306045139624.73 13001293364898.785
28.90074429119782 2.500438712345104e-09 540002986.2848608 29122478365013.69 12522665696956.229
28.83353325796248 2.5659636374573777e-09 555445699.2802815 29955307231758.17 12910737416887.152
28.766634108872076 2.3031997148984302e-09 499725514.1540855 26950305542793.08 11642531994487.107
28.700044678064504 2.370576553064617e-09 515537648.87555665 27803057403479.656 12038723855706.303
28.6337628196856 2.1036141108145118e-09 458539366.8072906 24729127668764.48 10732441408244.049
28.567786407658676 2.3761306341447186e-09 519137854.83352506 27997217292931.12 12178789522424.666
28.50211333545716 2.7075214106593755e-09 592903223.9026229 31975399672220.453 13941274257087.467
28.43674151588042 3.0443703147906213e-09 668200233.4604464 36036183755812.875 15747812301289.584
28.371668880832637 3.2280516675089402e-09 710140970.8178492 38298056833046.875 16774548892875.219
28.30689338110471 3.869625586769972e-09 853229203.7368819 46014836320029.86 20200513144492.98
28.24241298615914 4.290915613221175e-09 948281218.5008763 51141012126130.2 22502045335496.703
28.17822568391787 5.264381857646743e-09 1166064880.4887297 62886132330241.43 27732784357635.9
28.114329480552975 7.429715938997793e-09 1649428348.1073663 88954029148752.77 39317680883749.88
28.050722400280232 1.1502907488054275e-08 2559484781.2537446 138033570296449.47 61148871641326.69
27.987402485155446 1.340119138755275e-08 2988613755.4128194 161176589100341.12 71562405560551.66
27.924367794873564 1.0891597202031855e-08 2434429471.630214 131289310280412.86 58423743074782.56
27.861616406570477 6.6342496800131924e-09 1486190491.3757033 80150576072085.33 35747156928150.15
27.799146414627494 3.7898178831937374e-09 850894770.8375411 45888939846617.09 20512356111437.395
27.736955930478437 2.960942402158582e-09 666285155.7825586 35932903200597.234 16097940633868.102
27.675043082419336 2.8773816411520505e-09 648930426.5856464 34996958884724.258 15713634539239.496
27.613406015420622 2.8401870974296692e-09 641971792.9294081 34621678259892.76 15579755216952.361
27.552042890941912 2.7072667689478794e-09 613290477.4165921 33074888683322.727 14916774796178.7
27.490951886749137 3.124028045020057e-09 709274132.2060653 38251308038394.25 17289591233354.133
27.430131196734205 3.197875620757083e-09 727650208.5900227 39242333829950.4 17776777224966.766
27.369579030736997 2.659474661894612e-09 606480321.9506532 32707615519550.695 14849257445876.281
27.309293614369736 2.4086930534083374e-09 550503352.6366112 29688765403549.17 13508388258614.95
27.24927318884365 2.358839520128977e-09 540296864.5384917 29138327283076.523 13287077241082.64
27.189516010797938 2.400558835959275e-09 551061224.0648009 29718851530867.996 13581515149606.668
27.130020352130984 2.450453238200219e-09 563748338.1034518 30403070347225.0 13924606219029.432
27.070784499833756 3.1787010466684045e-09 732888349.907358 39524827929171.016 18141896019488.43
27.0118067558254 3.2752955323797235e-09 756808207.9862849 40814831071913.4 18774822293080.844
26.953085436791 3.926402896038674e-09 909233331.860915 49035151116554.41 22605204664729.61
26.894618874021383 4.4239451090169845e-09 1026675764.6675977 55368847031974.72 25580407328772.887
26.836405413255104 4.501889682382354e-09 1047030853.048261 56466601370449.99 26144036434518.23
26.77844341452237 4.166799527260336e-09 971194585.3914473 52376734980426.17 24302805030917.383
26.720731251991072 4.846775935885089e-09 1132122909.3074558 61055634450603.54 28390870019529.984
26.663267313814746 5.197786199571002e-09 1216729449.650516 65618483551922.49 30578213335197.027
26.606050001982528 7.0613599691593154e-09 1656520913.2593439 89336532728245.84 41720160784089.31
26.549077732171 1.2860023485116094e-08 3023300371.940585 163047245865288.16 76306111064954.28
26.492348933597984 2.0620970141456104e-08 4858224744.830826 262005115929256.9 122880399370823.72
26.43586204887816 1.900641317975985e-08 4487409097.616519 242006947515961.3 113743265332499.75
26.379615533880546 1.5498690228121103e-08 3667038851.8201327 197764201936211.5 93146939111955.34
26.323607857587806 8.894974526153115e-09 2109056775.3987246 113741890086019.42 53686172120601.52
26.267837501957324 5.731712255579862e-09 1361911959.4651067 73448207846860.78 34741002311566.324
26.212302961784054 4.483252754289015e-09 1067522457.1717818 57571718032595.37 27288994347447.066
26.157002744565094 3.733403901990536e-09 890852850.4518979 48043887761039.805 22820846686494.293
26.10193537036601 3.4219131521287563e-09 818248556.5135373 44128322415792.61 21005081469916.684
26.04709937168877 3.2504175639643995e-09 778876792.9965652 42004994655877.96 20036382450854.13
25.992493293341415 3.6498829963268598e-09 876435533.3087618 47266358715374.44 22593319465949.402
25.93811569230932 3.4558585283495807e-09 831584732.6985807 44847545294712.13 21481974196166.277
25.88396513762809 3.498088684048325e-09 843507569.4700285 45490546472011.016 21835462306565.344
25.83004021025803 2.8706056138360228e-09 693645259.2761394 37408439525939.0 17993459411977.26
25.776339502960198 2.47544377890345e-09 599405603.8969972 32326074437947.34 15581167879090.332
25.722861620173973 2.8021488766579735e-09 679924826.0910425 36668493583527.45 17710882400843.94
25.66960517789618 3.759200782144813e-09 914040224.582832 49294387885336.14 23858483736502.633
25.616568803561684 3.937376513531182e-09 959345324.4131582 51737701761636.55 25092785354394.203
25.563751135925475 3.609989088897985e-09 881394392.3390907 47533791060183.22 23101422455246.6
25.5111508249462 4.637837774412694e-09 1134682816.4525924 61193690799075.945 29801327419150.086
25.458766531671156 5.292632672039383e-09 1297547812.5163279 69977035418918.74 34148793284432.38
25.40659692812265 4.922793926963061e-09 1209355915.7908964 65220827268986.33 31892984534534.41
25.354640697185793 5.178904570031732e-09 1274880336.8939412 68754573534135.39 33689741031726.207
25.30289653249766 5.4583010120799885e-09 1346406555.595016 72611998047625.88 35652491041385.086
25.251363138337787 4.712290298971344e-09 1164759293.9794743 62815721766160.984 30905335108950.676
25.200039229520026 5.011244221157786e-09 1241175877.6040623 66936884722399.46 32999884168143.605
25.148923531285707 6.0485051415522405e-09 1501127664.3326092 80956141054725.05 39992333681031.97
25.09801477919808 6.93143842287507e-09 1723744817.9459975 92961932512268.67 46016156593572.664
25.047311719038085 1.1680172720647267e-08 2910563770.42285 156967336453614.12 77855798880997.4
24.996813106701318 2.292674040428449e-08 5724619759.427619 308729987289210.4 153438803682735.12
24.946517708096284 2.795381676626725e-08 6993911911.402061 377183188796614.1 187837228020704.06
24.89642429904388 2.913140972669607e-08 7303205136.014503 393863439593356.2 196537856357081.97
24.84653166517806 1.6827391305896223e-08 4227075402.3567095 227967094773575.78 113983547386789.06
24.796838601847703 1.4057219167882676e-08 3538279005.8488355 190820155470136.0 95600897890535.1
24.747343914019662 9.147610010169426e-09 2307108515.4365835 124422863452643.12 62460277453225.28
24.69804641618297 5.725270900459348e-09 1446846350.6410267 78028738014820.88 39248455221456.914
24.648944932254178 3.778035882934262e-09 956658024.4364934 51592775090083.96 26002758645401.445
24.60003829548383 3.97181424552684e-09 1007725204.1516874 54346839186376.71 27445153789119.57
24.55132534836406 3.904271266223192e-09 992553711.9630818 53528637316666.01 27085490482232.844
24.502804942537253 3.333514250739968e-09 849132548.0812094 45793902790528.42 23217508714798.266
24.45447593870582 2.3950409250456384e-09 611284738.6769011 32966718757348.082 16747093128733.48
24.406337206543014 2.6748835830439142e-09 684055364.075393 36891254394375.375 18777648486735.816
24.358387624604813 2.5273506724067046e-09 647598661.4931935 34925136503964.72 17811819617022.71
24.310626080242844 2.8022496591253715e-09 719448408.6794153 38800008978945.164 19826804588239.53
24.263051469518295 2.340133167000576e-09 601982861.8911994 32465066521479.293 16622114058997.979
24.215662697116894 2.5778208746789013e-09 664424062.6635408 35832534044369.49 18382089964760.8
24.168458676264812 4.090166859056544e-09 1056284837.7200212 56965670774209.44 29280354777943.84
24.12143832864562 4.323369344876931e-09 1118685768.1701307 60330966509873.016 31070447752583.414
24.07460058431815 4.773543119275323e-09 1237572738.729645 66742566660126.734 34439164396625.79
