string
integrated and resized binned spectra ROIsize spatial in px50:1600
converted file:an 23 2019_15.23.30_29 binning:0.1
nm muJ
23.8 5.55935529761622e-05
23.900000000000002 0.0006347274191959273
24.000000000000004 0.0005007913279556696
24.100000000000005 0.00046544314182505393
24.200000000000006 0.0004893725634543821
24.300000000000008 0.0006890999555797746
24.40000000000001 0.000903126487254766
24.50000000000001 0.0009577765422524181
24.600000000000012 0.0006838060014702695
24.700000000000014 0.0004927567342918888
24.800000000000015 0.0004646476444056149
24.900000000000016 0.0004846081046323904
25.000000000000018 0.0005809099256455044
25.10000000000002 0.0009586432952589635
25.20000000000002 0.0011409144753916317
25.300000000000022 0.0009601228912972248
25.400000000000023 0.000626987110218063
25.500000000000025 0.0004906683230397148
25.600000000000026 0.00045406677090739086
25.700000000000028 0.00047512447752060677
25.80000000000003 0.0005808520130245532
25.90000000000003 0.0010858487654356991
26.000000000000032 0.0013830323588961998
26.100000000000033 0.0012018624619002942
26.200000000000035 0.0006645306287472435
26.300000000000036 0.0004996331517818716
26.400000000000038 0.0004696968972854213
26.50000000000004 0.0004490090084919969
26.60000000000004 0.0004749398911269374
26.700000000000042 0.0008765598474614822
26.800000000000043 0.001548167510430385
26.900000000000045 0.001775992145843965
27.000000000000046 0.0012605938163739775
27.100000000000048 0.0006108457276971842
27.20000000000005 0.0004890884141920843
27.30000000000005 0.00047183377422291235
27.400000000000052 0.00045198221864988473
27.500000000000053 0.00046415032510695235
27.600000000000055 0.0008836972981588158
27.700000000000056 0.0018901348107773041
27.800000000000058 0.002430397418093715
27.90000000000006 0.001893949568781774
28.00000000000006 0.0009680641214917255
28.100000000000062 0.0005506356751054363
28.200000000000063 0.0004967852273074166
28.300000000000065 0.0004924854802258017
28.400000000000066 0.0004902265143170336
28.500000000000068 0.0005738617564604559
28.60000000000007 0.0014698960965668418
28.70000000000007 0.0031281235652521285
28.80000000000007 0.003692043123754908
28.900000000000073 0.0026861350263227336
29.000000000000075 0.0013267878715540592
29.100000000000076 0.0006720170974102752
29.200000000000077 0.0005719292556171295
29.30000000000008 0.0005664446620975019
29.40000000000008 0.0005828926418095117
29.50000000000008 0.0005947249845051153
29.600000000000083 0.0011097272088414112
29.700000000000085 0.003462965493380137
29.800000000000086 0.005820268595819386
29.900000000000087 0.005461654641840001
30.00000000000009 0.0033871977682161554
30.10000000000009 0.0015738223338256593
30.20000000000009 0.0008510910858977491
30.300000000000093 0.000736150594940848
30.400000000000095 0.0007124290329527746
30.500000000000096 0.0007475520791085903
30.600000000000097 0.0007827572823305919
30.7000000000001 0.0011415834631810474
30.8000000000001 0.0034891226603648738
30.9000000000001 0.008640596327575287
31.000000000000103 0.00958384877867142
31.100000000000104 0.0070368971136247965
31.200000000000106 0.003427466467295013
31.300000000000107 0.001510392713029096
31.40000000000011 0.0010013026802050712
31.50000000000011 0.0008537347522654665
31.60000000000011 0.0008607144336008521
31.700000000000113 0.0009226448587434701
31.800000000000114 0.0009714390081848318
31.900000000000116 0.001236175302499786
32.000000000000114 0.0036946020726099345
32.100000000000115 0.010592794661132318
32.20000000000012 0.014235744328644986
32.30000000000012 0.011166852537975768
32.40000000000012 0.0059522765482782096
32.50000000000012 0.002969964923362868
32.60000000000012 0.0013431534150113785
32.700000000000124 0.0010673128058611883
32.800000000000125 0.0009706820622333921
32.90000000000013 0.001024271827357956
33.00000000000013 0.0010558640948609972
33.10000000000013 0.0011630205582151313
33.20000000000013 0.001307800525868293
33.30000000000013 0.0038164317760980243
33.400000000000134 0.012138474304670866
33.500000000000135 0.01958434519683098
33.600000000000136 0.01795460349019367
33.70000000000014 0.01142260667665686
33.80000000000014 0.004844199434634299
33.90000000000014 0.0024232776611229187
34.00000000000014 0.0014069077472944767
34.10000000000014 0.0011290857738225492
34.200000000000145 0.0011439673184831958
34.300000000000146 0.0011563718355681238
34.40000000000015 0.0012859013094291794
34.50000000000015 0.0013889972809465858
34.60000000000015 0.0015039394317862428
34.70000000000015 0.0033806604495993154
34.80000000000015 0.01095174867202494
34.900000000000155 0.02350164275142243
35.000000000000156 0.029036957014273442
35.10000000000016 0.02225376977699156
35.20000000000016 0.011019716390264509
35.30000000000016 0.005326209351664234
35.40000000000016 0.002439337977585934
35.50000000000016 0.0016874063364073872
35.600000000000165 0.0014267384935944946
35.700000000000166 0.0014770952268531418
35.80000000000017 0.0014316595494541257
35.90000000000017 0.001440726109974944
36.00000000000017 0.001708529351387392
36.10000000000017 0.0018711904102693949
36.20000000000017 0.002747281437186607
36.300000000000175 0.0073986314362685475
36.400000000000176 0.019670306277100497
36.50000000000018 0.03682346712906664
36.60000000000018 0.04064376614483079
36.70000000000018 0.029573184781338666
36.80000000000018 0.015746612334877785
36.90000000000018 0.006924598081642977
37.000000000000185 0.0030540345737393843
37.100000000000186 0.002458088139777972
37.20000000000019 0.002165244893407614
37.30000000000019 0.002034660546036377
37.40000000000019 0.002102184643816747
37.50000000000019 0.0018758913127583366
37.60000000000019 0.0023967507635994233
37.700000000000195 0.0029937828339293322
37.800000000000196 0.0035139290453987952
37.9000000000002 0.005204163910614709
38.0000000000002 0.00849828560764729
38.1000000000002 0.022518135374214664
38.2000000000002 0.048765608989434286
38.3000000000002 0.0628367585762436
38.400000000000205 0.05215909339846289
38.500000000000206 0.0310139429012493
38.60000000000021 0.015792778070654958
38.70000000000021 0.007200866730382995
38.80000000000021 0.004546038598673851
38.90000000000021 0.003773800235867823
39.00000000000021 0.003283902315509199
39.100000000000215 0.002937886958166796
39.200000000000216 0.0029238567692980643
39.30000000000022 0.002928738672574816
39.40000000000022 0.003981817211770891
39.50000000000022 0.00553399495618412
39.60000000000022 0.006678425105344328
39.70000000000022 0.0075529605716692285
39.800000000000225 0.0076420379091563274
39.900000000000226 0.012464925849005696
40.00000000000023 0.044418673131244306
40.10000000000023 0.08651481564356611
40.20000000000023 0.10119773219974977
40.30000000000023 0.08261804802488655
40.40000000000023 0.05254546228950038
40.500000000000234 0.026704580728548505
40.600000000000236 0.015022476325579022
40.70000000000024 0.007296460049206801
40.80000000000024 0.005542983578908555
40.90000000000024 0.005309038025622305
41.00000000000024 0.005210084878088531
41.10000000000024 0.005195414360114207
41.200000000000244 0.004771321532308837
41.300000000000246 0.005376921233302953
41.40000000000025 0.0066805316761124785
41.50000000000025 0.008925353955110304
41.60000000000025 0.012477329913437418
41.70000000000025 0.015110665063118383
41.80000000000025 0.013143572870083838
41.900000000000254 0.011923207192985712
42.000000000000256 0.037751895438713594
42.10000000000026 0.08866025091813234
42.20000000000026 0.14182421296037548
42.30000000000026 0.16492745422865326
42.40000000000026 0.1386085775447768
42.50000000000026 0.08545091337690551
42.600000000000264 0.03840134990858346
42.700000000000266 0.02259896389686209
42.80000000000027 0.01402185535135074
42.90000000000027 0.008736027054961576
43.00000000000027 0.0068830358469349085
43.10000000000027 0.007494482442198761
43.20000000000027 0.008166936022335312
43.300000000000274 0.006800481440890369
43.400000000000276 0.007405996835936239
43.50000000000028 0.007762762067097523
43.60000000000028 0.00845889917953342
43.70000000000028 0.012742013016451236
43.80000000000028 0.017314730628109593
43.90000000000028 0.021567587600981045
44.000000000000284 0.020649434617093804
44.100000000000286 0.015181689318099486
44.20000000000029 0.01868536936257567
44.30000000000029 0.050728911285269455
44.40000000000029 0.11818142066869841
44.50000000000029 0.19926550390887524
44.60000000000029 0.23732127232268413
44.700000000000294 0.2156967344849665
44.800000000000296 0.15318922708072824
44.9000000000003 0.0706387617890847
45.0000000000003 0.04501926540804751
45.1000000000003 0.02346944949300069
45.2000000000003 0.018576126094201888
45.3000000000003 0.011739746249252225
45.400000000000304 0.009509412737727383
45.500000000000306 0.010142600897915114
45.60000000000031 0.011078241338380998
45.70000000000031 0.011869539152907154
45.80000000000031 0.012433421967088297
45.90000000000031 0.010227498400504773
46.00000000000031 0.012782102708041464
46.100000000000314 0.015600714050370624
46.200000000000315 0.015943198713914804
46.30000000000032 0.02069926749712556
46.40000000000032 0.026228995719752315
46.50000000000032 0.023718306872221793
46.60000000000032 0.0194038965111714
46.70000000000032 0.01756222421411517
46.800000000000324 0.034401786217416463
46.900000000000325 0.06814259738557173
47.00000000000033 0.15442862545827601
47.10000000000033 0.2266305234903861
47.20000000000033 0.2864319710260874
47.30000000000033 0.23359347347575088
47.40000000000033 0.1499767443825512
47.500000000000334 0.09766895019872561
47.600000000000335 0.05459405383953882
47.70000000000034 0.030648147226874794
47.80000000000034 0.02370052065239356
47.90000000000034 0.017215642873643612
48.00000000000034 0.016167991841554465
48.10000000000034 0.01288920754506382
48.200000000000344 0.01661123974575882
48.300000000000345 0.01637553331529326
48.40000000000035 0.01590098238555463
48.50000000000035 0.017149743470817103
48.60000000000035 0.013958237517717728
48.70000000000035 0.014018250479783933
48.80000000000035 0.01602450663143224
48.900000000000354 0.018717367735532835
49.000000000000355 0.021739645368481112
49.10000000000036 0.02135828425560782
49.20000000000036 0.023777599419394772
49.30000000000036 0.02705639252404494
49.40000000000036 0.019699447715033225
49.50000000000036 0.019670671387749982
49.600000000000364 0.02782955080055392
49.700000000000365 0.03231149658571158
49.80000000000037 0.08523489624356598
49.90000000000037 0.1409545739333095
50.00000000000037 0.24804452869218357
50.10000000000037 0.24915072434326568
50.20000000000037 0.22080678571323106
50.300000000000374 0.12672161240929355
50.400000000000375 0.1004996692944681
50.50000000000038 0.05674085106644567
50.60000000000038 0.037636605081888555
50.70000000000038 0.02298577707811437
50.80000000000038 0.020021299686998124
50.90000000000038 0.022572946242412673
51.000000000000384 0.01512170233255845
51.100000000000385 0.016379709481387603
51.20000000000039 0.015771782208518555
51.30000000000039 0.015037100652402137
51.40000000000039 0.015039395169847359
51.50000000000039 0.016142382268238588
51.60000000000039 0.014761432517685606
