string
20190123an 23 2019_16.14.   full spectra  index number  Nphoton via eV
eV x-axis E [J] Nphoton Nphoton/sr Nphoton/sr @ 0.1bw
51.660080420516415 6.413266799538469e-10 77484209.09043412 4178740229551.2593 1007076395321.8683
51.4457232403483 6.595006688212345e-10 80011965.33319193 4315062672873.6553 1044245166835.4009
51.233137607123716 6.902312414384383e-10 84087731.00086291 4534869600783.864 1101973312990.4758
51.02230164989275 6.644022625673203e-10 81275571.42108358 4383209223709.787 1069503050585.1979
50.813193856245654 6.374984082458288e-10 78305377.26723257 4223026007723.2993 1034641371892.1797
50.605793064995666 6.207836836020539e-10 76564778.98144667 4129155164029.0396 1015772170351.1182
50.400078459040394 6.232757922373325e-10 77185908.75628924 4162652827725.6187 1028175248448.2172
50.1960295583965 6.219095189403488e-10 77329786.7702942 4170412200278.144 1034262225668.9424
49.99362621340296 6.516026649871062e-10 81349930.81231411 4387219441833.2925 1092417641016.4987
49.79284859808809 7.170959912367097e-10 89887499.01478383 4847652349763.72 1211913087440.9358
49.59367720369574 7.321490234309801e-10 92142958.2842856 4969289758162.394 1247291729298.734
49.39609283236627 6.577006484872042e-10 83104520.2596085 4481844831907.261 1129424897640.5654
49.20007659096798 6.374894125657837e-10 80871625.49783048 4361424332312.227 1103440356074.984
49.005609885074826 6.051044551764398e-10 77067900.30449148 4156288606283.0425 1055697305995.8895
48.81267441308634 6.172653007754321e-10 78927479.8218593 4256576133644.9727 1085426914079.4603
48.621252160486 6.220350163720508e-10 79850505.32781975 4306355099707.04 1102426905524.9883
48.4313253942341 6.509350987827075e-10 83888090.73426595 4524102957834.804 1162694460163.576
48.24287665729156 7.5363396320569e-10 97502609.86224519 5258336932136.356 1356650928491.1191
48.05588876327104 7.729488050006234e-10 100390609.57080111 5414087383831.485 1402248632412.3228
47.87034479121208 6.593369395302736e-10 85966615.15656497 4636198231485.057 1205411540186.1157
47.686228080476646 6.256119060334611e-10 81884369.31765851 4416041826532.314 1152586916724.9321
47.503522225762175 5.987456721027968e-10 78669347.815285 4242655018451.7095 1111575614834.3079
47.322211072228725 5.93555793837258e-10 78286250.85968044 4221994516408.836 1110384557815.546
47.142278710737365 6.098823523452062e-10 80746642.00090095 4354683945170.379 1149636561524.939
46.96370947319669 6.423833581340393e-10 85373063.04737039 4604187837288.072 1220109776881.3035
46.78648792801481 7.32438250921754e-10 97710119.85686572 5269527991227.412 1401694445666.4912
46.61059887565385 8.619907485612506e-10 115426863.99498817 6224995851526.946 1662073892357.653
46.436027344284355 8.116878732100767e-10 109099553.73829514 5883762634786.792 1576848386122.8894
46.26275858553703 6.822296651125584e-10 92042424.2952784 4963867938294.408 1335280475401.1497
46.09077807034915 6.273643791836423e-10 84956143.86674294 4581703295301.896 1237059889731.5276
45.92007148490342 6.019837056579229e-10 81822200.56210412 4412689052039.216 1195838733102.5674
45.75062472665653 5.870259315398467e-10 80084640.88953029 4318982081415.616 1174763126145.0366
45.58242390045559 6.071182615257217e-10 83131354.26031871 4483291995395.2 1223938714742.876
45.41545531473963 6.479869284469931e-10 89053613.70646195 4802680733925.848 1315934521095.7131
45.24970547782453 7.639357201193743e-10 105373167.55490871 5682797818366.11 1562769400050.65
45.0851610942688 9.644408732875489e-10 133515275.63665374 7200507821036.651 1987340158606.104
44.92180906131855 9.72804331727029e-10 135162816.53275058 7289360059488.431 2019152736478.185
44.7596364654293 7.646961652533779e-10 106632928.5117258 5750737000448.043 1598704886124.5452
44.59863057886301 6.445156704503908e-10 90198835.8140899 4864442810987.652 1357179544265.5803
44.43877885635813 6.299245255849254e-10 88473941.62532851 4771418892657.611 1335997289944.0837
44.28006893187113 6.264142312789302e-10 88296258.76470444 4761836417382.875 1338076033284.606
44.1224886153876 6.371359061981164e-10 90128274.34100544 4860637415414.855 1370699751146.9414
43.96602588980112 6.484761423642055e-10 92058896.8561993 4964756307083.506 1405026034904.639
43.81066890785836 7.433858401753221e-10 105906685.22347124 5711570542137.435 1622086033966.9878
43.65640598916871 9.580153674037646e-10 136966220.19536188 7386618010799.239 2105186133077.767
43.50322561727689 1.256703642979662e-09 180301935.6923847 9723722562159.416 2780984652777.5874
43.3511164367969 1.2095083822327858e-09 174139611.34569848 9391387071388.82 2695328089488.563
43.20006725060597 9.319588540810128e-10 134648428.99440274 7261619027795.57 2091346280005.1436
43.05006701709692 7.050042237427584e-10 102213171.02114838 5512378518796.89 1593077391932.2815
42.90110484748759 6.809825444840318e-10 99073265.51395325 5343042732655.069 1549482392469.906
42.7531700031859 6.852512589912028e-10 100039265.68895072 5395139331954.472 1569985545598.6958
42.60625189320931 7.098744628641856e-10 103991345.4737141 5608275853328.939 1637616549172.0898
42.46034007165723 7.305140439378984e-10 107382639.83622482 5791169095051.703 1696812544850.0854
42.315424235235184 8.132409685447924e-10 119952560.96111098 6469067672109.421 1901905895600.165
42.17149422082962 1.0697177294139423e-09 158321238.8248588 8538298804827.1455 2518798147424.002
42.028540003131894 1.561311220268639e-09 231864442.12862346 12504499736126.947 3701331921893.444
41.8865516923105 1.884883019250912e-09 280865740.65762216 15147150411239.24 4498703672138.15
41.74551953173033 1.4892684388937136e-09 222665068.38631815 12008375511657.13 3578495902473.7256
41.60543389571781 1.062221927255496e-09 159350775.5641397 8593821944841.556 2569552761507.5522
41.46628528737092 8.424282158980921e-10 126802188.16536567 6838469555303.986 2051540866591.2222
41.32806433641302 8.210811566347e-10 124002372.75618492 6687474902032.04 2012929945511.5945
41.19076179708939 8.323964480979187e-10 126130282.71718627 6802233548513.429 2054274531651.0977
41.05436854610565 8.692032735942012e-10 132145065.78138143 7126612105866.205 2159363468077.4531
40.91887558060695 9.205154351133516e-10 140409456.68074396 7572312502492.788 2301983000757.808
40.78427401619706 1.0047956231412262e-09 153770835.28188655 8292894553187.719 2529332838722.098
40.650555084996405 1.2986409094278227e-09 199393765.20802733 10753349075603.422 3290524817134.498
40.51771013373824 2.0435922635221654e-09 314802615.2186895 16977373429042.16 5212053642716.072
40.38573062190196 2.881234389780591e-09 445286594.22253734 24014402764127.887 7396436051351.114
40.254608119882796 2.695849494070374e-09 417993005.10217535 22542453573383.938 6965618154175.852
40.124334307197095 1.6364542764709585e-09 254556980.02100974 13728313234576.113 4255777102718.4893
39.99490097072226 1.1854002056580942e-09 184990466.38547993 9976576041012.848 3102715148755.039
39.866300002970746 1.0834247397272494e-09 169621848.84234866 9147743158107.44 2854095865329.4907
39.73852340039712 1.023433884982487e-09 160744840.18332592 8669004152612.283 2713398299767.546
39.6115632617377 1.0262545138121302e-09 161704487.79398707 8720758156736.945 2738318061215.516
39.48541178638185 1.0753663012652344e-09 169984266.7377685 9167288433942.064 2887695856691.6787
39.36006127277429 1.0750509594006732e-09 170475612.74353558 9193786830777.113 2905236638525.5176
39.235504116847785 1.2181420411275029e-09 193779428.11833417 10450566656651.701 3312829630158.6553
39.11173281048549 1.5640999333182157e-09 249601054.01385984 13461039068344.566 4280610423733.286
38.98873994001226 2.5957783661132478e-09 415544351.9596531 22410397177442.25 7148916699603.694
38.86651818471441 4.062813796839829e-09 652439515.9983412 35186204839094.21 11259585548511.027
38.745060315387185 4.18557647331206e-09 674260805.0038897 36363031695798.98 11672533174351.652
38.624359192909345 2.4089728176344065e-09 389277755.16403604 20993833905884.023 6760014517694.615
38.50440776684441 1.5406411678322758e-09 249735352.56670728 13468281818475.746 4350255027367.602
38.3851990740678 1.1973701343748045e-09 194694462.2920869 10499914648431.703 3401972346091.6426
38.266726237419434 1.1229958303161912e-09 183166399.74455208 9878203730792.434 3210416212507.536
38.14898246438122 1.1361304881661673e-09 185880670.56598365 10024584945862.66 3268014692351.1724
38.03196104577882 1.1307282159054978e-09 185566033.55475596 10007616503492.828 3272490596642.0312
37.91565535450732 1.1632883077343709e-09 191495146.39369 10327374846985.572 3387378949811.2646
37.800058844280166 1.1766428431498362e-09 194285843.1986538 10477877731951.098 3447221773811.983
37.6851650484009 1.3879872874261572e-09 229881510.22674012 12397559787870.014 4091194729997.1235
37.57096757855726 1.812738832064119e-09 301142348.72102463 16240672289154.93 5375662527710.37
37.45746012363715 3.226389138948037e-09 537610071.3789883 28993427944283.555 9625818077502.012
37.34463644856595 5.56879139832255e-09 930725662.8539197 50194237196177.16 16714680986326.074
37.232490393164845 6.504305448183916e-09 1090354741.9512033 58803068111022.1 19640224749082.45
37.12101587102963 3.904463545233884e-09 656493596.5719664 35404842285171.484 11860622165532.033
37.010206868429535 2.1552845912715544e-09 363472942.05200505 19602174728703.26 6586330708844.328
36.900057443225876 1.4036968819180682e-09 237429822.48663145 12804641907903.125 4315164322962.991
36.790561723809766 1.3234317542007956e-09 224519520.95361754 12108386541488.05 4092634651022.826
36.681713908058846 1.2180687939705607e-09 207257937.74584222 11177465609045.025 3789160841466.477
36.573508262312366 1.267211251280414e-09 216257597.3882424 11662819208719.432 3965358530964.375
36.46593912036438 1.2825457733400547e-09 219520177.9358963 11838770886444.125 4037020872277.534
36.35900088247475 1.2481023845480755e-09 214253165.49090472 11554719761036.809 3951714158274.65
36.25268801439734 1.3391614428849352e-09 230558797.25241032 12434086024303.787 4264891506336.186
36.14699504642534 1.5430684065248077e-09 266441551.97285274 14369250781840.748 4943022268953.032
36.04191657245317 2.0424863867345803e-09 353704242.0365435 19075346614637.023 6580994582049.963
35.937447249054756 3.9590852677937576e-09 687601167.8760709 37082480363665.38 12830538205828.07
35.83358179457772 7.2321687008977894e-09 1259700501.2064967 67935921697719.69 23573764829108.06
35.730314988253284 1.0197690716409953e-08 1781369311.3928037 96069633962671.8 33432232619009.266
35.62764166932152 7.913340565308668e-09 1386314468.8834138 74764240481191.08 26092719927934.008
35.525556736171595 3.5821817264469964e-09 629355013.6781995 33941252613902.637 11879438414866.385
35.42405514549682 2.072784018164906e-09 365211757.8362813 19695949441703.86 6913278254037.971
35.32313191146407 1.5732415012608781e-09 277987434.8268904 14991922752481.146 5277156808873.225
35.222782104897405 1.4108134210837554e-09 249997059.899193 13482395751772.145 4759285700375.54
35.1230008524756 1.4065303409958837e-09 249946158.0802553 13479650605618.508 4771796314388.8125
35.02378333594318 1.490693840211e-09 265652785.54954258 14326712437273.553 5085982915232.079
34.92512479133489 1.484299439756575e-09 265260468.17559758 14305554676066.459 5092777464679.617
34.82702050821316 1.448782811977406e-09 259642593.2796776 14002581462456.346 4998921582097.16
34.72946582891845 1.5725703791663708e-09 282618744.2651078 15241690276627.8 5456525119032.469
34.63245614783208 1.759295181133167e-09 317062146.1605468 17099230423615.531 6138623722077.87
34.53598691065149 2.104483974012947e-09 380331876.9428508 20511380749939.656 7384097069978.298
34.440053613677456 4.178892551380711e-09 757332092.2207953 40843084262493.445 14744353418761.006
34.34465180311326 7.536651551990022e-09 1369645874.746695 73865299578175.94 26739238447296.81
34.249777074375366 1.36950014174553e-08 2495705334.415119 134593930872473.05 48857596906708.84
34.15542507141566 1.5669825995125046e-08 2863475384.776386 154427849585833.78 56211737249243.15
34.061591486054624 9.746303902292016e-09 1785928171.649321 96315494286709.92 35155155414648.547
33.968272057325706 4.880826592496268e-09 896827460.8038403 48366099795293.34 17701992525077.24
33.87546257083028 2.40115086261319e-09 442408220.33542204 23859171435074.242 8756315916672.154
33.78315885810322 1.8180810030460656e-09 335893769.6789771 18114823971100.594 6666255221365.021
33.69135679598881 1.6420716732794017e-09 304202362.9631205 16405699522013.715 6053703123623.183
33.60005230602678 1.6694279074037246e-09 310110656.6489296 16724335084055.504 6188003981100.519
33.50924135384833 1.8570117802803882e-09 345890821.70578414 18653967158747.754 6920621815894.936
33.41891994858189 1.8412611833208535e-09 343883994.2577131 18545738518493.65 6899014728879.927
33.3290841422685 1.7935964214487962e-09 335884779.09224385 18114339106804.883 6756648486838.373
33.23973002928655 1.882260723775446e-09 353436393.6498134 19060901492951.094 7128777158363.087
33.150853745785774 2.219000506227201e-09 417783860.5854219 22531174364159.16 8449190386559.606
33.062451469130345 2.485393616346677e-09 469190382.6584526 25303539267531.555 9514130764591.736
32.97451941735074 3.3567671467110063e-09 635377331.2363267 34266037508150.02 12918296140572.463
32.88705384860445 6.622455542597127e-09 1256848863.9755113 67782132282339.62 25621646002724.33
32.80005106064518 1.1812461332484327e-08 2247785446.1379824 121223557437540.16 45943728268827.73
32.71350739030047 2.1521512866345327e-08 4106148599.496307 221445486024185.28 84149284689192.02
32.62741921295758 2.4823079419993652e-08 4748559767.741623 256090859890318.47 97570617618209.17
32.541782942057424 1.8839324840710768e-08 3613374417.8265977 194870067352439.03 74440365728630.19
32.45659502859654 9.926208743668427e-09 1908839538.436496 102944130999814.19 39427602172927.516
32.371851960636754 4.350750829553164e-09 838852572.7745214 45239501488932.71 17371968571750.85
32.2875502628226 2.6729499777378085e-09 516707435.2265236 27866144235521.27 10728465530675.627
32.203686495906176 2.3415459889662473e-09 453822555.12860936 24474748990214.402 9447253110222.396
32.12025725627947 2.281194275406153e-09 443273973.6903563 23905861701589.195 9251568478514.54
32.03725917551389 2.808502400542093e-09 547152540.014444 29508055350877.715 11449125476140.408
31.954688919906893 2.936171555261969e-09 573503150.2920034 30929149487768.87 12031439150742.176
31.872543190035667 2.7649513596249575e-09 541451738.1999933 29200609870535.51 11388237849508.885
31.790818720317628 2.3100805787112965e-09 453538742.0774957 24459442890709.97 9563642170267.475
31.709512278577684 2.510993715162954e-09 494248133.9827329 26654909240201.105 10448724422158.986
31.62862066562213 3.0078625739470115e-09 593562850.993869 32010973504554.14 12580312587289.807
31.54814071481902 3.518681050591586e-09 696137625.852268 37542853396851.734 14791884238359.7
31.468069291684962 4.159891294719838e-09 825089117.3312154 44497235346789.44 17576407961981.398
31.388403293478163 7.697559471585675e-09 1530639102.3682487 82547699319293.56 32688888930439.613
31.30913964879766 1.2350141293447866e-08 2462009743.727181 132776720346366.47 52712357977507.99
31.2302753171886 2.452301615158887e-08 4901026448.072975 264313421083698.56 105196741591312.8
31.151807288753453 3.533522906485148e-08 7079680166.354023 381808689419171.5 152341667078240.44
31.073732583769104 3.992820332697076e-08 8020017562.855003 432521289499066.4 173008515799625.78
30.99604825230968 3.239410872742519e-08 6523019579.02515 351787863011020.6 141066933067419.72
30.918751373874994 1.5283320294233036e-08 3085210087.0107136 166386050248793.72 66887192200014.69
30.841839057024558 6.224761077210552e-09 1259712372.9092522 67936561941228.4 27378434462314.55
30.76530843901705 4.231837470136731e-09 858532383.0643286 46300837933265.17 18705538525039.13
30.689156685455128 3.4528632462584737e-09 702236499.1129327 37871766956768.56 15338065617491.32
30.613380989935486 3.6365330432383575e-09 741421569.7650075 39985026329920.61 16233920689947.424
30.537978573704116 4.604543481243292e-09 941098903.0861079 50753668295466.72 20656742996255.254
30.462946685316638 5.078653177842608e-09 1040556389.2735139 56117432132512.34 22895912310064.31
30.388282600303604 4.778872573115096e-09 981540600.942018 52934697846721.6 21650291419308.934
30.31398362084076 3.247116792765426e-09 668565362.953881 36055875268717.53 14782908860174.691
30.240047075424076 3.2010058703366856e-09 660682772.4135163 35630765448397.14 14644244599290.957
30.166470318549564 3.842644051251179e-09 795050352.0173653 42877238207546.125 17665422141507.434
30.093250730397738 4.290852930304993e-09 889945682.652565 47994964004541.23 19821920133876.25
30.020385716522686 4.946914507228255e-09 1028506668.382727 55467588067092.164 22963581459775.082
29.947872707545574 5.239980181839934e-09 1092075441.3622713 58895865804079.83 24441784308693.06
29.875709158852693 9.963867227311975e-09 2081606731.6962707 112261503265673.8 46700785358521.33
29.80389255029776 1.415018163458345e-08 2963316235.394569 159812288349916.44 66641724241915.7
29.732420385908558 2.5189714700670346e-08 5287884479.756243 285176758776584.2 119203885168612.06
29.66129019359777 3.881773497401764e-08 8168251996.422802 440515604705040.1 184576038371407.44
29.590499524877966 5.0292743849020206e-08 10608207558.975101 572102938269414.2 240283234073155.25
29.520045954580638 6.216190234742299e-08 13143052490.446312 708807676114128.9 298408031644042.6
29.449927080579258 4.6429639766946326e-08 9840112534.489017 530679406731626.25 223946709640749.62
29.380140523516275 1.9235188781841854e-08 4086312340.3297234 220375712257940.03 93218926285106.52
29.310683926533965 9.488847649179455e-09 2020582076.8562658 108970430372656.55 46203462478004.33
29.241554955009118 5.373688573251491e-09 1146993628.8119233 61857615584116.36 26289486623249.0
29.172751296291448 5.077063709330854e-09 1086236015.929594 58580944321890.94 24955482281125.098
29.104270659445692 5.3274698163583605e-09 1142492222.1168623 61614853743129.266 26309542548316.855
29.036110774997343 5.0055386003843615e-09 1075972929.5839846 58027453845635.3 24835750245931.92
28.96826939468193 6.147250295593838e-09 1324485843.361863 71429809274656.88 30643388178827.273
28.90074429119782 5.6532479836478055e-09 1220894068.8314488 65843082369106.17 28312525418716.426
28.83353325796248 4.219741493685573e-09 913433546.1841226 49261669587493.95 21231779592208.875
28.766634108872076 3.836887971452641e-09 832490036.3103566 44896368515170.78 19395231198554.605
28.700044678064504 4.076161086882501e-09 886457136.5361674 47806825954603.57 20700355638342.68
28.6337628196856 4.692971509599758e-09 1022959569.1499308 55168431800370.195 23943099401361.254
28.567786407658676 5.552323042888114e-09 1213073486.9571702 65421316689619.08 28458272759983.434
28.50211333545716 6.408074729499465e-09 1403264310.734992 75678349134569.16 32995760222670.613
28.43674151588042 6.338850911046789e-09 1391296465.4970808 75032920640895.89 32789386320070.164
28.371668880832637 1.083057293425207e-08 2382624062.513394 128495433312111.4 56280999790707.1
28.30689338110471 1.3804708792072185e-08 3043855387.650313 164155782328053.72 72064388442015.12
28.24241298615914 1.955374334646044e-08 4321326550.841945 233050079687275.9 102542035062398.72
28.17822568391787 3.647998903763728e-08 8080347362.26711 435774888687901.0 192176725911360.38
28.114329480552975 4.6261084777052144e-08 10270156392.514889 553871765421211.06 244811320316182.5
28.050722400280232 7.14464311469033e-08 15897376675.01005 857348977759594.0 379805597147497.5
27.987402485155446 8.622026265776911e-08 19228071260.414326 1036974060337815.4 460416482789991.25
27.924367794873564 6.369453069945682e-08 14236648660.444984 767785555143945.4 341664572039048.94
27.861616406570477 3.519103960037738e-08 7883421782.160405 425154649371020.6 189618973619475.7
27.799146414627494 1.4554022243446114e-08 3267687736.79579 176227109544641.94 78773517966453.22
27.736955930478437 7.660791251489486e-09 1723867201.4339848 92968532680363.4 41649902640804.2
27.675043082419336 6.103629405232676e-09 1376539968.4945831 74237099551728.94 33332457698722.7
27.613406015420622 5.558949288558259e-09 1256497730.311154 67763195567537.67 30493438005393.164
27.552042890941912 5.731944956070288e-09 1298485726.9903026 70027617350260.42 31582455424967.766
27.490951886749137 6.356002793905814e-09 1443056304.5466926 77824340005572.78 35176601682518.758
27.430131196734205 7.017384772326248e-09 1596747997.3879573 86112966389744.22 39009173774552.445
27.369579030736997 6.268453309965967e-09 1429490431.3367164 77092729516197.38 35000099200354.234
27.309293614369736 6.3038148295912055e-09 1440727864.0920477 77698766706004.31 35352938851232.16
27.24927318884365 4.521131381479748e-09 1035574098.5069311 55848736109076.88 25467023665738.57
27.189516010797938 5.113548299931746e-09 1173842583.3453202 63305585534989.22 28930652589490.06
27.130020352130984 5.268103929963625e-09 1211973682.735747 65362004009027.25 29935797836135.3
27.070784499833756 6.670818826326696e-09 1538038755.573329 82946764224204.81 38072564778907.77
27.0118067558254 7.105738948658691e-09 1641892008.5191464 88547592717503.94 40731892650053.29
26.953085436791 9.571668061891804e-09 2216501941.8055334 119536431252606.52 55106294807446.8
26.894618874021383 6.938888480549791e-09 1610324825.7288203 86845167691708.33 40122467473570.14
26.836405413255104 1.6379425384288836e-08 3809458903.372506 205444946256929.34 95121010116957.86
26.77844341452237 1.7408626197625526e-08 4057589858.0256495 218826702547374.06 101535589981980.05
26.720731251991072 1.8547655493830122e-08 4332411065.887823 233647869991790.94 108646259546180.25
26.663267313814746 3.8833395440177365e-08 9090357711.497948 490244966244839.94 228454154270104.0
26.606050001982528 4.735300246016511e-08 11108517229.468395 599084747490487.8 279772577078047.72
26.549077732171 6.696330211172364e-08 15742597703.266657 849001714188021.4 397332802239991.06
26.492348933597984 1.0560590313937676e-07 24880362481.127148 1341803353820892.5 629305772942010.0
26.43586204887816 1.1300848635271215e-07 26681273577.019024 1438926880467016.8 676295633819485.6
26.379615533880546 8.487410754120391e-08 20081480775.8685 1082998620907931.1 510092350447634.06
26.323607857587806 4.711852378343865e-08 11172110897.008387 602514367796528.6 284386781599963.4
26.267837501957324 1.7861479480577256e-08 4244065548.590208 228883377051026.88 108261837345139.38
26.212302961784054 1.2090379013670385e-08 2878880986.681822 155258677043433.06 73592612918578.81
26.157002744565094 5.701223672792102e-09 1360407685.1322575 73367082005289.36 34849363952513.035
26.10193537036601 6.153308868991547e-09 1471380445.9654596 79351867105655.33 37771488742290.86
26.04709937168877 6.932634569177127e-09 1661222927.208175 89590113362010.33 42734484073679.66
25.992493293341415 7.171619039877118e-09 1722099520.5127082 92873201264253.48 44393390204314.0
25.93811569230932 8.278916867010091e-09 1992159347.2098107 107437586388036.66 51462603879867.56
25.88396513762809 7.191226093086863e-09 1734047987.6768472 93517584694198.36 44888440653215.32
25.83004021025803 7.750323234316912e-09 1872766827.8184912 100998721879454.11 48580385224019.055
25.776339502960198 6.5934592361455725e-09 1596544607.0291128 86101997503505.55 41501162796688.914
25.722861620173973 5.379705537007184e-09 1305353681.2908938 70398007617741.94 34002237679369.703
25.66960517789618 6.065687301959439e-09 1474856626.4579635 79539338274809.98 38497039725007.94
25.616568803561684 6.214148678077648e-09 1514082907.4980938 81654820133142.75 39602587764574.99
25.563751135925475 8.039918708260279e-09 1962980798.505956 105863980917450.89 51449894725875.695
25.5111508249462 9.90119399948447e-09 2422403550.973975 130640749766812.4 63622045136437.85
25.458766531671156 1.1797860879503182e-08 2892376918.096727 155986515556605.56 76121419591623.6
25.40659692812265 1.165850919418405e-08 2864082322.452015 154460581866536.56 75531224532736.61
25.354640697185793 1.2616299788059812e-08 3105728693.521398 167492623155545.03 82071385346216.73
25.30289653249766 1.3163964382764039e-08 3247173049.516138 175120748002871.62 85984287269411.84
25.251363138337787 1.9401213725290306e-08 4795490635.614477 258621851790347.56 127241951080848.83
25.200039229520026 1.8338336450719787e-08 4542005903.827619 244951365135983.22 120761023012042.19
25.148923531285707 3.524005731519666e-08 8745933696.09547 471670104268690.5 233005031508720.28
25.09801477919808 5.047629730219789e-08 12552698386.04081 676969751010179.8 335100026750036.6
25.047311719038085 5.839781352120706e-08 14552058806.996464 784795692869750.0 389258663663420.0
24.996813106701318 8.994492613833858e-08 22458513175.103058 1211192494604636.2 601962669818494.8
24.946517708096284 1.3658898614033082e-07 34173914250.09163 1843006619728443.8 917817296624717.2
24.89642429904388 1.4390416979456325e-07 36076581318.83863 1945617868096945.8 970863316180362.2
24.84653166517806 1.0972995809244165e-07 27564391789.692734 1486553637532342.8 743276818766179.0
24.796838601847703 6.542919301483962e-08 16468886004.351048 888170600050321.1 444973470625196.75
24.747343914019662 3.704246898572093e-08 9342439777.684559 503839806838656.4 252927583032999.16
24.69804641618297 1.7722262240319833e-08 4478633569.19107 241533681361509.16 121491441724845.34
24.648944932254178 1.01394149199426e-08 2567459110.1873274 138463627588246.11 69785668304473.7
24.60003829548383 6.9179928012054475e-09 1755227026.4819345 94659774858064.56 47803186303321.44
24.55132534836406 5.76490397372012e-09 1465568462.859856 79038425594127.31 39993443350628.19
24.502804942537253 7.623559096558238e-09 1941918250.2883322 104728073116273.97 53097133069951.72
24.45447593870582 7.393974574444521e-09 1887159325.0277522 101774912380693.52 51701655489394.33
24.406337206543014 6.026872456321862e-09 1541268733.5176353 83120957636448.11 42308567436949.27
24.358387624604813 6.595737015836357e-09 1690066404.1801705 91145648341303.2 46484280654066.48
24.310626080242844 6.91432925090658e-09 1775182007.9453225 95735951343568.67 48921071136560.016
24.263051469518295 5.1461901334437886e-09 1323821356.8578436 71393973373136.64 36553714367047.234
24.215662697116894 5.1925106003435365e-09 1338350939.1177137 72177556900936.86 37027086690179.1
24.168458676264812 5.413456976420958e-09 1398024266.7073255 75395752421767.02 38753416744788.49
24.12143832864562 5.169832658489503e-09 1337710881.8441675 72143038473123.23 37153664813657.05
24.07460058431815 6.995873174789707e-09 1813726556.6471136 97814667228789.69 50472368290056.055
