string
integrated and resized binned spectra ROIsize spatial in px50:1600
converted file:an 23 2019_16.41.45_53 binning:0.1
nm muJ
23.8 4.404289373744359e-05
23.900000000000002 0.0008550196799607287
24.000000000000004 0.0008044622657475412
24.100000000000005 0.0007772060281327487
24.200000000000006 0.0007881194997580134
24.300000000000008 0.0007833861033182848
24.40000000000001 0.0007867187065492847
24.50000000000001 0.0007781442958500058
24.600000000000012 0.0007872374988362684
24.700000000000014 0.0007787416849797992
24.800000000000015 0.0007901886089701659
24.900000000000016 0.0007802308469486553
25.000000000000018 0.0007987964028983072
25.10000000000002 0.000775250798563281
25.20000000000002 0.0007853612426528439
25.300000000000022 0.0007700044976785262
25.400000000000023 0.0007852912442377858
25.500000000000025 0.0007767602947768444
25.600000000000026 0.0007555046936178985
25.700000000000028 0.000764589317374277
25.80000000000003 0.0007655528694243546
25.90000000000003 0.0007589911859525941
26.000000000000032 0.0007747658161474294
26.100000000000033 0.0007630434355977334
26.200000000000035 0.0007603819161544057
26.300000000000036 0.0007656132934929987
26.400000000000038 0.0007667071726702882
26.50000000000004 0.0007677650224859775
26.60000000000004 0.0007532850556323382
26.700000000000042 0.0007626203108714421
26.800000000000043 0.0007715223353838311
26.900000000000045 0.0007809695958644682
27.000000000000046 0.0007607032795483289
27.100000000000048 0.000750827170774217
27.20000000000005 0.0007621119080716696
27.30000000000005 0.0007659138399316884
27.400000000000052 0.0007738410536537747
27.500000000000053 0.0007642727644494163
27.600000000000055 0.0007657287513706785
27.700000000000056 0.0007730751555668859
27.800000000000058 0.0007815944321578893
27.90000000000006 0.0007860646338215858
28.00000000000006 0.0007911400699857119
28.100000000000062 0.0008014549632500262
28.200000000000063 0.000787232631125305
28.300000000000065 0.0008067282283213144
28.400000000000066 0.0008080811638605946
28.500000000000068 0.0008169694081659893
28.60000000000007 0.0008220707494547349
28.70000000000007 0.0008483564042966753
28.80000000000007 0.0008488481569174114
28.900000000000073 0.000860205306282902
29.000000000000075 0.0008751833341318275
29.100000000000076 0.0008867409387605269
29.200000000000077 0.0008961034196276948
29.30000000000008 0.0009163081110923055
29.40000000000008 0.0009302643500735711
29.50000000000008 0.000943563815839896
29.600000000000083 0.0009541730617918085
29.700000000000085 0.0009686524512261236
29.800000000000086 0.00100526620728899
29.900000000000087 0.001001384990933598
30.00000000000009 0.0010193577566976406
30.10000000000009 0.001033353437501815
30.20000000000009 0.001064533261496643
30.300000000000093 0.0011075123623886236
30.400000000000095 0.0011028871229661161
30.500000000000096 0.0011327797225200848
30.600000000000097 0.0011426747867527873
30.7000000000001 0.0011771022174697132
30.8000000000001 0.0012166342842228066
30.9000000000001 0.0012205827232529413
31.000000000000103 0.001228084588325979
31.100000000000104 0.0012692260353738213
31.200000000000106 0.0012492602793457768
31.300000000000107 0.0012504364826833203
31.40000000000011 0.001278078756049264
31.50000000000011 0.0012564248374763048
31.60000000000011 0.0012582391111637316
31.700000000000113 0.001285870833788821
31.800000000000114 0.0012664162114350945
31.900000000000116 0.0012666735850518681
32.000000000000114 0.0012991502288116211
32.100000000000115 0.001280911232418147
32.20000000000012 0.0013034466589011728
32.30000000000012 0.0012942125031631287
32.40000000000012 0.0012974046545204288
32.50000000000012 0.001329252680131444
32.60000000000012 0.0013155397015623942
32.700000000000124 0.0013557045047665368
32.800000000000125 0.0013261348075528571
32.90000000000013 0.0013525818873795445
33.00000000000013 0.0013408116002060991
33.10000000000013 0.0013699535669211272
33.20000000000013 0.0013581951012533403
33.30000000000013 0.001390700931610886
33.400000000000134 0.0013769460404367746
33.500000000000135 0.001401928041032083
33.600000000000136 0.0013761819972353097
33.70000000000014 0.00141608396841021
33.80000000000014 0.0013812874424855438
33.90000000000014 0.0014169932501836497
34.00000000000014 0.0014218732140845187
34.10000000000014 0.0014011758502841878
34.200000000000145 0.0014341916805210972
34.300000000000146 0.001440842587121744
34.40000000000015 0.0015080357049051091
34.50000000000015 0.0015137859617914437
34.60000000000015 0.001486159373107821
34.70000000000015 0.001542231885536846
34.80000000000015 0.0015374875757579543
34.900000000000155 0.0014825375657055826
35.000000000000156 0.0015088638870664848
35.10000000000016 0.0015115760949603156
35.20000000000016 0.001489915327012993
35.30000000000016 0.0015248610542506521
35.40000000000016 0.0015366864157632554
35.50000000000016 0.0015226410267782475
35.600000000000165 0.0015190193821873238
35.700000000000166 0.001551575235378813
35.80000000000017 0.001563632917629005
35.90000000000017 0.0015618281625626167
36.00000000000017 0.0015424568355099284
36.10000000000017 0.0015705053713151128
36.20000000000017 0.001574695563461782
36.300000000000175 0.0015922331951944227
36.400000000000176 0.0015576177431349714
36.50000000000018 0.0015898167234326536
36.60000000000018 0.0015859555527731836
36.70000000000018 0.0015849589369925211
36.80000000000018 0.0015930227549881342
36.90000000000018 0.0016183159119880551
37.000000000000185 0.0016179999852347787
37.100000000000186 0.0016585006856411322
37.20000000000019 0.0016754391701095592
37.30000000000019 0.001722830065772901
37.40000000000019 0.0017926999058759008
37.50000000000019 0.0017239383153003942
37.60000000000019 0.0017395835801003073
37.700000000000195 0.0017331031680493723
37.800000000000196 0.0017482795029402924
37.9000000000002 0.0017648208135142972
38.0000000000002 0.0017463129392171607
38.1000000000002 0.0017680866799111912
38.2000000000002 0.001764341689441884
38.3000000000002 0.0017477634066830876
38.400000000000205 0.0017711241826606704
38.500000000000206 0.0018529798492761809
38.60000000000021 0.0019072812748564254
38.70000000000021 0.0019522209602047269
38.80000000000021 0.0019439127370761704
38.90000000000021 0.0018932068184575328
39.00000000000021 0.001903847712424941
39.100000000000215 0.001902136946573952
39.200000000000216 0.0019467266143667616
39.30000000000022 0.0019757947568342935
39.40000000000022 0.002027895036397007
39.50000000000022 0.002043708238171773
39.60000000000022 0.002077665581637681
39.70000000000022 0.0020855879276975345
39.800000000000225 0.002073959286682482
39.900000000000226 0.0021222718400733987
40.00000000000023 0.002114106301259334
40.10000000000023 0.0020762982685462905
40.20000000000023 0.002115881060552689
40.30000000000023 0.0021695274527359807
40.40000000000023 0.002278248646607076
40.500000000000234 0.002396390049850489
40.600000000000236 0.002409454629703295
40.70000000000024 0.0023647132798005396
40.80000000000024 0.002177954717481867
40.90000000000024 0.002196652297657007
41.00000000000024 0.002167723819132217
41.10000000000024 0.002188136336943736
41.200000000000244 0.0022901624867990343
41.300000000000246 0.0023145064719943646
41.40000000000025 0.0022777659811965816
41.50000000000025 0.0023657642891371225
41.60000000000025 0.0023237900597803856
41.70000000000025 0.002383200056366821
41.80000000000025 0.0024207568295994035
41.900000000000254 0.002481787620614713
42.000000000000256 0.002452661892941811
42.10000000000026 0.0023837159239332925
42.20000000000026 0.0024098432697076833
42.30000000000026 0.0024601376321860746
42.40000000000026 0.0025331017279804097
42.50000000000026 0.002683618894058059
42.600000000000264 0.0025142271551344664
42.700000000000266 0.0025480313094065196
42.80000000000027 0.0024135244838724987
42.90000000000027 0.0025084524380002294
43.00000000000027 0.002296296040306833
43.10000000000027 0.002358850540196983
43.20000000000027 0.0023651565930779554
43.300000000000274 0.002365712663539653
43.400000000000276 0.00232961780821946
43.50000000000028 0.0023899352765639503
43.60000000000028 0.0024064656457145864
43.70000000000028 0.0024531741160117877
43.80000000000028 0.0026392453188010716
43.90000000000028 0.002455540819794019
44.000000000000284 0.0026444754478704936
44.100000000000286 0.002661222387458008
44.20000000000029 0.0029138781042710575
44.30000000000029 0.0028349420290999477
44.40000000000029 0.002592836808833776
44.50000000000029 0.0026913957210462462
44.60000000000029 0.003201127977330045
44.700000000000294 0.0030032689757853765
44.800000000000296 0.0030868323209484135
44.9000000000003 0.0026035223088102986
45.0000000000003 0.0027805404381586966
45.1000000000003 0.0025987006287880128
45.2000000000003 0.003023544707006706
45.3000000000003 0.0024276355264995584
45.400000000000304 0.0027683173457167237
45.500000000000306 0.0024706700855998786
45.60000000000031 0.002520518576938503
45.70000000000031 0.0025491984870001155
45.80000000000031 0.0025142790344288056
45.90000000000031 0.002397873887055752
46.00000000000031 0.0024933275707574266
46.100000000000314 0.0025994602846148903
46.200000000000315 0.002870156022575647
46.30000000000032 0.002859860293848451
46.40000000000032 0.0029495683513758608
46.50000000000032 0.0028599789150320805
46.60000000000032 0.0030483408556122465
46.70000000000032 0.003392979072333554
46.800000000000324 0.0034742278541860985
46.900000000000325 0.002956032844180661
47.00000000000033 0.0029311728981391053
47.10000000000033 0.003398492399994651
47.20000000000033 0.0037419340914612706
47.30000000000033 0.003945907327624042
47.40000000000033 0.0034067999456542683
47.500000000000334 0.0035118277148687323
47.600000000000335 0.003425323853508927
47.70000000000034 0.0034032911226821788
47.80000000000034 0.003343659709225981
47.90000000000034 0.002729144716649204
48.00000000000034 0.003153480816940752
48.10000000000034 0.002479802449246123
48.200000000000344 0.0026315784683944863
48.300000000000345 0.0028425308590376984
48.40000000000035 0.002750825887798216
48.50000000000035 0.002699384626191429
48.60000000000035 0.002981745171655277
48.70000000000035 0.0026768531015858112
48.80000000000035 0.002817821548115007
48.900000000000354 0.0029724766042534432
49.000000000000355 0.0031712011449173466
49.10000000000036 0.003128565902395612
49.20000000000036 0.003205434456216409
49.30000000000036 0.00320549923588019
49.40000000000036 0.00358002961239819
49.50000000000036 0.00390911819284601
49.600000000000364 0.004152220914535211
49.700000000000365 0.0038952972028935304
49.80000000000037 0.002988565960669453
49.90000000000037 0.002886307651160925
50.00000000000037 0.003580751188856431
50.10000000000037 0.0041669295624771055
50.20000000000037 0.004336365641881798
50.300000000000374 0.004305309232407952
50.400000000000375 0.004333186745834573
50.50000000000038 0.00409391538952213
50.60000000000038 0.004073089464876762
50.70000000000038 0.003086626204986222
50.80000000000038 0.0027410311073380053
50.90000000000038 0.0027954204620896333
51.000000000000384 0.002065361966694306
51.100000000000385 0.002181975448977163
51.20000000000039 0.0026269758428934587
51.30000000000039 0.002418390866798208
51.40000000000039 0.0025838029877009528
51.50000000000039 0.002447116121840479
51.60000000000039 0.0022753447332553548
