string
20190123an 23 2019_15.18.   full spectra  index number  Nphoton via eV
eV x-axis E [J] Nphoton Nphoton/sr Nphoton/sr @ 0.1bw
51.660080420516415 8.054419422919621e-10 97312389.7967991 5248078322681.884 1264786875766.3525
51.4457232403483 7.77425969025228e-10 94318903.10884681 5086638935271.054 1230966622335.5671
51.233137607123716 7.881427641340276e-10 96015846.22954156 5178155446427.942 1258291773481.9866
51.02230164989275 7.834306815379722e-10 95836182.23207954 5168466128013.137 1261105735235.217
50.813193856245654 7.877944557458345e-10 96766582.10952537 5218642795531.4795 1278567484905.177
50.605793064995666 7.907657346144501e-10 97529631.16805792 5259794197029.167 1293909372469.1423
50.400078459040394 7.966570257160195e-10 98657283.44148311 5320608729115.402 1314190356091.4907
50.1960295583965 7.91583460298364e-10 98427469.48151386 5308214812327.594 1316437273457.1958
49.99362621340296 7.868836934887137e-10 98239214.57397923 5298062184266.213 1319217483882.2979
49.79284859808809 7.889769609819656e-10 98897730.1081349 5333576070084.536 1333394017521.1404
49.59367720369574 7.9839538217004e-10 100480243.82920645 5418921378860.166 1360149266093.8723
49.39609283236627 7.857688846108223e-10 99286729.21443912 5354554876396.875 1349347828851.9358
49.20007659096798 7.946841921466716e-10 100813285.85155085 5436882407477.976 1375531249091.916
49.005609885074826 7.779096880581082e-10 99076887.91958944 5343238089777.99 1357182474803.6055
48.81267441308634 7.845242802419863e-10 100314280.1333092 5409970920685.115 1379542584774.6946
48.621252160486 7.787653027930625e-10 99969939.5099724 5391400556061.184 1380198542351.6455
48.4313253942341 7.711624817795108e-10 99382178.59715737 5359702482343.075 1377443537962.2075
48.24287665729156 7.794355081277123e-10 100840726.3633569 5438362280241.078 1403097468302.1353
48.05588876327104 7.715010689182733e-10 100202577.57325546 5403946777354.238 1399622215334.7158
47.87034479121208 7.617135889576636e-10 99314834.3972661 5356070595012.534 1392578354703.2603
47.686228080476646 7.696229780649302e-10 100733524.35184358 5432580852470.722 1417903602494.856
47.503522225762175 7.59831264764705e-10 99834425.25566986 5384092242886.422 1410632167636.1917
47.322211072228725 7.520533547573416e-10 99191075.55125651 5349396253560.851 1406891214686.5317
47.142278710737365 7.592558193098702e-10 100523252.71122713 5421240857211.144 1431207586303.691
46.96370947319669 7.655258819118533e-10 101738764.79411764 5486793687909.228 1454000327295.9026
46.78648792801481 7.579585761889438e-10 101114630.8002868 5453134006029.95 1450533645603.9663
46.61059887565385 7.412700902696549e-10 99261485.15621598 5353193458852.675 1429302653513.6284
46.436027344284355 7.643324499617107e-10 102734477.07027441 5540492667279.052 1484852034830.8132
46.26275858553703 7.70877067190328e-10 104002211.7568366 5608861874338.416 1508783844196.982
46.09077807034915 7.860637337730828e-10 106446820.81209938 5740700171775.629 1549989046379.4392
45.92007148490342 7.658034632224456e-10 104088738.56553726 5613528283929.435 1521266164944.8
45.75062472665653 7.34415399853801e-10 100192155.74813175 5403384726061.193 1469720645488.631
45.58242390045559 7.48554388945327e-10 102497888.8530665 5527733413326.667 1509071221838.163
45.41545531473963 7.546487462636463e-10 103712274.09616804 5593225473310.129 1532543779687.0112
45.24970547782453 7.496172924205807e-10 103398160.96562125 5576285283939.231 1533478453083.2588
45.0851610942688 7.428021740948508e-10 102832055.0950047 5545755071351.405 1530628399692.9788
44.92180906131855 7.476883070940852e-10 103884876.10455899 5602533937120.126 1551901900582.1902
44.7596364654293 7.629594995558249e-10 106390759.45479771 5737676770597.122 1595074142225.9893
44.59863057886301 7.685535315551204e-10 107557716.56977133 5800611021326.97 1618370474950.255
44.43877885635813 7.689253819060018e-10 107996841.8277014 5824293141886.306 1630802079728.1077
44.28006893187113 7.731172803246405e-10 108974796.59687461 5877034455046.72 1651446681868.1506
44.1224886153876 7.848220716625559e-10 111019734.24439877 5987318386636.7 1688423785031.4905
43.96602588980112 7.696660850101582e-10 109263249.80182631 5892590799055.702 1667603196132.7717
43.81066890785836 7.926551221977737e-10 112925848.16731691 6090115524599.474 1729592808986.2039
43.65640598916871 8.039928299838783e-10 114945816.87712424 6199052875953.928 1766730069646.856
43.50322561727689 8.074408377227975e-10 115845248.64853688 6247559426786.136 1786801996060.831
43.3511164367969 8.192574559961871e-10 117953027.09343596 6361232376230.595 1825673691978.1614
43.20006725060597 8.457092966496554e-10 122187184.2101075 6589581389395.659 1897799440145.9673
43.05006701709692 8.386850549346989e-10 121594532.43814999 6557619550581.466 1895152050118.0205
42.90110484748759 8.337151027266263e-10 121293678.38350621 6541394426054.528 1897004383555.7346
42.7531700031859 8.415662232930425e-10 122859558.30391304 6625842670346.646 1928120217070.806
42.60625189320931 8.631065428598951e-10 126438709.0599406 6818867048183.235 1991109178069.5527
42.46034007165723 8.745613915201608e-10 128557023.23535429 6933108191863.215 2031400700215.8457
42.315424235235184 8.886027732330169e-10 131068382.49575332 7068546342364.787 2078152624655.2424
42.17149422082962 9.122532205621744e-10 135016047.71989506 7281444785525.874 2148026211730.128
42.028540003131894 9.316017899001722e-10 138348669.0527111 7461173778010.595 2208507438291.057
41.8865516923105 9.632545090668257e-10 143534207.8885978 7740831013978.888 2299026811151.779
41.74551953173033 9.853850714658807e-10 147327928.66260847 7945427199500.254 2367737305451.01
41.60543389571781 9.843885366059033e-10 147674485.6603482 7964117093677.238 2381271011009.427
41.46628528737092 9.865699427012532e-10 148498382.5943355 8008550034317.29 2402565010295.218
41.32806433641302 9.74476881868848e-10 147168698.94207838 7936839906079.697 2388988811729.93
41.19076179708939 9.909262763227657e-10 150151783.6483805 8097718312360.322 2445510930332.8677
41.05436854610565 1.0216513146629752e-09 155321757.61777335 8376536131697.164 2538090447904.2324
40.91887558060695 1.073342756630718e-09 163720745.5105553 8829495373419.809 2684166593519.6226
40.78427401619706 1.0780009515018164e-09 164973953.8363854 8897081170689.066 2713609757059.9976
40.650555084996405 1.085246620662482e-09 166629133.81384346 8986345386458.232 2749821688256.094
40.51771013373824 1.138493051319811e-09 175377738.68162563 9458159547596.295 2903654981112.1343
40.38573062190196 1.164190623209448e-09 179922355.3187649 9703251710146.951 2988601526725.15
40.254608119882796 1.2320585972418487e-09 191031389.7922847 10302364352721.502 3183430584991.042
40.124334307197095 1.2117380690585166e-09 188490682.4902051 10165343455956.29 3151256471346.371
39.99490097072226 1.2001955895134669e-09 187299395.4262321 10101097085791.266 3141441193681.1274
39.866300002970746 1.2406652023357191e-09 194239542.16471943 10475380707132.203 3268318780625.213
39.73852340039712 1.1824233327261144e-09 185716393.05390728 10015725423947.389 3134922057695.4185
39.6115632617377 1.1809911294788e-09 186085969.03727877 10035656737020.326 3151196215424.515
39.48541178638185 1.2272736839156791e-09 193996424.28957987 10462269307309.008 3295614831802.2554
39.36006127277429 1.2200228186878226e-09 193464445.34392154 10433579567198.191 3297011143234.572
39.235504116847785 1.2140941418458839e-09 193135496.96630964 10415839309730.14 3301821061184.52
39.11173281048549 1.2486724594480271e-09 199264737.09074512 10746390561207.268 3417352198463.6826
38.98873994001226 1.273027552315387e-09 203792209.75085428 10990558145352.193 3505988048367.1616
38.86651818471441 1.2959052601913377e-09 208106953.21468937 11223253197727.025 3591441023272.9287
38.745060315387185 1.3567251066826003e-09 218556886.59223673 11786820375007.262 3783569340377.39
38.624359192909345 1.4165918831246817e-09 228914043.4502238 12345384094432.082 3975213678407.1064
38.50440776684441 1.3186075271126529e-09 213744071.3361766 11527264202672.54 3723306337463.1753
38.3851990740678 1.2978835743036884e-09 211038122.09975365 11381331772489.676 3687551494286.4067
38.266726237419434 1.3018270477095552e-09 212334691.7075374 11451256053114.855 3721658217262.3223
38.14898246438122 1.3065442919958849e-09 213761827.22845232 11528221781800.404 3758200300866.8687
38.03196104577882 1.2633116132041788e-09 207324555.89978144 11181058340559.64 3656206077362.8643
37.91565535450732 1.307028865968853e-09 215157052.95529896 11603466608359.506 3805937047541.9146
37.800058844280166 1.3079517160436076e-09 215967405.4825307 11647169096200.734 3831918632650.1216
37.6851650484009 1.3334200716627811e-09 220843967.82113606 11910163162546.06 3930353843640.2183
37.57096757855726 1.3292713654597932e-09 220826019.72306973 11909195217718.15 3941943617064.7725
37.45746012363715 1.3783100497420296e-09 229666457.55130145 12385961950363.8 4112139367520.727
37.34463644856595 1.3688895250021299e-09 228785838.68578225 12338469983633.496 4108710504549.7285
37.232490393164845 1.5142382273071583e-09 253840605.23312908 13689678986634.584 4572352781536.2
37.12101587102963 1.6876447976331795e-09 283759341.097346 15303202911583.004 5126572975380.128
37.010206868429535 1.4660415554198848e-09 247237158.13538465 13333553650066.3 4480074026422.299
36.900057443225876 1.4064958350104638e-09 237903254.4251336 12830174195198.777 4323768703781.625
36.790561723809766 1.457150923802455e-09 247204909.7588834 13331814488115.686 4506153296982.953
36.681713908058846 1.4761670822215223e-09 251174109.9878503 13545874318765.436 4592051394061.741
36.573508262312366 1.4351959876933606e-09 244925252.80706427 13208872093452.734 4491016511773.667
36.46593912036438 1.4107651816715415e-09 241466176.21279404 13022323341245.613 4440612259364.851
36.35900088247475 1.410037589013229e-09 242051470.01352507 13053888363073.057 4464429820171.055
36.25268801439734 1.475609917096169e-09 254050659.46828783 13701007257170.598 4699445489209.501
36.14699504642534 1.4665837467146016e-09 253234949.22227058 13657015826391.312 4698013444278.436
36.04191657245317 1.5591542857549792e-09 270003995.3473911 14561374126963.977 5023674073802.717
35.937447249054756 1.5771364808242078e-09 273911980.35979605 14772132607685.643 5111157882259.172
35.83358179457772 1.6194580372752615e-09 282077504.7718799 15212501113174.72 5278737886271.478
35.730314988253284 1.8966192527571946e-09 331308276.1788082 17867527310446.324 6217899504035.225
35.62764166932152 2.4669574263424855e-09 432178894.1134213 23307501649619.14 8134318075716.557
35.525556736171595 1.894995995567944e-09 332932643.2284907 17955129778326.504 6284295422414.5205
35.42405514549682 1.7707830852077437e-09 312001056.3705643 16826284751729.18 5906025947856.87
35.32313191146407 1.8426644965142831e-09 325593735.11444694 17559340869371.621 6180887986018.647
35.222782104897405 1.7390379864831006e-09 308158667.3167732 16619063875306.16 5866529547983.041
35.1230008524756 2.033528664521399e-09 361366308.4461564 19488563520677.504 6898951486319.636
35.02378333594318 1.749553075088836e-09 311783436.2274758 16814548450134.838 5969164699797.83
34.92512479133489 1.7164374746121062e-09 306746062.0913644 16542881768613.936 5889265909626.513
34.82702050821316 1.6898315876510844e-09 302841980.1756212 16332333782743.18 5830643160439.601
34.72946582891845 1.8267563929444615e-09 328300472.07547075 17705315781713.34 6338503049853.046
34.63245614783208 1.8192897205260923e-09 327874429.1826501 17682339195946.473 6347959771344.674
34.53598691065149 1.8321556038522095e-09 331115460.25970644 17857128706040.258 6428566334174.512
34.440053613677456 1.872463856737812e-09 339342769.1177492 18300829260122.457 6606599362904.598
34.34465180311326 2.033198202440324e-09 369495857.8494293 19926991886125.902 7213571062776.8
34.249777074375366 2.546840790921597e-09 464122927.3410404 25030250301368.023 9085980859396.803
34.15542507141566 3.2554407394452894e-09 594893295.3626863 32082724658401.09 11678111775657.926
34.061591486054624 3.318567257069119e-09 608099522.9913753 32794939383445.336 11970152874957.352
33.968272057325706 3.258143729417975e-09 598667605.2536099 32286274010780.594 11816776287945.613
33.87546257083028 2.756211027371996e-09 507827489.92350286 27387246856177.32 10051119596216.97
33.78315885810322 2.9037371351379716e-09 536470713.2653615 28931982113692.17 10646969417838.725
33.69135679598881 2.827466511936368e-09 523802954.6008642 28248807136868.195 10423809833504.574
33.60005230602678 2.842093919181915e-09 527943499.4627113 28472107620793.484 10534679819693.559
33.50924135384833 3.6065226833239773e-09 671758309.6037911 36228071575209.06 13440614554401.629
33.41891994858189 2.663242636647752e-09 497401739.5598781 26824983874091.65 9978894001162.512
33.3290841422685 2.4906098619076375e-09 466413700.0206949 25153792169648.008 9382364479278.918
33.23973002928655 2.8395766518625436e-09 533193791.19459337 28755256994510.26 10754466115945.9
33.150853745785774 3.016565733466658e-09 567946007.3581241 30629451562065.52 11486044335774.463
33.062451469130345 3.0719176403359723e-09 579913863.013416 31274880617550.39 11759355112198.787
32.97451941735074 3.3350883956122455e-09 631273922.6840941 34044739793470.035 12834866902138.11
32.88705384860445 3.2822284840539365e-09 622920775.376538 33594252744467.41 12698627537408.658
32.80005106064518 3.774919527792241e-09 718326937.6365361 38739527801965.13 14682281036944.79
32.71350739030047 6.5384645276581895e-09 1247491620.5860174 67277494113500.02 25565447763130.5
32.62741921295758 5.376897967887792e-09 1028579932.9554007 55471539241413.05 21134656450977.902
32.541782942057424 1.0329600471494255e-08 1981212936.5384796 106847244082443.88 40815647239492.73
32.45659502859654 1.1369652497615416e-08 2186418076.24437 117914001847227.64 45161062707486.68
32.371851960636754 7.161805861402876e-09 1380841953.0121562 74469106511360.0 28596136900363.37
32.2875502628226 5.7149237814737375e-09 1104750793.7801058 59579450313671.01 22938088370763.203
32.203686495906176 5.003997683208122e-09 969840876.5628074 52303729169206.836 20189239459313.062
32.12025725627947 5.121386198108044e-09 995170483.8616202 53669760393643.13 20770197272338.812
32.03725917551389 5.626563039215188e-09 1096167216.3298686 59116536117013.055 22937216013400.773
31.954688919906893 1.080226795689773e-08 2109936216.9341886 113789318559084.08 44264044919484.016
31.872543190035667 6.437403183529184e-09 1260616441.2558897 67985318543569.766 26514274231992.29
31.790818720317628 5.311831545132027e-09 1042873317.6271688 56242384581973.445 21990772371551.336
31.709512278577684 5.619048767384749e-09 1106018048.2600918 59647793623085.4 23381935100249.82
31.62862066562213 5.5044142423838715e-09 1086225095.2088163 58580355365046.89 23022079658463.484
31.54814071481902 7.031433488991376e-09 1391102332.091631 75022450984164.84 29558845687761.18
31.468069291684962 7.3854342362111655e-09 1464855926.1146765 78999998332662.47 31204999341400.914
31.388403293478163 6.890852812745431e-09 1370227641.9930863 73896674412161.7 29263083067215.465
31.30913964879766 9.309193727355286e-09 1855794611.4472458 100083406563369.56 39733112405658.09
31.2302753171886 1.732484719851104e-08 3462442539.851454 186730278383562.25 74318650796658.33
31.151807288753453 1.277769434657508e-08 2560107621.522836 138067160207472.5 55088796922778.28
31.073732583769104 1.0697612715882098e-08 2148732843.284298 115881629046642.31 46352651618656.72
30.99604825230968 3.694086191404752e-08 7438573709.774338 401163896184801.7 160866722370106.0
30.918751373874994 3.7691685281457726e-08 7608737197.679874 410340850055256.94 164957021722212.34
30.841839057024558 1.736261507804572e-08 3513693259.641734 189494240835978.2 76366179056897.83
30.76530843901705 1.5170313187724967e-08 3077671395.6523743 165979486986071.4 67055712742372.85
30.689156685455128 8.604683467863462e-09 1750003508.2463956 94378069384822.06 38223118100853.07
30.613380989935486 9.043646855466616e-09 1843831684.809729 99438243330884.14 40371926792338.11
30.537978573704116 1.149121973328414e-08 2348631157.500788 126662188559884.5 51551510743873.74
30.462946685316638 1.1598065834968132e-08 2376307474.675317 128154778357736.62 52287149569954.88
30.388282600303604 2.6990085898606745e-08 5543538716.94187 298964247328425.25 122276377157324.78
30.31398362084076 1.8274263214964918e-08 3762580836.712879 202916801937800.56 83195888794501.06
30.240047075424076 1.0254576237785368e-08 2116529032.792182 114144870550582.97 46913541796288.74
30.166470318549564 1.2028819348356328e-08 2488785567.8826346 134220746360069.4 55298947500343.68
30.093250730397738 1.236049203790771e-08 2563631684.2524548 138257213676077.08 57100229248221.92
30.020385716522686 1.4518791836107271e-08 3018583441.957191 162792860806539.22 67396244373904.086
29.947872707545574 1.4777058379084585e-08 3079718241.5503654 166089873830023.66 68927297639459.62
29.875709158852693 1.4783164238099631e-08 3088432783.3522873 166559850962619.72 69288898000451.33
29.80389255029776 2.833629713429198e-08 5934157703.233178 320030414120383.1 133452682688200.86
29.732420385908558 3.6441138978873645e-08 7649810072.120356 412555919096839.7 172448374182478.78
29.66129019359777 1.9149603110213606e-08 4029570090.5888596 217315590402264.22 91055232378546.55
29.590499524877966 1.5527177662768388e-08 3275134956.768479 176628739735664.1 74184070688979.31
29.520045954580638 2.672826423713652e-08 5651226339.307285 304771864197533.1 128308954827159.03
29.449927080579258 6.818321608418266e-08 14450478672.664188 779317454157110.1 328871965654305.4
29.380140523516275 6.465902211551666e-08 13736125128.842548 740792212346794.9 313355105822687.1
29.310683926533965 2.8098541629835063e-08 5983382988.33937 322685144440264.06 136818501242665.9
29.241554955009118 2.260627826918268e-08 4825225130.270768 260225439546926.47 110595811807441.84
29.172751296291448 2.231389368403599e-08 4774049797.854186 257465542751951.88 109680321212329.56
29.104270659445692 1.6180013924970177e-08 3469853551.5414534 187129955854032.8 79904491149674.02
29.036110774997343 1.431215348511016e-08 3076490053.007908 165915776920610.8 71011952522021.47
28.96826939468193 2.037092913386276e-08 4389118053.850536 236706090172110.53 101546912683833.67
28.90074429119782 2.2298074508385508e-08 4815565669.928979 259704502752193.5 111672936183446.25
28.83353325796248 3.4897654927065836e-08 7554180449.499071 407398592773511.44 175588793485375.0
28.766634108872076 4.3324440309452574e-08 9400108930.646486 506949916786412.2 219002364051739.44
28.700044678064504 2.0419071470079127e-08 4440607532.499969 239482928941670.44 103696108231739.95
28.6337628196856 1.840332004809277e-08 4011499389.84625 216341033585388.28 93892008576060.83
28.567786407658676 1.8133310285628642e-08 3961771994.9561524 213659224375778.78 92941762603460.94
28.50211333545716 2.13284182575534e-08 4670577265.192267 251885246586274.22 109821967511610.44
28.43674151588042 2.06719393830046e-08 4537225532.221059 244693558656714.38 106931085132979.81
28.371668880832637 3.0759972018904726e-08 6766904201.595894 364940613689753.5 159843988796118.6
28.30689338110471 5.670345097648334e-08 12502770420.789595 674277124997421.8 296007657873866.25
28.24241298615914 4.925769719221881e-08 10885823289.104328 587074814906798.2 258312918558984.5
28.17822568391787 2.5302829884158133e-08 5604597482.236323 302257159805661.4 133295407474293.92
28.114329480552975 2.1623470664651284e-08 4800501902.30489 258892110491650.12 114430312837312.73
28.050722400280232 2.1866358397909884e-08 4865431770.099122 262393792367689.3 116240450018885.56
27.987402485155446 3.356158663143709e-08 7484604656.370673 403646355134881.8 179218981679888.0
27.924367794873564 8.987000530884509e-08 20087245743.7741 1083309526879509.1 482072739461372.0
27.861616406570477 1.039163451403046e-07 23279118437.660217 1255447914689351.5 559929769951452.25
27.799146414627494 5.2646035583315163e-08 11820155417.447002 637463549570282.0 284946206657909.8
27.736955930478437 2.8315457523113293e-08 6371677143.428449 343625932580420.3 153944417796033.47
27.675043082419336 2.4157033442831233e-08 5448089955.430356 293816674884038.7 131923687022919.14
27.613406015420622 2.5045754165558306e-08 5661129762.00886 305305957935329.7 137387681070903.81
27.552042890941912 3.4606526960818094e-08 7839587027.390909 422790631523280.6 190678574817001.47
27.490951886749137 2.1590963539922034e-08 4901976457.184037 264364655281445.9 119492824187213.08
27.430131196734205 3.358040170470546e-08 7640943301.972718 412077732256487.9 186671212712180.97
27.369579030736997 3.664513392342332e-08 8356745389.696547 450681094354141.56 204609216836783.9
27.309293614369736 2.1274929834340464e-08 4862354787.9380245 262227850051272.5 119313671773329.66
27.24927318884365 5.138358423909268e-08 11769511751.953875 634732325687993.0 289437940513719.25
27.189516010797938 6.230544316990837e-08 14302550416.511461 771339651165647.8 352502220582700.8
27.130020352130984 3.602068582744396e-08 8286875854.640937 446913015149562.56 204686160938505.25
27.070784499833756 2.1065201646377825e-08 4856839522.9430685 261930410611913.2 120226058470861.1
27.0118067558254 2.991013501201236e-08 6911204028.85359 372722734722637.3 171452457972419.38
26.953085436791 2.336177742704065e-08 5409864267.778408 291755155244507.7 134499126567706.31
26.894618874021383 3.9359543422145564e-08 9134265535.423412 492612924728035.5 227587171224357.44
26.836405413255104 8.098567864123877e-08 18835313651.567795 1015792557166842.5 470311953968246.0
26.77844341452237 7.187208018298069e-08 16751891867.575722 903433167736539.2 419192989829747.94
26.720731251991072 3.4259941785909185e-08 8002528996.6874895 431578127326293.0 200683829206721.56
26.663267313814746 2.4934036941740633e-08 5836711222.980594 314775104270289.8 146685198589960.56
26.606050001982528 2.7620799249627857e-08 6479549519.891393 349443513278145.4 163190120700888.03
26.549077732171 2.4478381102320424e-08 5754693899.027561 310351892171387.6 145244685536208.3
26.492348933597984 2.481897267518819e-08 5847258706.295045 315343932336859.8 147896304265989.94
26.43586204887816 5.324485559018116e-08 12571096246.139568 677961951602207.6 318642117253031.8
26.379615533880546 1.1461716366992532e-07 27118781398.729626 1462521772339651.8 688847754771974.0
26.323607857587806 1.28496069532688e-07 30467260503.46828 1643105977909230.8 775546021573162.1
26.267837501957324 7.212978661896074e-08 17138756212.752472 924296845917500.0 437192408118992.3
26.212302961784054 3.791206360805656e-08 9027369527.762383 486847999811912.0 230765951910819.78
26.157002744565094 2.4191591834454327e-08 5772519959.922387 311313255508125.06 147873796366361.9
26.10193537036601 2.0075003572183432e-08 4800338864.452024 258883317824825.44 123228459284613.39
26.04709937168877 2.4794044461693404e-08 5941238458.047393 320412280765794.9 152836657925286.78
25.992493293341415 3.788726879541099e-08 9097757014.604515 490644012268862.3 234527837864520.56
25.93811569230932 5.143866939148736e-08 12377709268.301294 667532549874418.6 319748091389834.1
25.88396513762809 5.555208580641984e-08 13395487967.827726 722421576250459.0 346762356600221.2
25.83004021025803 3.825777440727448e-08 9244503571.007732 498558085936111.5 239806439335277.66
25.776339502960198 3.364764133911727e-08 8147462264.530707 439394409947567.8 211788105594723.8
25.722861620173973 2.7470517652177567e-08 6665558383.737348 359475011715446.7 173626430658562.53
25.66960517789618 5.6612555323925006e-08 13765200578.87534 742360257683652.2 359302364718886.8
25.616568803561684 8.936003151572289e-08 21772651949.69582 1174203849716314.2 569488867112423.2
25.563751135925475 5.6642743928577776e-08 13829570016.952024 745831715463271.8 362474213715111.75
25.5111508249462 3.660366448350507e-08 8955369102.768757 482965001250043.8 235203955608772.12
25.458766531671156 2.7371208415841066e-08 6710356415.537542 361890979302722.5 176602797899728.75
25.40659692812265 5.8453793012074884e-08 14360024292.786077 774439229799233.4 378700783371826.25
25.354640697185793 1.020381205309296e-07 25118515261.172123 1354646984986978.5 663777022643616.9
25.30289653249766 8.609703290383489e-08 21237672539.94462 1145352293925123.8 562367976317248.06
25.251363138337787 3.6146515487795455e-08 8934506829.635115 481839894327655.4 237065228009202.38
25.200039229520026 2.8745669315459318e-08 7119675227.420532 383965631751343.0 189295056453415.94
25.148923531285707 3.0698846138298014e-08 7618888654.769844 410888320341504.7 202978830248692.12
25.09801477919808 2.6585846509870508e-08 6611501445.480409 356559709291478.0 176497056099280.34
25.047311719038085 2.454780204246429e-08 6117027973.568292 329892647527790.94 163626753173794.4
24.996813106701318 3.0258039353279576e-08 7555185207.704128 407452779601792.06 202504031462087.44
24.946517708096284 2.904975607560855e-08 7268110710.580903 391970789605521.75 195201453223539.7
24.89642429904388 4.884069075075141e-08 12244295311.617178 660337506206503.8 329508415597040.75
24.84653166517806 1.0529416964722746e-07 26450112583.48844 1426460317866605.0 713230158933309.8
24.796838601847703 1.2850040092834593e-07 32344254252.41541 1744332658563443.2 873910661940257.2
24.747343914019662 9.283167262152485e-08 23412972587.292706 1262666698058603.2 633858682425402.9
24.69804641618297 4.608520608597237e-08 11646298210.741268 628087392642478.4 315927958499182.8
24.648944932254178 2.6418833130537815e-08 6689663490.159458 360775005341581.8 181830602692151.16
24.60003829548383 1.9813920630509497e-08 5027170451.113833 271116394572248.34 136913779258982.08
24.55132534836406 1.972759926697802e-08 5015200160.3875885 270470834192857.94 136858242101585.33
24.502804942537253 2.1490101265414457e-08 5474086226.56224 295218659433824.0 149675860332951.06
24.45447593870582 2.1470264130905826e-08 5479841559.84087 295529045807876.25 150128755270407.0
24.406337206543014 5.056244263033194e-08 12930473057.32597 697343221103451.9 354947699541633.44
24.358387624604813 7.254496386950468e-08 18588643836.759678 1002489600465670.0 511269696237511.94
24.310626080242844 4.3486929524723965e-08 11164816147.995039 602120960397467.8 307683810763083.56
24.263051469518295 3.805455026514849e-08 9789266439.89186 527937265803779.5 270303880091544.53
24.215662697116894 3.201980450121262e-08 8252989492.544954 445085516279975.4 228328869851618.06
24.168458676264812 1.852179328433831e-08 4783249702.95805 257961695632865.97 132592311555293.95
24.12143832864562 2.7393719138598277e-08 7088213218.219035 382268878760041.7 196868472561413.94
24.07460058431815 7.363777059409136e-08 19091080807.479923 1029586135450135.1 531266445892275.75
